906.735751295338  0.
908.183408215875  0.
909.631065136412  0.
911.078722056949  0.
912.526378977485  0.
913.974035898022  0.
915.421692818559  0.
916.869349739096  0.
918.317006659633  0.
919.764663580169  0.
921.212320500706  0.
922.659977421243  0.
924.10763434178  0.
925.555291262316  0.
927.002948182853  0.
928.45060510339  0.
929.898262023927  0.
931.345918944464  0.
932.793575865  0.
934.241232785537  0.
935.688889706074  0.
937.136546626611  0.
938.584203547148  0.
940.031860467684  0.
941.479517388221  0.
942.927174308758  0.
944.374831229295  0.
945.822488149832  0.
947.270145070369  0.
948.717801990905  0.
950.165458911442  0.
951.613115831979  0.
953.060772752515  0.
954.508429673052  0.
955.956086593589  0.
957.403743514126  0.
958.851400434663  0.
960.2990573552  0.
961.746714275736  0.
963.194371196273  0.
964.64202811681  0.
966.089685037347  0.
967.537341957883  0.
968.98499887842  0.
970.432655798957  0.
971.880312719494  0.
973.327969640031  0.
974.775626560567  0.
976.223283481104  0.
977.670940401641  0.
979.118597322178  0.
980.566254242715  0.
982.013911163251  0.
983.461568083788  0.
984.909225004325  0.
986.356881924862  0.
987.804538845399  0.
989.252195765935  0.
990.699852686472  0.
992.147509607009  0.
993.595166527546  3.968920E-13
995.042823448082  4.123667E-13
996.490480368619  6.694615E-13
997.938137289156  5.297256E-13
999.385794209693  6.101822E-13
1000.83345113023  6.527881E-13
1002.28110805077  4.165215E-13
1003.7287649713  5.018320E-13
1005.17642189184  5.606274E-13
1006.62407881238  4.270733E-13
1008.07173573291  4.145651E-13
1009.51939265345  4.099245E-13
1010.96704957399  4.720365E-13
1012.41470649452  4.929449E-13
1013.86236341506  4.550102E-13
1015.3100203356  4.479846E-13
1016.75767725613  4.446005E-13
1018.20533417667  4.378488E-13
1019.65299109721  3.807085E-13
1021.10064801775  4.878760E-13
1022.54830493828  4.335444E-13
1023.99596185882  5.717379E-13
1025.44361877936  5.690817E-13
1026.89127569989  4.891228E-13
1028.33893262043  4.577581E-13
1029.78658954097  4.993985E-13
1031.2342464615  5.166301E-13
1032.68190338204  4.697139E-13
1034.12956030258  5.105326E-13
1035.57721722311  4.560870E-13
1037.02487414365  4.040090E-13
1038.47253106419  4.706186E-13
1039.92018798472  4.233580E-13
1041.36784490526  4.493709E-13
1042.8155018258  5.513490E-13
1044.26315874633  6.401253E-13
1045.71081566687  8.028867E-13
1047.15847258741  2.543482E-12
1048.60612950794  2.379120E-12
1050.05378642848  2.392094E-12
1051.50144334902  2.377125E-12
1052.94910026955  2.309212E-12
1054.39675719009  1.209783E-12
1055.84441411063  5.260044E-13
1057.29207103116  4.106788E-13
1058.7397279517  3.709072E-13
1060.18738487224  4.209305E-13
1061.63504179277  4.333837E-13
1063.08269871331  3.841035E-13
1064.53035563385  3.808675E-13
1065.97801255439  3.433242E-13
1067.42566947492  4.179219E-13
1068.87332639546  3.742718E-13
1070.320983316  3.295331E-13
1071.76864023653  3.939881E-13
1073.21629715707  3.173800E-13
1074.66395407761  3.926528E-13
1076.11161099814  4.105854E-13
1077.55926791868  3.714855E-13
1079.00692483922  3.667118E-13
1080.45458175975  3.118030E-13
1081.90223868029  3.346226E-13
1083.34989560083  3.361148E-13
1084.79755252136  2.863336E-13
1086.2452094419  2.955195E-13
1087.69286636244  2.772378E-13
1089.14052328297  2.964512E-13
1090.58818020351  2.846190E-13
1092.03583712405  3.656033E-13
1093.48349404458  3.291402E-13
1094.93115096512  3.133617E-13
1096.37880788566  3.267733E-13
1097.82646480619  3.290488E-13
1099.27412172673  3.055515E-13
1100.72177864727  3.530717E-13
1102.1694355678  3.124003E-13
1103.61709248834  3.192951E-13
1105.06474940888  3.453698E-13
1106.51240632942  3.001675E-13
1107.96006324995  3.242197E-13
1109.40772017049  3.799228E-13
1110.85537709103  3.784535E-13
1112.30303401156  3.427586E-13
1113.7506909321  3.464494E-13
1115.19834785264  3.659692E-13
1116.64600477317  3.554949E-13
1118.09366169371  3.479763E-13
1119.54131861425  3.076179E-13
1120.98897553478  3.212077E-13
1122.43663245532  3.099159E-13
1123.88428937586  3.215118E-13
1125.33194629639  2.764442E-13
1126.77960321693  3.189954E-13
1128.22726013747  3.225470E-13
1129.674917058  3.841788E-13
1131.12257397854  3.250938E-13
1132.57023089908  3.232005E-13
1134.01788781961  3.032750E-13
1135.46554474015  3.194824E-13
1136.91320166069  3.725803E-13
1138.36085858122  2.975068E-13
1139.80851550176  2.965308E-13
1141.2561724223  3.321748E-13
1142.70382934284  3.492408E-13
1144.15148626337  3.603974E-13
1145.59914318391  3.554084E-13
1147.04680010445  3.426385E-13
1148.49445702498  3.219477E-13
1149.94211394552  2.975829E-13
1151.38977086606  3.077705E-13
1152.83742778659  2.758220E-13
1154.28508470713  2.741304E-13
1155.73274162767  3.524949E-13
1157.1803985482  3.677877E-13
1158.62805546874  3.369459E-13
1160.07571238928  2.886890E-13
1161.52336930981  3.119007E-13
1162.97102623035  3.253560E-13
1164.41868315089  4.240611E-13
1165.86634007142  3.188347E-13
1167.31399699196  3.557010E-13
1168.7616539125  3.174841E-13
1170.20931083303  3.872379E-13
1171.65696775357  3.739517E-13
1173.10462467411  3.355172E-13
1174.55228159464  3.595183E-13
1175.99993851518  3.395300E-13
1177.44759543572  3.825418E-13
1178.89525235625  3.727867E-13
1180.34290927679  3.613204E-13
1181.79056619733  4.000974E-13
1183.23822311787  3.820237E-13
1184.6858800384  3.410258E-13
1186.13353695894  3.649373E-13
1187.58119387948  4.070378E-13
1189.02885080001  4.546110E-13
1190.47650772055  4.130257E-13
1191.92416464109  4.273032E-13
1193.37182156162  5.144723E-13
1194.81947848216  5.077403E-13
1196.2671354027  4.948156E-13
1197.71479232323  4.702823E-13
1199.16244924377  6.104953E-13
1200.61010616431  5.574954E-13
1202.05776308484  6.023484E-13
1203.50542000538  6.084937E-13
1204.95307692592  7.286632E-13
1206.40073384645  7.925799E-13
1207.84839076699  9.149976E-13
1209.29604768753  7.682041E-13
1210.74370460806  9.302238E-13
1212.1913615286  1.033319E-12
1213.63901844914  1.054011E-12
1215.08667536967  1.057245E-12
1216.53433229021  9.164913E-13
1217.98198921075  9.007947E-13
1219.42964613129  7.905538E-13
1220.87730305182  7.272091E-13
1222.32495997236  6.676893E-13
1223.7726168929  5.444877E-13
1225.22027381343  6.074612E-13
1226.66793073397  5.133464E-13
1228.11558765451  4.873100E-13
1229.56324457504  4.515854E-13
1231.01090149558  4.964161E-13
1232.45855841612  4.807220E-13
1233.90621533665  5.393173E-13
1235.35387225719  5.155098E-13
1236.80152917773  4.794590E-13
1238.24918609826  4.711937E-13
1239.6968430188  4.826143E-13
1241.14449993934  5.238710E-13
1242.59215685987  4.640061E-13
1244.03981378041  4.533819E-13
1245.48747070095  4.416434E-13
1246.93512762148  3.887967E-13
1248.38278454202  3.937690E-13
1249.83044146256  3.748015E-13
1251.27809838309  3.924808E-13
1252.72575530363  3.781745E-13
1254.17341222417  3.499089E-13
1255.62106914471  3.574299E-13
1257.06872606524  3.619894E-13
1258.51638298578  3.864747E-13
1259.96403990632  3.831587E-13
1261.41169682685  3.553521E-13
1262.85935374739  3.541718E-13
1264.30701066793  3.574711E-13
1265.75466758846  3.141377E-13
1267.202324509  3.124712E-13
1268.64998142954  3.248643E-13
1270.09763835007  3.132387E-13
1271.54529527061  3.153052E-13
1272.99295219115  3.006825E-13
1274.44060911168  3.168203E-13
1275.88826603222  2.956663E-13
1277.33592295276  3.054482E-13
1278.78357987329  3.327664E-13
1280.23123679383  3.380133E-13
1281.67889371437  3.388193E-13
1283.1265506349  2.518607E-13
1284.57420755544  2.725296E-13
1286.02186447598  2.821781E-13
1287.46952139651  2.962013E-13
1288.91717831705  3.114289E-13
1290.36483523759  3.111190E-13
1291.81249215812  2.782600E-13
1293.26014907866  2.896312E-13
1294.7078059992  2.956054E-13
1296.15546291974  2.926686E-13
1297.60311984027  2.661914E-13
1299.05077676081  3.308458E-13
1300.49843368135  3.104928E-13
1301.94609060188  3.056209E-13
1303.39374752242  2.757691E-13
1304.84140444296  2.826668E-13
1306.28906136349  2.734192E-13
1307.73671828403  2.628070E-13
1309.18437520457  2.746522E-13
1310.6320321251  2.794173E-13
1312.07968904564  3.114879E-13
1313.52734596618  2.576299E-13
1314.97500288671  2.662998E-13
1316.42265980725  2.399527E-13
1317.87031672779  2.351507E-13
1319.31797364832  2.439572E-13
1320.76563056886  2.699365E-13
1322.2132874894  2.781198E-13
1323.66094440993  2.879880E-13
1325.10860133047  2.792741E-13
1326.55625825101  2.825089E-13
1328.00391517154  2.943303E-13
1329.45157209208  3.307516E-13
1330.89922901262  2.622623E-13
1332.34688593315  2.930111E-13
1333.79454285369  2.621901E-13
1335.24219977423  2.720701E-13
1336.68985669477  2.104440E-13
1338.1375136153  2.749251E-13
1339.58517053584  2.640819E-13
1341.03282745638  3.230532E-13
1342.48048437691  2.590263E-13
1343.92814129745  2.673429E-13
1345.37579821799  2.714963E-13
1346.82345513852  2.776307E-13
1348.27111205906  2.768215E-13
1349.7187689796  2.570457E-13
1351.16642590013  3.079374E-13
1352.61408282067  2.972625E-13
1354.06173974121  2.407268E-13
1355.50939666174  2.812378E-13
1356.95705358228  2.526948E-13
1358.40471050282  2.402519E-13
1359.85236742335  2.722178E-13
1361.30002434389  2.967114E-13
1362.74768126443  2.882876E-13
1364.19533818496  3.178914E-13
1365.6429951055  2.853745E-13
1367.09065202604  2.617294E-13
1368.53830894657  2.974276E-13
1369.98596586711  3.156528E-13
1371.43362278765  2.789975E-13
1372.88127970819  2.786290E-13
1374.32893662872  2.558540E-13
1375.77659354926  2.976522E-13
1377.2242504698  2.813404E-13
1378.67190739033  2.878405E-13
1380.11956431087  2.880598E-13
1381.56722123141  3.081255E-13
1383.01487815194  2.880020E-13
1384.46253507248  2.845025E-13
1385.91019199302  2.792762E-13
1387.35784891355  3.122294E-13
1388.80550583409  3.007937E-13
1390.25316275463  3.107271E-13
1391.70081967516  3.072024E-13
1393.1484765957  3.303389E-13
1394.59613351624  3.127857E-13
1396.04379043677  3.186734E-13
1397.49144735731  3.293554E-13
1398.93910427785  3.776502E-13
1400.38676119838  3.183880E-13
1401.83441811892  3.237418E-13
1403.28207503946  3.108812E-13
1404.72973195999  2.651559E-13
1406.17738888053  2.893455E-13
1407.62504580107  3.076962E-13
1409.0727027216  2.934027E-13
1410.52035964214  2.649723E-13
1411.96801656268  2.922380E-13
1413.41567348322  2.916764E-13
1414.86333040375  2.743480E-13
1416.31098732429  2.947669E-13
1417.75864424483  2.777803E-13
1419.20630116536  2.742924E-13
1420.6539580859  2.783647E-13
1422.10161500644  2.919272E-13
1423.54927192697  2.452314E-13
1424.99692884751  2.634809E-13
1426.44458576805  2.532886E-13
1427.89224268858  2.672949E-13
1429.33989960912  2.635840E-13
1430.78755652966  2.685093E-13
1432.23521345019  2.513799E-13
1433.68287037073  2.543996E-13
1435.13052729127  2.165388E-13
1436.5781842118  2.328515E-13
1438.02584113234  2.487734E-13
1439.47349805288  2.529529E-13
1440.92115497341  2.509040E-13
1442.36881189395  2.401931E-13
1443.81646881449  2.510091E-13
1445.26412573502  2.373491E-13
1446.71178265556  2.478776E-13
1448.1594395761  2.384850E-13
1449.60709649664  2.321907E-13
1451.05475341717  2.613862E-13
1452.50241033771  2.691342E-13
1453.95006725825  2.413305E-13
1455.39772417878  2.305985E-13
1456.84538109932  2.404441E-13
1458.29303801986  2.596372E-13
1459.74069494039  2.390899E-13
1461.18835186093  2.399584E-13
1462.63600878147  2.513855E-13
1464.083665702  2.410109E-13
1465.53132262254  2.247931E-13
1466.97897954308  2.632870E-13
1468.42663646361  2.540771E-13
1469.87429338415  2.479480E-13
1471.32195030469  2.351107E-13
1472.76960722522  2.451974E-13
1474.21726414576  2.434498E-13
1475.6649210663  2.178695E-13
1477.11257798683  2.177179E-13
1478.56023490737  2.297179E-13
1480.00789182791  2.265997E-13
1481.45554874844  2.526502E-13
1482.90320566898  2.467586E-13
1484.35086258952  2.510946E-13
1485.79851951005  2.406334E-13
1487.24617643059  2.428925E-13
1488.69383335113  2.289003E-13
1490.14149027167  2.215103E-13
1491.5891471922  2.349538E-13
1493.03680411274  2.227087E-13
1494.48446103328  2.384190E-13
1495.93211795381  2.299028E-13
1497.37977487435  2.525611E-13
1498.82743179489  2.564144E-13
1500.27508871542  2.389527E-13
1501.72274563596  2.432770E-13
1503.1704025565  2.345597E-13
1504.61805947703  2.287435E-13
1506.06571639757  2.657102E-13
1507.51337331811  2.732553E-13
1508.96103023864  2.627711E-13
1510.40868715918  2.545733E-13
1511.85634407972  2.697952E-13
1513.30400100025  2.772966E-13
1514.75165792079  2.558517E-13
1516.19931484133  2.704382E-13
1517.64697176186  2.655425E-13
1519.0946286824  2.638011E-13
1520.54228560294  2.676568E-13
1521.98994252347  2.942524E-13
1523.43759944401  3.007132E-13
1524.88525636455  2.901731E-13
1526.33291328509  3.114150E-13
1527.78057020562  3.208907E-13
1529.22822712616  2.974163E-13
1530.6758840467  3.188619E-13
1532.12354096723  3.328944E-13
1533.57119788777  3.608702E-13
1535.01885480831  3.567193E-13
1536.46651172884  3.868306E-13
1537.91416864938  4.159049E-13
1539.36182556992  4.226564E-13
1540.80948249045  4.672238E-13
1542.25713941099  4.591627E-13
1543.70479633153  4.362691E-13
1545.15245325206  4.529207E-13
1546.6001101726  4.633273E-13
1548.04776709314  4.442233E-13
1549.49542401367  4.419984E-13
1550.94308093421  4.697276E-13
1552.39073785475  3.994950E-13
1553.83839477528  3.855062E-13
1555.28605169582  3.307934E-13
1556.73370861636  3.223116E-13
1558.18136553689  3.187155E-13
1559.62902245743  2.928797E-13
1561.07667937797  2.975445E-13
1562.5243362985  2.859426E-13
1563.97199321904  2.695396E-13
1565.41965013958  2.572698E-13
1566.86730706012  2.623022E-13
1568.31496398065  2.869483E-13
1569.76262090119  2.615682E-13
1571.21027782173  2.471659E-13
1572.65793474226  2.662578E-13
1574.1055916628  2.472151E-13
1575.55324858334  2.577390E-13
1577.00090550387  2.462202E-13
1578.44856242441  2.506817E-13
1579.89621934495  2.642250E-13
1581.34387626548  2.552693E-13
1582.79153318602  2.499602E-13
1584.23919010656  2.546611E-13
1585.68684702709  2.462036E-13
1587.13450394763  2.334208E-13
1588.58216086817  2.471856E-13
1590.0298177887  2.431522E-13
1591.47747470924  2.554307E-13
1592.92513162978  2.440886E-13
1594.37278855031  2.295760E-13
1595.82044547085  2.444467E-13
1597.26810239139  2.272376E-13
1598.71575931192  2.247332E-13
1600.16341623246  2.304011E-13
1601.611073153  2.261529E-13
1603.05873007354  2.394778E-13
1604.50638699407  2.380532E-13
1605.95404391461  2.292075E-13
1607.40170083515  2.204050E-13
1608.84935775568  2.210376E-13
1610.29701467622  2.187774E-13
1611.74467159676  2.234216E-13
1613.19232851729  2.315389E-13
1614.63998543783  2.211095E-13
1616.08764235837  2.245474E-13
1617.5352992789  2.259656E-13
1618.98295619944  2.212959E-13
1620.43061311998  2.294767E-13
1621.87827004051  2.313249E-13
1623.32592696105  2.358018E-13
1624.77358388159  2.386610E-13
1626.22124080212  2.456042E-13
1627.66889772266  2.529360E-13
1629.1165546432  2.451467E-13
1630.56421156373  2.482533E-13
1632.01186848427  2.603864E-13
1633.45952540481  2.491540E-13
1634.90718232534  2.652227E-13
1636.35483924588  2.580765E-13
1637.80249616642  2.344838E-13
1639.25015308695  2.361770E-13
1640.69781000749  2.263613E-13
1642.14546692803  2.213230E-13
1643.59312384857  2.218162E-13
1645.0407807691  2.344879E-13
1646.48843768964  2.351347E-13
1647.93609461018  2.398534E-13
1649.38375153071  2.539927E-13
1650.83140845125  2.573414E-13
1652.27906537179  2.527089E-13
1653.72672229232  2.453654E-13
1655.17437921286  2.190261E-13
1656.6220361334  2.410629E-13
1658.06969305393  2.419087E-13
1659.51734997447  2.310671E-13
1660.96500689501  2.308529E-13
1662.41266381554  2.328497E-13
1663.86032073608  2.246873E-13
1665.30797765662  2.283907E-13
1666.75563457715  2.309665E-13
1668.20329149769  2.275630E-13
1669.65094841823  2.218629E-13
1671.09860533876  2.262594E-13
1672.5462622593  2.288976E-13
1673.99391917984  2.153711E-13
1675.44157610038  2.140244E-13
1676.88923302091  2.063296E-13
1678.33688994145  2.082585E-13
1679.78454686199  2.036992E-13
1681.23220378252  2.008403E-13
1682.67986070306  2.051784E-13
1684.1275176236  2.231405E-13
1685.57517454413  2.084458E-13
1687.02283146467  2.095778E-13
1688.47048838521  2.064740E-13
1689.91814530574  2.008416E-13
1691.36580222628  1.993092E-13
1692.81345914682  2.013658E-13
1694.26111606735  2.048624E-13
1695.70877298789  2.069611E-13
1697.15642990843  2.216112E-13
1698.60408682896  2.158027E-13
1700.0517437495  2.069436E-13
1701.49940067004  2.049220E-13
1702.94705759057  2.043666E-13
1704.39471451111  1.900287E-13
1705.84237143165  1.908633E-13
1707.29002835218  1.907744E-13
1708.73768527272  1.922892E-13
1710.18534219326  0.
1711.63299911379  0.
1713.08065603433  0.
1714.52831295487  0.
1715.97596987541  0.
1717.42362679594  0.
1718.87128371648  0.
1720.31894063702  0.
1721.76659755755  0.
1723.21425447809  0.
1724.66191139863  0.
1726.10956831916  0.
1727.5572252397  0.
1729.00488216024  0.
1730.45253908077  0.
1731.90019600131  0.
1733.34785292185  0.
1734.79550984238  0.
1736.24316676292  0.
1737.69082368346  0.
1739.13848060399  0.
1740.58613752453  0.
1742.03379444507  0.
1743.4814513656  0.
1744.92910828614  0.
1746.37676520668  0.
1747.82442212721  0.
1749.27207904775  0.
1750.71973596829  0.
1752.16739288882  0.
1753.61504980936  0.
1755.0627067299  0.
1756.51036365043  0.
1757.95802057097  0.
1759.40567749151  0.
1760.85333441205  0.
1762.30099133258  0.
1763.74864825312  0.
1765.19630517366  0.
1766.64396209419  0.
1768.09161901473  0.
1769.53927593527  0.
1770.9869328558  0.
1772.43458977634  0.
1773.88224669688  0.
1775.32990361741  0.
1776.77756053795  0.
1778.22521745849  0.
1779.67287437902  0.
1781.12053129956  0.
1782.5681882201  0.
1784.01584514063  0.
1785.46350206117  0.
1786.91115898171  0.
1788.35881590224  0.
1789.80647282278  0.
1791.25412974332  0.
1792.70178666385  0.
1794.14944358439  0.
1795.59710050493  0.
1797.04475742547  0.
1798.492414346  0.
1799.94007126654  0.
1801.38772818708  0.
1802.83538510761  0.
1804.28304202815  0.
1805.73069894869  0.
1807.17835586922  0.
1808.62601278976  0.
1810.0736697103  0.
1811.52132663083  0.
1812.96898355137  0.
1814.41664047191  0.
1815.86429739244  0.
1817.31195431298  0.
1818.75961123352  0.
1820.20726815405  0.
1821.65492507459  0.
1823.10258199513  0.
1824.55023891566  0.
1825.9978958362  0.
1827.44555275674  0.
1828.89320967727  0.
1830.34086659781  0.
1831.78852351835  0.
