906.735751295338  0.
908.183408215875  0.
909.631065136412  0.
911.078722056949  0.
912.526378977485  0.
913.974035898022  0.
915.421692818559  0.
916.869349739096  0.
918.317006659633  0.
919.764663580169  0.
921.212320500706  0.
922.659977421243  0.
924.10763434178  0.
925.555291262316  0.
927.002948182853  0.
928.45060510339  0.
929.898262023927  0.
931.345918944464  0.
932.793575865  0.
934.241232785537  0.
935.688889706074  0.
937.136546626611  0.
938.584203547148  0.
940.031860467684  0.
941.479517388221  0.
942.927174308758  0.
944.374831229295  0.
945.822488149832  0.
947.270145070369  0.
948.717801990905  0.
950.165458911442  0.
951.613115831979  0.
953.060772752515  0.
954.508429673052  0.
955.956086593589  0.
957.403743514126  0.
958.851400434663  0.
960.2990573552  0.
961.746714275736  0.
963.194371196273  0.
964.64202811681  0.
966.089685037347  0.
967.537341957883  0.
968.98499887842  0.
970.432655798957  0.
971.880312719494  0.
973.327969640031  0.
974.775626560567  0.
976.223283481104  0.
977.670940401641  0.
979.118597322178  0.
980.566254242715  0.
982.013911163251  0.
983.461568083788  0.
984.909225004325  0.
986.356881924862  0.
987.804538845399  0.
989.252195765935  0.
990.699852686472  0.
992.147509607009  0.
993.595166527546  2.901487E-13
995.042823448082  5.709855E-13
996.490480368619  4.851222E-13
997.938137289156  3.814628E-13
999.385794209693  5.516031E-13
1000.83345113023  3.906610E-13
1002.28110805077  5.511547E-13
1003.7287649713  3.711473E-13
1005.17642189184  6.253390E-13
1006.62407881238  5.626045E-13
1008.07173573291  4.157530E-13
1009.51939265345  5.400302E-13
1010.96704957399  4.909216E-13
1012.41470649452  3.389820E-13
1013.86236341506  4.576106E-13
1015.3100203356  5.746755E-13
1016.75767725613  6.404479E-13
1018.20533417667  6.079136E-13
1019.65299109721  4.795093E-13
1021.10064801775  4.695603E-13
1022.54830493828  4.447571E-13
1023.99596185882  4.892916E-13
1025.44361877936  4.854467E-13
1026.89127569989  3.805746E-13
1028.33893262043  4.602174E-13
1029.78658954097  4.755322E-13
1031.2342464615  4.391664E-13
1032.68190338204  3.122180E-13
1034.12956030258  3.494643E-13
1035.57721722311  3.543796E-13
1037.02487414365  4.281295E-13
1038.47253106419  3.867215E-13
1039.92018798472  3.557123E-13
1041.36784490526  2.907927E-13
1042.8155018258  3.115922E-13
1044.26315874633  3.022638E-13
1045.71081566687  3.273824E-13
1047.15847258741  4.255086E-13
1048.60612950794  4.735970E-13
1050.05378642848  5.229699E-13
1051.50144334902  5.447179E-13
1052.94910026955  5.676067E-13
1054.39675719009  5.417323E-13
1055.84441411063  4.513447E-13
1057.29207103116  3.364126E-13
1058.7397279517  3.311789E-13
1060.18738487224  3.941318E-13
1061.63504179277  3.808065E-13
1063.08269871331  4.086111E-13
1064.53035563385  3.581241E-13
1065.97801255439  3.872650E-13
1067.42566947492  3.822471E-13
1068.87332639546  3.488989E-13
1070.320983316  3.842021E-13
1071.76864023653  3.734599E-13
1073.21629715707  3.594747E-13
1074.66395407761  3.545881E-13
1076.11161099814  3.806066E-13
1077.55926791868  3.660844E-13
1079.00692483922  3.701694E-13
1080.45458175975  3.648284E-13
1081.90223868029  3.271650E-13
1083.34989560083  3.305463E-13
1084.79755252136  3.218642E-13
1086.2452094419  3.222240E-13
1087.69286636244  2.940045E-13
1089.14052328297  2.950370E-13
1090.58818020351  3.336641E-13
1092.03583712405  3.262231E-13
1093.48349404458  3.191375E-13
1094.93115096512  2.863140E-13
1096.37880788566  2.763567E-13
1097.82646480619  2.641219E-13
1099.27412172673  3.120819E-13
1100.72177864727  3.320797E-13
1102.1694355678  3.058700E-13
1103.61709248834  3.087585E-13
1105.06474940888  2.782179E-13
1106.51240632942  2.987991E-13
1107.96006324995  3.135326E-13
1109.40772017049  3.253507E-13
1110.85537709103  3.373389E-13
1112.30303401156  3.133198E-13
1113.7506909321  3.331026E-13
1115.19834785264  3.533740E-13
1116.64600477317  3.254184E-13
1118.09366169371  3.458398E-13
1119.54131861425  3.056896E-13
1120.98897553478  2.908780E-13
1122.43663245532  2.764071E-13
1123.88428937586  3.047979E-13
1125.33194629639  3.026909E-13
1126.77960321693  3.333455E-13
1128.22726013747  3.550653E-13
1129.674917058  3.408014E-13
1131.12257397854  3.724515E-13
1132.57023089908  3.645464E-13
1134.01788781961  3.377141E-13
1135.46554474015  3.362429E-13
1136.91320166069  3.345796E-13
1138.36085858122  3.244703E-13
1139.80851550176  3.164718E-13
1141.2561724223  2.841810E-13
1142.70382934284  2.834740E-13
1144.15148626337  3.063205E-13
1145.59914318391  3.300028E-13
1147.04680010445  3.408816E-13
1148.49445702498  2.900327E-13
1149.94211394552  2.966109E-13
1151.38977086606  2.884581E-13
1152.83742778659  2.729809E-13
1154.28508470713  2.935925E-13
1155.73274162767  2.719199E-13
1157.1803985482  3.381339E-13
1158.62805546874  3.427482E-13
1160.07571238928  2.759278E-13
1161.52336930981  3.000175E-13
1162.97102623035  3.182881E-13
1164.41868315089  3.276557E-13
1165.86634007142  3.298458E-13
1167.31399699196  3.322253E-13
1168.7616539125  3.064768E-13
1170.20931083303  3.358171E-13
1171.65696775357  3.355524E-13
1173.10462467411  3.207552E-13
1174.55228159464  3.105212E-13
1175.99993851518  3.275740E-13
1177.44759543572  3.124132E-13
1178.89525235625  3.423813E-13
1180.34290927679  3.211474E-13
1181.79056619733  3.580329E-13
1183.23822311787  3.664857E-13
1184.6858800384  3.885356E-13
1186.13353695894  3.811017E-13
1187.58119387948  4.133187E-13
1189.02885080001  4.125734E-13
1190.47650772055  4.340913E-13
1191.92416464109  5.015020E-13
1193.37182156162  5.100014E-13
1194.81947848216  5.137072E-13
1196.2671354027  4.942159E-13
1197.71479232323  5.311588E-13
1199.16244924377  5.790615E-13
1200.61010616431  5.329288E-13
1202.05776308484  5.260603E-13
1203.50542000538  5.076866E-13
1204.95307692592  6.905522E-13
1206.40073384645  8.274710E-13
1207.84839076699  9.487798E-13
1209.29604768753  8.990227E-13
1210.74370460806  9.767402E-13
1212.1913615286  1.092303E-12
1213.63901844914  1.036855E-12
1215.08667536967  1.068115E-12
1216.53433229021  1.091534E-12
1217.98198921075  8.714072E-13
1219.42964613129  7.703375E-13
1220.87730305182  8.160013E-13
1222.32495997236  6.342033E-13
1223.7726168929  5.046778E-13
1225.22027381343  4.939465E-13
1226.66793073397  5.058369E-13
1228.11558765451  5.204604E-13
1229.56324457504  5.549062E-13
1231.01090149558  5.381293E-13
1232.45855841612  4.803411E-13
1233.90621533665  4.829924E-13
1235.35387225719  5.686126E-13
1236.80152917773  5.112955E-13
1238.24918609826  4.421222E-13
1239.6968430188  4.845574E-13
1241.14449993934  4.550672E-13
1242.59215685987  4.773417E-13
1244.03981378041  4.088529E-13
1245.48747070095  3.451646E-13
1246.93512762148  3.712003E-13
1248.38278454202  3.389709E-13
1249.83044146256  3.805633E-13
1251.27809838309  4.103565E-13
1252.72575530363  3.778863E-13
1254.17341222417  3.440760E-13
1255.62106914471  3.583090E-13
1257.06872606524  2.928898E-13
1258.51638298578  3.388248E-13
1259.96403990632  3.644713E-13
1261.41169682685  3.583080E-13
1262.85935374739  3.116265E-13
1264.30701066793  3.122981E-13
1265.75466758846  3.236623E-13
1267.202324509  3.130015E-13
1268.64998142954  3.499522E-13
1270.09763835007  3.004350E-13
1271.54529527061  3.135802E-13
1272.99295219115  2.644972E-13
1274.44060911168  2.237685E-13
1275.88826603222  2.218061E-13
1277.33592295276  2.586629E-13
1278.78357987329  2.690221E-13
1280.23123679383  2.620438E-13
1281.67889371437  2.584596E-13
1283.1265506349  2.364480E-13
1284.57420755544  2.252862E-13
1286.02186447598  2.474026E-13
1287.46952139651  2.727176E-13
1288.91717831705  2.599376E-13
1290.36483523759  3.355776E-13
1291.81249215812  2.756898E-13
1293.26014907866  2.834409E-13
1294.7078059992  2.998469E-13
1296.15546291974  2.941208E-13
1297.60311984027  3.082905E-13
1299.05077676081  2.558525E-13
1300.49843368135  2.667199E-13
1301.94609060188  2.817885E-13
1303.39374752242  2.946076E-13
1304.84140444296  3.111731E-13
1306.28906136349  3.376244E-13
1307.73671828403  2.755345E-13
1309.18437520457  2.751390E-13
1310.6320321251  2.374194E-13
1312.07968904564  2.978684E-13
1313.52734596618  3.109440E-13
1314.97500288671  2.741931E-13
1316.42265980725  2.567884E-13
1317.87031672779  2.471529E-13
1319.31797364832  2.424772E-13
1320.76563056886  2.741562E-13
1322.2132874894  2.839337E-13
1323.66094440993  2.940250E-13
1325.10860133047  2.509619E-13
1326.55625825101  2.622050E-13
1328.00391517154  2.666704E-13
1329.45157209208  2.949501E-13
1330.89922901262  2.648259E-13
1332.34688593315  2.566421E-13
1333.79454285369  2.570596E-13
1335.24219977423  2.766585E-13
1336.68985669477  2.041292E-13
1338.1375136153  2.600411E-13
1339.58517053584  2.622216E-13
1341.03282745638  2.492357E-13
1342.48048437691  2.680404E-13
1343.92814129745  2.570652E-13
1345.37579821799  2.564250E-13
1346.82345513852  2.742228E-13
1348.27111205906  2.891326E-13
1349.7187689796  2.517465E-13
1351.16642590013  2.892229E-13
1352.61408282067  2.907710E-13
1354.06173974121  2.532942E-13
1355.50939666174  2.867369E-13
1356.95705358228  2.497477E-13
1358.40471050282  2.471604E-13
1359.85236742335  2.489238E-13
1361.30002434389  2.431111E-13
1362.74768126443  2.541551E-13
1364.19533818496  3.254909E-13
1365.6429951055  2.528044E-13
1367.09065202604  2.329073E-13
1368.53830894657  2.733236E-13
1369.98596586711  3.029404E-13
1371.43362278765  2.178658E-13
1372.88127970819  2.501678E-13
1374.32893662872  2.319816E-13
1375.77659354926  2.848595E-13
1377.2242504698  2.666155E-13
1378.67190739033  2.531797E-13
1380.11956431087  2.659400E-13
1381.56722123141  3.440671E-13
1383.01487815194  2.642751E-13
1384.46253507248  2.781177E-13
1385.91019199302  2.499154E-13
1387.35784891355  3.107955E-13
1388.80550583409  2.919612E-13
1390.25316275463  3.380085E-13
1391.70081967516  3.074293E-13
1393.1484765957  3.013826E-13
1394.59613351624  3.308189E-13
1396.04379043677  3.342528E-13
1397.49144735731  3.301315E-13
1398.93910427785  3.585165E-13
1400.38676119838  2.457539E-13
1401.83441811892  2.486934E-13
1403.28207503946  2.506867E-13
1404.72973195999  2.564644E-13
1406.17738888053  2.579281E-13
1407.62504580107  2.462707E-13
1409.0727027216  2.835465E-13
1410.52035964214  2.557653E-13
1411.96801656268  2.675212E-13
1413.41567348322  2.543164E-13
1414.86333040375  2.695602E-13
1416.31098732429  2.572057E-13
1417.75864424483  2.615948E-13
1419.20630116536  2.343180E-13
1420.6539580859  2.676791E-13
1422.10161500644  3.032090E-13
1423.54927192697  2.716412E-13
1424.99692884751  2.510637E-13
1426.44458576805  2.418303E-13
1427.89224268858  2.410978E-13
1429.33989960912  2.684812E-13
1430.78755652966  2.540503E-13
1432.23521345019  2.373142E-13
1433.68287037073  2.824291E-13
1435.13052729127  2.563600E-13
1436.5781842118  2.524675E-13
1438.02584113234  2.765070E-13
1439.47349805288  2.815396E-13
1440.92115497341  2.606420E-13
1442.36881189395  1.999948E-13
1443.81646881449  2.131580E-13
1445.26412573502  2.520542E-13
1446.71178265556  2.303081E-13
1448.1594395761  2.162611E-13
1449.60709649664  2.225622E-13
1451.05475341717  2.054200E-13
1452.50241033771  2.417799E-13
1453.95006725825  2.324935E-13
1455.39772417878  2.341747E-13
1456.84538109932  2.373130E-13
1458.29303801986  2.384561E-13
1459.74069494039  2.580362E-13
1461.18835186093  2.513813E-13
1462.63600878147  2.703203E-13
1464.083665702  2.201940E-13
1465.53132262254  2.145525E-13
1466.97897954308  2.214251E-13
1468.42663646361  2.439054E-13
1469.87429338415  2.065388E-13
1471.32195030469  2.132968E-13
1472.76960722522  2.384891E-13
1474.21726414576  2.665944E-13
1475.6649210663  2.116666E-13
1477.11257798683  2.116574E-13
1478.56023490737  2.353710E-13
1480.00789182791  2.110318E-13
1481.45554874844  2.081545E-13
1482.90320566898  1.999763E-13
1484.35086258952  2.164443E-13
1485.79851951005  2.383598E-13
1487.24617643059  2.272005E-13
1488.69383335113  2.320426E-13
1490.14149027167  2.215552E-13
1491.5891471922  2.325915E-13
1493.03680411274  2.168225E-13
1494.48446103328  2.080253E-13
1495.93211795381  2.063657E-13
1497.37977487435  2.124355E-13
1498.82743179489  2.187779E-13
1500.27508871542  2.690266E-13
1501.72274563596  2.627648E-13
1503.1704025565  2.605663E-13
1504.61805947703  2.442223E-13
1506.06571639757  2.518266E-13
1507.51337331811  2.260329E-13
1508.96103023864  2.463798E-13
1510.40868715918  2.525571E-13
1511.85634407972  2.743570E-13
1513.30400100025  2.392317E-13
1514.75165792079  2.598859E-13
1516.19931484133  2.837072E-13
1517.64697176186  2.924882E-13
1519.0946286824  2.803907E-13
1520.54228560294  2.842102E-13
1521.98994252347  3.040093E-13
1523.43759944401  2.859227E-13
1524.88525636455  3.243774E-13
1526.33291328509  3.349633E-13
1527.78057020562  3.244359E-13
1529.22822712616  3.383842E-13
1530.6758840467  3.080499E-13
1532.12354096723  3.040748E-13
1533.57119788777  3.543405E-13
1535.01885480831  3.683737E-13
1536.46651172884  4.107042E-13
1537.91416864938  4.195758E-13
1539.36182556992  4.408271E-13
1540.80948249045  4.714335E-13
1542.25713941099  4.753200E-13
1543.70479633153  4.588389E-13
1545.15245325206  4.653179E-13
1546.6001101726  4.728303E-13
1548.04776709314  4.532679E-13
1549.49542401367  4.019745E-13
1550.94308093421  4.479150E-13
1552.39073785475  4.150084E-13
1553.83839477528  3.843699E-13
1555.28605169582  3.384736E-13
1556.73370861636  3.250947E-13
1558.18136553689  3.102817E-13
1559.62902245743  3.032362E-13
1561.07667937797  2.856861E-13
1562.5243362985  2.891999E-13
1563.97199321904  2.953051E-13
1565.41965013958  3.010064E-13
1566.86730706012  2.975437E-13
1568.31496398065  2.749764E-13
1569.76262090119  2.987162E-13
1571.21027782173  2.950263E-13
1572.65793474226  2.925133E-13
1574.1055916628  2.638125E-13
1575.55324858334  2.582564E-13
1577.00090550387  2.539303E-13
1578.44856242441  2.669504E-13
1579.89621934495  2.619051E-13
1581.34387626548  2.541153E-13
1582.79153318602  2.449605E-13
1584.23919010656  2.364994E-13
1585.68684702709  2.292356E-13
1587.13450394763  2.281785E-13
1588.58216086817  2.284692E-13
1590.0298177887  2.439146E-13
1591.47747470924  2.123314E-13
1592.92513162978  2.278433E-13
1594.37278855031  2.448327E-13
1595.82044547085  2.701767E-13
1597.26810239139  2.541418E-13
1598.71575931192  2.227113E-13
1600.16341623246  2.322486E-13
1601.611073153  2.321669E-13
1603.05873007354  2.261949E-13
1604.50638699407  2.311129E-13
1605.95404391461  2.278848E-13
1607.40170083515  2.412789E-13
1608.84935775568  2.386529E-13
1610.29701467622  2.352786E-13
1611.74467159676  2.160112E-13
1613.19232851729  2.326500E-13
1614.63998543783  2.457844E-13
1616.08764235837  2.404880E-13
1617.5352992789  2.423239E-13
1618.98295619944  2.479777E-13
1620.43061311998  2.362438E-13
1621.87827004051  2.369848E-13
1623.32592696105  2.487860E-13
1624.77358388159  2.522859E-13
1626.22124080212  2.415419E-13
1627.66889772266  2.518348E-13
1629.1165546432  2.627945E-13
1630.56421156373  2.799419E-13
1632.01186848427  2.663616E-13
1633.45952540481  2.379847E-13
1634.90718232534  2.267522E-13
1636.35483924588  2.275880E-13
1637.80249616642  2.241814E-13
1639.25015308695  2.274128E-13
1640.69781000749  2.303985E-13
1642.14546692803  2.239740E-13
1643.59312384857  2.196715E-13
1645.0407807691  2.232277E-13
1646.48843768964  2.233705E-13
1647.93609461018  2.118050E-13
1649.38375153071  2.236741E-13
1650.83140845125  2.355116E-13
1652.27906537179  2.547029E-13
1653.72672229232  2.500104E-13
1655.17437921286  2.303821E-13
1656.6220361334  2.259695E-13
1658.06969305393  2.204163E-13
1659.51734997447  2.318238E-13
1660.96500689501  2.278303E-13
1662.41266381554  2.272270E-13
1663.86032073608  2.131885E-13
1665.30797765662  2.091131E-13
1666.75563457715  2.011989E-13
1668.20329149769  2.097574E-13
1669.65094841823  2.109439E-13
1671.09860533876  2.044696E-13
1672.5462622593  1.969806E-13
1673.99391917984  1.912816E-13
1675.44157610038  2.044505E-13
1676.88923302091  2.060569E-13
1678.33688994145  2.090008E-13
1679.78454686199  1.924595E-13
1681.23220378252  1.884937E-13
1682.67986070306  1.927090E-13
1684.1275176236  2.136240E-13
1685.57517454413  2.053787E-13
1687.02283146467  2.048590E-13
1688.47048838521  2.247806E-13
1689.91814530574  2.374675E-13
1691.36580222628  2.245597E-13
1692.81345914682  2.131748E-13
1694.26111606735  2.116373E-13
1695.70877298789  2.064693E-13
1697.15642990843  2.250812E-13
1698.60408682896  2.231594E-13
1700.0517437495  2.105499E-13
1701.49940067004  2.058344E-13
1702.94705759057  2.071203E-13
1704.39471451111  2.011558E-13
1705.84237143165  2.003094E-13
1707.29002835218  1.954073E-13
1708.73768527272  1.920100E-13
1710.18534219326  0.
1711.63299911379  0.
1713.08065603433  0.
1714.52831295487  0.
1715.97596987541  0.
1717.42362679594  0.
1718.87128371648  0.
1720.31894063702  0.
1721.76659755755  0.
1723.21425447809  0.
1724.66191139863  0.
1726.10956831916  0.
1727.5572252397  0.
1729.00488216024  0.
1730.45253908077  0.
1731.90019600131  0.
1733.34785292185  0.
1734.79550984238  0.
1736.24316676292  0.
1737.69082368346  0.
1739.13848060399  0.
1740.58613752453  0.
1742.03379444507  0.
1743.4814513656  0.
1744.92910828614  0.
1746.37676520668  0.
1747.82442212721  0.
1749.27207904775  0.
1750.71973596829  0.
1752.16739288882  0.
1753.61504980936  0.
1755.0627067299  0.
1756.51036365043  0.
1757.95802057097  0.
1759.40567749151  0.
1760.85333441205  0.
1762.30099133258  0.
1763.74864825312  0.
1765.19630517366  0.
1766.64396209419  0.
1768.09161901473  0.
1769.53927593527  0.
1770.9869328558  0.
1772.43458977634  0.
1773.88224669688  0.
1775.32990361741  0.
1776.77756053795  0.
1778.22521745849  0.
1779.67287437902  0.
1781.12053129956  0.
1782.5681882201  0.
1784.01584514063  0.
1785.46350206117  0.
1786.91115898171  0.
1788.35881590224  0.
1789.80647282278  0.
1791.25412974332  0.
1792.70178666385  0.
1794.14944358439  0.
1795.59710050493  0.
1797.04475742547  0.
1798.492414346  0.
1799.94007126654  0.
1801.38772818708  0.
1802.83538510761  0.
1804.28304202815  0.
1805.73069894869  0.
1807.17835586922  0.
1808.62601278976  0.
1810.0736697103  0.
1811.52132663083  0.
1812.96898355137  0.
1814.41664047191  0.
1815.86429739244  0.
1817.31195431298  0.
1818.75961123352  0.
1820.20726815405  0.
1821.65492507459  0.
1823.10258199513  0.
1824.55023891566  0.
1825.9978958362  0.
1827.44555275674  0.
1828.89320967727  0.
1830.34086659781  0.
1831.78852351835  0.
