906.735751295338  0.
908.183408215875  0.
909.631065136412  0.
911.078722056949  0.
912.526378977485  0.
913.974035898022  0.
915.421692818559  0.
916.869349739096  0.
918.317006659633  0.
919.764663580169  0.
921.212320500706  0.
922.659977421243  0.
924.10763434178  0.
925.555291262316  0.
927.002948182853  0.
928.45060510339  0.
929.898262023927  0.
931.345918944464  0.
932.793575865  0.
934.241232785537  0.
935.688889706074  0.
937.136546626611  0.
938.584203547148  0.
940.031860467684  0.
941.479517388221  0.
942.927174308758  0.
944.374831229295  0.
945.822488149832  0.
947.270145070369  0.
948.717801990905  0.
950.165458911442  0.
951.613115831979  0.
953.060772752515  0.
954.508429673052  0.
955.956086593589  0.
957.403743514126  0.
958.851400434663  0.
960.2990573552  0.
961.746714275736  0.
963.194371196273  0.
964.64202811681  0.
966.089685037347  0.
967.537341957883  0.
968.98499887842  0.
970.432655798957  0.
971.880312719494  0.
973.327969640031  0.
974.775626560567  0.
976.223283481104  0.
977.670940401641  0.
979.118597322178  0.
980.566254242715  0.
982.013911163251  0.
983.461568083788  0.
984.909225004325  0.
986.356881924862  0.
987.804538845399  0.
989.252195765935  0.
990.699852686472  0.
992.147509607009  0.
993.595166527546  4.416991E-13
995.042823448082  4.713242E-13
996.490480368619  4.525651E-13
997.938137289156  3.795261E-13
999.385794209693  5.023972E-13
1000.83345113023  4.079764E-13
1002.28110805077  4.611909E-13
1003.7287649713  4.270133E-13
1005.17642189184  3.844362E-13
1006.62407881238  3.852364E-13
1008.07173573291  3.666940E-13
1009.51939265345  5.169534E-13
1010.96704957399  4.912245E-13
1012.41470649452  5.281823E-13
1013.86236341506  5.262987E-13
1015.3100203356  5.250649E-13
1016.75767725613  4.549237E-13
1018.20533417667  4.956789E-13
1019.65299109721  3.754298E-13
1021.10064801775  4.634981E-13
1022.54830493828  4.581684E-13
1023.99596185882  5.221524E-13
1025.44361877936  5.597806E-13
1026.89127569989  4.908809E-13
1028.33893262043  4.575246E-13
1029.78658954097  4.678139E-13
1031.2342464615  4.697711E-13
1032.68190338204  4.443705E-13
1034.12956030258  4.917543E-13
1035.57721722311  4.455916E-13
1037.02487414365  4.036984E-13
1038.47253106419  4.022660E-13
1039.92018798472  3.776575E-13
1041.36784490526  4.254394E-13
1042.8155018258  4.038551E-13
1044.26315874633  5.018688E-13
1045.71081566687  6.973614E-13
1047.15847258741  6.396907E-13
1048.60612950794  6.471324E-13
1050.05378642848  5.448409E-13
1051.50144334902  5.146281E-13
1052.94910026955  5.049532E-13
1054.39675719009  4.884603E-13
1055.84441411063  4.129965E-13
1057.29207103116  3.687793E-13
1058.7397279517  3.703283E-13
1060.18738487224  3.481795E-13
1061.63504179277  3.814647E-13
1063.08269871331  3.923778E-13
1064.53035563385  4.195642E-13
1065.97801255439  3.466201E-13
1067.42566947492  4.261050E-13
1068.87332639546  3.593788E-13
1070.320983316  4.086711E-13
1071.76864023653  4.182378E-13
1073.21629715707  3.808045E-13
1074.66395407761  4.343449E-13
1076.11161099814  3.936015E-13
1077.55926791868  4.139239E-13
1079.00692483922  3.711946E-13
1080.45458175975  3.337762E-13
1081.90223868029  3.455608E-13
1083.34989560083  3.361876E-13
1084.79755252136  3.403280E-13
1086.2452094419  2.981973E-13
1087.69286636244  3.230016E-13
1089.14052328297  3.116582E-13
1090.58818020351  3.323466E-13
1092.03583712405  3.229097E-13
1093.48349404458  3.488811E-13
1094.93115096512  3.677017E-13
1096.37880788566  3.214146E-13
1097.82646480619  3.586596E-13
1099.27412172673  3.856294E-13
1100.72177864727  3.682079E-13
1102.1694355678  2.980049E-13
1103.61709248834  3.236773E-13
1105.06474940888  3.482811E-13
1106.51240632942  3.144944E-13
1107.96006324995  3.455351E-13
1109.40772017049  3.477087E-13
1110.85537709103  3.314729E-13
1112.30303401156  3.505342E-13
1113.7506909321  3.741284E-13
1115.19834785264  3.487861E-13
1116.64600477317  3.134202E-13
1118.09366169371  3.472272E-13
1119.54131861425  3.061313E-13
1120.98897553478  2.891652E-13
1122.43663245532  3.074855E-13
1123.88428937586  3.132894E-13
1125.33194629639  2.788513E-13
1126.77960321693  2.619947E-13
1128.22726013747  3.132216E-13
1129.674917058  3.112081E-13
1131.12257397854  3.855189E-13
1132.57023089908  3.170635E-13
1134.01788781961  2.800861E-13
1135.46554474015  2.966024E-13
1136.91320166069  2.953350E-13
1138.36085858122  2.788725E-13
1139.80851550176  3.241280E-13
1141.2561724223  3.036903E-13
1142.70382934284  3.104610E-13
1144.15148626337  3.172200E-13
1145.59914318391  2.800515E-13
1147.04680010445  3.243199E-13
1148.49445702498  3.562393E-13
1149.94211394552  3.178248E-13
1151.38977086606  3.025210E-13
1152.83742778659  2.837939E-13
1154.28508470713  2.776297E-13
1155.73274162767  3.442469E-13
1157.1803985482  3.830206E-13
1158.62805546874  3.384804E-13
1160.07571238928  3.331374E-13
1161.52336930981  2.904434E-13
1162.97102623035  3.169535E-13
1164.41868315089  3.063446E-13
1165.86634007142  3.207081E-13
1167.31399699196  3.421790E-13
1168.7616539125  3.101674E-13
1170.20931083303  3.604466E-13
1171.65696775357  3.070698E-13
1173.10462467411  3.469497E-13
1174.55228159464  3.206514E-13
1175.99993851518  3.249194E-13
1177.44759543572  3.796646E-13
1178.89525235625  3.565870E-13
1180.34290927679  3.719729E-13
1181.79056619733  3.881068E-13
1183.23822311787  3.735924E-13
1184.6858800384  3.574821E-13
1186.13353695894  3.554855E-13
1187.58119387948  3.964351E-13
1189.02885080001  3.834098E-13
1190.47650772055  3.830046E-13
1191.92416464109  3.892942E-13
1193.37182156162  4.571213E-13
1194.81947848216  3.946036E-13
1196.2671354027  4.774737E-13
1197.71479232323  4.937162E-13
1199.16244924377  4.854374E-13
1200.61010616431  4.805455E-13
1202.05776308484  4.665308E-13
1203.50542000538  4.846404E-13
1204.95307692592  6.039832E-13
1206.40073384645  6.294137E-13
1207.84839076699  8.078443E-13
1209.29604768753  7.093520E-13
1210.74370460806  8.833742E-13
1212.1913615286  9.602188E-13
1213.63901844914  1.068568E-12
1215.08667536967  1.087051E-12
1216.53433229021  8.486700E-13
1217.98198921075  8.312814E-13
1219.42964613129  7.814731E-13
1220.87730305182  6.968591E-13
1222.32495997236  5.611359E-13
1223.7726168929  5.193836E-13
1225.22027381343  5.203467E-13
1226.66793073397  5.637861E-13
1228.11558765451  5.331802E-13
1229.56324457504  5.111158E-13
1231.01090149558  4.536647E-13
1232.45855841612  5.079612E-13
1233.90621533665  5.108889E-13
1235.35387225719  4.581618E-13
1236.80152917773  4.271695E-13
1238.24918609826  5.188093E-13
1239.6968430188  4.413256E-13
1241.14449993934  5.361490E-13
1242.59215685987  4.122961E-13
1244.03981378041  3.937739E-13
1245.48747070095  4.033568E-13
1246.93512762148  3.906314E-13
1248.38278454202  3.570441E-13
1249.83044146256  4.072754E-13
1251.27809838309  3.508657E-13
1252.72575530363  3.838776E-13
1254.17341222417  3.512350E-13
1255.62106914471  3.361661E-13
1257.06872606524  3.364726E-13
1258.51638298578  3.961956E-13
1259.96403990632  3.332624E-13
1261.41169682685  3.018114E-13
1262.85935374739  2.894520E-13
1264.30701066793  3.359035E-13
1265.75466758846  3.213138E-13
1267.202324509  3.411738E-13
1268.64998142954  3.637734E-13
1270.09763835007  3.026331E-13
1271.54529527061  2.907926E-13
1272.99295219115  2.783043E-13
1274.44060911168  2.968219E-13
1275.88826603222  2.529525E-13
1277.33592295276  3.120809E-13
1278.78357987329  3.054557E-13
1280.23123679383  3.439896E-13
1281.67889371437  3.427808E-13
1283.1265506349  2.930971E-13
1284.57420755544  2.459413E-13
1286.02186447598  3.100243E-13
1287.46952139651  2.930877E-13
1288.91717831705  2.718879E-13
1290.36483523759  2.562134E-13
1291.81249215812  2.968328E-13
1293.26014907866  2.844578E-13
1294.7078059992  2.643532E-13
1296.15546291974  2.901327E-13
1297.60311984027  2.669458E-13
1299.05077676081  2.912895E-13
1300.49843368135  2.909486E-13
1301.94609060188  3.073558E-13
1303.39374752242  3.103231E-13
1304.84140444296  2.901510E-13
1306.28906136349  2.294031E-13
1307.73671828403  2.608314E-13
1309.18437520457  2.762987E-13
1310.6320321251  2.983796E-13
1312.07968904564  2.885266E-13
1313.52734596618  2.917419E-13
1314.97500288671  2.602349E-13
1316.42265980725  2.590025E-13
1317.87031672779  2.183323E-13
1319.31797364832  2.695001E-13
1320.76563056886  2.620677E-13
1322.2132874894  2.650808E-13
1323.66094440993  2.982828E-13
1325.10860133047  2.806134E-13
1326.55625825101  2.525212E-13
1328.00391517154  2.658920E-13
1329.45157209208  2.692385E-13
1330.89922901262  2.307462E-13
1332.34688593315  2.618152E-13
1333.79454285369  2.702129E-13
1335.24219977423  2.678423E-13
1336.68985669477  2.159337E-13
1338.1375136153  2.577248E-13
1339.58517053584  2.422418E-13
1341.03282745638  2.642058E-13
1342.48048437691  2.664482E-13
1343.92814129745  2.851599E-13
1345.37579821799  3.079221E-13
1346.82345513852  2.787954E-13
1348.27111205906  2.619923E-13
1349.7187689796  2.713240E-13
1351.16642590013  3.043768E-13
1352.61408282067  2.783571E-13
1354.06173974121  2.470139E-13
1355.50939666174  2.683606E-13
1356.95705358228  2.619058E-13
1358.40471050282  2.837374E-13
1359.85236742335  2.758368E-13
1361.30002434389  3.144559E-13
1362.74768126443  3.062367E-13
1364.19533818496  2.869829E-13
1365.6429951055  2.760734E-13
1367.09065202604  2.484896E-13
1368.53830894657  2.631532E-13
1369.98596586711  3.012029E-13
1371.43362278765  2.522420E-13
1372.88127970819  2.592576E-13
1374.32893662872  2.907973E-13
1375.77659354926  2.846526E-13
1377.2242504698  2.693652E-13
1378.67190739033  2.918615E-13
1380.11956431087  2.799607E-13
1381.56722123141  2.509771E-13
1383.01487815194  2.384566E-13
1384.46253507248  2.560712E-13
1385.91019199302  2.752282E-13
1387.35784891355  2.869667E-13
1388.80550583409  2.928598E-13
1390.25316275463  2.705830E-13
1391.70081967516  2.320523E-13
1393.1484765957  2.731822E-13
1394.59613351624  3.198628E-13
1396.04379043677  2.836403E-13
1397.49144735731  2.906246E-13
1398.93910427785  3.401005E-13
1400.38676119838  3.194580E-13
1401.83441811892  2.825799E-13
1403.28207503946  2.507551E-13
1404.72973195999  2.778356E-13
1406.17738888053  2.349896E-13
1407.62504580107  2.691008E-13
1409.0727027216  2.860326E-13
1410.52035964214  2.611693E-13
1411.96801656268  2.700160E-13
1413.41567348322  2.623726E-13
1414.86333040375  2.230004E-13
1416.31098732429  2.280377E-13
1417.75864424483  2.208557E-13
1419.20630116536  2.539554E-13
1420.6539580859  2.220753E-13
1422.10161500644  2.275743E-13
1423.54927192697  2.385346E-13
1424.99692884751  2.417297E-13
1426.44458576805  2.805173E-13
1427.89224268858  2.499777E-13
1429.33989960912  2.844160E-13
1430.78755652966  2.635096E-13
1432.23521345019  2.906883E-13
1433.68287037073  2.629083E-13
1435.13052729127  2.638093E-13
1436.5781842118  2.523712E-13
1438.02584113234  2.669748E-13
1439.47349805288  2.609258E-13
1440.92115497341  2.536698E-13
1442.36881189395  2.557672E-13
1443.81646881449  2.199304E-13
1445.26412573502  2.246613E-13
1446.71178265556  2.330548E-13
1448.1594395761  2.087868E-13
1449.60709649664  2.185224E-13
1451.05475341717  2.286868E-13
1452.50241033771  2.306440E-13
1453.95006725825  2.271233E-13
1455.39772417878  2.150063E-13
1456.84538109932  2.209515E-13
1458.29303801986  2.427899E-13
1459.74069494039  2.500218E-13
1461.18835186093  2.516187E-13
1462.63600878147  2.444292E-13
1464.083665702  2.177693E-13
1465.53132262254  2.261918E-13
1466.97897954308  2.375489E-13
1468.42663646361  2.258332E-13
1469.87429338415  2.298941E-13
1471.32195030469  2.290838E-13
1472.76960722522  2.350054E-13
1474.21726414576  2.123793E-13
1475.6649210663  2.347889E-13
1477.11257798683  2.293685E-13
1478.56023490737  2.381929E-13
1480.00789182791  2.446209E-13
1481.45554874844  2.524007E-13
1482.90320566898  2.521486E-13
1484.35086258952  2.571213E-13
1485.79851951005  2.590534E-13
1487.24617643059  2.081839E-13
1488.69383335113  2.216612E-13
1490.14149027167  2.384308E-13
1491.5891471922  2.205925E-13
1493.03680411274  2.359734E-13
1494.48446103328  2.487728E-13
1495.93211795381  2.405706E-13
1497.37977487435  2.204506E-13
1498.82743179489  2.558029E-13
1500.27508871542  2.479386E-13
1501.72274563596  2.406941E-13
1503.1704025565  2.398313E-13
1504.61805947703  2.460849E-13
1506.06571639757  2.363852E-13
1507.51337331811  2.467120E-13
1508.96103023864  2.424465E-13
1510.40868715918  2.294867E-13
1511.85634407972  2.390551E-13
1513.30400100025  2.519443E-13
1514.75165792079  2.481342E-13
1516.19931484133  2.554109E-13
1517.64697176186  2.680515E-13
1519.0946286824  2.604402E-13
1520.54228560294  2.575415E-13
1521.98994252347  2.706176E-13
1523.43759944401  2.752711E-13
1524.88525636455  2.800737E-13
1526.33291328509  3.020772E-13
1527.78057020562  3.015507E-13
1529.22822712616  2.776513E-13
1530.6758840467  2.591168E-13
1532.12354096723  2.781834E-13
1533.57119788777  3.251590E-13
1535.01885480831  3.389912E-13
1536.46651172884  3.477055E-13
1537.91416864938  3.590624E-13
1539.36182556992  3.589697E-13
1540.80948249045  3.749289E-13
1542.25713941099  3.885283E-13
1543.70479633153  4.274164E-13
1545.15245325206  3.970069E-13
1546.6001101726  3.955332E-13
1548.04776709314  3.234028E-13
1549.49542401367  3.480902E-13
1550.94308093421  3.311406E-13
1552.39073785475  3.427792E-13
1553.83839477528  3.490692E-13
1555.28605169582  3.397367E-13
1556.73370861636  3.154910E-13
1558.18136553689  2.761889E-13
1559.62902245743  2.636015E-13
1561.07667937797  2.652851E-13
1562.5243362985  2.644641E-13
1563.97199321904  2.630336E-13
1565.41965013958  2.891550E-13
1566.86730706012  2.697581E-13
1568.31496398065  2.479133E-13
1569.76262090119  2.418305E-13
1571.21027782173  2.419415E-13
1572.65793474226  2.400433E-13
1574.1055916628  2.258751E-13
1575.55324858334  2.407506E-13
1577.00090550387  2.436592E-13
1578.44856242441  2.294595E-13
1579.89621934495  2.273244E-13
1581.34387626548  2.440593E-13
1582.79153318602  2.393851E-13
1584.23919010656  2.318763E-13
1585.68684702709  2.190713E-13
1587.13450394763  2.230948E-13
1588.58216086817  2.422732E-13
1590.0298177887  2.442715E-13
1591.47747470924  2.503668E-13
1592.92513162978  2.439847E-13
1594.37278855031  2.204537E-13
1595.82044547085  2.122343E-13
1597.26810239139  2.059261E-13
1598.71575931192  2.224150E-13
1600.16341623246  2.030139E-13
1601.611073153  2.022496E-13
1603.05873007354  2.016960E-13
1604.50638699407  2.048709E-13
1605.95404391461  2.246916E-13
1607.40170083515  2.253167E-13
1608.84935775568  2.179510E-13
1610.29701467622  2.058557E-13
1611.74467159676  2.082199E-13
1613.19232851729  2.279864E-13
1614.63998543783  2.184042E-13
1616.08764235837  2.327534E-13
1617.5352992789  2.393237E-13
1618.98295619944  2.244127E-13
1620.43061311998  2.181870E-13
1621.87827004051  2.168141E-13
1623.32592696105  2.150955E-13
1624.77358388159  2.141092E-13
1626.22124080212  2.248917E-13
1627.66889772266  2.412688E-13
1629.1165546432  2.328656E-13
1630.56421156373  2.348189E-13
1632.01186848427  2.411426E-13
1633.45952540481  2.381128E-13
1634.90718232534  2.383142E-13
1636.35483924588  2.318772E-13
1637.80249616642  2.336291E-13
1639.25015308695  2.324819E-13
1640.69781000749  2.317026E-13
1642.14546692803  2.400298E-13
1643.59312384857  2.187698E-13
1645.0407807691  2.255677E-13
1646.48843768964  2.367627E-13
1647.93609461018  2.282293E-13
1649.38375153071  2.235884E-13
1650.83140845125  2.179717E-13
1652.27906537179  2.294814E-13
1653.72672229232  2.311331E-13
1655.17437921286  2.200407E-13
1656.6220361334  2.216554E-13
1658.06969305393  2.135518E-13
1659.51734997447  2.222980E-13
1660.96500689501  2.328570E-13
1662.41266381554  2.321352E-13
1663.86032073608  2.249821E-13
1665.30797765662  2.276871E-13
1666.75563457715  2.185216E-13
1668.20329149769  2.157107E-13
1669.65094841823  2.116676E-13
1671.09860533876  2.069224E-13
1672.5462622593  2.066624E-13
1673.99391917984  2.114165E-13
1675.44157610038  2.189264E-13
1676.88923302091  2.015107E-13
1678.33688994145  2.059711E-13
1679.78454686199  2.083277E-13
1681.23220378252  2.089565E-13
1682.67986070306  2.059112E-13
1684.1275176236  1.992861E-13
1685.57517454413  1.919664E-13
1687.02283146467  1.975313E-13
1688.47048838521  1.967621E-13
1689.91814530574  1.989280E-13
1691.36580222628  1.995936E-13
1692.81345914682  1.877808E-13
1694.26111606735  1.826831E-13
1695.70877298789  1.864880E-13
1697.15642990843  1.968987E-13
1698.60408682896  2.018897E-13
1700.0517437495  1.889462E-13
1701.49940067004  1.912554E-13
1702.94705759057  1.960958E-13
1704.39471451111  1.994512E-13
1705.84237143165  1.958264E-13
1707.29002835218  2.014361E-13
1708.73768527272  2.002717E-13
1710.18534219326  0.
1711.63299911379  0.
1713.08065603433  0.
1714.52831295487  0.
1715.97596987541  0.
1717.42362679594  0.
1718.87128371648  0.
1720.31894063702  0.
1721.76659755755  0.
1723.21425447809  0.
1724.66191139863  0.
1726.10956831916  0.
1727.5572252397  0.
1729.00488216024  0.
1730.45253908077  0.
1731.90019600131  0.
1733.34785292185  0.
1734.79550984238  0.
1736.24316676292  0.
1737.69082368346  0.
1739.13848060399  0.
1740.58613752453  0.
1742.03379444507  0.
1743.4814513656  0.
1744.92910828614  0.
1746.37676520668  0.
1747.82442212721  0.
1749.27207904775  0.
1750.71973596829  0.
1752.16739288882  0.
1753.61504980936  0.
1755.0627067299  0.
1756.51036365043  0.
1757.95802057097  0.
1759.40567749151  0.
1760.85333441205  0.
1762.30099133258  0.
1763.74864825312  0.
1765.19630517366  0.
1766.64396209419  0.
1768.09161901473  0.
1769.53927593527  0.
1770.9869328558  0.
1772.43458977634  0.
1773.88224669688  0.
1775.32990361741  0.
1776.77756053795  0.
1778.22521745849  0.
1779.67287437902  0.
1781.12053129956  0.
1782.5681882201  0.
1784.01584514063  0.
1785.46350206117  0.
1786.91115898171  0.
1788.35881590224  0.
1789.80647282278  0.
1791.25412974332  0.
1792.70178666385  0.
1794.14944358439  0.
1795.59710050493  0.
1797.04475742547  0.
1798.492414346  0.
1799.94007126654  0.
1801.38772818708  0.
1802.83538510761  0.
1804.28304202815  0.
1805.73069894869  0.
1807.17835586922  0.
1808.62601278976  0.
1810.0736697103  0.
1811.52132663083  0.
1812.96898355137  0.
1814.41664047191  0.
1815.86429739244  0.
1817.31195431298  0.
1818.75961123352  0.
1820.20726815405  0.
1821.65492507459  0.
1823.10258199513  0.
1824.55023891566  0.
1825.9978958362  0.
1827.44555275674  0.
1828.89320967727  0.
1830.34086659781  0.
1831.78852351835  0.
