906.735751295338  0.
908.183408215875  0.
909.631065136412  0.
911.078722056949  0.
912.526378977485  0.
913.974035898022  0.
915.421692818559  0.
916.869349739096  0.
918.317006659633  0.
919.764663580169  0.
921.212320500706  0.
922.659977421243  0.
924.10763434178  0.
925.555291262316  0.
927.002948182853  0.
928.45060510339  0.
929.898262023927  0.
931.345918944464  0.
932.793575865  0.
934.241232785537  0.
935.688889706074  0.
937.136546626611  0.
938.584203547148  0.
940.031860467684  0.
941.479517388221  0.
942.927174308758  0.
944.374831229295  0.
945.822488149832  0.
947.270145070369  0.
948.717801990905  0.
950.165458911442  0.
951.613115831979  0.
953.060772752515  0.
954.508429673052  0.
955.956086593589  0.
957.403743514126  0.
958.851400434663  0.
960.2990573552  0.
961.746714275736  0.
963.194371196273  0.
964.64202811681  0.
966.089685037347  0.
967.537341957883  0.
968.98499887842  0.
970.432655798957  0.
971.880312719494  0.
973.327969640031  0.
974.775626560567  0.
976.223283481104  0.
977.670940401641  0.
979.118597322178  0.
980.566254242715  0.
982.013911163251  0.
983.461568083788  0.
984.909225004325  0.
986.356881924862  0.
987.804538845399  0.
989.252195765935  0.
990.699852686472  0.
992.147509607009  0.
993.595166527546  3.825562E-13
995.042823448082  4.087972E-13
996.490480368619  5.255762E-13
997.938137289156  4.062065E-13
999.385794209693  4.362866E-13
1000.83345113023  6.185606E-13
1002.28110805077  5.488279E-13
1003.7287649713  7.561098E-13
1005.17642189184  6.416570E-13
1006.62407881238  4.319007E-13
1008.07173573291  4.183813E-13
1009.51939265345  4.558870E-13
1010.96704957399  4.307375E-13
1012.41470649452  4.513303E-13
1013.86236341506  4.222087E-13
1015.3100203356  4.477007E-13
1016.75767725613  4.243480E-13
1018.20533417667  4.307113E-13
1019.65299109721  3.876731E-13
1021.10064801775  4.125151E-13
1022.54830493828  3.724932E-13
1023.99596185882  4.804900E-13
1025.44361877936  4.908297E-13
1026.89127569989  5.211628E-13
1028.33893262043  4.695209E-13
1029.78658954097  4.999000E-13
1031.2342464615  4.934813E-13
1032.68190338204  5.627794E-13
1034.12956030258  4.631736E-13
1035.57721722311  4.221730E-13
1037.02487414365  3.812175E-13
1038.47253106419  3.973355E-13
1039.92018798472  4.131472E-13
1041.36784490526  4.453750E-13
1042.8155018258  5.142128E-13
1044.26315874633  6.826665E-13
1045.71081566687  8.020428E-13
1047.15847258741  8.959111E-13
1048.60612950794  8.139566E-13
1050.05378642848  6.820880E-13
1051.50144334902  6.583677E-13
1052.94910026955  5.627744E-13
1054.39675719009  4.709462E-13
1055.84441411063  4.053887E-13
1057.29207103116  3.363876E-13
1058.7397279517  3.174317E-13
1060.18738487224  3.672916E-13
1061.63504179277  3.739974E-13
1063.08269871331  3.803471E-13
1064.53035563385  3.873588E-13
1065.97801255439  3.410755E-13
1067.42566947492  3.992152E-13
1068.87332639546  3.329591E-13
1070.320983316  3.984113E-13
1071.76864023653  4.300627E-13
1073.21629715707  3.697170E-13
1074.66395407761  3.673446E-13
1076.11161099814  4.047725E-13
1077.55926791868  3.733189E-13
1079.00692483922  3.632884E-13
1080.45458175975  3.223130E-13
1081.90223868029  3.639966E-13
1083.34989560083  3.316856E-13
1084.79755252136  3.141389E-13
1086.2452094419  3.672027E-13
1087.69286636244  3.183560E-13
1089.14052328297  3.420053E-13
1090.58818020351  3.408935E-13
1092.03583712405  3.386026E-13
1093.48349404458  3.188641E-13
1094.93115096512  3.313097E-13
1096.37880788566  3.051930E-13
1097.82646480619  3.489637E-13
1099.27412172673  3.350505E-13
1100.72177864727  3.354900E-13
1102.1694355678  3.022306E-13
1103.61709248834  3.697949E-13
1105.06474940888  3.741680E-13
1106.51240632942  3.278632E-13
1107.96006324995  3.631189E-13
1109.40772017049  3.588248E-13
1110.85537709103  3.062776E-13
1112.30303401156  3.510263E-13
1113.7506909321  3.825347E-13
1115.19834785264  3.706038E-13
1116.64600477317  3.493877E-13
1118.09366169371  3.296837E-13
1119.54131861425  3.282000E-13
1120.98897553478  3.717762E-13
1122.43663245532  3.280594E-13
1123.88428937586  3.106879E-13
1125.33194629639  2.755346E-13
1126.77960321693  3.202465E-13
1128.22726013747  3.702949E-13
1129.674917058  3.919134E-13
1131.12257397854  4.046527E-13
1132.57023089908  3.479795E-13
1134.01788781961  2.977527E-13
1135.46554474015  3.172817E-13
1136.91320166069  3.330181E-13
1138.36085858122  3.228497E-13
1139.80851550176  3.042334E-13
1141.2561724223  3.132496E-13
1142.70382934284  3.477103E-13
1144.15148626337  3.397506E-13
1145.59914318391  3.673643E-13
1147.04680010445  3.458231E-13
1148.49445702498  3.920976E-13
1149.94211394552  3.013394E-13
1151.38977086606  3.395236E-13
1152.83742778659  2.609057E-13
1154.28508470713  2.442221E-13
1155.73274162767  3.012001E-13
1157.1803985482  3.470547E-13
1158.62805546874  3.137553E-13
1160.07571238928  3.442402E-13
1161.52336930981  2.907546E-13
1162.97102623035  3.005250E-13
1164.41868315089  3.919426E-13
1165.86634007142  3.048876E-13
1167.31399699196  3.653806E-13
1168.7616539125  3.034340E-13
1170.20931083303  3.935232E-13
1171.65696775357  3.541719E-13
1173.10462467411  3.762735E-13
1174.55228159464  3.516349E-13
1175.99993851518  3.493342E-13
1177.44759543572  4.181345E-13
1178.89525235625  3.263179E-13
1180.34290927679  3.479708E-13
1181.79056619733  3.775761E-13
1183.23822311787  3.779012E-13
1184.6858800384  3.812878E-13
1186.13353695894  3.635169E-13
1187.58119387948  3.710800E-13
1189.02885080001  3.610018E-13
1190.47650772055  3.699590E-13
1191.92416464109  3.552610E-13
1193.37182156162  3.838541E-13
1194.81947848216  3.734949E-13
1196.2671354027  4.393286E-13
1197.71479232323  4.335190E-13
1199.16244924377  4.546295E-13
1200.61010616431  5.049769E-13
1202.05776308484  5.035694E-13
1203.50542000538  4.741772E-13
1204.95307692592  5.146020E-13
1206.40073384645  5.517792E-13
1207.84839076699  7.108825E-13
1209.29604768753  7.419520E-13
1210.74370460806  8.361895E-13
1212.1913615286  9.814752E-13
1213.63901844914  9.431959E-13
1215.08667536967  9.833752E-13
1216.53433229021  9.230843E-13
1217.98198921075  9.980908E-13
1219.42964613129  8.577530E-13
1220.87730305182  7.452629E-13
1222.32495997236  6.606123E-13
1223.7726168929  5.379484E-13
1225.22027381343  4.783555E-13
1226.66793073397  5.164050E-13
1228.11558765451  4.851431E-13
1229.56324457504  4.157740E-13
1231.01090149558  4.311879E-13
1232.45855841612  4.992098E-13
1233.90621533665  4.784101E-13
1235.35387225719  4.851846E-13
1236.80152917773  4.439047E-13
1238.24918609826  4.741229E-13
1239.6968430188  4.551605E-13
1241.14449993934  4.966753E-13
1242.59215685987  4.189460E-13
1244.03981378041  3.971597E-13
1245.48747070095  3.416659E-13
1246.93512762148  3.733376E-13
1248.38278454202  3.780665E-13
1249.83044146256  3.697945E-13
1251.27809838309  3.383352E-13
1252.72575530363  3.498143E-13
1254.17341222417  3.363310E-13
1255.62106914471  3.360141E-13
1257.06872606524  3.277897E-13
1258.51638298578  3.749729E-13
1259.96403990632  3.497480E-13
1261.41169682685  3.328344E-13
1262.85935374739  3.168821E-13
1264.30701066793  2.925427E-13
1265.75466758846  3.006821E-13
1267.202324509  3.357196E-13
1268.64998142954  3.350197E-13
1270.09763835007  3.436216E-13
1271.54529527061  3.342500E-13
1272.99295219115  2.918267E-13
1274.44060911168  3.168185E-13
1275.88826603222  3.147864E-13
1277.33592295276  3.272316E-13
1278.78357987329  2.949696E-13
1280.23123679383  2.866595E-13
1281.67889371437  2.796695E-13
1283.1265506349  2.881955E-13
1284.57420755544  2.872307E-13
1286.02186447598  2.975835E-13
1287.46952139651  2.810632E-13
1288.91717831705  2.473326E-13
1290.36483523759  3.216635E-13
1291.81249215812  2.626343E-13
1293.26014907866  2.656474E-13
1294.7078059992  2.634065E-13
1296.15546291974  2.996297E-13
1297.60311984027  2.794192E-13
1299.05077676081  3.117963E-13
1300.49843368135  2.705098E-13
1301.94609060188  2.978178E-13
1303.39374752242  2.744010E-13
1304.84140444296  2.697133E-13
1306.28906136349  2.667527E-13
1307.73671828403  2.538974E-13
1309.18437520457  2.733781E-13
1310.6320321251  2.718613E-13
1312.07968904564  2.985322E-13
1313.52734596618  2.936974E-13
1314.97500288671  3.037963E-13
1316.42265980725  2.660600E-13
1317.87031672779  2.437507E-13
1319.31797364832  2.462483E-13
1320.76563056886  2.377636E-13
1322.2132874894  2.700401E-13
1323.66094440993  2.935913E-13
1325.10860133047  2.662126E-13
1326.55625825101  3.017283E-13
1328.00391517154  2.731721E-13
1329.45157209208  2.830696E-13
1330.89922901262  2.687260E-13
1332.34688593315  2.895432E-13
1333.79454285369  2.833961E-13
1335.24219977423  2.803805E-13
1336.68985669477  2.637957E-13
1338.1375136153  2.944559E-13
1339.58517053584  2.090408E-13
1341.03282745638  2.705801E-13
1342.48048437691  2.844449E-13
1343.92814129745  2.669229E-13
1345.37579821799  2.716478E-13
1346.82345513852  2.830765E-13
1348.27111205906  2.626754E-13
1349.7187689796  3.166214E-13
1351.16642590013  3.202659E-13
1352.61408282067  2.591666E-13
1354.06173974121  2.285341E-13
1355.50939666174  2.827977E-13
1356.95705358228  2.434202E-13
1358.40471050282  2.386591E-13
1359.85236742335  2.870185E-13
1361.30002434389  3.007325E-13
1362.74768126443  3.028947E-13
1364.19533818496  2.886873E-13
1365.6429951055  2.405703E-13
1367.09065202604  2.937443E-13
1368.53830894657  3.138774E-13
1369.98596586711  2.928293E-13
1371.43362278765  2.645463E-13
1372.88127970819  3.188274E-13
1374.32893662872  2.622444E-13
1375.77659354926  2.645367E-13
1377.2242504698  2.487099E-13
1378.67190739033  2.587141E-13
1380.11956431087  2.695156E-13
1381.56722123141  2.788380E-13
1383.01487815194  2.637368E-13
1384.46253507248  2.980798E-13
1385.91019199302  2.893525E-13
1387.35784891355  2.734025E-13
1388.80550583409  2.619596E-13
1390.25316275463  2.576328E-13
1391.70081967516  2.227228E-13
1393.1484765957  2.586517E-13
1394.59613351624  3.118817E-13
1396.04379043677  2.937468E-13
1397.49144735731  2.987388E-13
1398.93910427785  3.083181E-13
1400.38676119838  3.101937E-13
1401.83441811892  3.169707E-13
1403.28207503946  2.551462E-13
1404.72973195999  2.357088E-13
1406.17738888053  2.438159E-13
1407.62504580107  2.690791E-13
1409.0727027216  3.237341E-13
1410.52035964214  2.552513E-13
1411.96801656268  2.908782E-13
1413.41567348322  2.591103E-13
1414.86333040375  2.275924E-13
1416.31098732429  2.376778E-13
1417.75864424483  2.581702E-13
1419.20630116536  2.662813E-13
1420.6539580859  2.472509E-13
1422.10161500644  2.363911E-13
1423.54927192697  2.243141E-13
1424.99692884751  2.563730E-13
1426.44458576805  2.482359E-13
1427.89224268858  2.767974E-13
1429.33989960912  2.801791E-13
1430.78755652966  2.631139E-13
1432.23521345019  2.623040E-13
1433.68287037073  2.525459E-13
1435.13052729127  2.189081E-13
1436.5781842118  2.356537E-13
1438.02584113234  2.244283E-13
1439.47349805288  2.502596E-13
1440.92115497341  2.739855E-13
1442.36881189395  2.380478E-13
1443.81646881449  2.153377E-13
1445.26412573502  2.203472E-13
1446.71178265556  2.474539E-13
1448.1594395761  2.358723E-13
1449.60709649664  2.577873E-13
1451.05475341717  2.293595E-13
1452.50241033771  2.365016E-13
1453.95006725825  2.514319E-13
1455.39772417878  2.404159E-13
1456.84538109932  2.335977E-13
1458.29303801986  2.655810E-13
1459.74069494039  2.453279E-13
1461.18835186093  2.560699E-13
1462.63600878147  2.364947E-13
1464.083665702  2.339210E-13
1465.53132262254  2.334506E-13
1466.97897954308  2.684760E-13
1468.42663646361  2.741230E-13
1469.87429338415  2.494742E-13
1471.32195030469  2.082002E-13
1472.76960722522  2.196963E-13
1474.21726414576  2.226948E-13
1475.6649210663  2.387229E-13
1477.11257798683  2.346329E-13
1478.56023490737  2.565967E-13
1480.00789182791  2.147382E-13
1481.45554874844  2.281436E-13
1482.90320566898  2.682147E-13
1484.35086258952  2.628157E-13
1485.79851951005  2.403243E-13
1487.24617643059  2.304699E-13
1488.69383335113  2.222622E-13
1490.14149027167  2.103160E-13
1491.5891471922  2.066560E-13
1493.03680411274  2.411658E-13
1494.48446103328  2.386444E-13
1495.93211795381  2.211319E-13
1497.37977487435  2.205331E-13
1498.82743179489  2.363974E-13
1500.27508871542  2.162654E-13
1501.72274563596  2.210773E-13
1503.1704025565  2.196372E-13
1504.61805947703  2.156827E-13
1506.06571639757  2.224847E-13
1507.51337331811  2.368179E-13
1508.96103023864  2.305584E-13
1510.40868715918  2.169108E-13
1511.85634407972  2.470478E-13
1513.30400100025  2.464852E-13
1514.75165792079  2.479051E-13
1516.19931484133  2.630021E-13
1517.64697176186  2.812545E-13
1519.0946286824  2.609077E-13
1520.54228560294  2.298273E-13
1521.98994252347  2.578040E-13
1523.43759944401  2.692513E-13
1524.88525636455  2.723640E-13
1526.33291328509  2.782296E-13
1527.78057020562  2.757016E-13
1529.22822712616  2.951347E-13
1530.6758840467  2.721926E-13
1532.12354096723  2.803107E-13
1533.57119788777  3.016323E-13
1535.01885480831  2.972490E-13
1536.46651172884  3.147155E-13
1537.91416864938  3.358419E-13
1539.36182556992  3.304624E-13
1540.80948249045  3.690529E-13
1542.25713941099  3.941308E-13
1543.70479633153  4.099234E-13
1545.15245325206  4.221109E-13
1546.6001101726  4.012627E-13
1548.04776709314  3.819511E-13
1549.49542401367  3.804241E-13
1550.94308093421  3.698590E-13
1552.39073785475  3.753751E-13
1553.83839477528  3.416876E-13
1555.28605169582  3.174281E-13
1556.73370861636  3.243378E-13
1558.18136553689  3.223540E-13
1559.62902245743  2.823580E-13
1561.07667937797  2.744977E-13
1562.5243362985  2.677150E-13
1563.97199321904  2.749435E-13
1565.41965013958  2.704897E-13
1566.86730706012  2.613901E-13
1568.31496398065  2.490943E-13
1569.76262090119  2.443434E-13
1571.21027782173  2.690005E-13
1572.65793474226  2.716202E-13
1574.1055916628  2.493127E-13
1575.55324858334  2.557314E-13
1577.00090550387  2.473430E-13
1578.44856242441  2.739805E-13
1579.89621934495  2.769807E-13
1581.34387626548  2.541872E-13
1582.79153318602  2.382371E-13
1584.23919010656  2.320025E-13
1585.68684702709  2.395266E-13
1587.13450394763  2.444502E-13
1588.58216086817  2.299884E-13
1590.0298177887  2.324056E-13
1591.47747470924  2.295313E-13
1592.92513162978  2.349133E-13
1594.37278855031  2.322067E-13
1595.82044547085  2.252844E-13
1597.26810239139  2.080294E-13
1598.71575931192  2.148788E-13
1600.16341623246  2.233314E-13
1601.611073153  2.240378E-13
1603.05873007354  2.338021E-13
1604.50638699407  2.174160E-13
1605.95404391461  2.225065E-13
1607.40170083515  2.311038E-13
1608.84935775568  2.261553E-13
1610.29701467622  2.298670E-13
1611.74467159676  2.279434E-13
1613.19232851729  2.297824E-13
1614.63998543783  2.306721E-13
1616.08764235837  2.336382E-13
1617.5352992789  2.313153E-13
1618.98295619944  2.332377E-13
1620.43061311998  2.358192E-13
1621.87827004051  2.294826E-13
1623.32592696105  2.259281E-13
1624.77358388159  2.215714E-13
1626.22124080212  2.159730E-13
1627.66889772266  2.238304E-13
1629.1165546432  2.306091E-13
1630.56421156373  2.385991E-13
1632.01186848427  2.346251E-13
1633.45952540481  2.294275E-13
1634.90718232534  2.276927E-13
1636.35483924588  2.273470E-13
1637.80249616642  2.349478E-13
1639.25015308695  2.276805E-13
1640.69781000749  2.291337E-13
1642.14546692803  2.249982E-13
1643.59312384857  2.303280E-13
1645.0407807691  2.241365E-13
1646.48843768964  2.176094E-13
1647.93609461018  2.168503E-13
1649.38375153071  2.239357E-13
1650.83140845125  2.299192E-13
1652.27906537179  2.243006E-13
1653.72672229232  2.225464E-13
1655.17437921286  2.309021E-13
1656.6220361334  2.357623E-13
1658.06969305393  2.291245E-13
1659.51734997447  2.377777E-13
1660.96500689501  2.285273E-13
1662.41266381554  2.334465E-13
1663.86032073608  2.229326E-13
1665.30797765662  2.231837E-13
1666.75563457715  2.185510E-13
1668.20329149769  2.255841E-13
1669.65094841823  2.171602E-13
1671.09860533876  2.195147E-13
1672.5462622593  2.151481E-13
1673.99391917984  2.035815E-13
1675.44157610038  2.084197E-13
1676.88923302091  2.001841E-13
1678.33688994145  1.998099E-13
1679.78454686199  1.977253E-13
1681.23220378252  2.009185E-13
1682.67986070306  1.975771E-13
1684.1275176236  1.974865E-13
1685.57517454413  2.034679E-13
1687.02283146467  2.103460E-13
1688.47048838521  2.141622E-13
1689.91814530574  2.102008E-13
1691.36580222628  2.071714E-13
1692.81345914682  1.999732E-13
1694.26111606735  1.963362E-13
1695.70877298789  1.976681E-13
1697.15642990843  2.092293E-13
1698.60408682896  2.070405E-13
1700.0517437495  2.088847E-13
1701.49940067004  2.074624E-13
1702.94705759057  1.942382E-13
1704.39471451111  1.954456E-13
1705.84237143165  1.966803E-13
1707.29002835218  1.961089E-13
1708.73768527272  1.936751E-13
1710.18534219326  0.
1711.63299911379  0.
1713.08065603433  0.
1714.52831295487  0.
1715.97596987541  0.
1717.42362679594  0.
1718.87128371648  0.
1720.31894063702  0.
1721.76659755755  0.
1723.21425447809  0.
1724.66191139863  0.
1726.10956831916  0.
1727.5572252397  0.
1729.00488216024  0.
1730.45253908077  0.
1731.90019600131  0.
1733.34785292185  0.
1734.79550984238  0.
1736.24316676292  0.
1737.69082368346  0.
1739.13848060399  0.
1740.58613752453  0.
1742.03379444507  0.
1743.4814513656  0.
1744.92910828614  0.
1746.37676520668  0.
1747.82442212721  0.
1749.27207904775  0.
1750.71973596829  0.
1752.16739288882  0.
1753.61504980936  0.
1755.0627067299  0.
1756.51036365043  0.
1757.95802057097  0.
1759.40567749151  0.
1760.85333441205  0.
1762.30099133258  0.
1763.74864825312  0.
1765.19630517366  0.
1766.64396209419  0.
1768.09161901473  0.
1769.53927593527  0.
1770.9869328558  0.
1772.43458977634  0.
1773.88224669688  0.
1775.32990361741  0.
1776.77756053795  0.
1778.22521745849  0.
1779.67287437902  0.
1781.12053129956  0.
1782.5681882201  0.
1784.01584514063  0.
1785.46350206117  0.
1786.91115898171  0.
1788.35881590224  0.
1789.80647282278  0.
1791.25412974332  0.
1792.70178666385  0.
1794.14944358439  0.
1795.59710050493  0.
1797.04475742547  0.
1798.492414346  0.
1799.94007126654  0.
1801.38772818708  0.
1802.83538510761  0.
1804.28304202815  0.
1805.73069894869  0.
1807.17835586922  0.
1808.62601278976  0.
1810.0736697103  0.
1811.52132663083  0.
1812.96898355137  0.
1814.41664047191  0.
1815.86429739244  0.
1817.31195431298  0.
1818.75961123352  0.
1820.20726815405  0.
1821.65492507459  0.
1823.10258199513  0.
1824.55023891566  0.
1825.9978958362  0.
1827.44555275674  0.
1828.89320967727  0.
1830.34086659781  0.
1831.78852351835  0.
