906.735751295338  0.
908.183408215875  0.
909.631065136412  0.
911.078722056949  0.
912.526378977485  0.
913.974035898022  0.
915.421692818559  0.
916.869349739096  0.
918.317006659633  0.
919.764663580169  0.
921.212320500706  0.
922.659977421243  0.
924.10763434178  0.
925.555291262316  0.
927.002948182853  0.
928.45060510339  0.
929.898262023927  0.
931.345918944464  0.
932.793575865  0.
934.241232785537  0.
935.688889706074  0.
937.136546626611  0.
938.584203547148  0.
940.031860467684  0.
941.479517388221  0.
942.927174308758  0.
944.374831229295  0.
945.822488149832  0.
947.270145070369  0.
948.717801990905  0.
950.165458911442  0.
951.613115831979  0.
953.060772752515  0.
954.508429673052  0.
955.956086593589  0.
957.403743514126  0.
958.851400434663  0.
960.2990573552  0.
961.746714275736  0.
963.194371196273  0.
964.64202811681  0.
966.089685037347  0.
967.537341957883  0.
968.98499887842  0.
970.432655798957  0.
971.880312719494  0.
973.327969640031  0.
974.775626560567  0.
976.223283481104  0.
977.670940401641  0.
979.118597322178  0.
980.566254242715  0.
982.013911163251  0.
983.461568083788  0.
984.909225004325  0.
986.356881924862  0.
987.804538845399  0.
989.252195765935  0.
990.699852686472  0.
992.147509607009  0.
993.595166527546  4.432547E-13
995.042823448082  5.093826E-13
996.490480368619  5.351560E-13
997.938137289156  4.744799E-13
999.385794209693  4.712103E-13
1000.83345113023  5.639918E-13
1002.28110805077  4.036908E-13
1003.7287649713  2.730136E-13
1005.17642189184  3.915556E-13
1006.62407881238  3.118788E-13
1008.07173573291  4.235128E-13
1009.51939265345  4.352333E-13
1010.96704957399  3.410927E-13
1012.41470649452  4.429278E-13
1013.86236341506  4.546743E-13
1015.3100203356  5.445842E-13
1016.75767725613  4.941427E-13
1018.20533417667  4.643778E-13
1019.65299109721  4.396714E-13
1021.10064801775  4.933171E-13
1022.54830493828  4.011616E-13
1023.99596185882  4.613655E-13
1025.44361877936  5.099255E-13
1026.89127569989  5.139981E-13
1028.33893262043  4.662108E-13
1029.78658954097  5.068496E-13
1031.2342464615  4.405421E-13
1032.68190338204  5.681669E-13
1034.12956030258  5.292582E-13
1035.57721722311  4.720381E-13
1037.02487414365  4.447827E-13
1038.47253106419  4.055797E-13
1039.92018798472  4.428141E-13
1041.36784490526  4.571422E-13
1042.8155018258  5.047274E-13
1044.26315874633  6.290971E-13
1045.71081566687  8.421514E-13
1047.15847258741  9.803077E-13
1048.60612950794  1.038573E-12
1050.05378642848  8.588017E-13
1051.50144334902  8.585207E-13
1052.94910026955  7.453260E-13
1054.39675719009  4.945139E-13
1055.84441411063  3.997204E-13
1057.29207103116  3.518011E-13
1058.7397279517  3.238698E-13
1060.18738487224  3.875262E-13
1061.63504179277  3.921892E-13
1063.08269871331  4.005556E-13
1064.53035563385  3.770860E-13
1065.97801255439  3.464618E-13
1067.42566947492  3.937641E-13
1068.87332639546  3.529853E-13
1070.320983316  3.695579E-13
1071.76864023653  3.513143E-13
1073.21629715707  3.453138E-13
1074.66395407761  4.291002E-13
1076.11161099814  4.002511E-13
1077.55926791868  4.108787E-13
1079.00692483922  3.792584E-13
1080.45458175975  3.440165E-13
1081.90223868029  3.724418E-13
1083.34989560083  3.996541E-13
1084.79755252136  3.308689E-13
1086.2452094419  3.371792E-13
1087.69286636244  3.336851E-13
1089.14052328297  2.829242E-13
1090.58818020351  3.161824E-13
1092.03583712405  3.313035E-13
1093.48349404458  3.111725E-13
1094.93115096512  3.649153E-13
1096.37880788566  3.167660E-13
1097.82646480619  3.507636E-13
1099.27412172673  3.543020E-13
1100.72177864727  3.412028E-13
1102.1694355678  2.832351E-13
1103.61709248834  3.152447E-13
1105.06474940888  3.164627E-13
1106.51240632942  2.981345E-13
1107.96006324995  2.980248E-13
1109.40772017049  3.518149E-13
1110.85537709103  3.212821E-13
1112.30303401156  3.366672E-13
1113.7506909321  3.619000E-13
1115.19834785264  3.802311E-13
1116.64600477317  3.665582E-13
1118.09366169371  3.437306E-13
1119.54131861425  2.818215E-13
1120.98897553478  3.766718E-13
1122.43663245532  3.156004E-13
1123.88428937586  2.922247E-13
1125.33194629639  2.636401E-13
1126.77960321693  2.927237E-13
1128.22726013747  3.306478E-13
1129.674917058  3.655589E-13
1131.12257397854  3.752018E-13
1132.57023089908  3.265063E-13
1134.01788781961  2.809086E-13
1135.46554474015  3.266182E-13
1136.91320166069  2.950414E-13
1138.36085858122  2.988200E-13
1139.80851550176  2.880577E-13
1141.2561724223  2.877381E-13
1142.70382934284  3.550867E-13
1144.15148626337  3.560197E-13
1145.59914318391  3.164344E-13
1147.04680010445  3.209810E-13
1148.49445702498  3.810395E-13
1149.94211394552  3.415355E-13
1151.38977086606  3.183692E-13
1152.83742778659  3.035866E-13
1154.28508470713  2.464221E-13
1155.73274162767  3.159463E-13
1157.1803985482  3.646475E-13
1158.62805546874  2.878772E-13
1160.07571238928  3.148581E-13
1161.52336930981  2.940557E-13
1162.97102623035  3.264869E-13
1164.41868315089  3.017830E-13
1165.86634007142  3.083370E-13
1167.31399699196  3.497429E-13
1168.7616539125  3.096872E-13
1170.20931083303  3.398067E-13
1171.65696775357  3.392277E-13
1173.10462467411  3.356871E-13
1174.55228159464  3.440342E-13
1175.99993851518  3.262814E-13
1177.44759543572  3.261296E-13
1178.89525235625  3.632329E-13
1180.34290927679  3.423702E-13
1181.79056619733  3.644598E-13
1183.23822311787  4.063833E-13
1184.6858800384  3.890670E-13
1186.13353695894  3.813129E-13
1187.58119387948  3.854565E-13
1189.02885080001  3.786745E-13
1190.47650772055  3.572263E-13
1191.92416464109  3.460165E-13
1193.37182156162  4.117262E-13
1194.81947848216  4.182168E-13
1196.2671354027  4.108537E-13
1197.71479232323  4.079102E-13
1199.16244924377  4.718931E-13
1200.61010616431  4.493196E-13
1202.05776308484  4.877790E-13
1203.50542000538  4.251773E-13
1204.95307692592  5.366316E-13
1206.40073384645  5.708895E-13
1207.84839076699  6.836686E-13
1209.29604768753  7.214802E-13
1210.74370460806  8.133852E-13
1212.1913615286  9.023650E-13
1213.63901844914  9.511616E-13
1215.08667536967  1.105029E-12
1216.53433229021  9.260692E-13
1217.98198921075  1.064557E-12
1219.42964613129  7.955606E-13
1220.87730305182  7.309031E-13
1222.32495997236  6.024561E-13
1223.7726168929  5.390159E-13
1225.22027381343  5.507263E-13
1226.66793073397  5.376630E-13
1228.11558765451  5.182068E-13
1229.56324457504  4.855859E-13
1231.01090149558  4.981978E-13
1232.45855841612  5.383684E-13
1233.90621533665  5.322372E-13
1235.35387225719  4.782544E-13
1236.80152917773  4.375793E-13
1238.24918609826  4.766161E-13
1239.6968430188  4.442081E-13
1241.14449993934  4.571817E-13
1242.59215685987  4.278226E-13
1244.03981378041  3.920267E-13
1245.48747070095  3.663885E-13
1246.93512762148  3.703443E-13
1248.38278454202  3.362132E-13
1249.83044146256  4.170528E-13
1251.27809838309  3.360637E-13
1252.72575530363  3.428237E-13
1254.17341222417  3.486780E-13
1255.62106914471  3.640951E-13
1257.06872606524  3.291819E-13
1258.51638298578  4.391083E-13
1259.96403990632  3.976446E-13
1261.41169682685  3.319234E-13
1262.85935374739  3.252301E-13
1264.30701066793  3.203453E-13
1265.75466758846  3.167934E-13
1267.202324509  2.828192E-13
1268.64998142954  3.156054E-13
1270.09763835007  3.113010E-13
1271.54529527061  3.090309E-13
1272.99295219115  2.910516E-13
1274.44060911168  2.840047E-13
1275.88826603222  2.747981E-13
1277.33592295276  2.762995E-13
1278.78357987329  2.554776E-13
1280.23123679383  3.118205E-13
1281.67889371437  3.177165E-13
1283.1265506349  2.551819E-13
1284.57420755544  2.817445E-13
1286.02186447598  3.127078E-13
1287.46952139651  2.926720E-13
1288.91717831705  2.779740E-13
1290.36483523759  2.661385E-13
1291.81249215812  2.412976E-13
1293.26014907866  2.761039E-13
1294.7078059992  2.714037E-13
1296.15546291974  2.650650E-13
1297.60311984027  2.576840E-13
1299.05077676081  2.763594E-13
1300.49843368135  2.791262E-13
1301.94609060188  3.016958E-13
1303.39374752242  3.132521E-13
1304.84140444296  2.785387E-13
1306.28906136349  2.702580E-13
1307.73671828403  2.462577E-13
1309.18437520457  2.679861E-13
1310.6320321251  2.562659E-13
1312.07968904564  2.913560E-13
1313.52734596618  2.880732E-13
1314.97500288671  2.929656E-13
1316.42265980725  2.701555E-13
1317.87031672779  2.389370E-13
1319.31797364832  2.724664E-13
1320.76563056886  2.685155E-13
1322.2132874894  2.394001E-13
1323.66094440993  2.997093E-13
1325.10860133047  2.831506E-13
1326.55625825101  2.686001E-13
1328.00391517154  2.955578E-13
1329.45157209208  3.515746E-13
1330.89922901262  3.175872E-13
1332.34688593315  3.108440E-13
1333.79454285369  2.809198E-13
1335.24219977423  2.795473E-13
1336.68985669477  2.559969E-13
1338.1375136153  2.401171E-13
1339.58517053584  2.341691E-13
1341.03282745638  2.609958E-13
1342.48048437691  2.629943E-13
1343.92814129745  2.586238E-13
1345.37579821799  2.720368E-13
1346.82345513852  2.693157E-13
1348.27111205906  3.016009E-13
1349.7187689796  2.527320E-13
1351.16642590013  2.636293E-13
1352.61408282067  2.308130E-13
1354.06173974121  2.432154E-13
1355.50939666174  2.807632E-13
1356.95705358228  2.661727E-13
1358.40471050282  2.534199E-13
1359.85236742335  2.563400E-13
1361.30002434389  3.184308E-13
1362.74768126443  2.867499E-13
1364.19533818496  2.883970E-13
1365.6429951055  2.466466E-13
1367.09065202604  2.707864E-13
1368.53830894657  2.646674E-13
1369.98596586711  2.741282E-13
1371.43362278765  2.476983E-13
1372.88127970819  2.788353E-13
1374.32893662872  2.302634E-13
1375.77659354926  2.239991E-13
1377.2242504698  2.818415E-13
1378.67190739033  2.966781E-13
1380.11956431087  2.983012E-13
1381.56722123141  2.682626E-13
1383.01487815194  2.533971E-13
1384.46253507248  2.692686E-13
1385.91019199302  2.863883E-13
1387.35784891355  2.566702E-13
1388.80550583409  2.648342E-13
1390.25316275463  3.036575E-13
1391.70081967516  2.444145E-13
1393.1484765957  2.781252E-13
1394.59613351624  3.239333E-13
1396.04379043677  3.355655E-13
1397.49144735731  2.804388E-13
1398.93910427785  2.396640E-13
1400.38676119838  2.552855E-13
1401.83441811892  3.117278E-13
1403.28207503946  2.759058E-13
1404.72973195999  2.861121E-13
1406.17738888053  2.854525E-13
1407.62504580107  3.130622E-13
1409.0727027216  3.160016E-13
1410.52035964214  2.494387E-13
1411.96801656268  2.696011E-13
1413.41567348322  2.512540E-13
1414.86333040375  2.788338E-13
1416.31098732429  2.741438E-13
1417.75864424483  2.838291E-13
1419.20630116536  2.676878E-13
1420.6539580859  2.429005E-13
1422.10161500644  2.453059E-13
1423.54927192697  2.537281E-13
1424.99692884751  2.645685E-13
1426.44458576805  2.530129E-13
1427.89224268858  2.729903E-13
1429.33989960912  2.848443E-13
1430.78755652966  2.223806E-13
1432.23521345019  2.344331E-13
1433.68287037073  2.390945E-13
1435.13052729127  2.232563E-13
1436.5781842118  2.334536E-13
1438.02584113234  2.326275E-13
1439.47349805288  2.310342E-13
1440.92115497341  2.052150E-13
1442.36881189395  2.069803E-13
1443.81646881449  2.184485E-13
1445.26412573502  2.095280E-13
1446.71178265556  2.304951E-13
1448.1594395761  2.201847E-13
1449.60709649664  2.241541E-13
1451.05475341717  2.574958E-13
1452.50241033771  2.903639E-13
1453.95006725825  2.569868E-13
1455.39772417878  2.534454E-13
1456.84538109932  2.401116E-13
1458.29303801986  2.572811E-13
1459.74069494039  2.553632E-13
1461.18835186093  2.242468E-13
1462.63600878147  2.288265E-13
1464.083665702  2.580143E-13
1465.53132262254  2.811785E-13
1466.97897954308  2.574210E-13
1468.42663646361  2.541318E-13
1469.87429338415  2.122857E-13
1471.32195030469  2.122801E-13
1472.76960722522  2.217920E-13
1474.21726414576  2.319170E-13
1475.6649210663  2.346500E-13
1477.11257798683  2.420987E-13
1478.56023490737  2.394120E-13
1480.00789182791  2.314729E-13
1481.45554874844  2.330664E-13
1482.90320566898  2.464156E-13
1484.35086258952  2.297106E-13
1485.79851951005  2.329090E-13
1487.24617643059  2.307859E-13
1488.69383335113  2.274341E-13
1490.14149027167  2.438124E-13
1491.5891471922  2.239206E-13
1493.03680411274  2.217034E-13
1494.48446103328  2.159705E-13
1495.93211795381  2.219405E-13
1497.37977487435  2.282781E-13
1498.82743179489  2.323393E-13
1500.27508871542  2.396332E-13
1501.72274563596  2.298522E-13
1503.1704025565  2.224221E-13
1504.61805947703  2.490193E-13
1506.06571639757  2.540276E-13
1507.51337331811  2.479863E-13
1508.96103023864  2.218392E-13
1510.40868715918  2.313724E-13
1511.85634407972  2.545423E-13
1513.30400100025  2.269489E-13
1514.75165792079  2.310774E-13
1516.19931484133  2.496816E-13
1517.64697176186  2.637338E-13
1519.0946286824  2.422360E-13
1520.54228560294  2.350036E-13
1521.98994252347  2.461014E-13
1523.43759944401  2.542985E-13
1524.88525636455  2.683562E-13
1526.33291328509  2.759502E-13
1527.78057020562  2.721332E-13
1529.22822712616  2.851069E-13
1530.6758840467  2.657436E-13
1532.12354096723  2.639375E-13
1533.57119788777  2.930938E-13
1535.01885480831  2.827320E-13
1536.46651172884  2.926728E-13
1537.91416864938  3.043528E-13
1539.36182556992  3.591171E-13
1540.80948249045  3.985197E-13
1542.25713941099  3.874795E-13
1543.70479633153  3.933492E-13
1545.15245325206  3.880421E-13
1546.6001101726  3.948128E-13
1548.04776709314  3.227791E-13
1549.49542401367  3.682478E-13
1550.94308093421  3.775856E-13
1552.39073785475  3.498706E-13
1553.83839477528  3.612285E-13
1555.28605169582  3.353544E-13
1556.73370861636  3.082198E-13
1558.18136553689  3.066385E-13
1559.62902245743  2.791939E-13
1561.07667937797  2.852656E-13
1562.5243362985  2.791637E-13
1563.97199321904  2.580847E-13
1565.41965013958  2.372758E-13
1566.86730706012  2.541614E-13
1568.31496398065  2.467702E-13
1569.76262090119  2.371085E-13
1571.21027782173  2.425517E-13
1572.65793474226  2.389338E-13
1574.1055916628  2.485152E-13
1575.55324858334  2.495749E-13
1577.00090550387  2.442178E-13
1578.44856242441  2.521615E-13
1579.89621934495  2.635188E-13
1581.34387626548  2.558122E-13
1582.79153318602  2.314473E-13
1584.23919010656  2.244120E-13
1585.68684702709  2.342803E-13
1587.13450394763  2.215476E-13
1588.58216086817  2.379705E-13
1590.0298177887  2.305989E-13
1591.47747470924  2.516255E-13
1592.92513162978  2.453934E-13
1594.37278855031  2.311324E-13
1595.82044547085  2.217280E-13
1597.26810239139  1.869154E-13
1598.71575931192  2.064385E-13
1600.16341623246  2.124035E-13
1601.611073153  2.144634E-13
1603.05873007354  2.281435E-13
1604.50638699407  2.347970E-13
1605.95404391461  2.333076E-13
1607.40170083515  2.203524E-13
1608.84935775568  2.067103E-13
1610.29701467622  1.969445E-13
1611.74467159676  2.145774E-13
1613.19232851729  2.367678E-13
1614.63998543783  2.364471E-13
1616.08764235837  2.419884E-13
1617.5352992789  2.377852E-13
1618.98295619944  2.281438E-13
1620.43061311998  2.238215E-13
1621.87827004051  2.060906E-13
1623.32592696105  2.211291E-13
1624.77358388159  2.290219E-13
1626.22124080212  2.222629E-13
1627.66889772266  2.475962E-13
1629.1165546432  2.372327E-13
1630.56421156373  2.377626E-13
1632.01186848427  2.332085E-13
1633.45952540481  2.272452E-13
1634.90718232534  2.252550E-13
1636.35483924588  2.285314E-13
1637.80249616642  2.385293E-13
1639.25015308695  2.162390E-13
1640.69781000749  2.073062E-13
1642.14546692803  2.176109E-13
1643.59312384857  2.161644E-13
1645.0407807691  2.216668E-13
1646.48843768964  2.164332E-13
1647.93609461018  2.089536E-13
1649.38375153071  2.145428E-13
1650.83140845125  2.166149E-13
1652.27906537179  2.191506E-13
1653.72672229232  2.087520E-13
1655.17437921286  2.079573E-13
1656.6220361334  2.178082E-13
1658.06969305393  2.124070E-13
1659.51734997447  2.137916E-13
1660.96500689501  2.138821E-13
1662.41266381554  2.105719E-13
1663.86032073608  2.137651E-13
1665.30797765662  2.191922E-13
1666.75563457715  2.133669E-13
1668.20329149769  2.190205E-13
1669.65094841823  2.173365E-13
1671.09860533876  2.185553E-13
1672.5462622593  2.220942E-13
1673.99391917984  2.093145E-13
1675.44157610038  2.225193E-13
1676.88923302091  2.196194E-13
1678.33688994145  2.235201E-13
1679.78454686199  2.124522E-13
1681.23220378252  1.944985E-13
1682.67986070306  1.827425E-13
1684.1275176236  1.882617E-13
1685.57517454413  1.905779E-13
1687.02283146467  2.067905E-13
1688.47048838521  2.127795E-13
1689.91814530574  2.244707E-13
1691.36580222628  2.226046E-13
1692.81345914682  2.140448E-13
1694.26111606735  2.218187E-13
1695.70877298789  2.265587E-13
1697.15642990843  2.215912E-13
1698.60408682896  2.160120E-13
1700.0517437495  2.149487E-13
1701.49940067004  2.100177E-13
1702.94705759057  2.004749E-13
1704.39471451111  1.930123E-13
1705.84237143165  2.051188E-13
1707.29002835218  2.081746E-13
1708.73768527272  2.155626E-13
1710.18534219326  0.
1711.63299911379  0.
1713.08065603433  0.
1714.52831295487  0.
1715.97596987541  0.
1717.42362679594  0.
1718.87128371648  0.
1720.31894063702  0.
1721.76659755755  0.
1723.21425447809  0.
1724.66191139863  0.
1726.10956831916  0.
1727.5572252397  0.
1729.00488216024  0.
1730.45253908077  0.
1731.90019600131  0.
1733.34785292185  0.
1734.79550984238  0.
1736.24316676292  0.
1737.69082368346  0.
1739.13848060399  0.
1740.58613752453  0.
1742.03379444507  0.
1743.4814513656  0.
1744.92910828614  0.
1746.37676520668  0.
1747.82442212721  0.
1749.27207904775  0.
1750.71973596829  0.
1752.16739288882  0.
1753.61504980936  0.
1755.0627067299  0.
1756.51036365043  0.
1757.95802057097  0.
1759.40567749151  0.
1760.85333441205  0.
1762.30099133258  0.
1763.74864825312  0.
1765.19630517366  0.
1766.64396209419  0.
1768.09161901473  0.
1769.53927593527  0.
1770.9869328558  0.
1772.43458977634  0.
1773.88224669688  0.
1775.32990361741  0.
1776.77756053795  0.
1778.22521745849  0.
1779.67287437902  0.
1781.12053129956  0.
1782.5681882201  0.
1784.01584514063  0.
1785.46350206117  0.
1786.91115898171  0.
1788.35881590224  0.
1789.80647282278  0.
1791.25412974332  0.
1792.70178666385  0.
1794.14944358439  0.
1795.59710050493  0.
1797.04475742547  0.
1798.492414346  0.
1799.94007126654  0.
1801.38772818708  0.
1802.83538510761  0.
1804.28304202815  0.
1805.73069894869  0.
1807.17835586922  0.
1808.62601278976  0.
1810.0736697103  0.
1811.52132663083  0.
1812.96898355137  0.
1814.41664047191  0.
1815.86429739244  0.
1817.31195431298  0.
1818.75961123352  0.
1820.20726815405  0.
1821.65492507459  0.
1823.10258199513  0.
1824.55023891566  0.
1825.9978958362  0.
1827.44555275674  0.
1828.89320967727  0.
1830.34086659781  0.
1831.78852351835  0.
