906.735751295338  0.
908.183408215875  0.
909.631065136412  0.
911.078722056949  0.
912.526378977485  0.
913.974035898022  0.
915.421692818559  0.
916.869349739096  0.
918.317006659633  0.
919.764663580169  0.
921.212320500706  0.
922.659977421243  0.
924.10763434178  0.
925.555291262316  0.
927.002948182853  0.
928.45060510339  0.
929.898262023927  0.
931.345918944464  0.
932.793575865  0.
934.241232785537  0.
935.688889706074  0.
937.136546626611  0.
938.584203547148  0.
940.031860467684  0.
941.479517388221  0.
942.927174308758  0.
944.374831229295  0.
945.822488149832  0.
947.270145070369  0.
948.717801990905  0.
950.165458911442  0.
951.613115831979  0.
953.060772752515  0.
954.508429673052  0.
955.956086593589  0.
957.403743514126  0.
958.851400434663  0.
960.2990573552  0.
961.746714275736  0.
963.194371196273  0.
964.64202811681  0.
966.089685037347  0.
967.537341957883  0.
968.98499887842  0.
970.432655798957  0.
971.880312719494  0.
973.327969640031  0.
974.775626560567  0.
976.223283481104  0.
977.670940401641  0.
979.118597322178  0.
980.566254242715  0.
982.013911163251  0.
983.461568083788  0.
984.909225004325  0.
986.356881924862  0.
987.804538845399  0.
989.252195765935  0.
990.699852686472  0.
992.147509607009  0.
993.595166527546  2.199966E-13
995.042823448082  5.062468E-13
996.490480368619  2.289669E-13
997.938137289156  1.601411E-13
999.385794209693  5.402156E-13
1000.83345113023  4.325545E-13
1002.28110805077  5.371968E-13
1003.7287649713  3.466208E-13
1005.17642189184  3.778546E-13
1006.62407881238  3.929310E-13
1008.07173573291  2.651619E-13
1009.51939265345  5.258482E-13
1010.96704957399  4.449386E-13
1012.41470649452  3.224542E-13
1013.86236341506  4.598858E-13
1015.3100203356  5.025002E-13
1016.75767725613  2.873732E-13
1018.20533417667  4.871299E-13
1019.65299109721  4.277521E-13
1021.10064801775  4.316894E-13
1022.54830493828  4.434362E-13
1023.99596185882  4.857759E-13
1025.44361877936  5.699678E-13
1026.89127569989  4.673056E-13
1028.33893262043  4.983019E-13
1029.78658954097  4.561696E-13
1031.2342464615  5.067015E-13
1032.68190338204  4.692076E-13
1034.12956030258  5.695600E-13
1035.57721722311  4.442847E-13
1037.02487414365  4.315276E-13
1038.47253106419  4.079792E-13
1039.92018798472  3.899445E-13
1041.36784490526  3.871437E-13
1042.8155018258  4.223201E-13
1044.26315874633  4.445821E-13
1045.71081566687  6.675406E-13
1047.15847258741  5.275154E-13
1048.60612950794  7.111317E-13
1050.05378642848  6.251911E-13
1051.50144334902  6.684028E-13
1052.94910026955  6.690339E-13
1054.39675719009  6.392343E-13
1055.84441411063  5.184174E-13
1057.29207103116  3.694047E-13
1058.7397279517  3.957058E-13
1060.18738487224  3.684219E-13
1061.63504179277  3.565070E-13
1063.08269871331  4.130357E-13
1064.53035563385  3.833244E-13
1065.97801255439  3.636267E-13
1067.42566947492  3.541043E-13
1068.87332639546  3.655447E-13
1070.320983316  3.944568E-13
1071.76864023653  3.338070E-13
1073.21629715707  3.868923E-13
1074.66395407761  3.607816E-13
1076.11161099814  3.975274E-13
1077.55926791868  3.918970E-13
1079.00692483922  3.379677E-13
1080.45458175975  3.354164E-13
1081.90223868029  3.523417E-13
1083.34989560083  3.505285E-13
1084.79755252136  3.410524E-13
1086.2452094419  3.454555E-13
1087.69286636244  2.948703E-13
1089.14052328297  3.009946E-13
1090.58818020351  3.053535E-13
1092.03583712405  3.223272E-13
1093.48349404458  3.181339E-13
1094.93115096512  3.148445E-13
1096.37880788566  2.930906E-13
1097.82646480619  2.992967E-13
1099.27412172673  3.436375E-13
1100.72177864727  3.374565E-13
1102.1694355678  3.107752E-13
1103.61709248834  3.550217E-13
1105.06474940888  3.341667E-13
1106.51240632942  3.559312E-13
1107.96006324995  3.748057E-13
1109.40772017049  3.531871E-13
1110.85537709103  3.396047E-13
1112.30303401156  3.377110E-13
1113.7506909321  3.635887E-13
1115.19834785264  3.552697E-13
1116.64600477317  3.836153E-13
1118.09366169371  3.743306E-13
1119.54131861425  3.168990E-13
1120.98897553478  3.330734E-13
1122.43663245532  3.688140E-13
1123.88428937586  3.121349E-13
1125.33194629639  3.118331E-13
1126.77960321693  3.189257E-13
1128.22726013747  3.231510E-13
1129.674917058  3.230585E-13
1131.12257397854  3.716851E-13
1132.57023089908  2.784209E-13
1134.01788781961  3.253715E-13
1135.46554474015  3.312509E-13
1136.91320166069  2.908126E-13
1138.36085858122  3.227137E-13
1139.80851550176  3.232892E-13
1141.2561724223  3.156103E-13
1142.70382934284  3.218815E-13
1144.15148626337  3.204082E-13
1145.59914318391  3.185739E-13
1147.04680010445  3.304882E-13
1148.49445702498  3.153649E-13
1149.94211394552  2.991456E-13
1151.38977086606  2.856957E-13
1152.83742778659  2.852013E-13
1154.28508470713  2.920629E-13
1155.73274162767  2.839955E-13
1157.1803985482  2.829483E-13
1158.62805546874  3.120034E-13
1160.07571238928  3.028751E-13
1161.52336930981  2.708903E-13
1162.97102623035  3.027579E-13
1164.41868315089  3.269322E-13
1165.86634007142  3.338200E-13
1167.31399699196  3.177584E-13
1168.7616539125  3.196644E-13
1170.20931083303  3.113823E-13
1171.65696775357  3.625983E-13
1173.10462467411  3.618754E-13
1174.55228159464  3.246060E-13
1175.99993851518  3.134563E-13
1177.44759543572  3.475586E-13
1178.89525235625  3.527150E-13
1180.34290927679  3.269746E-13
1181.79056619733  3.677559E-13
1183.23822311787  3.128705E-13
1184.6858800384  3.279823E-13
1186.13353695894  3.584798E-13
1187.58119387948  3.860973E-13
1189.02885080001  3.601927E-13
1190.47650772055  3.774463E-13
1191.92416464109  4.118053E-13
1193.37182156162  4.351164E-13
1194.81947848216  4.299944E-13
1196.2671354027  3.814960E-13
1197.71479232323  3.980806E-13
1199.16244924377  3.777797E-13
1200.61010616431  4.265300E-13
1202.05776308484  4.059923E-13
1203.50542000538  4.407773E-13
1204.95307692592  4.680255E-13
1206.40073384645  5.898303E-13
1207.84839076699  6.992557E-13
1209.29604768753  7.372773E-13
1210.74370460806  7.287526E-13
1212.1913615286  8.150861E-13
1213.63901844914  1.038974E-12
1215.08667536967  9.364022E-13
1216.53433229021  9.753277E-13
1217.98198921075  8.515571E-13
1219.42964613129  7.617163E-13
1220.87730305182  7.003568E-13
1222.32495997236  6.480596E-13
1223.7726168929  5.570749E-13
1225.22027381343  5.105600E-13
1226.66793073397  4.640788E-13
1228.11558765451  4.837790E-13
1229.56324457504  4.396139E-13
1231.01090149558  4.372450E-13
1232.45855841612  4.915355E-13
1233.90621533665  4.785823E-13
1235.35387225719  4.633168E-13
1236.80152917773  4.636014E-13
1238.24918609826  5.075943E-13
1239.6968430188  4.369414E-13
1241.14449993934  4.059521E-13
1242.59215685987  4.317579E-13
1244.03981378041  4.235868E-13
1245.48747070095  3.476018E-13
1246.93512762148  3.603637E-13
1248.38278454202  3.442676E-13
1249.83044146256  3.409929E-13
1251.27809838309  3.903862E-13
1252.72575530363  3.788501E-13
1254.17341222417  3.785784E-13
1255.62106914471  3.760548E-13
1257.06872606524  3.412386E-13
1258.51638298578  3.450132E-13
1259.96403990632  3.382147E-13
1261.41169682685  3.248312E-13
1262.85935374739  3.437172E-13
1264.30701066793  3.405713E-13
1265.75466758846  3.585128E-13
1267.202324509  3.146541E-13
1268.64998142954  3.018796E-13
1270.09763835007  2.767753E-13
1271.54529527061  2.946947E-13
1272.99295219115  2.966746E-13
1274.44060911168  2.760935E-13
1275.88826603222  3.015368E-13
1277.33592295276  2.927900E-13
1278.78357987329  3.203918E-13
1280.23123679383  2.955107E-13
1281.67889371437  3.295551E-13
1283.1265506349  2.990733E-13
1284.57420755544  2.843515E-13
1286.02186447598  2.816328E-13
1287.46952139651  2.606214E-13
1288.91717831705  2.877208E-13
1290.36483523759  2.462462E-13
1291.81249215812  2.759380E-13
1293.26014907866  2.670699E-13
1294.7078059992  3.016845E-13
1296.15546291974  2.272929E-13
1297.60311984027  2.781085E-13
1299.05077676081  2.827948E-13
1300.49843368135  3.051676E-13
1301.94609060188  2.859499E-13
1303.39374752242  2.634713E-13
1304.84140444296  2.775919E-13
1306.28906136349  2.647871E-13
1307.73671828403  2.757515E-13
1309.18437520457  2.583782E-13
1310.6320321251  2.482668E-13
1312.07968904564  3.106718E-13
1313.52734596618  2.939766E-13
1314.97500288671  2.630036E-13
1316.42265980725  2.685218E-13
1317.87031672779  2.685893E-13
1319.31797364832  2.183244E-13
1320.76563056886  2.576297E-13
1322.2132874894  2.414618E-13
1323.66094440993  2.502285E-13
1325.10860133047  2.573970E-13
1326.55625825101  2.449742E-13
1328.00391517154  2.491073E-13
1329.45157209208  2.882005E-13
1330.89922901262  3.103706E-13
1332.34688593315  2.488847E-13
1333.79454285369  2.841669E-13
1335.24219977423  2.344513E-13
1336.68985669477  2.128775E-13
1338.1375136153  2.270750E-13
1339.58517053584  2.616191E-13
1341.03282745638  2.865129E-13
1342.48048437691  2.827858E-13
1343.92814129745  2.796619E-13
1345.37579821799  2.772326E-13
1346.82345513852  2.682088E-13
1348.27111205906  2.715198E-13
1349.7187689796  2.425799E-13
1351.16642590013  2.964992E-13
1352.61408282067  2.765873E-13
1354.06173974121  2.607516E-13
1355.50939666174  2.475285E-13
1356.95705358228  2.519602E-13
1358.40471050282  2.424887E-13
1359.85236742335  2.859604E-13
1361.30002434389  3.139256E-13
1362.74768126443  3.149724E-13
1364.19533818496  2.764845E-13
1365.6429951055  2.415032E-13
1367.09065202604  2.537516E-13
1368.53830894657  2.948213E-13
1369.98596586711  2.467106E-13
1371.43362278765  2.361403E-13
1372.88127970819  2.211537E-13
1374.32893662872  2.412960E-13
1375.77659354926  2.517833E-13
1377.2242504698  2.921862E-13
1378.67190739033  2.713865E-13
1380.11956431087  2.397981E-13
1381.56722123141  2.378068E-13
1383.01487815194  2.207568E-13
1384.46253507248  2.459762E-13
1385.91019199302  2.387947E-13
1387.35784891355  2.753025E-13
1388.80550583409  3.050303E-13
1390.25316275463  2.644969E-13
1391.70081967516  3.072692E-13
1393.1484765957  3.071798E-13
1394.59613351624  2.935366E-13
1396.04379043677  2.967609E-13
1397.49144735731  2.781650E-13
1398.93910427785  2.825150E-13
1400.38676119838  2.794274E-13
1401.83441811892  2.971939E-13
1403.28207503946  3.084058E-13
1404.72973195999  2.625589E-13
1406.17738888053  2.531575E-13
1407.62504580107  2.406765E-13
1409.0727027216  2.512466E-13
1410.52035964214  2.744940E-13
1411.96801656268  2.410821E-13
1413.41567348322  2.562990E-13
1414.86333040375  2.639293E-13
1416.31098732429  2.801639E-13
1417.75864424483  2.515791E-13
1419.20630116536  2.447253E-13
1420.6539580859  2.635896E-13
1422.10161500644  2.600827E-13
1423.54927192697  2.256498E-13
1424.99692884751  2.387863E-13
1426.44458576805  2.343761E-13
1427.89224268858  2.409874E-13
1429.33989960912  2.586057E-13
1430.78755652966  2.363298E-13
1432.23521345019  2.286557E-13
1433.68287037073  2.717628E-13
1435.13052729127  2.439334E-13
1436.5781842118  2.394873E-13
1438.02584113234  2.553558E-13
1439.47349805288  2.369752E-13
1440.92115497341  2.097524E-13
1442.36881189395  2.179665E-13
1443.81646881449  2.092718E-13
1445.26412573502  2.115776E-13
1446.71178265556  2.112761E-13
1448.1594395761  2.017693E-13
1449.60709649664  2.189680E-13
1451.05475341717  2.368858E-13
1452.50241033771  2.188540E-13
1453.95006725825  1.905414E-13
1455.39772417878  2.088970E-13
1456.84538109932  2.013232E-13
1458.29303801986  2.064185E-13
1459.74069494039  2.201385E-13
1461.18835186093  2.163460E-13
1462.63600878147  2.285526E-13
1464.083665702  2.187091E-13
1465.53132262254  2.130479E-13
1466.97897954308  2.442327E-13
1468.42663646361  2.441531E-13
1469.87429338415  2.267966E-13
1471.32195030469  2.303646E-13
1472.76960722522  2.006957E-13
1474.21726414576  2.147569E-13
1475.6649210663  2.204120E-13
1477.11257798683  2.200182E-13
1478.56023490737  2.169914E-13
1480.00789182791  2.023276E-13
1481.45554874844  2.060724E-13
1482.90320566898  2.209506E-13
1484.35086258952  2.145453E-13
1485.79851951005  2.163897E-13
1487.24617643059  2.063560E-13
1488.69383335113  2.234776E-13
1490.14149027167  2.201589E-13
1491.5891471922  2.314815E-13
1493.03680411274  2.123683E-13
1494.48446103328  2.225292E-13
1495.93211795381  2.081897E-13
1497.37977487435  2.336563E-13
1498.82743179489  2.383131E-13
1500.27508871542  2.402389E-13
1501.72274563596  2.372069E-13
1503.1704025565  2.160051E-13
1504.61805947703  2.274582E-13
1506.06571639757  2.340969E-13
1507.51337331811  2.366997E-13
1508.96103023864  2.290560E-13
1510.40868715918  2.245714E-13
1511.85634407972  2.513302E-13
1513.30400100025  2.574413E-13
1514.75165792079  2.583992E-13
1516.19931484133  2.569419E-13
1517.64697176186  2.516252E-13
1519.0946286824  2.512214E-13
1520.54228560294  2.675282E-13
1521.98994252347  2.598662E-13
1523.43759944401  2.667540E-13
1524.88525636455  2.630811E-13
1526.33291328509  2.700356E-13
1527.78057020562  3.208738E-13
1529.22822712616  2.887299E-13
1530.6758840467  2.836877E-13
1532.12354096723  2.617922E-13
1533.57119788777  3.037528E-13
1535.01885480831  3.111912E-13
1536.46651172884  3.154743E-13
1537.91416864938  3.377396E-13
1539.36182556992  3.508919E-13
1540.80948249045  3.631616E-13
1542.25713941099  4.031804E-13
1543.70479633153  4.093365E-13
1545.15245325206  3.995668E-13
1546.6001101726  4.053551E-13
1548.04776709314  4.263146E-13
1549.49542401367  3.906728E-13
1550.94308093421  4.133299E-13
1552.39073785475  4.024983E-13
1553.83839477528  3.681707E-13
1555.28605169582  3.274696E-13
1556.73370861636  3.316575E-13
1558.18136553689  3.042861E-13
1559.62902245743  2.753812E-13
1561.07667937797  2.794985E-13
1562.5243362985  2.717497E-13
1563.97199321904  2.747318E-13
1565.41965013958  2.851975E-13
1566.86730706012  2.565442E-13
1568.31496398065  2.543303E-13
1569.76262090119  2.491518E-13
1571.21027782173  2.411936E-13
1572.65793474226  2.446125E-13
1574.1055916628  2.482169E-13
1575.55324858334  2.402925E-13
1577.00090550387  2.240918E-13
1578.44856242441  2.431238E-13
1579.89621934495  2.460514E-13
1581.34387626548  2.527155E-13
1582.79153318602  2.468287E-13
1584.23919010656  2.465429E-13
1585.68684702709  2.219514E-13
1587.13450394763  2.245081E-13
1588.58216086817  2.222240E-13
1590.0298177887  2.244378E-13
1591.47747470924  2.226158E-13
1592.92513162978  2.316783E-13
1594.37278855031  2.467455E-13
1595.82044547085  2.403109E-13
1597.26810239139  2.236489E-13
1598.71575931192  2.168807E-13
1600.16341623246  2.176307E-13
1601.611073153  2.128642E-13
1603.05873007354  2.000229E-13
1604.50638699407  2.203136E-13
1605.95404391461  2.311690E-13
1607.40170083515  2.392491E-13
1608.84935775568  2.218481E-13
1610.29701467622  2.184917E-13
1611.74467159676  2.126522E-13
1613.19232851729  2.296523E-13
1614.63998543783  2.250556E-13
1616.08764235837  2.289530E-13
1617.5352992789  2.286851E-13
1618.98295619944  2.366464E-13
1620.43061311998  2.300507E-13
1621.87827004051  2.335276E-13
1623.32592696105  2.288314E-13
1624.77358388159  2.245030E-13
1626.22124080212  2.209106E-13
1627.66889772266  2.281970E-13
1629.1165546432  2.259254E-13
1630.56421156373  2.386490E-13
1632.01186848427  2.277830E-13
1633.45952540481  2.339226E-13
1634.90718232534  2.346453E-13
1636.35483924588  2.395343E-13
1637.80249616642  2.361928E-13
1639.25015308695  2.395686E-13
1640.69781000749  2.332535E-13
1642.14546692803  2.155653E-13
1643.59312384857  2.198912E-13
1645.0407807691  2.126487E-13
1646.48843768964  2.155738E-13
1647.93609461018  2.144183E-13
1649.38375153071  2.251673E-13
1650.83140845125  2.385755E-13
1652.27906537179  2.414339E-13
1653.72672229232  2.303713E-13
1655.17437921286  2.257728E-13
1656.6220361334  2.216586E-13
1658.06969305393  2.273033E-13
1659.51734997447  2.294665E-13
1660.96500689501  2.368399E-13
1662.41266381554  2.464083E-13
1663.86032073608  2.437426E-13
1665.30797765662  2.379020E-13
1666.75563457715  2.302784E-13
1668.20329149769  2.217495E-13
1669.65094841823  2.195313E-13
1671.09860533876  2.148743E-13
1672.5462622593  2.207530E-13
1673.99391917984  2.131039E-13
1675.44157610038  2.092078E-13
1676.88923302091  1.994477E-13
1678.33688994145  1.995521E-13
1679.78454686199  2.011420E-13
1681.23220378252  2.046958E-13
1682.67986070306  2.089806E-13
1684.1275176236  2.205718E-13
1685.57517454413  2.213328E-13
1687.02283146467  2.241556E-13
1688.47048838521  2.168169E-13
1689.91814530574  2.156624E-13
1691.36580222628  2.124493E-13
1692.81345914682  1.959253E-13
1694.26111606735  1.946678E-13
1695.70877298789  1.967664E-13
1697.15642990843  2.188424E-13
1698.60408682896  2.264024E-13
1700.0517437495  2.168167E-13
1701.49940067004  2.217411E-13
1702.94705759057  2.119748E-13
1704.39471451111  2.037400E-13
1705.84237143165  2.060505E-13
1707.29002835218  1.993203E-13
1708.73768527272  1.904833E-13
1710.18534219326  0.
1711.63299911379  0.
1713.08065603433  0.
1714.52831295487  0.
1715.97596987541  0.
1717.42362679594  0.
1718.87128371648  0.
1720.31894063702  0.
1721.76659755755  0.
1723.21425447809  0.
1724.66191139863  0.
1726.10956831916  0.
1727.5572252397  0.
1729.00488216024  0.
1730.45253908077  0.
1731.90019600131  0.
1733.34785292185  0.
1734.79550984238  0.
1736.24316676292  0.
1737.69082368346  0.
1739.13848060399  0.
1740.58613752453  0.
1742.03379444507  0.
1743.4814513656  0.
1744.92910828614  0.
1746.37676520668  0.
1747.82442212721  0.
1749.27207904775  0.
1750.71973596829  0.
1752.16739288882  0.
1753.61504980936  0.
1755.0627067299  0.
1756.51036365043  0.
1757.95802057097  0.
1759.40567749151  0.
1760.85333441205  0.
1762.30099133258  0.
1763.74864825312  0.
1765.19630517366  0.
1766.64396209419  0.
1768.09161901473  0.
1769.53927593527  0.
1770.9869328558  0.
1772.43458977634  0.
1773.88224669688  0.
1775.32990361741  0.
1776.77756053795  0.
1778.22521745849  0.
1779.67287437902  0.
1781.12053129956  0.
1782.5681882201  0.
1784.01584514063  0.
1785.46350206117  0.
1786.91115898171  0.
1788.35881590224  0.
1789.80647282278  0.
1791.25412974332  0.
1792.70178666385  0.
1794.14944358439  0.
1795.59710050493  0.
1797.04475742547  0.
1798.492414346  0.
1799.94007126654  0.
1801.38772818708  0.
1802.83538510761  0.
1804.28304202815  0.
1805.73069894869  0.
1807.17835586922  0.
1808.62601278976  0.
1810.0736697103  0.
1811.52132663083  0.
1812.96898355137  0.
1814.41664047191  0.
1815.86429739244  0.
1817.31195431298  0.
1818.75961123352  0.
1820.20726815405  0.
1821.65492507459  0.
1823.10258199513  0.
1824.55023891566  0.
1825.9978958362  0.
1827.44555275674  0.
1828.89320967727  0.
1830.34086659781  0.
1831.78852351835  0.
