906.735751295338  0.
908.183408215875  0.
909.631065136412  0.
911.078722056949  0.
912.526378977485  0.
913.974035898022  0.
915.421692818559  0.
916.869349739096  0.
918.317006659633  0.
919.764663580169  0.
921.212320500706  0.
922.659977421243  0.
924.10763434178  0.
925.555291262316  0.
927.002948182853  0.
928.45060510339  0.
929.898262023927  0.
931.345918944464  0.
932.793575865  0.
934.241232785537  0.
935.688889706074  0.
937.136546626611  0.
938.584203547148  0.
940.031860467684  0.
941.479517388221  0.
942.927174308758  0.
944.374831229295  0.
945.822488149832  0.
947.270145070369  0.
948.717801990905  0.
950.165458911442  0.
951.613115831979  0.
953.060772752515  0.
954.508429673052  0.
955.956086593589  0.
957.403743514126  0.
958.851400434663  0.
960.2990573552  0.
961.746714275736  0.
963.194371196273  0.
964.64202811681  0.
966.089685037347  0.
967.537341957883  0.
968.98499887842  0.
970.432655798957  0.
971.880312719494  0.
973.327969640031  0.
974.775626560567  0.
976.223283481104  0.
977.670940401641  0.
979.118597322178  0.
980.566254242715  0.
982.013911163251  0.
983.461568083788  0.
984.909225004325  0.
986.356881924862  0.
987.804538845399  0.
989.252195765935  0.
990.699852686472  0.
992.147509607009  0.
993.595166527546  1.767455E-13
995.042823448082  3.573506E-13
996.490480368619  3.481916E-13
997.938137289156  3.707786E-13
999.385794209693  5.953709E-13
1000.83345113023  3.504792E-13
1002.28110805077  3.751280E-13
1003.7287649713  3.595433E-13
1005.17642189184  5.066378E-13
1006.62407881238  4.066026E-13
1008.07173573291  3.457097E-13
1009.51939265345  5.028570E-13
1010.96704957399  4.169000E-13
1012.41470649452  4.126051E-13
1013.86236341506  4.462084E-13
1015.3100203356  5.317297E-13
1016.75767725613  3.769890E-13
1018.20533417667  4.567810E-13
1019.65299109721  4.399035E-13
1021.10064801775  4.829946E-13
1022.54830493828  4.486859E-13
1023.99596185882  5.097989E-13
1025.44361877936  5.758445E-13
1026.89127569989  5.293816E-13
1028.33893262043  4.895532E-13
1029.78658954097  4.497950E-13
1031.2342464615  4.303304E-13
1032.68190338204  4.304358E-13
1034.12956030258  5.396109E-13
1035.57721722311  3.748719E-13
1037.02487414365  4.025159E-13
1038.47253106419  3.925694E-13
1039.92018798472  4.207220E-13
1041.36784490526  4.385878E-13
1042.8155018258  5.156948E-13
1044.26315874633  5.425433E-13
1045.71081566687  8.538395E-13
1047.15847258741  9.382404E-13
1048.60612950794  6.532896E-13
1050.05378642848  6.480760E-13
1051.50144334902  6.626085E-13
1052.94910026955  6.673147E-13
1054.39675719009  5.619349E-13
1055.84441411063  4.604679E-13
1057.29207103116  3.801640E-13
1058.7397279517  3.576018E-13
1060.18738487224  3.497632E-13
1061.63504179277  4.164445E-13
1063.08269871331  3.729150E-13
1064.53035563385  3.723975E-13
1065.97801255439  3.633033E-13
1067.42566947492  3.906022E-13
1068.87332639546  3.726676E-13
1070.320983316  3.613348E-13
1071.76864023653  3.747383E-13
1073.21629715707  3.859015E-13
1074.66395407761  3.956399E-13
1076.11161099814  4.490572E-13
1077.55926791868  4.305828E-13
1079.00692483922  3.944616E-13
1080.45458175975  3.783446E-13
1081.90223868029  3.510330E-13
1083.34989560083  3.660297E-13
1084.79755252136  3.340017E-13
1086.2452094419  3.025921E-13
1087.69286636244  2.546305E-13
1089.14052328297  2.994683E-13
1090.58818020351  3.076364E-13
1092.03583712405  3.089513E-13
1093.48349404458  3.767932E-13
1094.93115096512  3.641273E-13
1096.37880788566  3.363200E-13
1097.82646480619  3.366093E-13
1099.27412172673  3.142343E-13
1100.72177864727  2.933407E-13
1102.1694355678  2.994033E-13
1103.61709248834  3.100108E-13
1105.06474940888  3.450316E-13
1106.51240632942  3.271917E-13
1107.96006324995  3.354781E-13
1109.40772017049  3.262950E-13
1110.85537709103  3.039965E-13
1112.30303401156  3.176573E-13
1113.7506909321  3.331335E-13
1115.19834785264  3.543560E-13
1116.64600477317  3.915175E-13
1118.09366169371  3.877094E-13
1119.54131861425  3.374223E-13
1120.98897553478  3.139037E-13
1122.43663245532  3.441072E-13
1123.88428937586  2.990212E-13
1125.33194629639  2.956896E-13
1126.77960321693  2.846450E-13
1128.22726013747  3.119216E-13
1129.674917058  3.250569E-13
1131.12257397854  3.302646E-13
1132.57023089908  3.256198E-13
1134.01788781961  3.224903E-13
1135.46554474015  3.053716E-13
1136.91320166069  2.950150E-13
1138.36085858122  3.054984E-13
1139.80851550176  3.442161E-13
1141.2561724223  2.816088E-13
1142.70382934284  2.981667E-13
1144.15148626337  3.024164E-13
1145.59914318391  3.011067E-13
1147.04680010445  3.145115E-13
1148.49445702498  3.205658E-13
1149.94211394552  3.148453E-13
1151.38977086606  3.288906E-13
1152.83742778659  2.700435E-13
1154.28508470713  2.631584E-13
1155.73274162767  3.034596E-13
1157.1803985482  3.505280E-13
1158.62805546874  3.137209E-13
1160.07571238928  3.108851E-13
1161.52336930981  3.342929E-13
1162.97102623035  3.075918E-13
1164.41868315089  3.047390E-13
1165.86634007142  3.188796E-13
1167.31399699196  3.405290E-13
1168.7616539125  3.155855E-13
1170.20931083303  3.072379E-13
1171.65696775357  3.373061E-13
1173.10462467411  3.446624E-13
1174.55228159464  3.419585E-13
1175.99993851518  3.610295E-13
1177.44759543572  3.647077E-13
1178.89525235625  3.887535E-13
1180.34290927679  3.425107E-13
1181.79056619733  3.701713E-13
1183.23822311787  3.991521E-13
1184.6858800384  3.825343E-13
1186.13353695894  3.303090E-13
1187.58119387948  3.351485E-13
1189.02885080001  4.115953E-13
1190.47650772055  3.800542E-13
1191.92416464109  3.706345E-13
1193.37182156162  3.891209E-13
1194.81947848216  4.089428E-13
1196.2671354027  3.874016E-13
1197.71479232323  4.146274E-13
1199.16244924377  4.431531E-13
1200.61010616431  4.882541E-13
1202.05776308484  4.586145E-13
1203.50542000538  4.666131E-13
1204.95307692592  4.861716E-13
1206.40073384645  5.496824E-13
1207.84839076699  6.689935E-13
1209.29604768753  7.576533E-13
1210.74370460806  8.495661E-13
1212.1913615286  9.158401E-13
1213.63901844914  9.372669E-13
1215.08667536967  1.007214E-12
1216.53433229021  9.225435E-13
1217.98198921075  8.572600E-13
1219.42964613129  7.924603E-13
1220.87730305182  7.268528E-13
1222.32495997236  6.801221E-13
1223.7726168929  5.196201E-13
1225.22027381343  5.078724E-13
1226.66793073397  5.026567E-13
1228.11558765451  5.033396E-13
1229.56324457504  4.771258E-13
1231.01090149558  4.700522E-13
1232.45855841612  4.674691E-13
1233.90621533665  4.440637E-13
1235.35387225719  4.772809E-13
1236.80152917773  4.576572E-13
1238.24918609826  4.803287E-13
1239.6968430188  5.374212E-13
1241.14449993934  4.038031E-13
1242.59215685987  4.319394E-13
1244.03981378041  4.476375E-13
1245.48747070095  4.472793E-13
1246.93512762148  4.217675E-13
1248.38278454202  3.588756E-13
1249.83044146256  3.712606E-13
1251.27809838309  3.756359E-13
1252.72575530363  3.785116E-13
1254.17341222417  3.740369E-13
1255.62106914471  3.352720E-13
1257.06872606524  3.007754E-13
1258.51638298578  3.303400E-13
1259.96403990632  3.780364E-13
1261.41169682685  3.356670E-13
1262.85935374739  3.487227E-13
1264.30701066793  3.006578E-13
1265.75466758846  2.879192E-13
1267.202324509  3.155775E-13
1268.64998142954  2.558720E-13
1270.09763835007  2.812529E-13
1271.54529527061  3.267115E-13
1272.99295219115  3.250931E-13
1274.44060911168  2.709946E-13
1275.88826603222  2.902460E-13
1277.33592295276  2.912345E-13
1278.78357987329  2.860274E-13
1280.23123679383  2.730633E-13
1281.67889371437  3.422600E-13
1283.1265506349  3.167082E-13
1284.57420755544  2.970543E-13
1286.02186447598  2.836055E-13
1287.46952139651  3.057649E-13
1288.91717831705  3.445258E-13
1290.36483523759  3.260798E-13
1291.81249215812  3.009128E-13
1293.26014907866  2.866949E-13
1294.7078059992  3.507274E-13
1296.15546291974  3.505368E-13
1297.60311984027  3.253187E-13
1299.05077676081  2.948807E-13
1300.49843368135  2.876405E-13
1301.94609060188  2.946889E-13
1303.39374752242  3.024831E-13
1304.84140444296  3.053392E-13
1306.28906136349  2.990338E-13
1307.73671828403  2.906058E-13
1309.18437520457  2.748866E-13
1310.6320321251  2.562387E-13
1312.07968904564  3.487391E-13
1313.52734596618  3.349708E-13
1314.97500288671  2.808210E-13
1316.42265980725  2.853129E-13
1317.87031672779  2.640989E-13
1319.31797364832  2.589085E-13
1320.76563056886  2.510240E-13
1322.2132874894  2.790003E-13
1323.66094440993  2.887780E-13
1325.10860133047  3.045546E-13
1326.55625825101  3.123026E-13
1328.00391517154  2.853293E-13
1329.45157209208  3.336854E-13
1330.89922901262  3.268991E-13
1332.34688593315  3.420187E-13
1333.79454285369  3.153832E-13
1335.24219977423  3.189530E-13
1336.68985669477  3.187706E-13
1338.1375136153  2.804965E-13
1339.58517053584  2.837812E-13
1341.03282745638  2.888878E-13
1342.48048437691  2.754831E-13
1343.92814129745  2.987211E-13
1345.37579821799  3.118926E-13
1346.82345513852  3.124133E-13
1348.27111205906  2.689340E-13
1349.7187689796  2.802752E-13
1351.16642590013  3.110295E-13
1352.61408282067  2.754913E-13
1354.06173974121  2.407248E-13
1355.50939666174  2.855808E-13
1356.95705358228  2.985884E-13
1358.40471050282  2.872134E-13
1359.85236742335  2.523443E-13
1361.30002434389  3.207872E-13
1362.74768126443  3.016065E-13
1364.19533818496  2.642361E-13
1365.6429951055  2.728459E-13
1367.09065202604  2.911421E-13
1368.53830894657  2.926657E-13
1369.98596586711  2.863288E-13
1371.43362278765  2.921373E-13
1372.88127970819  2.635146E-13
1374.32893662872  2.627028E-13
1375.77659354926  3.024098E-13
1377.2242504698  2.769951E-13
1378.67190739033  2.817164E-13
1380.11956431087  2.967594E-13
1381.56722123141  2.807978E-13
1383.01487815194  2.234186E-13
1384.46253507248  2.667341E-13
1385.91019199302  2.917018E-13
1387.35784891355  2.404506E-13
1388.80550583409  2.933623E-13
1390.25316275463  2.833198E-13
1391.70081967516  2.658405E-13
1393.1484765957  2.703023E-13
1394.59613351624  3.153488E-13
1396.04379043677  3.239375E-13
1397.49144735731  3.172411E-13
1398.93910427785  3.221308E-13
1400.38676119838  2.991550E-13
1401.83441811892  2.828018E-13
1403.28207503946  2.754213E-13
1404.72973195999  2.935705E-13
1406.17738888053  2.987727E-13
1407.62504580107  2.827115E-13
1409.0727027216  2.786134E-13
1410.52035964214  2.770334E-13
1411.96801656268  2.687085E-13
1413.41567348322  2.798166E-13
1414.86333040375  2.678443E-13
1416.31098732429  2.401498E-13
1417.75864424483  2.471092E-13
1419.20630116536  2.213927E-13
1420.6539580859  2.877044E-13
1422.10161500644  2.511029E-13
1423.54927192697  2.410098E-13
1424.99692884751  2.253394E-13
1426.44458576805  2.550972E-13
1427.89224268858  2.451214E-13
1429.33989960912  2.534439E-13
1430.78755652966  2.316923E-13
1432.23521345019  2.440566E-13
1433.68287037073  2.672828E-13
1435.13052729127  2.528682E-13
1436.5781842118  2.150901E-13
1438.02584113234  2.578557E-13
1439.47349805288  2.559810E-13
1440.92115497341  2.678596E-13
1442.36881189395  2.282044E-13
1443.81646881449  2.043575E-13
1445.26412573502  2.187646E-13
1446.71178265556  2.236569E-13
1448.1594395761  2.174554E-13
1449.60709649664  2.179986E-13
1451.05475341717  2.314954E-13
1452.50241033771  2.417372E-13
1453.95006725825  2.358511E-13
1455.39772417878  2.389871E-13
1456.84538109932  2.564786E-13
1458.29303801986  2.295318E-13
1459.74069494039  2.398281E-13
1461.18835186093  2.324100E-13
1462.63600878147  2.214056E-13
1464.083665702  2.201881E-13
1465.53132262254  2.345816E-13
1466.97897954308  2.219695E-13
1468.42663646361  2.306524E-13
1469.87429338415  2.114289E-13
1471.32195030469  2.249778E-13
1472.76960722522  2.272792E-13
1474.21726414576  2.343731E-13
1475.6649210663  2.144500E-13
1477.11257798683  2.306284E-13
1478.56023490737  2.469114E-13
1480.00789182791  2.256137E-13
1481.45554874844  2.365007E-13
1482.90320566898  2.353356E-13
1484.35086258952  2.429256E-13
1485.79851951005  2.263647E-13
1487.24617643059  2.205097E-13
1488.69383335113  2.148314E-13
1490.14149027167  2.085847E-13
1491.5891471922  2.063933E-13
1493.03680411274  2.179221E-13
1494.48446103328  2.494925E-13
1495.93211795381  2.342075E-13
1497.37977487435  2.284285E-13
1498.82743179489  2.138922E-13
1500.27508871542  2.374407E-13
1501.72274563596  2.323175E-13
1503.1704025565  2.417616E-13
1504.61805947703  2.463926E-13
1506.06571639757  2.525793E-13
1507.51337331811  2.331719E-13
1508.96103023864  2.358242E-13
1510.40868715918  2.620291E-13
1511.85634407972  2.513727E-13
1513.30400100025  2.614705E-13
1514.75165792079  2.506236E-13
1516.19931484133  2.342360E-13
1517.64697176186  2.609248E-13
1519.0946286824  2.570387E-13
1520.54228560294  2.420708E-13
1521.98994252347  2.635577E-13
1523.43759944401  2.827964E-13
1524.88525636455  2.586787E-13
1526.33291328509  2.647892E-13
1527.78057020562  2.866572E-13
1529.22822712616  2.756824E-13
1530.6758840467  2.632199E-13
1532.12354096723  2.701217E-13
1533.57119788777  3.017128E-13
1535.01885480831  3.137058E-13
1536.46651172884  3.258055E-13
1537.91416864938  3.383941E-13
1539.36182556992  3.596333E-13
1540.80948249045  4.098620E-13
1542.25713941099  4.102743E-13
1543.70479633153  4.032476E-13
1545.15245325206  4.203252E-13
1546.6001101726  4.486934E-13
1548.04776709314  4.347092E-13
1549.49542401367  3.869853E-13
1550.94308093421  3.935506E-13
1552.39073785475  4.009446E-13
1553.83839477528  3.772149E-13
1555.28605169582  3.341681E-13
1556.73370861636  3.340474E-13
1558.18136553689  3.112154E-13
1559.62902245743  3.065120E-13
1561.07667937797  2.896682E-13
1562.5243362985  2.834851E-13
1563.97199321904  2.797449E-13
1565.41965013958  2.806839E-13
1566.86730706012  2.520766E-13
1568.31496398065  2.511631E-13
1569.76262090119  2.371170E-13
1571.21027782173  2.315379E-13
1572.65793474226  2.356819E-13
1574.1055916628  2.406829E-13
1575.55324858334  2.467837E-13
1577.00090550387  2.594481E-13
1578.44856242441  2.718782E-13
1579.89621934495  2.575117E-13
1581.34387626548  2.501036E-13
1582.79153318602  2.527881E-13
1584.23919010656  2.398358E-13
1585.68684702709  2.366589E-13
1587.13450394763  2.132298E-13
1588.58216086817  2.133968E-13
1590.0298177887  2.208968E-13
1591.47747470924  2.235634E-13
1592.92513162978  2.306563E-13
1594.37278855031  2.261135E-13
1595.82044547085  2.326417E-13
1597.26810239139  2.419229E-13
1598.71575931192  2.235260E-13
1600.16341623246  2.100928E-13
1601.611073153  2.112479E-13
1603.05873007354  2.096826E-13
1604.50638699407  2.150662E-13
1605.95404391461  2.191112E-13
1607.40170083515  2.258475E-13
1608.84935775568  2.267954E-13
1610.29701467622  2.275164E-13
1611.74467159676  2.306721E-13
1613.19232851729  2.180023E-13
1614.63998543783  2.206669E-13
1616.08764235837  2.325621E-13
1617.5352992789  2.390468E-13
1618.98295619944  2.326776E-13
1620.43061311998  2.336159E-13
1621.87827004051  2.354725E-13
1623.32592696105  2.343358E-13
1624.77358388159  2.354938E-13
1626.22124080212  2.321527E-13
1627.66889772266  2.310634E-13
1629.1165546432  2.311788E-13
1630.56421156373  2.477168E-13
1632.01186848427  2.486685E-13
1633.45952540481  2.393789E-13
1634.90718232534  2.407381E-13
1636.35483924588  2.388092E-13
1637.80249616642  2.389005E-13
1639.25015308695  2.512998E-13
1640.69781000749  2.408506E-13
1642.14546692803  2.314370E-13
1643.59312384857  2.287908E-13
1645.0407807691  2.259199E-13
1646.48843768964  2.220111E-13
1647.93609461018  2.130810E-13
1649.38375153071  2.217811E-13
1650.83140845125  2.210281E-13
1652.27906537179  2.200925E-13
1653.72672229232  2.252551E-13
1655.17437921286  2.249686E-13
1656.6220361334  2.383345E-13
1658.06969305393  2.406243E-13
1659.51734997447  2.456521E-13
1660.96500689501  2.378125E-13
1662.41266381554  2.349380E-13
1663.86032073608  2.255894E-13
1665.30797765662  2.262725E-13
1666.75563457715  2.249745E-13
1668.20329149769  2.124854E-13
1669.65094841823  2.105051E-13
1671.09860533876  2.187039E-13
1672.5462622593  2.201354E-13
1673.99391917984  2.162085E-13
1675.44157610038  2.178686E-13
1676.88923302091  2.341840E-13
1678.33688994145  2.276133E-13
1679.78454686199  2.158684E-13
1681.23220378252  2.213016E-13
1682.67986070306  2.121470E-13
1684.1275176236  2.033081E-13
1685.57517454413  1.883236E-13
1687.02283146467  1.949106E-13
1688.47048838521  2.048213E-13
1689.91814530574  2.131305E-13
1691.36580222628  2.066586E-13
1692.81345914682  1.993110E-13
1694.26111606735  1.960559E-13
1695.70877298789  1.898041E-13
1697.15642990843  1.991143E-13
1698.60408682896  2.032365E-13
1700.0517437495  1.994141E-13
1701.49940067004  1.990744E-13
1702.94705759057  2.019343E-13
1704.39471451111  2.013883E-13
1705.84237143165  2.079268E-13
1707.29002835218  2.136058E-13
1708.73768527272  2.056922E-13
1710.18534219326  0.
1711.63299911379  0.
1713.08065603433  0.
1714.52831295487  0.
1715.97596987541  0.
1717.42362679594  0.
1718.87128371648  0.
1720.31894063702  0.
1721.76659755755  0.
1723.21425447809  0.
1724.66191139863  0.
1726.10956831916  0.
1727.5572252397  0.
1729.00488216024  0.
1730.45253908077  0.
1731.90019600131  0.
1733.34785292185  0.
1734.79550984238  0.
1736.24316676292  0.
1737.69082368346  0.
1739.13848060399  0.
1740.58613752453  0.
1742.03379444507  0.
1743.4814513656  0.
1744.92910828614  0.
1746.37676520668  0.
1747.82442212721  0.
1749.27207904775  0.
1750.71973596829  0.
1752.16739288882  0.
1753.61504980936  0.
1755.0627067299  0.
1756.51036365043  0.
1757.95802057097  0.
1759.40567749151  0.
1760.85333441205  0.
1762.30099133258  0.
1763.74864825312  0.
1765.19630517366  0.
1766.64396209419  0.
1768.09161901473  0.
1769.53927593527  0.
1770.9869328558  0.
1772.43458977634  0.
1773.88224669688  0.
1775.32990361741  0.
1776.77756053795  0.
1778.22521745849  0.
1779.67287437902  0.
1781.12053129956  0.
1782.5681882201  0.
1784.01584514063  0.
1785.46350206117  0.
1786.91115898171  0.
1788.35881590224  0.
1789.80647282278  0.
1791.25412974332  0.
1792.70178666385  0.
1794.14944358439  0.
1795.59710050493  0.
1797.04475742547  0.
1798.492414346  0.
1799.94007126654  0.
1801.38772818708  0.
1802.83538510761  0.
1804.28304202815  0.
1805.73069894869  0.
1807.17835586922  0.
1808.62601278976  0.
1810.0736697103  0.
1811.52132663083  0.
1812.96898355137  0.
1814.41664047191  0.
1815.86429739244  0.
1817.31195431298  0.
1818.75961123352  0.
1820.20726815405  0.
1821.65492507459  0.
1823.10258199513  0.
1824.55023891566  0.
1825.9978958362  0.
1827.44555275674  0.
1828.89320967727  0.
1830.34086659781  0.
1831.78852351835  0.
