906.735751295338  0.
908.183408215875  0.
909.631065136412  0.
911.078722056949  0.
912.526378977485  0.
913.974035898022  0.
915.421692818559  0.
916.869349739096  0.
918.317006659633  0.
919.764663580169  0.
921.212320500706  0.
922.659977421243  0.
924.10763434178  0.
925.555291262316  0.
927.002948182853  0.
928.45060510339  0.
929.898262023927  0.
931.345918944464  0.
932.793575865  0.
934.241232785537  0.
935.688889706074  0.
937.136546626611  0.
938.584203547148  0.
940.031860467684  0.
941.479517388221  0.
942.927174308758  0.
944.374831229295  0.
945.822488149832  0.
947.270145070369  0.
948.717801990905  0.
950.165458911442  0.
951.613115831979  0.
953.060772752515  0.
954.508429673052  0.
955.956086593589  0.
957.403743514126  0.
958.851400434663  0.
960.2990573552  0.
961.746714275736  0.
963.194371196273  0.
964.64202811681  0.
966.089685037347  0.
967.537341957883  0.
968.98499887842  0.
970.432655798957  0.
971.880312719494  0.
973.327969640031  0.
974.775626560567  0.
976.223283481104  0.
977.670940401641  0.
979.118597322178  0.
980.566254242715  0.
982.013911163251  0.
983.461568083788  0.
984.909225004325  0.
986.356881924862  0.
987.804538845399  0.
989.252195765935  0.
990.699852686472  0.
992.147509607009  0.
993.595166527546  4.718183E-13
995.042823448082  4.020996E-13
996.490480368619  5.573638E-13
997.938137289156  4.027793E-13
999.385794209693  6.508645E-13
1000.83345113023  6.501167E-13
1002.28110805077  5.332436E-13
1003.7287649713  5.227760E-13
1005.17642189184  5.704167E-13
1006.62407881238  4.691320E-13
1008.07173573291  4.731471E-13
1009.51939265345  4.354050E-13
1010.96704957399  4.886375E-13
1012.41470649452  5.226499E-13
1013.86236341506  5.344725E-13
1015.3100203356  5.421322E-13
1016.75767725613  5.614395E-13
1018.20533417667  5.907740E-13
1019.65299109721  5.048530E-13
1021.10064801775  5.383417E-13
1022.54830493828  5.466049E-13
1023.99596185882  6.142081E-13
1025.44361877936  5.444314E-13
1026.89127569989  5.263122E-13
1028.33893262043  5.088441E-13
1029.78658954097  5.146488E-13
1031.2342464615  5.884235E-13
1032.68190338204  5.584730E-13
1034.12956030258  5.075807E-13
1035.57721722311  4.871416E-13
1037.02487414365  4.418036E-13
1038.47253106419  5.057849E-13
1039.92018798472  4.686685E-13
1041.36784490526  4.340457E-13
1042.8155018258  4.774990E-13
1044.26315874633  5.032846E-13
1045.71081566687  5.447945E-13
1047.15847258741  4.778278E-13
1048.60612950794  4.691437E-13
1050.05378642848  4.326006E-13
1051.50144334902  4.557076E-13
1052.94910026955  5.252290E-13
1054.39675719009  4.506226E-13
1055.84441411063  4.142995E-13
1057.29207103116  4.229903E-13
1058.7397279517  4.404725E-13
1060.18738487224  4.677206E-13
1061.63504179277  4.345318E-13
1063.08269871331  4.115292E-13
1064.53035563385  4.951568E-13
1065.97801255439  4.515128E-13
1067.42566947492  4.557071E-13
1068.87332639546  3.893996E-13
1070.320983316  4.158922E-13
1071.76864023653  4.788089E-13
1073.21629715707  4.202826E-13
1074.66395407761  4.559067E-13
1076.11161099814  4.239314E-13
1077.55926791868  3.896085E-13
1079.00692483922  4.411969E-13
1080.45458175975  4.029529E-13
1081.90223868029  3.949013E-13
1083.34989560083  4.038447E-13
1084.79755252136  3.663638E-13
1086.2452094419  3.678655E-13
1087.69286636244  3.567030E-13
1089.14052328297  3.831949E-13
1090.58818020351  3.723003E-13
1092.03583712405  4.026900E-13
1093.48349404458  3.546301E-13
1094.93115096512  3.622145E-13
1096.37880788566  3.712260E-13
1097.82646480619  3.621761E-13
1099.27412172673  3.447372E-13
1100.72177864727  3.711287E-13
1102.1694355678  4.466376E-13
1103.61709248834  3.651437E-13
1105.06474940888  4.254250E-13
1106.51240632942  4.516438E-13
1107.96006324995  3.894089E-13
1109.40772017049  4.397781E-13
1110.85537709103  3.536717E-13
1112.30303401156  3.922276E-13
1113.7506909321  3.931564E-13
1115.19834785264  4.266890E-13
1116.64600477317  4.069058E-13
1118.09366169371  3.433710E-13
1119.54131861425  3.539859E-13
1120.98897553478  4.223305E-13
1122.43663245532  3.391914E-13
1123.88428937586  3.528994E-13
1125.33194629639  3.034592E-13
1126.77960321693  3.697114E-13
1128.22726013747  3.606739E-13
1129.674917058  3.865156E-13
1131.12257397854  3.827818E-13
1132.57023089908  4.093943E-13
1134.01788781961  3.752495E-13
1135.46554474015  3.211392E-13
1136.91320166069  3.793302E-13
1138.36085858122  3.785811E-13
1139.80851550176  3.358659E-13
1141.2561724223  5.793073E-13
1142.70382934284  3.581440E-13
1144.15148626337  3.602939E-13
1145.59914318391  3.532810E-13
1147.04680010445  3.548879E-13
1148.49445702498  4.216737E-13
1149.94211394552  3.832357E-13
1151.38977086606  3.577645E-13
1152.83742778659  3.196696E-13
1154.28508470713  3.232310E-13
1155.73274162767  3.345993E-13
1157.1803985482  3.802122E-13
1158.62805546874  3.625466E-13
1160.07571238928  3.766065E-13
1161.52336930981  3.824991E-13
1162.97102623035  3.688817E-13
1164.41868315089  4.441917E-13
1165.86634007142  2.964400E-13
1167.31399699196  3.637287E-13
1168.7616539125  3.310023E-13
1170.20931083303  3.953791E-13
1171.65696775357  3.267249E-13
1173.10462467411  3.882627E-13
1174.55228159464  3.925512E-13
1175.99993851518  4.186344E-13
1177.44759543572  4.009333E-13
1178.89525235625  4.315066E-13
1180.34290927679  3.690135E-13
1181.79056619733  4.099304E-13
1183.23822311787  3.985736E-13
1184.6858800384  4.420112E-13
1186.13353695894  4.076993E-13
1187.58119387948  4.325267E-13
1189.02885080001  4.190635E-13
1190.47650772055  4.379480E-13
1191.92416464109  4.904332E-13
1193.37182156162  4.621546E-13
1194.81947848216  5.480351E-13
1196.2671354027  5.056871E-13
1197.71479232323  5.048661E-13
1199.16244924377  5.265242E-13
1200.61010616431  5.600038E-13
1202.05776308484  5.266213E-13
1203.50542000538  5.110266E-13
1204.95307692592  5.858693E-13
1206.40073384645  6.355112E-13
1207.84839076699  7.914751E-13
1209.29604768753  1.031021E-12
1210.74370460806  8.547565E-13
1212.1913615286  9.767755E-13
1213.63901844914  1.086282E-12
1215.08667536967  1.058448E-12
1216.53433229021  1.027570E-12
1217.98198921075  8.595938E-13
1219.42964613129  8.284643E-13
1220.87730305182  6.706870E-13
1222.32495997236  7.222001E-13
1223.7726168929  6.089611E-13
1225.22027381343  5.804933E-13
1226.66793073397  5.197867E-13
1228.11558765451  5.295275E-13
1229.56324457504  5.652502E-13
1231.01090149558  4.935080E-13
1232.45855841612  4.879461E-13
1233.90621533665  5.048815E-13
1235.35387225719  5.105059E-13
1236.80152917773  4.924522E-13
1238.24918609826  4.693651E-13
1239.6968430188  5.914082E-13
1241.14449993934  5.171136E-13
1242.59215685987  4.613810E-13
1244.03981378041  4.314057E-13
1245.48747070095  4.327141E-13
1246.93512762148  4.273606E-13
1248.38278454202  3.807527E-13
1249.83044146256  3.884185E-13
1251.27809838309  4.085674E-13
1252.72575530363  3.966873E-13
1254.17341222417  3.473739E-13
1255.62106914471  3.724550E-13
1257.06872606524  3.524181E-13
1258.51638298578  3.769148E-13
1259.96403990632  3.606674E-13
1261.41169682685  3.205118E-13
1262.85935374739  3.760056E-13
1264.30701066793  3.015101E-13
1265.75466758846  3.031366E-13
1267.202324509  3.557760E-13
1268.64998142954  3.611966E-13
1270.09763835007  3.348803E-13
1271.54529527061  3.140119E-13
1272.99295219115  3.026418E-13
1274.44060911168  3.057414E-13
1275.88826603222  2.649777E-13
1277.33592295276  3.151380E-13
1278.78357987329  3.044859E-13
1280.23123679383  3.323318E-13
1281.67889371437  3.098081E-13
1283.1265506349  2.953587E-13
1284.57420755544  3.005550E-13
1286.02186447598  2.707203E-13
1287.46952139651  3.312216E-13
1288.91717831705  3.003886E-13
1290.36483523759  2.978742E-13
1291.81249215812  2.537590E-13
1293.26014907866  3.016275E-13
1294.7078059992  2.849309E-13
1296.15546291974  3.209712E-13
1297.60311984027  2.989030E-13
1299.05077676081  3.262501E-13
1300.49843368135  3.150459E-13
1301.94609060188  3.121145E-13
1303.39374752242  2.883776E-13
1304.84140444296  2.760603E-13
1306.28906136349  2.883457E-13
1307.73671828403  2.669261E-13
1309.18437520457  2.663484E-13
1310.6320321251  2.802338E-13
1312.07968904564  2.951966E-13
1313.52734596618  2.964069E-13
1314.97500288671  2.820670E-13
1316.42265980725  2.720787E-13
1317.87031672779  2.600722E-13
1319.31797364832  2.677196E-13
1320.76563056886  3.049267E-13
1322.2132874894  2.801950E-13
1323.66094440993  2.792022E-13
1325.10860133047  2.716437E-13
1326.55625825101  2.702586E-13
1328.00391517154  2.773544E-13
1329.45157209208  2.941143E-13
1330.89922901262  2.609680E-13
1332.34688593315  2.927893E-13
1333.79454285369  2.755256E-13
1335.24219977423  2.314881E-13
1336.68985669477  2.428026E-13
1338.1375136153  2.529087E-13
1339.58517053584  2.636644E-13
1341.03282745638  2.854798E-13
1342.48048437691  2.830825E-13
1343.92814129745  2.884683E-13
1345.37579821799  2.711282E-13
1346.82345513852  2.697786E-13
1348.27111205906  2.541249E-13
1349.7187689796  2.644457E-13
1351.16642590013  3.116370E-13
1352.61408282067  2.980488E-13
1354.06173974121  2.621895E-13
1355.50939666174  2.889950E-13
1356.95705358228  2.473660E-13
1358.40471050282  3.068902E-13
1359.85236742335  2.854313E-13
1361.30002434389  2.622127E-13
1362.74768126443  2.844241E-13
1364.19533818496  2.744775E-13
1365.6429951055  2.442919E-13
1367.09065202604  2.886309E-13
1368.53830894657  2.692370E-13
1369.98596586711  2.716920E-13
1371.43362278765  2.579792E-13
1372.88127970819  2.626308E-13
1374.32893662872  2.655529E-13
1375.77659354926  2.663778E-13
1377.2242504698  2.709214E-13
1378.67190739033  2.635119E-13
1380.11956431087  3.110943E-13
1381.56722123141  2.908345E-13
1383.01487815194  2.787344E-13
1384.46253507248  2.641048E-13
1385.91019199302  2.534372E-13
1387.35784891355  2.731854E-13
1388.80550583409  2.909431E-13
1390.25316275463  3.121125E-13
1391.70081967516  2.801106E-13
1393.1484765957  3.092487E-13
1394.59613351624  3.389897E-13
1396.04379043677  3.174821E-13
1397.49144735731  3.256000E-13
1398.93910427785  3.423866E-13
1400.38676119838  3.279916E-13
1401.83441811892  3.127934E-13
1403.28207503946  2.902841E-13
1404.72973195999  2.903546E-13
1406.17738888053  2.880798E-13
1407.62504580107  3.467302E-13
1409.0727027216  3.367591E-13
1410.52035964214  2.988279E-13
1411.96801656268  2.926790E-13
1413.41567348322  2.987318E-13
1414.86333040375  2.539808E-13
1416.31098732429  3.026065E-13
1417.75864424483  2.728882E-13
1419.20630116536  2.674978E-13
1420.6539580859  2.913259E-13
1422.10161500644  2.870026E-13
1423.54927192697  2.669360E-13
1424.99692884751  2.525058E-13
1426.44458576805  2.707273E-13
1427.89224268858  2.565213E-13
1429.33989960912  2.407253E-13
1430.78755652966  2.584117E-13
1432.23521345019  2.571789E-13
1433.68287037073  2.718954E-13
1435.13052729127  2.675588E-13
1436.5781842118  2.412963E-13
1438.02584113234  2.660884E-13
1439.47349805288  2.733615E-13
1440.92115497341  2.450902E-13
1442.36881189395  2.257314E-13
1443.81646881449  2.487245E-13
1445.26412573502  2.393589E-13
1446.71178265556  2.565799E-13
1448.1594395761  2.433297E-13
1449.60709649664  2.392545E-13
1451.05475341717  2.484166E-13
1452.50241033771  2.455742E-13
1453.95006725825  2.573133E-13
1455.39772417878  2.396880E-13
1456.84538109932  2.452209E-13
1458.29303801986  2.581738E-13
1459.74069494039  2.425057E-13
1461.18835186093  2.299855E-13
1462.63600878147  2.252433E-13
1464.083665702  2.527751E-13
1465.53132262254  2.270470E-13
1466.97897954308  2.514074E-13
1468.42663646361  2.542078E-13
1469.87429338415  2.596890E-13
1471.32195030469  2.338983E-13
1472.76960722522  2.362681E-13
1474.21726414576  2.371589E-13
1475.6649210663  2.448492E-13
1477.11257798683  2.335419E-13
1478.56023490737  2.434723E-13
1480.00789182791  2.538278E-13
1481.45554874844  2.445331E-13
1482.90320566898  2.418036E-13
1484.35086258952  2.516081E-13
1485.79851951005  2.272260E-13
1487.24617643059  2.409388E-13
1488.69383335113  2.523896E-13
1490.14149027167  2.473472E-13
1491.5891471922  2.462065E-13
1493.03680411274  2.460666E-13
1494.48446103328  2.573580E-13
1495.93211795381  2.607725E-13
1497.37977487435  2.578082E-13
1498.82743179489  2.681193E-13
1500.27508871542  2.649467E-13
1501.72274563596  2.479348E-13
1503.1704025565  2.478186E-13
1504.61805947703  2.638246E-13
1506.06571639757  2.481998E-13
1507.51337331811  2.550022E-13
1508.96103023864  2.570194E-13
1510.40868715918  2.717568E-13
1511.85634407972  2.745992E-13
1513.30400100025  2.633648E-13
1514.75165792079  2.633913E-13
1516.19931484133  2.685158E-13
1517.64697176186  2.803048E-13
1519.0946286824  2.826753E-13
1520.54228560294  2.862949E-13
1521.98994252347  2.918574E-13
1523.43759944401  3.039260E-13
1524.88525636455  2.935300E-13
1526.33291328509  2.925541E-13
1527.78057020562  3.073134E-13
1529.22822712616  2.914332E-13
1530.6758840467  3.104373E-13
1532.12354096723  3.254113E-13
1533.57119788777  3.344354E-13
1535.01885480831  3.335574E-13
1536.46651172884  3.764976E-13
1537.91416864938  3.966208E-13
1539.36182556992  3.931836E-13
1540.80948249045  4.309762E-13
1542.25713941099  4.383032E-13
1543.70479633153  4.131469E-13
1545.15245325206  4.793947E-13
1546.6001101726  4.854066E-13
1548.04776709314  4.514271E-13
1549.49542401367  4.341546E-13
1550.94308093421  4.110760E-13
1552.39073785475  3.722499E-13
1553.83839477528  3.746260E-13
1555.28605169582  3.579295E-13
1556.73370861636  3.228116E-13
1558.18136553689  3.120833E-13
1559.62902245743  3.029320E-13
1561.07667937797  3.004736E-13
1562.5243362985  2.968050E-13
1563.97199321904  2.807526E-13
1565.41965013958  2.812427E-13
1566.86730706012  2.850942E-13
1568.31496398065  2.703552E-13
1569.76262090119  2.596852E-13
1571.21027782173  2.710488E-13
1572.65793474226  2.645769E-13
1574.1055916628  2.584591E-13
1575.55324858334  2.580587E-13
1577.00090550387  2.582241E-13
1578.44856242441  2.726178E-13
1579.89621934495  2.715979E-13
1581.34387626548  2.723829E-13
1582.79153318602  2.633502E-13
1584.23919010656  2.718475E-13
1585.68684702709  2.574043E-13
1587.13450394763  2.528816E-13
1588.58216086817  2.644707E-13
1590.0298177887  2.602685E-13
1591.47747470924  2.535296E-13
1592.92513162978  2.647387E-13
1594.37278855031  2.524569E-13
1595.82044547085  2.572240E-13
1597.26810239139  2.721886E-13
1598.71575931192  2.493977E-13
1600.16341623246  2.496602E-13
1601.611073153  2.500702E-13
1603.05873007354  2.321229E-13
1604.50638699407  2.297293E-13
1605.95404391461  2.487909E-13
1607.40170083515  2.490416E-13
1608.84935775568  2.446846E-13
1610.29701467622  2.504828E-13
1611.74467159676  2.456122E-13
1613.19232851729  2.395987E-13
1614.63998543783  2.438477E-13
1616.08764235837  2.559277E-13
1617.5352992789  2.583310E-13
1618.98295619944  2.540846E-13
1620.43061311998  2.549380E-13
1621.87827004051  2.540289E-13
1623.32592696105  2.474994E-13
1624.77358388159  2.488698E-13
1626.22124080212  2.515367E-13
1627.66889772266  2.492354E-13
1629.1165546432  2.417873E-13
1630.56421156373  2.463683E-13
1632.01186848427  2.503376E-13
1633.45952540481  2.507789E-13
1634.90718232534  2.429562E-13
1636.35483924588  2.528481E-13
1637.80249616642  2.495162E-13
1639.25015308695  2.276314E-13
1640.69781000749  2.393981E-13
1642.14546692803  2.448346E-13
1643.59312384857  2.405084E-13
1645.0407807691  2.519722E-13
1646.48843768964  2.573077E-13
1647.93609461018  2.389944E-13
1649.38375153071  2.362655E-13
1650.83140845125  2.397690E-13
1652.27906537179  2.224307E-13
1653.72672229232  2.286279E-13
1655.17437921286  2.326707E-13
1656.6220361334  2.294866E-13
1658.06969305393  2.218055E-13
1659.51734997447  2.296957E-13
1660.96500689501  2.189926E-13
1662.41266381554  2.222717E-13
1663.86032073608  2.333049E-13
1665.30797765662  2.393268E-13
1666.75563457715  2.385083E-13
1668.20329149769  2.412498E-13
1669.65094841823  2.367050E-13
1671.09860533876  2.389865E-13
1672.5462622593  2.415019E-13
1673.99391917984  2.315157E-13
1675.44157610038  2.344187E-13
1676.88923302091  2.360543E-13
1678.33688994145  2.297630E-13
1679.78454686199  2.246704E-13
1681.23220378252  2.213356E-13
1682.67986070306  2.177164E-13
1684.1275176236  2.214971E-13
1685.57517454413  2.215607E-13
1687.02283146467  2.142384E-13
1688.47048838521  2.064016E-13
1689.91814530574  2.213919E-13
1691.36580222628  2.229774E-13
1692.81345914682  2.130650E-13
1694.26111606735  2.158045E-13
1695.70877298789  2.110889E-13
1697.15642990843  2.127915E-13
1698.60408682896  2.044122E-13
1700.0517437495  2.122147E-13
1701.49940067004  2.088736E-13
1702.94705759057  2.227745E-13
1704.39471451111  2.219467E-13
1705.84237143165  2.186616E-13
1707.29002835218  2.246023E-13
1708.73768527272  2.160349E-13
1710.18534219326  0.
1711.63299911379  0.
1713.08065603433  0.
1714.52831295487  0.
1715.97596987541  0.
1717.42362679594  0.
1718.87128371648  0.
1720.31894063702  0.
1721.76659755755  0.
1723.21425447809  0.
1724.66191139863  0.
1726.10956831916  0.
1727.5572252397  0.
1729.00488216024  0.
1730.45253908077  0.
1731.90019600131  0.
1733.34785292185  0.
1734.79550984238  0.
1736.24316676292  0.
1737.69082368346  0.
1739.13848060399  0.
1740.58613752453  0.
1742.03379444507  0.
1743.4814513656  0.
1744.92910828614  0.
1746.37676520668  0.
1747.82442212721  0.
1749.27207904775  0.
1750.71973596829  0.
1752.16739288882  0.
1753.61504980936  0.
1755.0627067299  0.
1756.51036365043  0.
1757.95802057097  0.
1759.40567749151  0.
1760.85333441205  0.
1762.30099133258  0.
1763.74864825312  0.
1765.19630517366  0.
1766.64396209419  0.
1768.09161901473  0.
1769.53927593527  0.
1770.9869328558  0.
1772.43458977634  0.
1773.88224669688  0.
1775.32990361741  0.
1776.77756053795  0.
1778.22521745849  0.
1779.67287437902  0.
1781.12053129956  0.
1782.5681882201  0.
1784.01584514063  0.
1785.46350206117  0.
1786.91115898171  0.
1788.35881590224  0.
1789.80647282278  0.
1791.25412974332  0.
1792.70178666385  0.
1794.14944358439  0.
1795.59710050493  0.
1797.04475742547  0.
1798.492414346  0.
1799.94007126654  0.
1801.38772818708  0.
1802.83538510761  0.
1804.28304202815  0.
1805.73069894869  0.
1807.17835586922  0.
1808.62601278976  0.
1810.0736697103  0.
1811.52132663083  0.
1812.96898355137  0.
1814.41664047191  0.
1815.86429739244  0.
1817.31195431298  0.
1818.75961123352  0.
1820.20726815405  0.
1821.65492507459  0.
1823.10258199513  0.
1824.55023891566  0.
1825.9978958362  0.
1827.44555275674  0.
1828.89320967727  0.
1830.34086659781  0.
1831.78852351835  0.
