906.735751295338  0.
908.183365802898  0.
909.630980310458  0.
911.078594818018  0.
912.526209325578  0.
913.973823833137  0.
915.421438340697  0.
916.869052848257  0.
918.316667355817  0.
919.764281863377  0.
921.211896370937  0.
922.659510878497  0.
924.107125386056  0.
925.554739893616  0.
927.002354401176  0.
928.449968908736  0.
929.897583416296  0.
931.345197923856  0.
932.792812431415  0.
934.240426938975  0.
935.688041446535  0.
937.135655954095  0.
938.583270461655  0.
940.030884969215  0.
941.478499476774  0.
942.926113984334  0.
944.373728491894  0.
945.821342999454  0.
947.268957507014  0.
948.716572014574  0.
950.164186522133  0.
951.611801029693  0.
953.059415537253  0.
954.507030044813  0.
955.954644552373  0.
957.402259059933  0.
958.849873567493  0.
960.297488075052  0.
961.745102582612  0.
963.192717090172  0.
964.640331597732  0.
966.087946105292  0.
967.535560612852  0.
968.983175120411  0.
970.430789627971  0.
971.878404135531  0.
973.326018643091  0.
974.773633150651  0.
976.221247658211  0.
977.668862165771  0.
979.11647667333  0.
980.56409118089  0.
982.01170568845  0.
983.45932019601  0.
984.90693470357  0.
986.35454921113  0.
987.802163718689  0.
989.249778226249  0.
990.697392733809  0.
992.145007241369  0.
993.592621748929  3.066407E-13
995.040236256489  6.856919E-13
996.487850764048  5.896383E-13
997.935465271608  5.789899E-13
999.383079779168  6.099253E-13
1000.83069428673  5.815278E-13
1002.27830879429  6.981479E-13
1003.72592330185  4.651664E-13
1005.17353780941  4.717702E-13
1006.62115231697  4.605246E-13
1008.06876682453  5.024173E-13
1009.51638133209  5.104934E-13
1010.96399583965  4.276452E-13
1012.41161034721  5.978703E-13
1013.85922485477  5.681320E-13
1015.30683936233  5.216206E-13
1016.75445386989  4.505173E-13
1018.20206837745  4.610460E-13
1019.64968288501  5.053793E-13
1021.09729739257  4.901136E-13
1022.54491190013  5.634016E-13
1023.99252640769  4.890245E-13
1025.44014091525  5.211789E-13
1026.8877554228  5.201483E-13
1028.33536993037  5.514129E-13
1029.78298443792  5.135476E-13
1031.23059894548  4.848758E-13
1032.67821345304  5.247642E-13
1034.1258279606  4.215436E-13
1035.57344246816  4.486940E-13
1037.02105697572  4.446416E-13
1038.46867148328  4.739314E-13
1039.91628599084  4.776891E-13
1041.3639004984  4.183718E-13
1042.81151500596  4.381803E-13
1044.25912951352  3.703982E-13
1045.70674402108  4.535289E-13
1047.15435852864  5.232992E-13
1048.6019730362  6.279212E-13
1050.04958754376  6.797572E-13
1051.49720205132  6.319792E-13
1052.94481655888  6.201083E-13
1054.39243106644  5.602014E-13
1055.840045574  5.116152E-13
1057.28766008156  3.964372E-13
1058.73527458912  4.332877E-13
1060.18288909668  4.331455E-13
1061.63050360424  4.188970E-13
1063.0781181118  4.779308E-13
1064.52573261936  4.111687E-13
1065.97334712692  3.708948E-13
1067.42096163448  4.748259E-13
1068.86857614204  4.081168E-13
1070.3161906496  4.252414E-13
1071.76380515716  4.171553E-13
1073.21141966472  3.927740E-13
1074.65903417228  3.972816E-13
1076.10664867984  3.667364E-13
1077.5542631874  3.922464E-13
1079.00187769496  3.837841E-13
1080.44949220252  3.378293E-13
1081.89710671008  4.121700E-13
1083.34472121764  3.595987E-13
1084.7923357252  3.348816E-13
1086.23995023276  3.554893E-13
1087.68756474032  3.503040E-13
1089.13517924788  3.294994E-13
1090.58279375544  3.700331E-13
1092.030408263  3.505339E-13
1093.47802277056  3.667050E-13
1094.92563727812  3.752498E-13
1096.37325178568  3.529488E-13
1097.82086629324  3.235860E-13
1099.2684808008  3.332128E-13
1100.71609530836  3.432573E-13
1102.16370981592  3.590606E-13
1103.61132432348  3.320063E-13
1105.05893883104  3.752404E-13
1106.5065533386  3.655021E-13
1107.95416784616  3.985080E-13
1109.40178235372  3.349537E-13
1110.84939686128  3.758480E-13
1112.29701136884  3.188599E-13
1113.7446258764  3.564865E-13
1115.19224038396  3.689102E-13
1116.63985489152  3.439402E-13
1118.08746939908  2.698627E-13
1119.53508390664  3.350180E-13
1120.98269841419  3.960566E-13
1122.43031292175  3.286633E-13
1123.87792742931  3.101904E-13
1125.32554193687  3.223582E-13
1126.77315644443  3.320071E-13
1128.22077095199  3.427570E-13
1129.66838545955  3.881204E-13
1131.11599996711  3.469259E-13
1132.56361447467  3.748536E-13
1134.01122898223  3.689074E-13
1135.45884348979  2.987905E-13
1136.90645799735  3.325653E-13
1138.35407250491  3.436163E-13
1139.80168701247  3.772679E-13
1141.24930152003  3.660493E-13
1142.69691602759  3.316939E-13
1144.14453053515  3.487010E-13
1145.59214504271  3.926635E-13
1147.03975955027  3.507925E-13
1148.48737405783  3.435045E-13
1149.93498856539  3.252551E-13
1151.38260307295  2.689920E-13
1152.83021758051  2.945953E-13
1154.27783208807  3.103071E-13
1155.72544659563  3.455795E-13
1157.17306110319  3.479031E-13
1158.62067561075  3.705415E-13
1160.06829011831  3.557037E-13
1161.51590462587  3.788084E-13
1162.96351913343  3.521940E-13
1164.41113364099  3.699448E-13
1165.85874814855  3.451146E-13
1167.30636265611  3.461938E-13
1168.75397716367  3.583631E-13
1170.20159167123  3.997537E-13
1171.64920617879  3.863385E-13
1173.09682068635  3.730694E-13
1174.54443519391  4.080256E-13
1175.99204970147  4.038925E-13
1177.43966420903  3.670578E-13
1178.88727871659  3.794179E-13
1180.33489322415  3.880028E-13
1181.78250773171  3.775384E-13
1183.23012223927  3.925198E-13
1184.67773674683  3.514399E-13
1186.12535125439  3.535194E-13
1187.57296576195  4.372455E-13
1189.02058026951  4.082939E-13
1190.46819477707  5.213265E-13
1191.91580928463  4.806354E-13
1193.36342379219  4.892370E-13
1194.81103829975  4.649004E-13
1196.25865280731  4.878088E-13
1197.70626731487  4.558921E-13
1199.15388182243  4.967832E-13
1200.60149632999  5.491601E-13
1202.04911083755  4.911769E-13
1203.49672534511  4.935377E-13
1204.94433985267  6.043277E-13
1206.39195436023  5.639228E-13
1207.83956886779  6.548710E-13
1209.28718337535  8.179417E-13
1210.7347978829  9.696536E-13
1212.18241239046  9.699453E-13
1213.63002689802  1.001504E-12
1215.07764140558  1.120926E-12
1216.52525591314  1.037234E-12
1217.9728704207  9.242520E-13
1219.42048492826  7.922656E-13
1220.86809943582  7.275991E-13
1222.31571394338  6.796542E-13
1223.76332845094  6.107720E-13
1225.2109429585  5.211345E-13
1226.65855746606  4.830665E-13
1228.10617197362  4.777107E-13
1229.55378648118  5.535616E-13
1231.00140098874  4.930549E-13
1232.4490154963  4.316073E-13
1233.89663000386  5.302585E-13
1235.34424451142  5.341991E-13
1236.79185901898  4.828558E-13
1238.23947352654  5.646865E-13
1239.6870880341  4.959397E-13
1241.13470254166  4.556156E-13
1242.58231704922  3.981401E-13
1244.02993155678  4.083487E-13
1245.47754606434  4.075694E-13
1246.9251605719  4.607880E-13
1248.37277507946  4.574612E-13
1249.82038958702  3.613655E-13
1251.26800409458  3.706502E-13
1252.71561860214  3.863384E-13
1254.1632331097  3.717283E-13
1255.61084761726  3.271524E-13
1257.05846212482  3.775805E-13
1258.50607663238  3.662679E-13
1259.95369113994  3.772573E-13
1261.4013056475  3.418838E-13
1262.84892015506  3.587420E-13
1264.29653466262  3.255818E-13
1265.74414917018  3.560021E-13
1267.19176367774  3.297279E-13
1268.6393781853  3.742679E-13
1270.08699269286  4.264901E-13
1271.53460720042  3.518142E-13
1272.98222170798  3.515906E-13
1274.42983621554  3.374085E-13
1275.8774507231  2.827707E-13
1277.32506523066  3.029316E-13
1278.77267973822  3.875615E-13
1280.22029424578  3.495819E-13
1281.66790875334  2.561025E-13
1283.1155232609  2.676501E-13
1284.56313776846  2.951698E-13
1286.01075227602  3.195231E-13
1287.45836678358  3.349703E-13
1288.90598129114  3.230090E-13
1290.3535957987  2.945541E-13
1291.80121030626  3.136669E-13
1293.24882481382  3.223529E-13
1294.69643932138  3.298255E-13
1296.14405382894  2.993876E-13
1297.5916683365  3.241193E-13
1299.03928284406  3.161737E-13
1300.48689735162  3.113021E-13
1301.93451185917  3.739153E-13
1303.38212636674  3.258081E-13
1304.82974087429  3.567116E-13
1306.27735538185  3.344296E-13
1307.72496988941  3.151443E-13
1309.17258439697  3.123287E-13
1310.62019890453  2.796644E-13
1312.06781341209  2.880102E-13
1313.51542791965  2.681219E-13
1314.96304242721  2.868538E-13
1316.41065693477  2.525673E-13
1317.85827144233  2.479573E-13
1319.30588594989  2.671604E-13
1320.75350045745  2.989391E-13
1322.20111496501  3.146423E-13
1323.64872947257  3.131885E-13
1325.09634398013  2.945270E-13
1326.54395848769  3.290889E-13
1327.99157299525  2.896571E-13
1329.43918750281  2.879910E-13
1330.88680201037  2.829260E-13
1332.33441651793  2.729496E-13
1333.78203102549  2.974516E-13
1335.22964553305  2.693119E-13
1336.67726004061  2.442988E-13
1338.12487454817  2.613052E-13
1339.57248905573  2.941967E-13
1341.02010356329  2.912826E-13
1342.46771807085  2.872985E-13
1343.91533257841  2.769774E-13
1345.36294708597  3.034485E-13
1346.81056159353  2.899535E-13
1348.25817610109  2.765861E-13
1349.70579060865  3.079795E-13
1351.15340511621  3.238287E-13
1352.60101962377  3.059186E-13
1354.04863413133  3.397257E-13
1355.49624863889  3.100116E-13
1356.94386314645  3.337297E-13
1358.39147765401  2.912584E-13
1359.83909216157  3.093738E-13
1361.28670666913  2.849824E-13
1362.73432117669  2.778365E-13
1364.18193568425  3.099936E-13
1365.62955019181  3.322814E-13
1367.07716469937  3.160675E-13
1368.52477920693  3.181343E-13
1369.97239371449  3.130390E-13
1371.42000822205  2.768083E-13
1372.86762272961  2.788668E-13
1374.31523723717  2.997953E-13
1375.76285174473  2.921240E-13
1377.21046625229  2.816532E-13
1378.65808075985  3.002039E-13
1380.10569526741  3.218540E-13
1381.55330977497  2.855788E-13
1383.00092428253  3.335914E-13
1384.44853879009  3.219738E-13
1385.89615329765  3.289707E-13
1387.34376780521  3.111179E-13
1388.79138231277  2.763454E-13
1390.23899682033  2.918725E-13
1391.68661132789  2.976408E-13
1393.13422583545  3.328432E-13
1394.581840343  3.143299E-13
1396.02945485057  3.317075E-13
1397.47706935812  3.523891E-13
1398.92468386568  3.776630E-13
1400.37229837324  3.486484E-13
1401.8199128808  3.650804E-13
1403.26752738836  3.036150E-13
1404.71514189592  3.524400E-13
1406.16275640348  3.141568E-13
1407.61037091104  2.932027E-13
1409.0579854186  2.928648E-13
1410.50559992616  2.969719E-13
1411.95321443372  3.269285E-13
1413.40082894128  3.647238E-13
1414.84844344884  3.136000E-13
1416.2960579564  3.087561E-13
1417.74367246396  3.047859E-13
1419.19128697152  3.018708E-13
1420.63890147908  2.817566E-13
1422.08651598664  3.263029E-13
1423.5341304942  3.153680E-13
1424.98174500176  2.655316E-13
1426.42935950932  2.901969E-13
1427.87697401688  2.651637E-13
1429.32458852444  2.510574E-13
1430.772203032  3.203076E-13
1432.21981753956  3.252507E-13
1433.66743204712  2.655340E-13
1435.11504655468  2.595939E-13
1436.56266106224  2.776864E-13
1438.0102755698  2.668325E-13
1439.45789007736  2.629089E-13
1440.90550458492  2.137986E-13
1442.35311909248  2.220681E-13
1443.80073360004  2.445394E-13
1445.2483481076  2.917542E-13
1446.69596261516  2.864158E-13
1448.14357712272  2.734787E-13
1449.59119163028  2.905604E-13
1451.03880613784  2.740264E-13
1452.4864206454  2.635819E-13
1453.93403515296  2.483346E-13
1455.38164966052  2.189610E-13
1456.82926416808  2.440569E-13
1458.27687867564  2.718933E-13
1459.7244931832  2.946797E-13
1461.17210769076  2.660803E-13
1462.61972219832  2.601222E-13
1464.06733670588  2.662985E-13
1465.51495121344  2.500841E-13
1466.962565721  2.765519E-13
1468.41018022856  2.776647E-13
1469.85779473612  2.647305E-13
1471.30540924368  2.499501E-13
1472.75302375124  2.699341E-13
1474.2006382588  2.590270E-13
1475.64825276636  2.640871E-13
1477.09586727392  2.414331E-13
1478.54348178148  2.493038E-13
1479.99109628904  2.709127E-13
1481.4387107966  2.739371E-13
1482.88632530416  2.639885E-13
1484.33393981172  2.380060E-13
1485.78155431928  2.612461E-13
1487.22916882683  2.593337E-13
1488.67678333439  2.432325E-13
1490.12439784195  2.262477E-13
1491.57201234951  2.350418E-13
1493.01962685707  2.528078E-13
1494.46724136463  2.518020E-13
1495.91485587219  2.478572E-13
1497.36247037975  3.000015E-13
1498.81008488731  2.973349E-13
1500.25769939487  2.955305E-13
1501.70531390243  2.891078E-13
1503.15292840999  2.883616E-13
1504.60054291755  2.712094E-13
1506.04815742511  2.702014E-13
1507.49577193267  2.759088E-13
1508.94338644023  2.831401E-13
1510.39100094779  2.946331E-13
1511.83861545535  2.970508E-13
1513.28622996291  2.692439E-13
1514.73384447047  2.748263E-13
1516.18145897803  2.939572E-13
1517.62907348559  3.050290E-13
1519.07668799315  2.984865E-13
1520.52430250071  2.845408E-13
1521.97191700827  2.954241E-13
1523.41953151583  2.939309E-13
1524.86714602339  2.934151E-13
1526.31476053095  3.031962E-13
1527.76237503851  3.029691E-13
1529.20998954607  3.169079E-13
1530.65760405363  3.033461E-13
1532.10521856119  2.989201E-13
1533.55283306875  3.389473E-13
1535.00044757631  3.763875E-13
1536.44806208387  3.881112E-13
1537.89567659143  3.830741E-13
1539.34329109899  3.919554E-13
1540.79090560655  4.329298E-13
1542.23852011411  4.732051E-13
1543.68613462167  4.504353E-13
1545.13374912923  4.716362E-13
1546.58136363679  4.971851E-13
1548.02897814435  4.679681E-13
1549.47659265191  4.608197E-13
1550.92420715947  4.372623E-13
1552.37182166703  4.019407E-13
1553.81943617459  3.942348E-13
1555.26705068215  3.748951E-13
1556.71466518971  3.463588E-13
1558.16227969727  3.157197E-13
1559.60989420483  3.145675E-13
1561.05750871239  3.009676E-13
1562.50512321995  2.833566E-13
1563.95273772751  2.762187E-13
1565.40035223507  2.956085E-13
1566.84796674263  3.028528E-13
1568.29558125019  2.800980E-13
1569.74319575775  2.796900E-13
1571.19081026531  2.897780E-13
1572.63842477287  2.711219E-13
1574.08603928043  2.623521E-13
1575.53365378799  2.558379E-13
1576.98126829555  2.467427E-13
1578.4288828031  2.589835E-13
1579.87649731066  2.631395E-13
1581.32411181822  2.674130E-13
1582.77172632578  2.773850E-13
1584.21934083334  2.724826E-13
1585.6669553409  2.631908E-13
1587.11456984846  2.682461E-13
1588.56218435602  2.650786E-13
1590.00979886358  2.748621E-13
1591.45741337114  2.628811E-13
1592.9050278787  2.642974E-13
1594.35264238626  2.668018E-13
1595.80025689382  2.365685E-13
1597.24787140138  2.611828E-13
1598.69548590894  2.554126E-13
1600.1431004165  2.350018E-13
1601.59071492406  2.225829E-13
1603.03832943162  2.288347E-13
1604.48594393918  2.491033E-13
1605.93355844674  2.477866E-13
1607.3811729543  2.548210E-13
1608.82878746186  2.650075E-13
1610.27640196942  2.516035E-13
1611.72401647698  2.504662E-13
1613.17163098454  2.480459E-13
1614.6192454921  2.512665E-13
1616.06685999966  2.528209E-13
1617.51447450722  2.320048E-13
1618.96208901478  2.399800E-13
1620.40970352234  2.441896E-13
1621.8573180299  2.423472E-13
1623.30493253746  2.368473E-13
1624.75254704502  2.449259E-13
1626.20016155258  2.540599E-13
1627.64777606014  2.505545E-13
1629.0953905677  2.373216E-13
1630.54300507526  2.469131E-13
1631.99061958282  2.505420E-13
1633.43823409038  2.436690E-13
1634.88584859794  2.486785E-13
1636.3334631055  2.390146E-13
1637.78107761306  2.376369E-13
1639.22869212062  2.372825E-13
1640.67630662818  2.519343E-13
1642.12392113574  2.520759E-13
1643.5715356433  2.431780E-13
1645.01915015086  2.424314E-13
1646.46676465842  2.398603E-13
1647.91437916598  2.275465E-13
1649.36199367354  2.352560E-13
1650.8096081811  2.373671E-13
1652.25722268866  2.307768E-13
1653.70483719622  2.333476E-13
1655.15245170378  2.270307E-13
1656.60006621134  2.275202E-13
1658.0476807189  2.274741E-13
1659.49529522646  2.496331E-13
1660.94290973402  2.624500E-13
1662.39052424158  2.570222E-13
1663.83813874914  2.634383E-13
1665.2857532567  2.585419E-13
1666.73336776426  2.454479E-13
1668.18098227181  2.431932E-13
1669.62859677938  2.410735E-13
1671.07621128693  2.486912E-13
1672.52382579449  2.506483E-13
1673.97144030205  2.409694E-13
1675.41905480961  2.479434E-13
1676.86666931717  2.490609E-13
1678.31428382473  2.392630E-13
1679.76189833229  2.343829E-13
1681.20951283985  2.302251E-13
1682.65712734741  2.409651E-13
1684.10474185497  2.355814E-13
1685.55235636253  2.386638E-13
1686.99997087009  2.402926E-13
1688.44758537765  2.249011E-13
1689.89519988521  2.221079E-13
1691.34281439277  2.186647E-13
1692.79042890033  2.177913E-13
1694.23804340789  2.204772E-13
1695.68565791545  2.111758E-13
1697.13327242301  2.072290E-13
1698.58088693057  2.174793E-13
1700.02850143813  2.197551E-13
1701.47611594569  2.224732E-13
1702.92373045325  2.270693E-13
1704.37134496081  2.301458E-13
1705.81895946837  2.423877E-13
1707.26657397593  2.375546E-13
1708.71418848349  2.338491E-13
1710.16180299105  0.
1711.60941749861  0.
1713.05703200617  0.
1714.50464651373  0.
1715.95226102129  0.
1717.39987552885  0.
1718.84749003641  0.
1720.29510454397  0.
1721.74271905153  0.
1723.19033355909  0.
1724.63794806665  0.
1726.08556257421  0.
1727.53317708177  0.
1728.98079158933  0.
1730.42840609689  0.
1731.87602060445  0.
1733.32363511201  0.
1734.77124961957  0.
1736.21886412713  0.
1737.66647863469  0.
1739.11409314225  0.
1740.56170764981  0.
1742.00932215737  0.
1743.45693666493  0.
1744.90455117249  0.
1746.35216568005  0.
1747.79978018761  0.
1749.24739469517  0.
1750.69500920273  0.
1752.14262371029  0.
1753.59023821785  0.
1755.03785272541  0.
1756.48546723297  0.
1757.93308174053  0.
1759.38069624809  0.
1760.82831075565  0.
1762.27592526321  0.
1763.72353977076  0.
1765.17115427832  0.
1766.61876878588  0.
1768.06638329344  0.
1769.513997801  0.
1770.96161230856  0.
1772.40922681612  0.
1773.85684132368  0.
1775.30445583124  0.
1776.7520703388  0.
1778.19968484636  0.
1779.64729935392  0.
1781.09491386148  0.
1782.54252836904  0.
1783.9901428766  0.
1785.43775738416  0.
1786.88537189172  0.
1788.33298639928  0.
1789.78060090684  0.
1791.2282154144  0.
1792.67582992196  0.
1794.12344442952  0.
1795.57105893708  0.
1797.01867344464  0.
1798.4662879522  0.
1799.91390245976  0.
1801.36151696732  0.
1802.80913147488  0.
1804.25674598244  0.
1805.70436049  0.
1807.15197499756  0.
1808.59958950512  0.
1810.04720401268  0.
1811.49481852024  0.
1812.9424330278  0.
1814.39004753536  0.
1815.83766204292  0.
1817.28527655048  0.
1818.73289105804  0.
1820.1805055656  0.
1821.62812007316  0.
1823.07573458072  0.
1824.52334908828  0.
1825.97096359584  0.
1827.4185781034  0.
1828.86619261096  0.
1830.31380711852  0.
1831.76142162608  0.
