906.735751295338  0.
908.183408215875  0.
909.631065136412  0.
911.078722056949  0.
912.526378977485  0.
913.974035898022  0.
915.421692818559  0.
916.869349739096  0.
918.317006659633  0.
919.764663580169  0.
921.212320500706  0.
922.659977421243  0.
924.10763434178  0.
925.555291262316  0.
927.002948182853  0.
928.45060510339  0.
929.898262023927  0.
931.345918944464  0.
932.793575865  0.
934.241232785537  0.
935.688889706074  0.
937.136546626611  0.
938.584203547148  0.
940.031860467684  0.
941.479517388221  0.
942.927174308758  0.
944.374831229295  0.
945.822488149832  0.
947.270145070369  0.
948.717801990905  0.
950.165458911442  0.
951.613115831979  0.
953.060772752515  0.
954.508429673052  0.
955.956086593589  0.
957.403743514126  0.
958.851400434663  0.
960.2990573552  0.
961.746714275736  0.
963.194371196273  0.
964.64202811681  0.
966.089685037347  0.
967.537341957883  0.
968.98499887842  0.
970.432655798957  0.
971.880312719494  0.
973.327969640031  0.
974.775626560567  0.
976.223283481104  0.
977.670940401641  0.
979.118597322178  0.
980.566254242715  0.
982.013911163251  0.
983.461568083788  0.
984.909225004325  0.
986.356881924862  0.
987.804538845399  0.
989.252195765935  0.
990.699852686472  0.
992.147509607009  0.
993.595166527546  4.824398E-13
995.042823448082  3.764025E-13
996.490480368619  5.613632E-13
997.938137289156  3.922350E-13
999.385794209693  4.912206E-13
1000.83345113023  3.472690E-13
1002.28110805077  4.018088E-13
1003.7287649713  5.315070E-13
1005.17642189184  5.961322E-13
1006.62407881238  4.084013E-13
1008.07173573291  4.372419E-13
1009.51939265345  4.710217E-13
1010.96704957399  4.509464E-13
1012.41470649452  5.371140E-13
1013.86236341506  5.119751E-13
1015.3100203356  4.875061E-13
1016.75767725613  4.514293E-13
1018.20533417667  4.768848E-13
1019.65299109721  4.236865E-13
1021.10064801775  4.142184E-13
1022.54830493828  3.983718E-13
1023.99596185882  5.541920E-13
1025.44361877936  5.183377E-13
1026.89127569989  5.161600E-13
1028.33893262043  4.349731E-13
1029.78658954097  4.361538E-13
1031.2342464615  5.483228E-13
1032.68190338204  5.989359E-13
1034.12956030258  5.448151E-13
1035.57721722311  4.980441E-13
1037.02487414365  4.292208E-13
1038.47253106419  4.508851E-13
1039.92018798472  4.838149E-13
1041.36784490526  5.019530E-13
1042.8155018258  4.423713E-13
1044.26315874633  4.700478E-13
1045.71081566687  6.491991E-13
1047.15847258741  7.404333E-13
1048.60612950794  7.254645E-13
1050.05378642848  6.306822E-13
1051.50144334902  5.300547E-13
1052.94910026955  5.483410E-13
1054.39675719009  4.331906E-13
1055.84441411063  4.244210E-13
1057.29207103116  4.472478E-13
1058.7397279517  3.676958E-13
1060.18738487224  3.999631E-13
1061.63504179277  4.060080E-13
1063.08269871331  4.216532E-13
1064.53035563385  4.658860E-13
1065.97801255439  3.914206E-13
1067.42566947492  4.897790E-13
1068.87332639546  4.188804E-13
1070.320983316  4.058057E-13
1071.76864023653  4.676803E-13
1073.21629715707  4.069653E-13
1074.66395407761  4.585484E-13
1076.11161099814  4.420772E-13
1077.55926791868  4.276466E-13
1079.00692483922  4.503497E-13
1080.45458175975  3.493530E-13
1081.90223868029  4.000882E-13
1083.34989560083  4.085088E-13
1084.79755252136  3.133841E-13
1086.2452094419  3.790944E-13
1087.69286636244  3.447318E-13
1089.14052328297  3.130612E-13
1090.58818020351  3.229187E-13
1092.03583712405  3.554125E-13
1093.48349404458  3.725649E-13
1094.93115096512  3.876345E-13
1096.37880788566  3.523063E-13
1097.82646480619  4.090132E-13
1099.27412172673  3.586244E-13
1100.72177864727  3.669475E-13
1102.1694355678  3.229438E-13
1103.61709248834  3.639815E-13
1105.06474940888  3.726227E-13
1106.51240632942  3.271327E-13
1107.96006324995  3.179872E-13
1109.40772017049  3.901190E-13
1110.85537709103  3.357366E-13
1112.30303401156  3.586881E-13
1113.7506909321  3.826899E-13
1115.19834785264  3.933938E-13
1116.64600477317  4.196229E-13
1118.09366169371  3.946572E-13
1119.54131861425  3.490265E-13
1120.98897553478  4.326792E-13
1122.43663245532  3.486520E-13
1123.88428937586  3.635629E-13
1125.33194629639  2.893729E-13
1126.77960321693  3.243524E-13
1128.22726013747  3.622756E-13
1129.674917058  4.103009E-13
1131.12257397854  4.155328E-13
1132.57023089908  4.104622E-13
1134.01788781961  3.297445E-13
1135.46554474015  3.604494E-13
1136.91320166069  3.416797E-13
1138.36085858122  3.259586E-13
1139.80851550176  2.975594E-13
1141.2561724223  3.067333E-13
1142.70382934284  3.691081E-13
1144.15148626337  3.851040E-13
1145.59914318391  3.632559E-13
1147.04680010445  3.594709E-13
1148.49445702498  3.830649E-13
1149.94211394552  3.107323E-13
1151.38977086606  3.377936E-13
1152.83742778659  2.945021E-13
1154.28508470713  2.565514E-13
1155.73274162767  3.531938E-13
1157.1803985482  3.602289E-13
1158.62805546874  3.305710E-13
1160.07571238928  3.548466E-13
1161.52336930981  3.170596E-13
1162.97102623035  3.405461E-13
1164.41868315089  3.919749E-13
1165.86634007142  3.382896E-13
1167.31399699196  4.063887E-13
1168.7616539125  3.105595E-13
1170.20931083303  4.138543E-13
1171.65696775357  3.835789E-13
1173.10462467411  4.348454E-13
1174.55228159464  3.600045E-13
1175.99993851518  3.476338E-13
1177.44759543572  4.293910E-13
1178.89525235625  3.350287E-13
1180.34290927679  3.537811E-13
1181.79056619733  3.913487E-13
1183.23822311787  3.661753E-13
1184.6858800384  3.960187E-13
1186.13353695894  3.788807E-13
1187.58119387948  4.224974E-13
1189.02885080001  3.942767E-13
1190.47650772055  4.089422E-13
1191.92416464109  4.274153E-13
1193.37182156162  4.249872E-13
1194.81947848216  3.995482E-13
1196.2671354027  4.817351E-13
1197.71479232323  4.365040E-13
1199.16244924377  4.817022E-13
1200.61010616431  5.492723E-13
1202.05776308484  5.529560E-13
1203.50542000538  5.197873E-13
1204.95307692592  5.413261E-13
1206.40073384645  6.206218E-13
1207.84839076699  7.212772E-13
1209.29604768753  7.153602E-13
1210.74370460806  8.520594E-13
1212.1913615286  1.039369E-12
1213.63901844914  1.005039E-12
1215.08667536967  9.933642E-13
1216.53433229021  9.423293E-13
1217.98198921075  9.958110E-13
1219.42964613129  1.003800E-12
1220.87730305182  7.740680E-13
1222.32495997236  7.473751E-13
1223.7726168929  5.735817E-13
1225.22027381343  5.186205E-13
1226.66793073397  5.979398E-13
1228.11558765451  5.757603E-13
1229.56324457504  4.934301E-13
1231.01090149558  4.463516E-13
1232.45855841612  5.827176E-13
1233.90621533665  5.585934E-13
1235.35387225719  5.077534E-13
1236.80152917773  4.884722E-13
1238.24918609826  5.480405E-13
1239.6968430188  5.047163E-13
1241.14449993934  4.695173E-13
1242.59215685987  4.580780E-13
1244.03981378041  4.485965E-13
1245.48747070095  3.791234E-13
1246.93512762148  3.696338E-13
1248.38278454202  3.965489E-13
1249.83044146256  4.453661E-13
1251.27809838309  3.464185E-13
1252.72575530363  4.018690E-13
1254.17341222417  3.906657E-13
1255.62106914471  3.560677E-13
1257.06872606524  3.651013E-13
1258.51638298578  4.100429E-13
1259.96403990632  3.525907E-13
1261.41169682685  3.326439E-13
1262.85935374739  3.200875E-13
1264.30701066793  3.116437E-13
1265.75466758846  3.184647E-13
1267.202324509  3.302384E-13
1268.64998142954  3.228155E-13
1270.09763835007  3.237075E-13
1271.54529527061  3.359320E-13
1272.99295219115  3.023580E-13
1274.44060911168  3.294752E-13
1275.88826603222  3.295030E-13
1277.33592295276  3.250718E-13
1278.78357987329  2.919266E-13
1280.23123679383  3.047486E-13
1281.67889371437  3.834437E-13
1283.1265506349  2.970058E-13
1284.57420755544  2.953685E-13
1286.02186447598  3.003239E-13
1287.46952139651  2.883034E-13
1288.91717831705  2.833445E-13
1290.36483523759  3.185852E-13
1291.81249215812  3.054164E-13
1293.26014907866  3.076514E-13
1294.7078059992  3.149281E-13
1296.15546291974  3.331659E-13
1297.60311984027  2.989256E-13
1299.05077676081  3.427737E-13
1300.49843368135  3.020239E-13
1301.94609060188  3.042921E-13
1303.39374752242  2.960744E-13
1304.84140444296  2.807669E-13
1306.28906136349  2.837721E-13
1307.73671828403  2.937416E-13
1309.18437520457  2.763350E-13
1310.6320321251  2.822948E-13
1312.07968904564  3.243291E-13
1313.52734596618  3.340433E-13
1314.97500288671  3.384476E-13
1316.42265980725  3.003162E-13
1317.87031672779  2.838935E-13
1319.31797364832  2.553545E-13
1320.76563056886  2.822810E-13
1322.2132874894  2.476127E-13
1323.66094440993  3.051083E-13
1325.10860133047  2.861607E-13
1326.55625825101  3.129226E-13
1328.00391517154  2.867546E-13
1329.45157209208  2.881306E-13
1330.89922901262  2.747716E-13
1332.34688593315  2.870802E-13
1333.79454285369  2.912969E-13
1335.24219977423  3.043234E-13
1336.68985669477  2.580844E-13
1338.1375136153  2.598400E-13
1339.58517053584  2.456413E-13
1341.03282745638  3.148232E-13
1342.48048437691  2.532801E-13
1343.92814129745  2.912639E-13
1345.37579821799  3.016088E-13
1346.82345513852  2.862234E-13
1348.27111205906  2.623456E-13
1349.7187689796  2.734324E-13
1351.16642590013  2.992392E-13
1352.61408282067  2.922148E-13
1354.06173974121  2.518783E-13
1355.50939666174  2.968920E-13
1356.95705358228  2.573086E-13
1358.40471050282  2.638032E-13
1359.85236742335  2.857771E-13
1361.30002434389  2.713728E-13
1362.74768126443  2.910637E-13
1364.19533818496  3.231928E-13
1365.6429951055  2.402814E-13
1367.09065202604  2.685320E-13
1368.53830894657  2.772052E-13
1369.98596586711  2.926385E-13
1371.43362278765  2.790130E-13
1372.88127970819  2.876491E-13
1374.32893662872  2.514640E-13
1375.77659354926  2.609727E-13
1377.2242504698  2.506569E-13
1378.67190739033  2.723690E-13
1380.11956431087  2.978356E-13
1381.56722123141  3.110148E-13
1383.01487815194  2.590435E-13
1384.46253507248  3.090761E-13
1385.91019199302  3.210985E-13
1387.35784891355  2.898352E-13
1388.80550583409  2.770593E-13
1390.25316275463  2.702073E-13
1391.70081967516  2.626923E-13
1393.1484765957  3.110429E-13
1394.59613351624  3.525360E-13
1396.04379043677  3.387721E-13
1397.49144735731  3.262903E-13
1398.93910427785  3.495108E-13
1400.38676119838  3.083292E-13
1401.83441811892  3.219443E-13
1403.28207503946  2.823867E-13
1404.72973195999  3.002225E-13
1406.17738888053  2.739731E-13
1407.62504580107  3.102589E-13
1409.0727027216  3.408608E-13
1410.52035964214  2.538963E-13
1411.96801656268  2.791815E-13
1413.41567348322  2.955790E-13
1414.86333040375  3.052351E-13
1416.31098732429  2.972825E-13
1417.75864424483  2.871233E-13
1419.20630116536  2.705916E-13
1420.6539580859  2.991793E-13
1422.10161500644  3.005454E-13
1423.54927192697  2.681122E-13
1424.99692884751  2.649363E-13
1426.44458576805  2.749473E-13
1427.89224268858  3.121170E-13
1429.33989960912  3.058504E-13
1430.78755652966  2.611489E-13
1432.23521345019  2.602428E-13
1433.68287037073  3.112789E-13
1435.13052729127  2.774773E-13
1436.5781842118  2.467913E-13
1438.02584113234  2.490712E-13
1439.47349805288  2.614687E-13
1440.92115497341  2.384467E-13
1442.36881189395  2.484501E-13
1443.81646881449  2.508645E-13
1445.26412573502  2.284084E-13
1446.71178265556  2.561988E-13
1448.1594395761  2.366528E-13
1449.60709649664  2.378272E-13
1451.05475341717  2.625790E-13
1452.50241033771  2.579126E-13
1453.95006725825  2.314964E-13
1455.39772417878  2.401893E-13
1456.84538109932  2.457489E-13
1458.29303801986  2.553238E-13
1459.74069494039  2.585697E-13
1461.18835186093  2.493318E-13
1462.63600878147  2.457767E-13
1464.083665702  2.686133E-13
1465.53132262254  2.627026E-13
1466.97897954308  2.572577E-13
1468.42663646361  2.452547E-13
1469.87429338415  2.522609E-13
1471.32195030469  2.453442E-13
1472.76960722522  2.677804E-13
1474.21726414576  2.849664E-13
1475.6649210663  3.059620E-13
1477.11257798683  2.508760E-13
1478.56023490737  2.765228E-13
1480.00789182791  2.354237E-13
1481.45554874844  2.405654E-13
1482.90320566898  2.537104E-13
1484.35086258952  2.365393E-13
1485.79851951005  2.420698E-13
1487.24617643059  2.563060E-13
1488.69383335113  2.296027E-13
1490.14149027167  2.120556E-13
1491.5891471922  2.189623E-13
1493.03680411274  2.288172E-13
1494.48446103328  2.567830E-13
1495.93211795381  2.301239E-13
1497.37977487435  2.301354E-13
1498.82743179489  2.313158E-13
1500.27508871542  2.451114E-13
1501.72274563596  2.429623E-13
1503.1704025565  2.283217E-13
1504.61805947703  2.212567E-13
1506.06571639757  2.289147E-13
1507.51337331811  2.379083E-13
1508.96103023864  2.357177E-13
1510.40868715918  2.405680E-13
1511.85634407972  2.499288E-13
1513.30400100025  2.408419E-13
1514.75165792079  2.568030E-13
1516.19931484133  2.835292E-13
1517.64697176186  2.808161E-13
1519.0946286824  2.606561E-13
1520.54228560294  2.653921E-13
1521.98994252347  2.943323E-13
1523.43759944401  2.767298E-13
1524.88525636455  3.031708E-13
1526.33291328509  3.291291E-13
1527.78057020562  2.980900E-13
1529.22822712616  2.921073E-13
1530.6758840467  3.074312E-13
1532.12354096723  3.095197E-13
1533.57119788777  3.151696E-13
1535.01885480831  3.185898E-13
1536.46651172884  3.342663E-13
1537.91416864938  3.440800E-13
1539.36182556992  3.602630E-13
1540.80948249045  4.176703E-13
1542.25713941099  4.086230E-13
1543.70479633153  4.290521E-13
1545.15245325206  4.494423E-13
1546.6001101726  4.478403E-13
1548.04776709314  3.757078E-13
1549.49542401367  4.386218E-13
1550.94308093421  4.123259E-13
1552.39073785475  3.843910E-13
1553.83839477528  3.746229E-13
1555.28605169582  3.538325E-13
1556.73370861636  3.578081E-13
1558.18136553689  3.327395E-13
1559.62902245743  3.096769E-13
1561.07667937797  2.845679E-13
1562.5243362985  2.939739E-13
1563.97199321904  3.160914E-13
1565.41965013958  2.914705E-13
1566.86730706012  2.863783E-13
1568.31496398065  2.986397E-13
1569.76262090119  2.938074E-13
1571.21027782173  2.893589E-13
1572.65793474226  2.959440E-13
1574.1055916628  2.655922E-13
1575.55324858334  2.793287E-13
1577.00090550387  2.587070E-13
1578.44856242441  2.769977E-13
1579.89621934495  2.825447E-13
1581.34387626548  2.590095E-13
1582.79153318602  2.482684E-13
1584.23919010656  2.448986E-13
1585.68684702709  2.390259E-13
1587.13450394763  2.305548E-13
1588.58216086817  2.244579E-13
1590.0298177887  2.488299E-13
1591.47747470924  2.574200E-13
1592.92513162978  2.429369E-13
1594.37278855031  2.356187E-13
1595.82044547085  2.369998E-13
1597.26810239139  2.213873E-13
1598.71575931192  2.281815E-13
1600.16341623246  2.331838E-13
1601.611073153  2.292263E-13
1603.05873007354  2.256895E-13
1604.50638699407  2.350377E-13
1605.95404391461  2.431652E-13
1607.40170083515  2.544470E-13
1608.84935775568  2.379998E-13
1610.29701467622  2.386557E-13
1611.74467159676  2.431781E-13
1613.19232851729  2.460796E-13
1614.63998543783  2.377178E-13
1616.08764235837  2.264732E-13
1617.5352992789  2.374866E-13
1618.98295619944  2.438637E-13
1620.43061311998  2.494758E-13
1621.87827004051  2.480769E-13
1623.32592696105  2.448613E-13
1624.77358388159  2.531110E-13
1626.22124080212  2.445635E-13
1627.66889772266  2.464567E-13
1629.1165546432  2.523467E-13
1630.56421156373  2.503757E-13
1632.01186848427  2.633582E-13
1633.45952540481  2.529756E-13
1634.90718232534  2.478305E-13
1636.35483924588  2.415255E-13
1637.80249616642  2.431357E-13
1639.25015308695  2.429831E-13
1640.69781000749  2.487547E-13
1642.14546692803  2.350998E-13
1643.59312384857  2.358409E-13
1645.0407807691  2.342404E-13
1646.48843768964  2.272499E-13
1647.93609461018  2.166757E-13
1649.38375153071  2.268092E-13
1650.83140845125  2.304613E-13
1652.27906537179  2.239275E-13
1653.72672229232  2.279983E-13
1655.17437921286  2.340499E-13
1656.6220361334  2.439295E-13
1658.06969305393  2.285508E-13
1659.51734997447  2.371746E-13
1660.96500689501  2.326840E-13
1662.41266381554  2.337945E-13
1663.86032073608  2.420168E-13
1665.30797765662  2.357859E-13
1666.75563457715  2.371955E-13
1668.20329149769  2.436021E-13
1669.65094841823  2.262395E-13
1671.09860533876  2.266809E-13
1672.5462622593  2.240328E-13
1673.99391917984  2.155661E-13
1675.44157610038  2.190305E-13
1676.88923302091  2.174200E-13
1678.33688994145  2.265684E-13
1679.78454686199  2.245658E-13
1681.23220378252  2.170499E-13
1682.67986070306  2.152034E-13
1684.1275176236  2.072335E-13
1685.57517454413  1.980569E-13
1687.02283146467  2.125056E-13
1688.47048838521  2.182582E-13
1689.91814530574  2.233589E-13
1691.36580222628  2.220851E-13
1692.81345914682  2.179092E-13
1694.26111606735  2.129118E-13
1695.70877298789  2.202381E-13
1697.15642990843  2.288230E-13
1698.60408682896  2.253510E-13
1700.0517437495  2.268622E-13
1701.49940067004  2.227239E-13
1702.94705759057  2.201367E-13
1704.39471451111  2.126046E-13
1705.84237143165  2.139353E-13
1707.29002835218  1.996488E-13
1708.73768527272  1.956311E-13
1710.18534219326  0.
1711.63299911379  0.
1713.08065603433  0.
1714.52831295487  0.
1715.97596987541  0.
1717.42362679594  0.
1718.87128371648  0.
1720.31894063702  0.
1721.76659755755  0.
1723.21425447809  0.
1724.66191139863  0.
1726.10956831916  0.
1727.5572252397  0.
1729.00488216024  0.
1730.45253908077  0.
1731.90019600131  0.
1733.34785292185  0.
1734.79550984238  0.
1736.24316676292  0.
1737.69082368346  0.
1739.13848060399  0.
1740.58613752453  0.
1742.03379444507  0.
1743.4814513656  0.
1744.92910828614  0.
1746.37676520668  0.
1747.82442212721  0.
1749.27207904775  0.
1750.71973596829  0.
1752.16739288882  0.
1753.61504980936  0.
1755.0627067299  0.
1756.51036365043  0.
1757.95802057097  0.
1759.40567749151  0.
1760.85333441205  0.
1762.30099133258  0.
1763.74864825312  0.
1765.19630517366  0.
1766.64396209419  0.
1768.09161901473  0.
1769.53927593527  0.
1770.9869328558  0.
1772.43458977634  0.
1773.88224669688  0.
1775.32990361741  0.
1776.77756053795  0.
1778.22521745849  0.
1779.67287437902  0.
1781.12053129956  0.
1782.5681882201  0.
1784.01584514063  0.
1785.46350206117  0.
1786.91115898171  0.
1788.35881590224  0.
1789.80647282278  0.
1791.25412974332  0.
1792.70178666385  0.
1794.14944358439  0.
1795.59710050493  0.
1797.04475742547  0.
1798.492414346  0.
1799.94007126654  0.
1801.38772818708  0.
1802.83538510761  0.
1804.28304202815  0.
1805.73069894869  0.
1807.17835586922  0.
1808.62601278976  0.
1810.0736697103  0.
1811.52132663083  0.
1812.96898355137  0.
1814.41664047191  0.
1815.86429739244  0.
1817.31195431298  0.
1818.75961123352  0.
1820.20726815405  0.
1821.65492507459  0.
1823.10258199513  0.
1824.55023891566  0.
1825.9978958362  0.
1827.44555275674  0.
1828.89320967727  0.
1830.34086659781  0.
1831.78852351835  0.
