906.735751295338  0.
908.183408215875  0.
909.631065136412  0.
911.078722056949  0.
912.526378977485  0.
913.974035898022  0.
915.421692818559  0.
916.869349739096  0.
918.317006659633  0.
919.764663580169  0.
921.212320500706  0.
922.659977421243  0.
924.10763434178  0.
925.555291262316  0.
927.002948182853  0.
928.45060510339  0.
929.898262023927  0.
931.345918944464  0.
932.793575865  0.
934.241232785537  0.
935.688889706074  0.
937.136546626611  0.
938.584203547148  0.
940.031860467684  0.
941.479517388221  0.
942.927174308758  0.
944.374831229295  0.
945.822488149832  0.
947.270145070369  0.
948.717801990905  0.
950.165458911442  0.
951.613115831979  0.
953.060772752515  0.
954.508429673052  0.
955.956086593589  0.
957.403743514126  0.
958.851400434663  0.
960.2990573552  0.
961.746714275736  0.
963.194371196273  0.
964.64202811681  0.
966.089685037347  0.
967.537341957883  0.
968.98499887842  0.
970.432655798957  0.
971.880312719494  0.
973.327969640031  0.
974.775626560567  0.
976.223283481104  0.
977.670940401641  0.
979.118597322178  0.
980.566254242715  0.
982.013911163251  0.
983.461568083788  0.
984.909225004325  0.
986.356881924862  0.
987.804538845399  0.
989.252195765935  0.
990.699852686472  0.
992.147509607009  0.
993.595166527546  5.275394E-13
995.042823448082  5.021244E-13
996.490480368619  6.547051E-13
997.938137289156  4.835130E-13
999.385794209693  6.365848E-13
1000.83345113023  5.869119E-13
1002.28110805077  2.646619E-13
1003.7287649713  3.221214E-13
1005.17642189184  6.043089E-13
1006.62407881238  4.964988E-13
1008.07173573291  5.819813E-13
1009.51939265345  5.511987E-13
1010.96704957399  3.932755E-13
1012.41470649452  4.396022E-13
1013.86236341506  5.832187E-13
1015.3100203356  6.159020E-13
1016.75767725613  6.141030E-13
1018.20533417667  5.019770E-13
1019.65299109721  4.285955E-13
1021.10064801775  4.872188E-13
1022.54830493828  4.253005E-13
1023.99596185882  5.131257E-13
1025.44361877936  4.636946E-13
1026.89127569989  5.607453E-13
1028.33893262043  4.922549E-13
1029.78658954097  4.853689E-13
1031.2342464615  5.644173E-13
1032.68190338204  5.919316E-13
1034.12956030258  5.018606E-13
1035.57721722311  4.565394E-13
1037.02487414365  4.454912E-13
1038.47253106419  5.006502E-13
1039.92018798472  4.647714E-13
1041.36784490526  4.069407E-13
1042.8155018258  3.887432E-13
1044.26315874633  4.639905E-13
1045.71081566687  5.872946E-13
1047.15847258741  5.187153E-13
1048.60612950794  4.704932E-13
1050.05378642848  4.206336E-13
1051.50144334902  4.751621E-13
1052.94910026955  4.576171E-13
1054.39675719009  5.161856E-13
1055.84441411063  4.447441E-13
1057.29207103116  4.196162E-13
1058.7397279517  3.808983E-13
1060.18738487224  4.508587E-13
1061.63504179277  4.396273E-13
1063.08269871331  3.657465E-13
1064.53035563385  3.771735E-13
1065.97801255439  3.939064E-13
1067.42566947492  4.583568E-13
1068.87332639546  4.076061E-13
1070.320983316  3.755098E-13
1071.76864023653  4.560407E-13
1073.21629715707  4.099757E-13
1074.66395407761  4.352851E-13
1076.11161099814  3.721949E-13
1077.55926791868  3.509526E-13
1079.00692483922  4.533712E-13
1080.45458175975  3.545880E-13
1081.90223868029  3.813995E-13
1083.34989560083  4.097967E-13
1084.79755252136  3.480850E-13
1086.2452094419  3.255406E-13
1087.69286636244  3.350410E-13
1089.14052328297  3.353942E-13
1090.58818020351  3.352257E-13
1092.03583712405  3.706924E-13
1093.48349404458  3.558340E-13
1094.93115096512  3.921371E-13
1096.37880788566  3.413346E-13
1097.82646480619  3.485925E-13
1099.27412172673  3.754811E-13
1100.72177864727  3.909471E-13
1102.1694355678  3.590050E-13
1103.61709248834  3.706346E-13
1105.06474940888  3.649265E-13
1106.51240632942  3.382767E-13
1107.96006324995  3.671466E-13
1109.40772017049  4.105862E-13
1110.85537709103  3.782705E-13
1112.30303401156  3.894318E-13
1113.7506909321  4.066791E-13
1115.19834785264  4.078345E-13
1116.64600477317  3.953795E-13
1118.09366169371  3.513917E-13
1119.54131861425  3.305352E-13
1120.98897553478  3.403986E-13
1122.43663245532  3.282652E-13
1123.88428937586  3.067998E-13
1125.33194629639  2.844975E-13
1126.77960321693  3.187507E-13
1128.22726013747  3.610116E-13
1129.674917058  4.217965E-13
1131.12257397854  3.641515E-13
1132.57023089908  3.485539E-13
1134.01788781961  3.335034E-13
1135.46554474015  3.498527E-13
1136.91320166069  3.482332E-13
1138.36085858122  3.286683E-13
1139.80851550176  3.353680E-13
1141.2561724223  3.453713E-13
1142.70382934284  3.666362E-13
1144.15148626337  3.659578E-13
1145.59914318391  3.679279E-13
1147.04680010445  3.270079E-13
1148.49445702498  3.923127E-13
1149.94211394552  3.715014E-13
1151.38977086606  3.137176E-13
1152.83742778659  2.814845E-13
1154.28508470713  2.658723E-13
1155.73274162767  3.256945E-13
1157.1803985482  3.740588E-13
1158.62805546874  3.392113E-13
1160.07571238928  3.214675E-13
1161.52336930981  3.158360E-13
1162.97102623035  3.246328E-13
1164.41868315089  4.479144E-13
1165.86634007142  3.475149E-13
1167.31399699196  3.652969E-13
1168.7616539125  3.273830E-13
1170.20931083303  4.429669E-13
1171.65696775357  4.836382E-13
1173.10462467411  3.616621E-13
1174.55228159464  3.680732E-13
1175.99993851518  3.424166E-13
1177.44759543572  3.558677E-13
1178.89525235625  3.702350E-13
1180.34290927679  3.808972E-13
1181.79056619733  4.164214E-13
1183.23822311787  3.407599E-13
1184.6858800384  4.077881E-13
1186.13353695894  3.579342E-13
1187.58119387948  3.941452E-13
1189.02885080001  4.226176E-13
1190.47650772055  3.978654E-13
1191.92416464109  4.203599E-13
1193.37182156162  4.194198E-13
1194.81947848216  4.596045E-13
1196.2671354027  4.579811E-13
1197.71479232323  4.592964E-13
1199.16244924377  5.275722E-13
1200.61010616431  5.857283E-13
1202.05776308484  4.952999E-13
1203.50542000538  5.390675E-13
1204.95307692592  6.475797E-13
1206.40073384645  6.751757E-13
1207.84839076699  8.309528E-13
1209.29604768753  7.699609E-13
1210.74370460806  8.151236E-13
1212.1913615286  9.693462E-13
1213.63901844914  1.047537E-12
1215.08667536967  1.059848E-12
1216.53433229021  8.865907E-13
1217.98198921075  9.309314E-13
1219.42964613129  7.607131E-13
1220.87730305182  7.972727E-13
1222.32495997236  5.991985E-13
1223.7726168929  5.042681E-13
1225.22027381343  5.202206E-13
1226.66793073397  5.245427E-13
1228.11558765451  5.217351E-13
1229.56324457504  4.800665E-13
1231.01090149558  4.666237E-13
1232.45855841612  4.935115E-13
1233.90621533665  5.280613E-13
1235.35387225719  4.977855E-13
1236.80152917773  4.612751E-13
1238.24918609826  4.611076E-13
1239.6968430188  4.716822E-13
1241.14449993934  4.774489E-13
1242.59215685987  4.688439E-13
1244.03981378041  4.488095E-13
1245.48747070095  4.220765E-13
1246.93512762148  3.798694E-13
1248.38278454202  3.607959E-13
1249.83044146256  4.045694E-13
1251.27809838309  3.827497E-13
1252.72575530363  3.869187E-13
1254.17341222417  3.635826E-13
1255.62106914471  3.721382E-13
1257.06872606524  4.189901E-13
1258.51638298578  3.714040E-13
1259.96403990632  3.632887E-13
1261.41169682685  3.695888E-13
1262.85935374739  3.148707E-13
1264.30701066793  3.437021E-13
1265.75466758846  3.226814E-13
1267.202324509  3.218963E-13
1268.64998142954  3.091473E-13
1270.09763835007  3.378486E-13
1271.54529527061  3.314555E-13
1272.99295219115  3.023395E-13
1274.44060911168  3.513917E-13
1275.88826603222  3.525774E-13
1277.33592295276  3.408777E-13
1278.78357987329  3.431898E-13
1280.23123679383  3.396875E-13
1281.67889371437  3.257533E-13
1283.1265506349  3.218696E-13
1284.57420755544  3.038385E-13
1286.02186447598  3.056113E-13
1287.46952139651  2.711991E-13
1288.91717831705  2.392291E-13
1290.36483523759  3.162806E-13
1291.81249215812  3.011657E-13
1293.26014907866  2.887820E-13
1294.7078059992  2.774982E-13
1296.15546291974  2.783967E-13
1297.60311984027  2.905130E-13
1299.05077676081  3.028387E-13
1300.49843368135  2.815790E-13
1301.94609060188  3.128964E-13
1303.39374752242  2.885555E-13
1304.84140444296  2.879322E-13
1306.28906136349  2.913771E-13
1307.73671828403  2.833148E-13
1309.18437520457  2.465419E-13
1310.6320321251  2.341603E-13
1312.07968904564  3.019370E-13
1313.52734596618  2.618672E-13
1314.97500288671  2.926372E-13
1316.42265980725  2.414329E-13
1317.87031672779  2.461859E-13
1319.31797364832  2.559781E-13
1320.76563056886  2.633110E-13
1322.2132874894  2.432347E-13
1323.66094440993  3.205733E-13
1325.10860133047  2.886781E-13
1326.55625825101  3.063424E-13
1328.00391517154  3.096377E-13
1329.45157209208  3.215884E-13
1330.89922901262  3.043016E-13
1332.34688593315  3.082415E-13
1333.79454285369  2.617658E-13
1335.24219977423  2.780262E-13
1336.68985669477  2.641523E-13
1338.1375136153  2.547032E-13
1339.58517053584  2.671409E-13
1341.03282745638  2.743828E-13
1342.48048437691  2.430971E-13
1343.92814129745  2.697149E-13
1345.37579821799  3.211555E-13
1346.82345513852  3.136974E-13
1348.27111205906  3.220180E-13
1349.7187689796  2.642149E-13
1351.16642590013  3.216296E-13
1352.61408282067  2.801699E-13
1354.06173974121  2.400754E-13
1355.50939666174  3.043528E-13
1356.95705358228  2.627536E-13
1358.40471050282  2.548029E-13
1359.85236742335  2.648140E-13
1361.30002434389  3.027889E-13
1362.74768126443  2.949744E-13
1364.19533818496  2.949927E-13
1365.6429951055  2.577400E-13
1367.09065202604  2.783311E-13
1368.53830894657  2.857864E-13
1369.98596586711  2.878196E-13
1371.43362278765  2.511996E-13
1372.88127970819  2.941787E-13
1374.32893662872  2.693454E-13
1375.77659354926  3.084636E-13
1377.2242504698  2.580871E-13
1378.67190739033  2.957898E-13
1380.11956431087  3.076430E-13
1381.56722123141  3.004453E-13
1383.01487815194  2.725316E-13
1384.46253507248  2.814882E-13
1385.91019199302  2.948133E-13
1387.35784891355  2.975561E-13
1388.80550583409  2.901596E-13
1390.25316275463  2.972527E-13
1391.70081967516  2.845416E-13
1393.1484765957  3.582036E-13
1394.59613351624  3.589070E-13
1396.04379043677  3.442441E-13
1397.49144735731  3.193003E-13
1398.93910427785  3.506172E-13
1400.38676119838  3.028091E-13
1401.83441811892  3.360442E-13
1403.28207503946  3.029922E-13
1404.72973195999  2.918136E-13
1406.17738888053  2.837721E-13
1407.62504580107  2.785115E-13
1409.0727027216  3.032077E-13
1410.52035964214  2.833258E-13
1411.96801656268  3.180246E-13
1413.41567348322  2.972814E-13
1414.86333040375  3.122654E-13
1416.31098732429  3.047400E-13
1417.75864424483  2.390513E-13
1419.20630116536  2.794781E-13
1420.6539580859  2.779499E-13
1422.10161500644  2.511218E-13
1423.54927192697  2.811097E-13
1424.99692884751  2.939372E-13
1426.44458576805  2.604503E-13
1427.89224268858  2.751734E-13
1429.33989960912  3.090497E-13
1430.78755652966  2.858765E-13
1432.23521345019  2.631959E-13
1433.68287037073  2.913268E-13
1435.13052729127  2.702090E-13
1436.5781842118  2.474927E-13
1438.02584113234  2.966225E-13
1439.47349805288  2.874576E-13
1440.92115497341  2.563942E-13
1442.36881189395  2.469436E-13
1443.81646881449  2.560240E-13
1445.26412573502  2.329953E-13
1446.71178265556  2.425578E-13
1448.1594395761  2.272205E-13
1449.60709649664  2.128138E-13
1451.05475341717  2.308649E-13
1452.50241033771  2.582011E-13
1453.95006725825  2.445331E-13
1455.39772417878  2.420961E-13
1456.84538109932  2.386858E-13
1458.29303801986  2.704974E-13
1459.74069494039  2.511626E-13
1461.18835186093  2.481280E-13
1462.63600878147  2.509491E-13
1464.083665702  2.643750E-13
1465.53132262254  2.494896E-13
1466.97897954308  2.372492E-13
1468.42663646361  2.541821E-13
1469.87429338415  2.429248E-13
1471.32195030469  2.269460E-13
1472.76960722522  2.401575E-13
1474.21726414576  2.384341E-13
1475.6649210663  2.438615E-13
1477.11257798683  2.226511E-13
1478.56023490737  2.409296E-13
1480.00789182791  2.468496E-13
1481.45554874844  2.674157E-13
1482.90320566898  2.562207E-13
1484.35086258952  2.356639E-13
1485.79851951005  2.433367E-13
1487.24617643059  2.439899E-13
1488.69383335113  2.524048E-13
1490.14149027167  2.450051E-13
1491.5891471922  2.380761E-13
1493.03680411274  2.436780E-13
1494.48446103328  2.614924E-13
1495.93211795381  2.374549E-13
1497.37977487435  2.543278E-13
1498.82743179489  2.197933E-13
1500.27508871542  2.387648E-13
1501.72274563596  2.535203E-13
1503.1704025565  2.632338E-13
1504.61805947703  2.372557E-13
1506.06571639757  2.555101E-13
1507.51337331811  2.921175E-13
1508.96103023864  2.762708E-13
1510.40868715918  2.623306E-13
1511.85634407972  2.514153E-13
1513.30400100025  2.594277E-13
1514.75165792079  2.668909E-13
1516.19931484133  2.684055E-13
1517.64697176186  2.889362E-13
1519.0946286824  2.819486E-13
1520.54228560294  2.484951E-13
1521.98994252347  2.713323E-13
1523.43759944401  2.796040E-13
1524.88525636455  2.888196E-13
1526.33291328509  3.154116E-13
1527.78057020562  3.052056E-13
1529.22822712616  2.739212E-13
1530.6758840467  2.908131E-13
1532.12354096723  2.814908E-13
1533.57119788777  3.091598E-13
1535.01885480831  3.421777E-13
1536.46651172884  3.499796E-13
1537.91416864938  3.630240E-13
1539.36182556992  4.173120E-13
1540.80948249045  4.450212E-13
1542.25713941099  4.465662E-13
1543.70479633153  4.627138E-13
1545.15245325206  4.498837E-13
1546.6001101726  4.294838E-13
1548.04776709314  3.625358E-13
1549.49542401367  3.704643E-13
1550.94308093421  3.820556E-13
1552.39073785475  3.787850E-13
1553.83839477528  3.622639E-13
1555.28605169582  3.595989E-13
1556.73370861636  3.447202E-13
1558.18136553689  3.064662E-13
1559.62902245743  2.837773E-13
1561.07667937797  2.652973E-13
1562.5243362985  2.770300E-13
1563.97199321904  2.867106E-13
1565.41965013958  2.876549E-13
1566.86730706012  2.938434E-13
1568.31496398065  2.869023E-13
1569.76262090119  2.813144E-13
1571.21027782173  2.839064E-13
1572.65793474226  2.704647E-13
1574.1055916628  2.508480E-13
1575.55324858334  2.470780E-13
1577.00090550387  2.619192E-13
1578.44856242441  2.904538E-13
1579.89621934495  2.886224E-13
1581.34387626548  2.674366E-13
1582.79153318602  2.683070E-13
1584.23919010656  2.659463E-13
1585.68684702709  2.638170E-13
1587.13450394763  2.575687E-13
1588.58216086817  2.435127E-13
1590.0298177887  2.339297E-13
1591.47747470924  2.395188E-13
1592.92513162978  2.294616E-13
1594.37278855031  2.255089E-13
1595.82044547085  2.360721E-13
1597.26810239139  2.387061E-13
1598.71575931192  2.383484E-13
1600.16341623246  2.436110E-13
1601.611073153  2.234940E-13
1603.05873007354  2.212294E-13
1604.50638699407  2.289934E-13
1605.95404391461  2.323405E-13
1607.40170083515  2.297906E-13
1608.84935775568  2.262818E-13
1610.29701467622  2.330653E-13
1611.74467159676  2.297497E-13
1613.19232851729  2.342798E-13
1614.63998543783  2.300929E-13
1616.08764235837  2.535468E-13
1617.5352992789  2.634248E-13
1618.98295619944  2.658241E-13
1620.43061311998  2.522586E-13
1621.87827004051  2.471473E-13
1623.32592696105  2.368158E-13
1624.77358388159  2.443722E-13
1626.22124080212  2.370264E-13
1627.66889772266  2.527326E-13
1629.1165546432  2.496125E-13
1630.56421156373  2.445913E-13
1632.01186848427  2.538502E-13
1633.45952540481  2.585573E-13
1634.90718232534  2.597925E-13
1636.35483924588  2.489154E-13
1637.80249616642  2.461715E-13
1639.25015308695  2.484370E-13
1640.69781000749  2.418033E-13
1642.14546692803  2.365050E-13
1643.59312384857  2.291597E-13
1645.0407807691  2.255793E-13
1646.48843768964  2.204763E-13
1647.93609461018  2.149374E-13
1649.38375153071  2.103902E-13
1650.83140845125  2.146228E-13
1652.27906537179  2.372267E-13
1653.72672229232  2.521288E-13
1655.17437921286  2.501451E-13
1656.6220361334  2.467991E-13
1658.06969305393  2.403616E-13
1659.51734997447  2.473405E-13
1660.96500689501  2.503235E-13
1662.41266381554  2.514979E-13
1663.86032073608  2.475469E-13
1665.30797765662  2.341904E-13
1666.75563457715  2.364007E-13
1668.20329149769  2.269017E-13
1669.65094841823  2.236623E-13
1671.09860533876  2.231834E-13
1672.5462622593  2.185383E-13
1673.99391917984  2.106458E-13
1675.44157610038  2.214393E-13
1676.88923302091  2.199133E-13
1678.33688994145  2.218052E-13
1679.78454686199  2.196935E-13
1681.23220378252  2.171904E-13
1682.67986070306  2.176034E-13
1684.1275176236  2.199858E-13
1685.57517454413  2.216150E-13
1687.02283146467  2.249600E-13
1688.47048838521  2.218325E-13
1689.91814530574  2.248558E-13
1691.36580222628  2.268874E-13
1692.81345914682  2.146306E-13
1694.26111606735  2.077504E-13
1695.70877298789  2.037130E-13
1697.15642990843  2.176667E-13
1698.60408682896  2.208218E-13
1700.0517437495  2.162876E-13
1701.49940067004  2.182401E-13
1702.94705759057  2.027734E-13
1704.39471451111  1.961453E-13
1705.84237143165  2.016634E-13
1707.29002835218  1.976086E-13
1708.73768527272  1.978683E-13
1710.18534219326  0.
1711.63299911379  0.
1713.08065603433  0.
1714.52831295487  0.
1715.97596987541  0.
1717.42362679594  0.
1718.87128371648  0.
1720.31894063702  0.
1721.76659755755  0.
1723.21425447809  0.
1724.66191139863  0.
1726.10956831916  0.
1727.5572252397  0.
1729.00488216024  0.
1730.45253908077  0.
1731.90019600131  0.
1733.34785292185  0.
1734.79550984238  0.
1736.24316676292  0.
1737.69082368346  0.
1739.13848060399  0.
1740.58613752453  0.
1742.03379444507  0.
1743.4814513656  0.
1744.92910828614  0.
1746.37676520668  0.
1747.82442212721  0.
1749.27207904775  0.
1750.71973596829  0.
1752.16739288882  0.
1753.61504980936  0.
1755.0627067299  0.
1756.51036365043  0.
1757.95802057097  0.
1759.40567749151  0.
1760.85333441205  0.
1762.30099133258  0.
1763.74864825312  0.
1765.19630517366  0.
1766.64396209419  0.
1768.09161901473  0.
1769.53927593527  0.
1770.9869328558  0.
1772.43458977634  0.
1773.88224669688  0.
1775.32990361741  0.
1776.77756053795  0.
1778.22521745849  0.
1779.67287437902  0.
1781.12053129956  0.
1782.5681882201  0.
1784.01584514063  0.
1785.46350206117  0.
1786.91115898171  0.
1788.35881590224  0.
1789.80647282278  0.
1791.25412974332  0.
1792.70178666385  0.
1794.14944358439  0.
1795.59710050493  0.
1797.04475742547  0.
1798.492414346  0.
1799.94007126654  0.
1801.38772818708  0.
1802.83538510761  0.
1804.28304202815  0.
1805.73069894869  0.
1807.17835586922  0.
1808.62601278976  0.
1810.0736697103  0.
1811.52132663083  0.
1812.96898355137  0.
1814.41664047191  0.
1815.86429739244  0.
1817.31195431298  0.
1818.75961123352  0.
1820.20726815405  0.
1821.65492507459  0.
1823.10258199513  0.
1824.55023891566  0.
1825.9978958362  0.
1827.44555275674  0.
1828.89320967727  0.
1830.34086659781  0.
1831.78852351835  0.
