906.735751295338  0.
908.183408215875  0.
909.631065136412  0.
911.078722056949  0.
912.526378977485  0.
913.974035898022  0.
915.421692818559  0.
916.869349739096  0.
918.317006659633  0.
919.764663580169  0.
921.212320500706  0.
922.659977421243  0.
924.10763434178  0.
925.555291262316  0.
927.002948182853  0.
928.45060510339  0.
929.898262023927  0.
931.345918944464  0.
932.793575865  0.
934.241232785537  0.
935.688889706074  0.
937.136546626611  0.
938.584203547148  0.
940.031860467684  0.
941.479517388221  0.
942.927174308758  0.
944.374831229295  0.
945.822488149832  0.
947.270145070369  0.
948.717801990905  0.
950.165458911442  0.
951.613115831979  0.
953.060772752515  0.
954.508429673052  0.
955.956086593589  0.
957.403743514126  0.
958.851400434663  0.
960.2990573552  0.
961.746714275736  0.
963.194371196273  0.
964.64202811681  0.
966.089685037347  0.
967.537341957883  0.
968.98499887842  0.
970.432655798957  0.
971.880312719494  0.
973.327969640031  0.
974.775626560567  0.
976.223283481104  0.
977.670940401641  0.
979.118597322178  0.
980.566254242715  0.
982.013911163251  0.
983.461568083788  0.
984.909225004325  0.
986.356881924862  0.
987.804538845399  0.
989.252195765935  0.
990.699852686472  0.
992.147509607009  0.
993.595166527546  4.149748E-13
995.042823448082  3.187703E-13
996.490480368619  4.789321E-13
997.938137289156  4.546838E-13
999.385794209693  5.071831E-13
1000.83345113023  5.980572E-13
1002.28110805077  5.456275E-13
1003.7287649713  5.487392E-13
1005.17642189184  4.742584E-13
1006.62407881238  4.511084E-13
1008.07173573291  5.051789E-13
1009.51939265345  4.695795E-13
1010.96704957399  3.633927E-13
1012.41470649452  4.118178E-13
1013.86236341506  3.563270E-13
1015.3100203356  3.910553E-13
1016.75767725613  4.331410E-13
1018.20533417667  5.393109E-13
1019.65299109721  4.029221E-13
1021.10064801775  4.861431E-13
1022.54830493828  5.000665E-13
1023.99596185882  5.528290E-13
1025.44361877936  6.399342E-13
1026.89127569989  5.074356E-13
1028.33893262043  4.696097E-13
1029.78658954097  4.766882E-13
1031.2342464615  4.555863E-13
1032.68190338204  4.427127E-13
1034.12956030258  5.016734E-13
1035.57721722311  5.278403E-13
1037.02487414365  4.307850E-13
1038.47253106419  4.144325E-13
1039.92018798472  3.910330E-13
1041.36784490526  4.063930E-13
1042.8155018258  3.859349E-13
1044.26315874633  4.320117E-13
1045.71081566687  5.315968E-13
1047.15847258741  5.271491E-13
1048.60612950794  4.729870E-13
1050.05378642848  4.289348E-13
1051.50144334902  4.997089E-13
1052.94910026955  5.325868E-13
1054.39675719009  5.509653E-13
1055.84441411063  4.822981E-13
1057.29207103116  4.043982E-13
1058.7397279517  3.747178E-13
1060.18738487224  3.925270E-13
1061.63504179277  4.007195E-13
1063.08269871331  4.139088E-13
1064.53035563385  4.443054E-13
1065.97801255439  3.964057E-13
1067.42566947492  4.573034E-13
1068.87332639546  3.875832E-13
1070.320983316  3.456529E-13
1071.76864023653  4.032250E-13
1073.21629715707  3.858004E-13
1074.66395407761  4.363650E-13
1076.11161099814  4.157732E-13
1077.55926791868  4.089267E-13
1079.00692483922  4.173319E-13
1080.45458175975  3.623364E-13
1081.90223868029  3.666015E-13
1083.34989560083  3.547375E-13
1084.79755252136  3.432601E-13
1086.2452094419  3.612346E-13
1087.69286636244  3.053228E-13
1089.14052328297  3.266440E-13
1090.58818020351  3.184473E-13
1092.03583712405  3.588473E-13
1093.48349404458  3.326701E-13
1094.93115096512  3.506804E-13
1096.37880788566  3.696587E-13
1097.82646480619  3.883016E-13
1099.27412172673  3.637985E-13
1100.72177864727  3.398984E-13
1102.1694355678  3.585665E-13
1103.61709248834  3.334668E-13
1105.06474940888  3.750526E-13
1106.51240632942  3.884905E-13
1107.96006324995  3.244206E-13
1109.40772017049  3.624152E-13
1110.85537709103  4.384418E-13
1112.30303401156  3.274023E-13
1113.7506909321  3.318363E-13
1115.19834785264  3.441341E-13
1116.64600477317  3.519507E-13
1118.09366169371  3.744250E-13
1119.54131861425  3.246131E-13
1120.98897553478  3.529584E-13
1122.43663245532  3.780788E-13
1123.88428937586  3.944655E-13
1125.33194629639  3.098521E-13
1126.77960321693  3.278827E-13
1128.22726013747  3.281140E-13
1129.674917058  3.862244E-13
1131.12257397854  3.079752E-13
1132.57023089908  3.075356E-13
1134.01788781961  3.426980E-13
1135.46554474015  3.826915E-13
1136.91320166069  3.558412E-13
1138.36085858122  2.982949E-13
1139.80851550176  2.935207E-13
1141.2561724223  3.373256E-13
1142.70382934284  3.161316E-13
1144.15148626337  3.896453E-13
1145.59914318391  3.813243E-13
1147.04680010445  3.813894E-13
1148.49445702498  3.827237E-13
1149.94211394552  3.719858E-13
1151.38977086606  3.298229E-13
1152.83742778659  3.122703E-13
1154.28508470713  2.993221E-13
1155.73274162767  3.309044E-13
1157.1803985482  3.691659E-13
1158.62805546874  3.772567E-13
1160.07571238928  3.209461E-13
1161.52336930981  3.340907E-13
1162.97102623035  3.053773E-13
1164.41868315089  3.839898E-13
1165.86634007142  3.167994E-13
1167.31399699196  3.627931E-13
1168.7616539125  3.371755E-13
1170.20931083303  3.493065E-13
1171.65696775357  5.098315E-13
1173.10462467411  3.906606E-13
1174.55228159464  3.107528E-13
1175.99993851518  3.316325E-13
1177.44759543572  3.789761E-13
1178.89525235625  3.373310E-13
1180.34290927679  3.292242E-13
1181.79056619733  3.590225E-13
1183.23822311787  3.598795E-13
1184.6858800384  3.626215E-13
1186.13353695894  3.838442E-13
1187.58119387948  4.070863E-13
1189.02885080001  4.017210E-13
1190.47650772055  3.758423E-13
1191.92416464109  4.010600E-13
1193.37182156162  4.516563E-13
1194.81947848216  4.446985E-13
1196.2671354027  4.557442E-13
1197.71479232323  4.630606E-13
1199.16244924377  5.065731E-13
1200.61010616431  5.163253E-13
1202.05776308484  5.223123E-13
1203.50542000538  4.715470E-13
1204.95307692592  4.622298E-13
1206.40073384645  5.812996E-13
1207.84839076699  6.758982E-13
1209.29604768753  7.470249E-13
1210.74370460806  7.221204E-13
1212.1913615286  8.913293E-13
1213.63901844914  9.463069E-13
1215.08667536967  9.518384E-13
1216.53433229021  1.024328E-12
1217.98198921075  9.036762E-13
1219.42964613129  8.365689E-13
1220.87730305182  7.312316E-13
1222.32495997236  7.468844E-13
1223.7726168929  5.632414E-13
1225.22027381343  5.903498E-13
1226.66793073397  4.775310E-13
1228.11558765451  5.332163E-13
1229.56324457504  5.154487E-13
1231.01090149558  4.974935E-13
1232.45855841612  4.633309E-13
1233.90621533665  5.023140E-13
1235.35387225719  5.230820E-13
1236.80152917773  5.235627E-13
1238.24918609826  5.334061E-13
1239.6968430188  5.057429E-13
1241.14449993934  4.803179E-13
1242.59215685987  4.571212E-13
1244.03981378041  4.397628E-13
1245.48747070095  4.367625E-13
1246.93512762148  3.695467E-13
1248.38278454202  4.233251E-13
1249.83044146256  3.887577E-13
1251.27809838309  3.790518E-13
1252.72575530363  3.898928E-13
1254.17341222417  3.581274E-13
1255.62106914471  3.787799E-13
1257.06872606524  3.409711E-13
1258.51638298578  3.465188E-13
1259.96403990632  3.441122E-13
1261.41169682685  3.714048E-13
1262.85935374739  3.899950E-13
1264.30701066793  3.890233E-13
1265.75466758846  3.606679E-13
1267.202324509  3.417595E-13
1268.64998142954  2.897603E-13
1270.09763835007  3.088791E-13
1271.54529527061  3.067246E-13
1272.99295219115  3.461746E-13
1274.44060911168  3.391752E-13
1275.88826603222  3.348515E-13
1277.33592295276  3.145107E-13
1278.78357987329  3.207261E-13
1280.23123679383  3.148014E-13
1281.67889371437  2.786435E-13
1283.1265506349  2.820560E-13
1284.57420755544  2.867311E-13
1286.02186447598  3.195763E-13
1287.46952139651  3.071002E-13
1288.91717831705  3.193629E-13
1290.36483523759  3.120654E-13
1291.81249215812  3.300181E-13
1293.26014907866  2.973650E-13
1294.7078059992  3.091341E-13
1296.15546291974  3.021271E-13
1297.60311984027  2.637262E-13
1299.05077676081  2.987146E-13
1300.49843368135  2.967057E-13
1301.94609060188  3.389839E-13
1303.39374752242  3.222277E-13
1304.84140444296  2.939960E-13
1306.28906136349  3.019799E-13
1307.73671828403  3.256635E-13
1309.18437520457  2.896502E-13
1310.6320321251  2.934949E-13
1312.07968904564  3.229910E-13
1313.52734596618  2.954325E-13
1314.97500288671  3.296711E-13
1316.42265980725  3.231342E-13
1317.87031672779  2.948574E-13
1319.31797364832  3.104084E-13
1320.76563056886  3.019052E-13
1322.2132874894  2.686465E-13
1323.66094440993  2.926496E-13
1325.10860133047  2.644618E-13
1326.55625825101  2.936740E-13
1328.00391517154  2.968864E-13
1329.45157209208  2.842947E-13
1330.89922901262  3.205683E-13
1332.34688593315  3.388964E-13
1333.79454285369  3.135234E-13
1335.24219977423  2.969349E-13
1336.68985669477  2.524805E-13
1338.1375136153  2.842825E-13
1339.58517053584  2.730084E-13
1341.03282745638  2.970244E-13
1342.48048437691  2.736440E-13
1343.92814129745  2.857558E-13
1345.37579821799  2.735976E-13
1346.82345513852  2.751223E-13
1348.27111205906  2.721999E-13
1349.7187689796  2.815543E-13
1351.16642590013  3.014303E-13
1352.61408282067  2.672702E-13
1354.06173974121  2.505716E-13
1355.50939666174  2.910550E-13
1356.95705358228  2.882092E-13
1358.40471050282  2.785510E-13
1359.85236742335  3.139682E-13
1361.30002434389  3.165303E-13
1362.74768126443  2.941221E-13
1364.19533818496  2.843631E-13
1365.6429951055  2.375129E-13
1367.09065202604  2.355778E-13
1368.53830894657  3.140996E-13
1369.98596586711  3.307067E-13
1371.43362278765  2.922084E-13
1372.88127970819  2.668683E-13
1374.32893662872  2.614496E-13
1375.77659354926  2.789514E-13
1377.2242504698  2.665956E-13
1378.67190739033  3.120523E-13
1380.11956431087  2.830818E-13
1381.56722123141  2.965975E-13
1383.01487815194  2.586900E-13
1384.46253507248  2.770995E-13
1385.91019199302  2.726693E-13
1387.35784891355  2.898018E-13
1388.80550583409  2.863939E-13
1390.25316275463  2.876431E-13
1391.70081967516  2.947759E-13
1393.1484765957  3.081500E-13
1394.59613351624  2.986960E-13
1396.04379043677  3.052239E-13
1397.49144735731  3.013156E-13
1398.93910427785  3.104390E-13
1400.38676119838  3.741725E-13
1401.83441811892  3.877622E-13
1403.28207503946  3.093045E-13
1404.72973195999  3.208580E-13
1406.17738888053  2.869189E-13
1407.62504580107  2.704427E-13
1409.0727027216  2.903214E-13
1410.52035964214  2.541687E-13
1411.96801656268  3.124062E-13
1413.41567348322  3.157146E-13
1414.86333040375  2.469073E-13
1416.31098732429  2.876053E-13
1417.75864424483  2.793448E-13
1419.20630116536  2.568309E-13
1420.6539580859  2.307297E-13
1422.10161500644  2.737333E-13
1423.54927192697  2.571987E-13
1424.99692884751  2.765152E-13
1426.44458576805  2.548525E-13
1427.89224268858  2.613687E-13
1429.33989960912  2.568251E-13
1430.78755652966  2.507609E-13
1432.23521345019  2.395625E-13
1433.68287037073  2.868555E-13
1435.13052729127  2.569076E-13
1436.5781842118  2.393870E-13
1438.02584113234  2.378856E-13
1439.47349805288  2.378842E-13
1440.92115497341  2.649316E-13
1442.36881189395  2.122636E-13
1443.81646881449  2.113401E-13
1445.26412573502  2.451539E-13
1446.71178265556  2.566981E-13
1448.1594395761  2.376303E-13
1449.60709649664  2.347788E-13
1451.05475341717  2.288133E-13
1452.50241033771  2.419392E-13
1453.95006725825  2.176061E-13
1455.39772417878  2.584852E-13
1456.84538109932  2.513988E-13
1458.29303801986  2.503813E-13
1459.74069494039  2.522873E-13
1461.18835186093  2.803189E-13
1462.63600878147  2.535220E-13
1464.083665702  2.468729E-13
1465.53132262254  2.283868E-13
1466.97897954308  2.475481E-13
1468.42663646361  2.783789E-13
1469.87429338415  2.616981E-13
1471.32195030469  2.469914E-13
1472.76960722522  2.585693E-13
1474.21726414576  2.576488E-13
1475.6649210663  2.466392E-13
1477.11257798683  2.501686E-13
1478.56023490737  2.641082E-13
1480.00789182791  2.486743E-13
1481.45554874844  2.429788E-13
1482.90320566898  2.384940E-13
1484.35086258952  2.448613E-13
1485.79851951005  2.366987E-13
1487.24617643059  2.537696E-13
1488.69383335113  2.460822E-13
1490.14149027167  2.237980E-13
1491.5891471922  2.347202E-13
1493.03680411274  2.513212E-13
1494.48446103328  2.626302E-13
1495.93211795381  2.468292E-13
1497.37977487435  2.580831E-13
1498.82743179489  2.450330E-13
1500.27508871542  2.650423E-13
1501.72274563596  2.441038E-13
1503.1704025565  2.493516E-13
1504.61805947703  2.670376E-13
1506.06571639757  2.688067E-13
1507.51337331811  2.591218E-13
1508.96103023864  2.689735E-13
1510.40868715918  2.559339E-13
1511.85634407972  2.731248E-13
1513.30400100025  2.849717E-13
1514.75165792079  2.548365E-13
1516.19931484133  2.569532E-13
1517.64697176186  2.547218E-13
1519.0946286824  2.663414E-13
1520.54228560294  2.650724E-13
1521.98994252347  2.734705E-13
1523.43759944401  2.712097E-13
1524.88525636455  2.828893E-13
1526.33291328509  2.998352E-13
1527.78057020562  2.840542E-13
1529.22822712616  2.850525E-13
1530.6758840467  3.022474E-13
1532.12354096723  3.097788E-13
1533.57119788777  3.374844E-13
1535.01885480831  3.303361E-13
1536.46651172884  3.305018E-13
1537.91416864938  3.564137E-13
1539.36182556992  3.741036E-13
1540.80948249045  4.214608E-13
1542.25713941099  4.344097E-13
1543.70479633153  4.150693E-13
1545.15245325206  4.606464E-13
1546.6001101726  4.679100E-13
1548.04776709314  4.389775E-13
1549.49542401367  4.275557E-13
1550.94308093421  3.967208E-13
1552.39073785475  3.642380E-13
1553.83839477528  3.526909E-13
1555.28605169582  3.406406E-13
1556.73370861636  3.275259E-13
1558.18136553689  3.259578E-13
1559.62902245743  2.910832E-13
1561.07667937797  2.621736E-13
1562.5243362985  2.781176E-13
1563.97199321904  2.734274E-13
1565.41965013958  2.828191E-13
1566.86730706012  2.767762E-13
1568.31496398065  2.835467E-13
1569.76262090119  2.892791E-13
1571.21027782173  2.833324E-13
1572.65793474226  2.762906E-13
1574.1055916628  2.653353E-13
1575.55324858334  2.725316E-13
1577.00090550387  2.488794E-13
1578.44856242441  2.604832E-13
1579.89621934495  2.640886E-13
1581.34387626548  2.571601E-13
1582.79153318602  2.640954E-13
1584.23919010656  2.594323E-13
1585.68684702709  2.421238E-13
1587.13450394763  2.472118E-13
1588.58216086817  2.488117E-13
1590.0298177887  2.472951E-13
1591.47747470924  2.515803E-13
1592.92513162978  2.505032E-13
1594.37278855031  2.480570E-13
1595.82044547085  2.475941E-13
1597.26810239139  2.396598E-13
1598.71575931192  2.386121E-13
1600.16341623246  2.327851E-13
1601.611073153  2.259010E-13
1603.05873007354  2.352538E-13
1604.50638699407  2.348594E-13
1605.95404391461  2.400644E-13
1607.40170083515  2.329824E-13
1608.84935775568  2.341644E-13
1610.29701467622  2.425655E-13
1611.74467159676  2.372830E-13
1613.19232851729  2.438032E-13
1614.63998543783  2.352384E-13
1616.08764235837  2.327702E-13
1617.5352992789  2.311888E-13
1618.98295619944  2.351072E-13
1620.43061311998  2.419972E-13
1621.87827004051  2.479177E-13
1623.32592696105  2.377670E-13
1624.77358388159  2.320006E-13
1626.22124080212  2.269435E-13
1627.66889772266  2.356879E-13
1629.1165546432  2.354067E-13
1630.56421156373  2.379145E-13
1632.01186848427  2.234782E-13
1633.45952540481  2.272395E-13
1634.90718232534  2.478359E-13
1636.35483924588  2.464640E-13
1637.80249616642  2.297208E-13
1639.25015308695  2.405193E-13
1640.69781000749  2.431961E-13
1642.14546692803  2.375619E-13
1643.59312384857  2.429391E-13
1645.0407807691  2.449671E-13
1646.48843768964  2.405172E-13
1647.93609461018  2.331534E-13
1649.38375153071  2.221921E-13
1650.83140845125  2.222733E-13
1652.27906537179  2.356222E-13
1653.72672229232  2.383179E-13
1655.17437921286  2.460883E-13
1656.6220361334  2.517063E-13
1658.06969305393  2.511790E-13
1659.51734997447  2.440711E-13
1660.96500689501  2.376277E-13
1662.41266381554  2.363698E-13
1663.86032073608  2.464637E-13
1665.30797765662  2.465205E-13
1666.75563457715  2.454120E-13
1668.20329149769  2.414764E-13
1669.65094841823  2.271681E-13
1671.09860533876  2.167187E-13
1672.5462622593  2.195649E-13
1673.99391917984  2.107384E-13
1675.44157610038  2.117410E-13
1676.88923302091  2.187608E-13
1678.33688994145  2.171124E-13
1679.78454686199  2.090887E-13
1681.23220378252  2.137420E-13
1682.67986070306  2.064961E-13
1684.1275176236  2.097573E-13
1685.57517454413  2.061457E-13
1687.02283146467  2.106785E-13
1688.47048838521  2.081468E-13
1689.91814530574  2.020188E-13
1691.36580222628  1.875292E-13
1692.81345914682  1.902914E-13
1694.26111606735  1.980122E-13
1695.70877298789  2.129659E-13
1697.15642990843  2.181045E-13
1698.60408682896  2.148021E-13
1700.0517437495  2.140686E-13
1701.49940067004  2.116351E-13
1702.94705759057  2.092668E-13
1704.39471451111  2.146834E-13
1705.84237143165  2.141474E-13
1707.29002835218  2.140152E-13
1708.73768527272  2.021340E-13
1710.18534219326  0.
1711.63299911379  0.
1713.08065603433  0.
1714.52831295487  0.
1715.97596987541  0.
1717.42362679594  0.
1718.87128371648  0.
1720.31894063702  0.
1721.76659755755  0.
1723.21425447809  0.
1724.66191139863  0.
1726.10956831916  0.
1727.5572252397  0.
1729.00488216024  0.
1730.45253908077  0.
1731.90019600131  0.
1733.34785292185  0.
1734.79550984238  0.
1736.24316676292  0.
1737.69082368346  0.
1739.13848060399  0.
1740.58613752453  0.
1742.03379444507  0.
1743.4814513656  0.
1744.92910828614  0.
1746.37676520668  0.
1747.82442212721  0.
1749.27207904775  0.
1750.71973596829  0.
1752.16739288882  0.
1753.61504980936  0.
1755.0627067299  0.
1756.51036365043  0.
1757.95802057097  0.
1759.40567749151  0.
1760.85333441205  0.
1762.30099133258  0.
1763.74864825312  0.
1765.19630517366  0.
1766.64396209419  0.
1768.09161901473  0.
1769.53927593527  0.
1770.9869328558  0.
1772.43458977634  0.
1773.88224669688  0.
1775.32990361741  0.
1776.77756053795  0.
1778.22521745849  0.
1779.67287437902  0.
1781.12053129956  0.
1782.5681882201  0.
1784.01584514063  0.
1785.46350206117  0.
1786.91115898171  0.
1788.35881590224  0.
1789.80647282278  0.
1791.25412974332  0.
1792.70178666385  0.
1794.14944358439  0.
1795.59710050493  0.
1797.04475742547  0.
1798.492414346  0.
1799.94007126654  0.
1801.38772818708  0.
1802.83538510761  0.
1804.28304202815  0.
1805.73069894869  0.
1807.17835586922  0.
1808.62601278976  0.
1810.0736697103  0.
1811.52132663083  0.
1812.96898355137  0.
1814.41664047191  0.
1815.86429739244  0.
1817.31195431298  0.
1818.75961123352  0.
1820.20726815405  0.
1821.65492507459  0.
1823.10258199513  0.
1824.55023891566  0.
1825.9978958362  0.
1827.44555275674  0.
1828.89320967727  0.
1830.34086659781  0.
1831.78852351835  0.
