906.735751295338  0.
908.183408215875  0.
909.631065136412  0.
911.078722056949  0.
912.526378977485  0.
913.974035898022  0.
915.421692818559  0.
916.869349739096  0.
918.317006659633  0.
919.764663580169  0.
921.212320500706  0.
922.659977421243  0.
924.10763434178  0.
925.555291262316  0.
927.002948182853  0.
928.45060510339  0.
929.898262023927  0.
931.345918944464  0.
932.793575865  0.
934.241232785537  0.
935.688889706074  0.
937.136546626611  0.
938.584203547148  0.
940.031860467684  0.
941.479517388221  0.
942.927174308758  0.
944.374831229295  0.
945.822488149832  0.
947.270145070369  0.
948.717801990905  0.
950.165458911442  0.
951.613115831979  0.
953.060772752515  0.
954.508429673052  0.
955.956086593589  0.
957.403743514126  0.
958.851400434663  0.
960.2990573552  0.
961.746714275736  0.
963.194371196273  0.
964.64202811681  0.
966.089685037347  0.
967.537341957883  0.
968.98499887842  0.
970.432655798957  0.
971.880312719494  0.
973.327969640031  0.
974.775626560567  0.
976.223283481104  0.
977.670940401641  0.
979.118597322178  0.
980.566254242715  0.
982.013911163251  0.
983.461568083788  0.
984.909225004325  0.
986.356881924862  0.
987.804538845399  0.
989.252195765935  0.
990.699852686472  0.
992.147509607009  0.
993.595166527546  3.737265E-13
995.042823448082  4.300710E-13
996.490480368619  7.072152E-13
997.938137289156  2.781823E-13
999.385794209693  4.108875E-13
1000.83345113023  3.936387E-13
1002.28110805077  2.537388E-13
1003.7287649713  3.887303E-13
1005.17642189184  4.686884E-13
1006.62407881238  4.352073E-13
1008.07173573291  2.825307E-13
1009.51939265345  4.257600E-13
1010.96704957399  6.818928E-13
1012.41470649452  7.043955E-13
1013.86236341506  5.636840E-13
1015.3100203356  4.746846E-13
1016.75767725613  4.513050E-13
1018.20533417667  4.273618E-13
1019.65299109721  4.155546E-13
1021.10064801775  4.319257E-13
1022.54830493828  4.013277E-13
1023.99596185882  4.113116E-13
1025.44361877936  5.198968E-13
1026.89127569989  4.452031E-13
1028.33893262043  3.761657E-13
1029.78658954097  4.242755E-13
1031.2342464615  4.218950E-13
1032.68190338204  4.979455E-13
1034.12956030258  4.514194E-13
1035.57721722311  5.226781E-13
1037.02487414365  4.777144E-13
1038.47253106419  4.369489E-13
1039.92018798472  4.902079E-13
1041.36784490526  4.664721E-13
1042.8155018258  4.428393E-13
1044.26315874633  4.940934E-13
1045.71081566687  8.445739E-13
1047.15847258741  7.907161E-13
1048.60612950794  7.441840E-13
1050.05378642848  6.353329E-13
1051.50144334902  6.763143E-13
1052.94910026955  6.580649E-13
1054.39675719009  5.570660E-13
1055.84441411063  4.321067E-13
1057.29207103116  3.910655E-13
1058.7397279517  3.178239E-13
1060.18738487224  3.797459E-13
1061.63504179277  4.647473E-13
1063.08269871331  3.922029E-13
1064.53035563385  4.190265E-13
1065.97801255439  3.578827E-13
1067.42566947492  4.062778E-13
1068.87332639546  3.134835E-13
1070.320983316  3.731306E-13
1071.76864023653  4.264010E-13
1073.21629715707  3.874695E-13
1074.66395407761  4.608240E-13
1076.11161099814  4.215040E-13
1077.55926791868  4.344077E-13
1079.00692483922  4.178945E-13
1080.45458175975  3.626026E-13
1081.90223868029  3.812324E-13
1083.34989560083  3.570111E-13
1084.79755252136  3.206521E-13
1086.2452094419  3.884471E-13
1087.69286636244  3.178743E-13
1089.14052328297  2.924317E-13
1090.58818020351  3.051283E-13
1092.03583712405  3.514863E-13
1093.48349404458  3.743331E-13
1094.93115096512  3.455572E-13
1096.37880788566  3.570011E-13
1097.82646480619  3.353844E-13
1099.27412172673  3.562094E-13
1100.72177864727  3.866198E-13
1102.1694355678  3.327432E-13
1103.61709248834  3.525880E-13
1105.06474940888  3.554145E-13
1106.51240632942  3.418169E-13
1107.96006324995  3.618202E-13
1109.40772017049  4.504551E-13
1110.85537709103  3.756592E-13
1112.30303401156  3.527011E-13
1113.7506909321  3.386436E-13
1115.19834785264  3.447406E-13
1116.64600477317  3.557050E-13
1118.09366169371  4.561586E-13
1119.54131861425  3.073310E-13
1120.98897553478  4.220729E-13
1122.43663245532  3.313817E-13
1123.88428937586  3.659786E-13
1125.33194629639  2.994415E-13
1126.77960321693  2.823068E-13
1128.22726013747  3.304649E-13
1129.674917058  3.225811E-13
1131.12257397854  3.309378E-13
1132.57023089908  3.336018E-13
1134.01788781961  3.360236E-13
1135.46554474015  3.983598E-13
1136.91320166069  3.426787E-13
1138.36085858122  3.484341E-13
1139.80851550176  3.348381E-13
1141.2561724223  3.182551E-13
1142.70382934284  3.174824E-13
1144.15148626337  3.896535E-13
1145.59914318391  3.345337E-13
1147.04680010445  3.269075E-13
1148.49445702498  4.048266E-13
1149.94211394552  3.394954E-13
1151.38977086606  3.121173E-13
1152.83742778659  3.065478E-13
1154.28508470713  2.808104E-13
1155.73274162767  3.356092E-13
1157.1803985482  3.373708E-13
1158.62805546874  2.999310E-13
1160.07571238928  3.457308E-13
1161.52336930981  3.193372E-13
1162.97102623035  3.789342E-13
1164.41868315089  3.494777E-13
1165.86634007142  3.659092E-13
1167.31399699196  4.120628E-13
1168.7616539125  3.421821E-13
1170.20931083303  4.387233E-13
1171.65696775357  4.025822E-13
1173.10462467411  3.191506E-13
1174.55228159464  3.633289E-13
1175.99993851518  3.785796E-13
1177.44759543572  3.998270E-13
1178.89525235625  3.532713E-13
1180.34290927679  3.747942E-13
1181.79056619733  3.427763E-13
1183.23822311787  3.418762E-13
1184.6858800384  4.054692E-13
1186.13353695894  3.750267E-13
1187.58119387948  4.208478E-13
1189.02885080001  3.303544E-13
1190.47650772055  3.850198E-13
1191.92416464109  4.185309E-13
1193.37182156162  4.745240E-13
1194.81947848216  4.499839E-13
1196.2671354027  4.897004E-13
1197.71479232323  4.378248E-13
1199.16244924377  4.990592E-13
1200.61010616431  5.088548E-13
1202.05776308484  5.027031E-13
1203.50542000538  4.760927E-13
1204.95307692592  5.476335E-13
1206.40073384645  5.735197E-13
1207.84839076699  6.983970E-13
1209.29604768753  6.709219E-13
1210.74370460806  7.409256E-13
1212.1913615286  9.236946E-13
1213.63901844914  1.050722E-12
1215.08667536967  9.844892E-13
1216.53433229021  1.042405E-12
1217.98198921075  9.753536E-13
1219.42964613129  9.364810E-13
1220.87730305182  7.870675E-13
1222.32495997236  7.054745E-13
1223.7726168929  6.509184E-13
1225.22027381343  5.872470E-13
1226.66793073397  5.414282E-13
1228.11558765451  5.695645E-13
1229.56324457504  4.662588E-13
1231.01090149558  5.257359E-13
1232.45855841612  5.054420E-13
1233.90621533665  5.204774E-13
1235.35387225719  5.287962E-13
1236.80152917773  5.282719E-13
1238.24918609826  5.036098E-13
1239.6968430188  5.010917E-13
1241.14449993934  4.846806E-13
1242.59215685987  4.003735E-13
1244.03981378041  4.726465E-13
1245.48747070095  4.099162E-13
1246.93512762148  4.032440E-13
1248.38278454202  3.849597E-13
1249.83044146256  3.917517E-13
1251.27809838309  3.856371E-13
1252.72575530363  3.947768E-13
1254.17341222417  3.700529E-13
1255.62106914471  3.792148E-13
1257.06872606524  3.470526E-13
1258.51638298578  3.145315E-13
1259.96403990632  3.671120E-13
1261.41169682685  3.370732E-13
1262.85935374739  3.791529E-13
1264.30701066793  3.684422E-13
1265.75466758846  4.100031E-13
1267.202324509  3.584052E-13
1268.64998142954  3.829065E-13
1270.09763835007  3.388491E-13
1271.54529527061  2.865618E-13
1272.99295219115  2.979978E-13
1274.44060911168  3.119964E-13
1275.88826603222  2.904860E-13
1277.33592295276  3.203577E-13
1278.78357987329  3.207040E-13
1280.23123679383  3.230731E-13
1281.67889371437  2.925874E-13
1283.1265506349  2.971911E-13
1284.57420755544  3.039834E-13
1286.02186447598  3.462849E-13
1287.46952139651  3.176389E-13
1288.91717831705  2.818812E-13
1290.36483523759  2.750830E-13
1291.81249215812  2.987341E-13
1293.26014907866  3.263832E-13
1294.7078059992  2.616473E-13
1296.15546291974  3.048522E-13
1297.60311984027  2.505911E-13
1299.05077676081  2.844849E-13
1300.49843368135  2.688783E-13
1301.94609060188  3.019203E-13
1303.39374752242  3.129236E-13
1304.84140444296  2.801030E-13
1306.28906136349  2.459934E-13
1307.73671828403  2.552785E-13
1309.18437520457  2.713087E-13
1310.6320321251  2.743814E-13
1312.07968904564  3.119915E-13
1313.52734596618  2.979434E-13
1314.97500288671  3.042138E-13
1316.42265980725  2.822424E-13
1317.87031672779  2.782689E-13
1319.31797364832  2.765812E-13
1320.76563056886  2.676402E-13
1322.2132874894  2.332019E-13
1323.66094440993  3.033488E-13
1325.10860133047  2.610752E-13
1326.55625825101  2.439802E-13
1328.00391517154  2.538644E-13
1329.45157209208  3.074146E-13
1330.89922901262  2.454462E-13
1332.34688593315  2.982668E-13
1333.79454285369  2.894507E-13
1335.24219977423  2.821186E-13
1336.68985669477  2.490019E-13
1338.1375136153  2.717059E-13
1339.58517053584  2.314418E-13
1341.03282745638  3.072037E-13
1342.48048437691  3.028557E-13
1343.92814129745  2.943760E-13
1345.37579821799  2.802122E-13
1346.82345513852  2.722021E-13
1348.27111205906  2.482512E-13
1349.7187689796  2.639733E-13
1351.16642590013  3.056288E-13
1352.61408282067  2.868401E-13
1354.06173974121  2.485762E-13
1355.50939666174  3.129035E-13
1356.95705358228  2.709567E-13
1358.40471050282  2.595828E-13
1359.85236742335  2.659520E-13
1361.30002434389  2.838926E-13
1362.74768126443  2.802636E-13
1364.19533818496  2.661121E-13
1365.6429951055  2.101272E-13
1367.09065202604  2.853546E-13
1368.53830894657  3.293933E-13
1369.98596586711  2.503308E-13
1371.43362278765  2.418448E-13
1372.88127970819  2.572560E-13
1374.32893662872  2.638492E-13
1375.77659354926  3.129274E-13
1377.2242504698  2.595514E-13
1378.67190739033  2.719434E-13
1380.11956431087  2.779095E-13
1381.56722123141  2.612731E-13
1383.01487815194  2.486595E-13
1384.46253507248  2.818817E-13
1385.91019199302  2.999207E-13
1387.35784891355  3.095010E-13
1388.80550583409  2.972361E-13
1390.25316275463  2.763069E-13
1391.70081967516  2.853053E-13
1393.1484765957  2.984179E-13
1394.59613351624  3.281040E-13
1396.04379043677  3.510006E-13
1397.49144735731  3.513857E-13
1398.93910427785  3.377782E-13
1400.38676119838  3.460713E-13
1401.83441811892  3.502620E-13
1403.28207503946  2.829609E-13
1404.72973195999  3.021942E-13
1406.17738888053  2.894339E-13
1407.62504580107  3.368239E-13
1409.0727027216  3.281971E-13
1410.52035964214  2.783542E-13
1411.96801656268  3.167897E-13
1413.41567348322  2.804642E-13
1414.86333040375  2.757851E-13
1416.31098732429  2.783776E-13
1417.75864424483  2.611819E-13
1419.20630116536  2.787209E-13
1420.6539580859  2.466717E-13
1422.10161500644  2.737361E-13
1423.54927192697  2.673352E-13
1424.99692884751  2.627141E-13
1426.44458576805  2.664569E-13
1427.89224268858  2.543098E-13
1429.33989960912  2.973406E-13
1430.78755652966  2.678574E-13
1432.23521345019  2.692040E-13
1433.68287037073  2.534442E-13
1435.13052729127  2.524221E-13
1436.5781842118  2.387598E-13
1438.02584113234  2.590164E-13
1439.47349805288  2.598255E-13
1440.92115497341  2.381426E-13
1442.36881189395  2.163490E-13
1443.81646881449  2.238742E-13
1445.26412573502  2.379639E-13
1446.71178265556  2.466989E-13
1448.1594395761  2.470221E-13
1449.60709649664  2.646984E-13
1451.05475341717  2.416120E-13
1452.50241033771  2.481912E-13
1453.95006725825  2.483979E-13
1455.39772417878  2.087515E-13
1456.84538109932  2.216862E-13
1458.29303801986  2.804517E-13
1459.74069494039  2.403456E-13
1461.18835186093  2.362133E-13
1462.63600878147  2.374175E-13
1464.083665702  2.322627E-13
1465.53132262254  2.608214E-13
1466.97897954308  2.691266E-13
1468.42663646361  2.368119E-13
1469.87429338415  2.389129E-13
1471.32195030469  2.364329E-13
1472.76960722522  2.405523E-13
1474.21726414576  2.347352E-13
1475.6649210663  2.310100E-13
1477.11257798683  1.995580E-13
1478.56023490737  2.178837E-13
1480.00789182791  2.137769E-13
1481.45554874844  2.259535E-13
1482.90320566898  2.497401E-13
1484.35086258952  2.426848E-13
1485.79851951005  2.453403E-13
1487.24617643059  2.434143E-13
1488.69383335113  2.323971E-13
1490.14149027167  2.513665E-13
1491.5891471922  2.586578E-13
1493.03680411274  2.600299E-13
1494.48446103328  2.460742E-13
1495.93211795381  2.489014E-13
1497.37977487435  2.570397E-13
1498.82743179489  2.562265E-13
1500.27508871542  2.336553E-13
1501.72274563596  2.401632E-13
1503.1704025565  2.184482E-13
1504.61805947703  2.231990E-13
1506.06571639757  2.422752E-13
1507.51337331811  2.612990E-13
1508.96103023864  2.352593E-13
1510.40868715918  2.343707E-13
1511.85634407972  2.505782E-13
1513.30400100025  2.542571E-13
1514.75165792079  2.174652E-13
1516.19931484133  2.344645E-13
1517.64697176186  2.689783E-13
1519.0946286824  2.707621E-13
1520.54228560294  2.848527E-13
1521.98994252347  2.759170E-13
1523.43759944401  2.585666E-13
1524.88525636455  2.644124E-13
1526.33291328509  2.719030E-13
1527.78057020562  2.864329E-13
1529.22822712616  2.918127E-13
1530.6758840467  2.783616E-13
1532.12354096723  2.857312E-13
1533.57119788777  2.865360E-13
1535.01885480831  2.922486E-13
1536.46651172884  3.443231E-13
1537.91416864938  3.699969E-13
1539.36182556992  3.890573E-13
1540.80948249045  4.074713E-13
1542.25713941099  3.984619E-13
1543.70479633153  4.275414E-13
1545.15245325206  4.423376E-13
1546.6001101726  4.367046E-13
1548.04776709314  4.065799E-13
1549.49542401367  4.279802E-13
1550.94308093421  4.243857E-13
1552.39073785475  4.025220E-13
1553.83839477528  3.685059E-13
1555.28605169582  3.436162E-13
1556.73370861636  3.378660E-13
1558.18136553689  3.170777E-13
1559.62902245743  3.216449E-13
1561.07667937797  3.052039E-13
1562.5243362985  2.939887E-13
1563.97199321904  3.086284E-13
1565.41965013958  3.033892E-13
1566.86730706012  2.985988E-13
1568.31496398065  2.853107E-13
1569.76262090119  2.736766E-13
1571.21027782173  2.653489E-13
1572.65793474226  2.506202E-13
1574.1055916628  2.540432E-13
1575.55324858334  2.569403E-13
1577.00090550387  2.594811E-13
1578.44856242441  2.665166E-13
1579.89621934495  2.849907E-13
1581.34387626548  2.750364E-13
1582.79153318602  2.737270E-13
1584.23919010656  2.728567E-13
1585.68684702709  2.722430E-13
1587.13450394763  2.617086E-13
1588.58216086817  2.481741E-13
1590.0298177887  2.488414E-13
1591.47747470924  2.554365E-13
1592.92513162978  2.590584E-13
1594.37278855031  2.521577E-13
1595.82044547085  2.481387E-13
1597.26810239139  2.243130E-13
1598.71575931192  2.289683E-13
1600.16341623246  2.357488E-13
1601.611073153  2.288179E-13
1603.05873007354  2.345321E-13
1604.50638699407  2.297000E-13
1605.95404391461  2.398474E-13
1607.40170083515  2.439749E-13
1608.84935775568  2.327712E-13
1610.29701467622  2.346490E-13
1611.74467159676  2.122066E-13
1613.19232851729  2.169259E-13
1614.63998543783  2.234031E-13
1616.08764235837  2.320024E-13
1617.5352992789  2.330404E-13
1618.98295619944  2.160894E-13
1620.43061311998  2.184778E-13
1621.87827004051  2.185516E-13
1623.32592696105  2.329182E-13
1624.77358388159  2.338054E-13
1626.22124080212  2.288866E-13
1627.66889772266  2.343323E-13
1629.1165546432  2.482682E-13
1630.56421156373  2.535856E-13
1632.01186848427  2.623896E-13
1633.45952540481  2.584700E-13
1634.90718232534  2.491871E-13
1636.35483924588  2.429052E-13
1637.80249616642  2.386553E-13
1639.25015308695  2.296611E-13
1640.69781000749  2.213984E-13
1642.14546692803  2.253986E-13
1643.59312384857  2.327056E-13
1645.0407807691  2.436681E-13
1646.48843768964  2.454358E-13
1647.93609461018  2.343729E-13
1649.38375153071  2.329238E-13
1650.83140845125  2.302333E-13
1652.27906537179  2.385373E-13
1653.72672229232  2.393372E-13
1655.17437921286  2.331520E-13
1656.6220361334  2.386198E-13
1658.06969305393  2.436438E-13
1659.51734997447  2.386936E-13
1660.96500689501  2.394997E-13
1662.41266381554  2.515052E-13
1663.86032073608  2.542138E-13
1665.30797765662  2.388134E-13
1666.75563457715  2.283420E-13
1668.20329149769  2.361110E-13
1669.65094841823  2.376291E-13
1671.09860533876  2.359944E-13
1672.5462622593  2.347668E-13
1673.99391917984  2.201151E-13
1675.44157610038  2.130105E-13
1676.88923302091  2.149668E-13
1678.33688994145  2.239746E-13
1679.78454686199  2.115369E-13
1681.23220378252  2.112578E-13
1682.67986070306  2.133311E-13
1684.1275176236  2.246472E-13
1685.57517454413  2.140042E-13
1687.02283146467  2.145860E-13
1688.47048838521  2.183457E-13
1689.91814530574  2.153659E-13
1691.36580222628  2.000685E-13
1692.81345914682  1.939491E-13
1694.26111606735  1.971277E-13
1695.70877298789  2.102442E-13
1697.15642990843  2.207778E-13
1698.60408682896  2.163439E-13
1700.0517437495  2.177196E-13
1701.49940067004  2.170651E-13
1702.94705759057  2.114802E-13
1704.39471451111  2.124285E-13
1705.84237143165  2.111716E-13
1707.29002835218  2.136907E-13
1708.73768527272  2.177555E-13
1710.18534219326  0.
1711.63299911379  0.
1713.08065603433  0.
1714.52831295487  0.
1715.97596987541  0.
1717.42362679594  0.
1718.87128371648  0.
1720.31894063702  0.
1721.76659755755  0.
1723.21425447809  0.
1724.66191139863  0.
1726.10956831916  0.
1727.5572252397  0.
1729.00488216024  0.
1730.45253908077  0.
1731.90019600131  0.
1733.34785292185  0.
1734.79550984238  0.
1736.24316676292  0.
1737.69082368346  0.
1739.13848060399  0.
1740.58613752453  0.
1742.03379444507  0.
1743.4814513656  0.
1744.92910828614  0.
1746.37676520668  0.
1747.82442212721  0.
1749.27207904775  0.
1750.71973596829  0.
1752.16739288882  0.
1753.61504980936  0.
1755.0627067299  0.
1756.51036365043  0.
1757.95802057097  0.
1759.40567749151  0.
1760.85333441205  0.
1762.30099133258  0.
1763.74864825312  0.
1765.19630517366  0.
1766.64396209419  0.
1768.09161901473  0.
1769.53927593527  0.
1770.9869328558  0.
1772.43458977634  0.
1773.88224669688  0.
1775.32990361741  0.
1776.77756053795  0.
1778.22521745849  0.
1779.67287437902  0.
1781.12053129956  0.
1782.5681882201  0.
1784.01584514063  0.
1785.46350206117  0.
1786.91115898171  0.
1788.35881590224  0.
1789.80647282278  0.
1791.25412974332  0.
1792.70178666385  0.
1794.14944358439  0.
1795.59710050493  0.
1797.04475742547  0.
1798.492414346  0.
1799.94007126654  0.
1801.38772818708  0.
1802.83538510761  0.
1804.28304202815  0.
1805.73069894869  0.
1807.17835586922  0.
1808.62601278976  0.
1810.0736697103  0.
1811.52132663083  0.
1812.96898355137  0.
1814.41664047191  0.
1815.86429739244  0.
1817.31195431298  0.
1818.75961123352  0.
1820.20726815405  0.
1821.65492507459  0.
1823.10258199513  0.
1824.55023891566  0.
1825.9978958362  0.
1827.44555275674  0.
1828.89320967727  0.
1830.34086659781  0.
1831.78852351835  0.
