906.735751295338  0.
908.183408215875  0.
909.631065136412  0.
911.078722056949  0.
912.526378977485  0.
913.974035898022  0.
915.421692818559  0.
916.869349739096  0.
918.317006659633  0.
919.764663580169  0.
921.212320500706  0.
922.659977421243  0.
924.10763434178  0.
925.555291262316  0.
927.002948182853  0.
928.45060510339  0.
929.898262023927  0.
931.345918944464  0.
932.793575865  0.
934.241232785537  0.
935.688889706074  0.
937.136546626611  0.
938.584203547148  0.
940.031860467684  0.
941.479517388221  0.
942.927174308758  0.
944.374831229295  0.
945.822488149832  0.
947.270145070369  0.
948.717801990905  0.
950.165458911442  0.
951.613115831979  0.
953.060772752515  0.
954.508429673052  0.
955.956086593589  0.
957.403743514126  0.
958.851400434663  0.
960.2990573552  0.
961.746714275736  0.
963.194371196273  0.
964.64202811681  0.
966.089685037347  0.
967.537341957883  0.
968.98499887842  0.
970.432655798957  0.
971.880312719494  0.
973.327969640031  0.
974.775626560567  0.
976.223283481104  0.
977.670940401641  0.
979.118597322178  0.
980.566254242715  0.
982.013911163251  0.
983.461568083788  0.
984.909225004325  0.
986.356881924862  0.
987.804538845399  0.
989.252195765935  0.
990.699852686472  0.
992.147509607009  0.
993.595166527546  4.447679E-13
995.042823448082  5.826918E-13
996.490480368619  5.522343E-13
997.938137289156  4.482134E-13
999.385794209693  4.154529E-13
1000.83345113023  5.812947E-13
1002.28110805077  4.472484E-13
1003.7287649713  3.688722E-13
1005.17642189184  5.361071E-13
1006.62407881238  4.718799E-13
1008.07173573291  4.404572E-13
1009.51939265345  4.093710E-13
1010.96704957399  5.308335E-13
1012.41470649452  6.046606E-13
1013.86236341506  5.284513E-13
1015.3100203356  4.380064E-13
1016.75767725613  4.260530E-13
1018.20533417667  4.791287E-13
1019.65299109721  3.990322E-13
1021.10064801775  4.424708E-13
1022.54830493828  4.850696E-13
1023.99596185882  5.595200E-13
1025.44361877936  5.381833E-13
1026.89127569989  5.233683E-13
1028.33893262043  5.195412E-13
1029.78658954097  5.574898E-13
1031.2342464615  6.293297E-13
1032.68190338204  6.109818E-13
1034.12956030258  5.230391E-13
1035.57721722311  5.863939E-13
1037.02487414365  5.070410E-13
1038.47253106419  4.499959E-13
1039.92018798472  4.724214E-13
1041.36784490526  4.500405E-13
1042.8155018258  4.383364E-13
1044.26315874633  4.729648E-13
1045.71081566687  6.474891E-13
1047.15847258741  6.686021E-13
1048.60612950794  6.347636E-13
1050.05378642848  5.672964E-13
1051.50144334902  4.275036E-13
1052.94910026955  4.640465E-13
1054.39675719009  3.888066E-13
1055.84441411063  3.789416E-13
1057.29207103116  3.801128E-13
1058.7397279517  3.588739E-13
1060.18738487224  4.085616E-13
1061.63504179277  4.129433E-13
1063.08269871331  4.330550E-13
1064.53035563385  4.249009E-13
1065.97801255439  3.453199E-13
1067.42566947492  4.302390E-13
1068.87332639546  4.291473E-13
1070.320983316  4.138842E-13
1071.76864023653  4.338035E-13
1073.21629715707  4.050660E-13
1074.66395407761  4.797865E-13
1076.11161099814  4.276936E-13
1077.55926791868  4.369183E-13
1079.00692483922  4.461903E-13
1080.45458175975  3.806118E-13
1081.90223868029  3.626329E-13
1083.34989560083  3.725434E-13
1084.79755252136  3.577874E-13
1086.2452094419  3.577862E-13
1087.69286636244  3.852323E-13
1089.14052328297  3.298026E-13
1090.58818020351  3.468140E-13
1092.03583712405  4.321610E-13
1093.48349404458  3.891272E-13
1094.93115096512  3.947573E-13
1096.37880788566  3.674922E-13
1097.82646480619  3.576967E-13
1099.27412172673  3.722589E-13
1100.72177864727  3.557019E-13
1102.1694355678  3.681450E-13
1103.61709248834  3.867067E-13
1105.06474940888  3.660597E-13
1106.51240632942  3.516351E-13
1107.96006324995  3.673515E-13
1109.40772017049  3.689429E-13
1110.85537709103  3.895819E-13
1112.30303401156  3.847364E-13
1113.7506909321  3.695936E-13
1115.19834785264  3.736705E-13
1116.64600477317  4.113797E-13
1118.09366169371  4.034780E-13
1119.54131861425  3.622635E-13
1120.98897553478  4.237226E-13
1122.43663245532  3.872565E-13
1123.88428937586  3.765043E-13
1125.33194629639  3.140621E-13
1126.77960321693  3.251774E-13
1128.22726013747  4.029989E-13
1129.674917058  4.391844E-13
1131.12257397854  3.811719E-13
1132.57023089908  3.506021E-13
1134.01788781961  3.674254E-13
1135.46554474015  3.645943E-13
1136.91320166069  3.660531E-13
1138.36085858122  3.230699E-13
1139.80851550176  3.388338E-13
1141.2561724223  3.587351E-13
1142.70382934284  3.457549E-13
1144.15148626337  3.763603E-13
1145.59914318391  3.814712E-13
1147.04680010445  3.403094E-13
1148.49445702498  3.884571E-13
1149.94211394552  3.598041E-13
1151.38977086606  3.576292E-13
1152.83742778659  3.166730E-13
1154.28508470713  2.945627E-13
1155.73274162767  3.140912E-13
1157.1803985482  3.502301E-13
1158.62805546874  3.811284E-13
1160.07571238928  3.668164E-13
1161.52336930981  3.404836E-13
1162.97102623035  3.526410E-13
1164.41868315089  4.464354E-13
1165.86634007142  3.576678E-13
1167.31399699196  4.116934E-13
1168.7616539125  3.413004E-13
1170.20931083303  3.702434E-13
1171.65696775357  4.473638E-13
1173.10462467411  4.016588E-13
1174.55228159464  3.579853E-13
1175.99993851518  3.524081E-13
1177.44759543572  3.500194E-13
1178.89525235625  3.746441E-13
1180.34290927679  3.664172E-13
1181.79056619733  3.911147E-13
1183.23822311787  3.654311E-13
1184.6858800384  3.927361E-13
1186.13353695894  3.790059E-13
1187.58119387948  4.417090E-13
1189.02885080001  4.246959E-13
1190.47650772055  4.386181E-13
1191.92416464109  4.803750E-13
1193.37182156162  4.882025E-13
1194.81947848216  4.612460E-13
1196.2671354027  4.799785E-13
1197.71479232323  4.506257E-13
1199.16244924377  4.875708E-13
1200.61010616431  5.428759E-13
1202.05776308484  5.954925E-13
1203.50542000538  5.028755E-13
1204.95307692592  5.208540E-13
1206.40073384645  6.045597E-13
1207.84839076699  7.917751E-13
1209.29604768753  8.330304E-13
1210.74370460806  7.597195E-13
1212.1913615286  8.477311E-13
1213.63901844914  9.476293E-13
1215.08667536967  1.071013E-12
1216.53433229021  9.259559E-13
1217.98198921075  1.127404E-12
1219.42964613129  8.965689E-13
1220.87730305182  8.805893E-13
1222.32495997236  7.372460E-13
1223.7726168929  6.051557E-13
1225.22027381343  6.244680E-13
1226.66793073397  5.509730E-13
1228.11558765451  5.320908E-13
1229.56324457504  5.017400E-13
1231.01090149558  4.878882E-13
1232.45855841612  5.234678E-13
1233.90621533665  5.596471E-13
1235.35387225719  5.648816E-13
1236.80152917773  5.358088E-13
1238.24918609826  5.452043E-13
1239.6968430188  4.854932E-13
1241.14449993934  5.122846E-13
1242.59215685987  4.504189E-13
1244.03981378041  4.818438E-13
1245.48747070095  4.119554E-13
1246.93512762148  4.239748E-13
1248.38278454202  4.728554E-13
1249.83044146256  4.432615E-13
1251.27809838309  3.927157E-13
1252.72575530363  4.154983E-13
1254.17341222417  3.702752E-13
1255.62106914471  3.927537E-13
1257.06872606524  3.657380E-13
1258.51638298578  3.867583E-13
1259.96403990632  4.135496E-13
1261.41169682685  3.620801E-13
1262.85935374739  3.553122E-13
1264.30701066793  3.629450E-13
1265.75466758846  3.628792E-13
1267.202324509  3.424509E-13
1268.64998142954  3.272205E-13
1270.09763835007  3.905744E-13
1271.54529527061  3.781765E-13
1272.99295219115  3.649444E-13
1274.44060911168  3.219346E-13
1275.88826603222  2.754121E-13
1277.33592295276  2.911467E-13
1278.78357987329  3.280399E-13
1280.23123679383  3.542602E-13
1281.67889371437  3.817069E-13
1283.1265506349  3.044221E-13
1284.57420755544  3.201942E-13
1286.02186447598  3.124541E-13
1287.46952139651  3.234220E-13
1288.91717831705  3.181987E-13
1290.36483523759  3.093776E-13
1291.81249215812  3.314937E-13
1293.26014907866  3.412466E-13
1294.7078059992  3.072972E-13
1296.15546291974  3.413944E-13
1297.60311984027  2.988326E-13
1299.05077676081  3.596583E-13
1300.49843368135  3.217959E-13
1301.94609060188  3.582596E-13
1303.39374752242  3.260157E-13
1304.84140444296  3.151711E-13
1306.28906136349  3.425625E-13
1307.73671828403  3.321515E-13
1309.18437520457  2.930874E-13
1310.6320321251  2.576504E-13
1312.07968904564  3.190765E-13
1313.52734596618  2.987084E-13
1314.97500288671  3.665444E-13
1316.42265980725  3.225865E-13
1317.87031672779  2.752458E-13
1319.31797364832  2.778562E-13
1320.76563056886  2.944886E-13
1322.2132874894  2.967168E-13
1323.66094440993  3.403067E-13
1325.10860133047  2.969671E-13
1326.55625825101  3.072437E-13
1328.00391517154  3.072743E-13
1329.45157209208  3.306806E-13
1330.89922901262  2.754133E-13
1332.34688593315  3.054908E-13
1333.79454285369  3.358219E-13
1335.24219977423  3.233892E-13
1336.68985669477  2.511304E-13
1338.1375136153  3.000720E-13
1339.58517053584  2.969983E-13
1341.03282745638  3.387490E-13
1342.48048437691  3.153923E-13
1343.92814129745  3.059068E-13
1345.37579821799  2.906473E-13
1346.82345513852  3.074358E-13
1348.27111205906  3.122657E-13
1349.7187689796  2.907732E-13
1351.16642590013  3.602368E-13
1352.61408282067  3.247394E-13
1354.06173974121  2.605148E-13
1355.50939666174  3.417773E-13
1356.95705358228  3.047524E-13
1358.40471050282  3.210196E-13
1359.85236742335  2.848260E-13
1361.30002434389  3.082514E-13
1362.74768126443  3.328057E-13
1364.19533818496  3.161242E-13
1365.6429951055  2.790207E-13
1367.09065202604  2.645170E-13
1368.53830894657  2.820760E-13
1369.98596586711  2.534644E-13
1371.43362278765  2.404560E-13
1372.88127970819  2.413160E-13
1374.32893662872  2.539709E-13
1375.77659354926  2.887091E-13
1377.2242504698  2.660665E-13
1378.67190739033  2.654612E-13
1380.11956431087  3.016719E-13
1381.56722123141  2.649384E-13
1383.01487815194  2.925528E-13
1384.46253507248  3.242456E-13
1385.91019199302  3.168175E-13
1387.35784891355  2.734561E-13
1388.80550583409  3.150518E-13
1390.25316275463  3.311723E-13
1391.70081967516  2.766861E-13
1393.1484765957  3.360878E-13
1394.59613351624  3.415470E-13
1396.04379043677  3.489998E-13
1397.49144735731  3.616663E-13
1398.93910427785  3.731637E-13
1400.38676119838  3.278370E-13
1401.83441811892  3.728967E-13
1403.28207503946  3.377764E-13
1404.72973195999  3.203184E-13
1406.17738888053  2.983067E-13
1407.62504580107  3.147108E-13
1409.0727027216  3.509291E-13
1410.52035964214  2.993996E-13
1411.96801656268  3.268060E-13
1413.41567348322  2.905863E-13
1414.86333040375  2.707766E-13
1416.31098732429  2.869558E-13
1417.75864424483  2.932748E-13
1419.20630116536  2.889685E-13
1420.6539580859  2.707671E-13
1422.10161500644  2.566585E-13
1423.54927192697  2.698414E-13
1424.99692884751  2.769109E-13
1426.44458576805  2.579804E-13
1427.89224268858  2.652475E-13
1429.33989960912  2.511807E-13
1430.78755652966  2.374812E-13
1432.23521345019  2.430819E-13
1433.68287037073  2.728303E-13
1435.13052729127  2.681491E-13
1436.5781842118  2.628528E-13
1438.02584113234  2.724196E-13
1439.47349805288  2.693203E-13
1440.92115497341  2.455370E-13
1442.36881189395  2.209853E-13
1443.81646881449  2.382992E-13
1445.26412573502  2.723121E-13
1446.71178265556  2.710807E-13
1448.1594395761  2.514014E-13
1449.60709649664  2.401135E-13
1451.05475341717  2.488890E-13
1452.50241033771  2.844418E-13
1453.95006725825  2.591256E-13
1455.39772417878  2.683816E-13
1456.84538109932  2.674698E-13
1458.29303801986  2.717872E-13
1459.74069494039  2.441033E-13
1461.18835186093  2.881121E-13
1462.63600878147  2.711145E-13
1464.083665702  2.527193E-13
1465.53132262254  2.670074E-13
1466.97897954308  3.352980E-13
1468.42663646361  3.263043E-13
1469.87429338415  2.779429E-13
1471.32195030469  2.378934E-13
1472.76960722522  2.635445E-13
1474.21726414576  2.619199E-13
1475.6649210663  2.311742E-13
1477.11257798683  2.389231E-13
1478.56023490737  2.628373E-13
1480.00789182791  2.347728E-13
1481.45554874844  2.664680E-13
1482.90320566898  2.918483E-13
1484.35086258952  2.500401E-13
1485.79851951005  2.762954E-13
1487.24617643059  2.744432E-13
1488.69383335113  2.548816E-13
1490.14149027167  2.471179E-13
1491.5891471922  2.425359E-13
1493.03680411274  2.471822E-13
1494.48446103328  2.697960E-13
1495.93211795381  2.457747E-13
1497.37977487435  2.480315E-13
1498.82743179489  2.520724E-13
1500.27508871542  2.664105E-13
1501.72274563596  2.544421E-13
1503.1704025565  2.355677E-13
1504.61805947703  2.412027E-13
1506.06571639757  2.617644E-13
1507.51337331811  2.675020E-13
1508.96103023864  2.548255E-13
1510.40868715918  2.635550E-13
1511.85634407972  2.670345E-13
1513.30400100025  2.575147E-13
1514.75165792079  2.548396E-13
1516.19931484133  2.656474E-13
1517.64697176186  2.784714E-13
1519.0946286824  2.612500E-13
1520.54228560294  2.628303E-13
1521.98994252347  2.981424E-13
1523.43759944401  2.860697E-13
1524.88525636455  2.841786E-13
1526.33291328509  2.816626E-13
1527.78057020562  2.838232E-13
1529.22822712616  2.897908E-13
1530.6758840467  2.964580E-13
1532.12354096723  2.952943E-13
1533.57119788777  2.977682E-13
1535.01885480831  3.192880E-13
1536.46651172884  3.491380E-13
1537.91416864938  3.732582E-13
1539.36182556992  3.820656E-13
1540.80948249045  3.882986E-13
1542.25713941099  3.978650E-13
1543.70479633153  4.364429E-13
1545.15245325206  4.567336E-13
1546.6001101726  4.542151E-13
1548.04776709314  4.209863E-13
1549.49542401367  4.230945E-13
1550.94308093421  4.221476E-13
1552.39073785475  4.045973E-13
1553.83839477528  3.895282E-13
1555.28605169582  3.684427E-13
1556.73370861636  3.590117E-13
1558.18136553689  3.378567E-13
1559.62902245743  3.171226E-13
1561.07667937797  3.158437E-13
1562.5243362985  3.175129E-13
1563.97199321904  3.134548E-13
1565.41965013958  2.945210E-13
1566.86730706012  2.907334E-13
1568.31496398065  3.054610E-13
1569.76262090119  2.957086E-13
1571.21027782173  2.912706E-13
1572.65793474226  2.823471E-13
1574.1055916628  2.722837E-13
1575.55324858334  2.680884E-13
1577.00090550387  2.523796E-13
1578.44856242441  2.799656E-13
1579.89621934495  2.842801E-13
1581.34387626548  2.730438E-13
1582.79153318602  2.682424E-13
1584.23919010656  2.757474E-13
1585.68684702709  2.597599E-13
1587.13450394763  2.507979E-13
1588.58216086817  2.645972E-13
1590.0298177887  2.585465E-13
1591.47747470924  2.754948E-13
1592.92513162978  2.628901E-13
1594.37278855031  2.563324E-13
1595.82044547085  2.556664E-13
1597.26810239139  2.286999E-13
1598.71575931192  2.339922E-13
1600.16341623246  2.299020E-13
1601.611073153  2.219669E-13
1603.05873007354  2.297028E-13
1604.50638699407  2.405324E-13
1605.95404391461  2.352444E-13
1607.40170083515  2.394607E-13
1608.84935775568  2.468114E-13
1610.29701467622  2.661955E-13
1611.74467159676  2.602103E-13
1613.19232851729  2.551152E-13
1614.63998543783  2.504390E-13
1616.08764235837  2.435408E-13
1617.5352992789  2.469371E-13
1618.98295619944  2.472063E-13
1620.43061311998  2.445276E-13
1621.87827004051  2.413535E-13
1623.32592696105  2.338896E-13
1624.77358388159  2.464047E-13
1626.22124080212  2.466016E-13
1627.66889772266  2.556081E-13
1629.1165546432  2.668077E-13
1630.56421156373  2.582983E-13
1632.01186848427  2.509851E-13
1633.45952540481  2.473551E-13
1634.90718232534  2.643867E-13
1636.35483924588  2.716272E-13
1637.80249616642  2.565101E-13
1639.25015308695  2.541314E-13
1640.69781000749  2.577240E-13
1642.14546692803  2.587828E-13
1643.59312384857  2.612645E-13
1645.0407807691  2.542702E-13
1646.48843768964  2.612485E-13
1647.93609461018  2.512635E-13
1649.38375153071  2.501841E-13
1650.83140845125  2.544607E-13
1652.27906537179  2.540366E-13
1653.72672229232  2.528016E-13
1655.17437921286  2.430360E-13
1656.6220361334  2.444945E-13
1658.06969305393  2.392552E-13
1659.51734997447  2.501996E-13
1660.96500689501  2.500189E-13
1662.41266381554  2.564237E-13
1663.86032073608  2.464968E-13
1665.30797765662  2.480199E-13
1666.75563457715  2.535623E-13
1668.20329149769  2.444544E-13
1669.65094841823  2.342972E-13
1671.09860533876  2.295426E-13
1672.5462622593  2.324602E-13
1673.99391917984  2.315566E-13
1675.44157610038  2.319139E-13
1676.88923302091  2.271562E-13
1678.33688994145  2.336196E-13
1679.78454686199  2.415516E-13
1681.23220378252  2.381624E-13
1682.67986070306  2.313272E-13
1684.1275176236  2.361020E-13
1685.57517454413  2.423619E-13
1687.02283146467  2.478733E-13
1688.47048838521  2.392176E-13
1689.91814530574  2.401209E-13
1691.36580222628  2.384972E-13
1692.81345914682  2.261894E-13
1694.26111606735  2.170643E-13
1695.70877298789  2.213747E-13
1697.15642990843  2.244403E-13
1698.60408682896  2.206068E-13
1700.0517437495  2.103992E-13
1701.49940067004  2.044682E-13
1702.94705759057  2.086950E-13
1704.39471451111  2.086664E-13
1705.84237143165  2.103094E-13
1707.29002835218  2.033526E-13
1708.73768527272  2.046128E-13
1710.18534219326  0.
1711.63299911379  0.
1713.08065603433  0.
1714.52831295487  0.
1715.97596987541  0.
1717.42362679594  0.
1718.87128371648  0.
1720.31894063702  0.
1721.76659755755  0.
1723.21425447809  0.
1724.66191139863  0.
1726.10956831916  0.
1727.5572252397  0.
1729.00488216024  0.
1730.45253908077  0.
1731.90019600131  0.
1733.34785292185  0.
1734.79550984238  0.
1736.24316676292  0.
1737.69082368346  0.
1739.13848060399  0.
1740.58613752453  0.
1742.03379444507  0.
1743.4814513656  0.
1744.92910828614  0.
1746.37676520668  0.
1747.82442212721  0.
1749.27207904775  0.
1750.71973596829  0.
1752.16739288882  0.
1753.61504980936  0.
1755.0627067299  0.
1756.51036365043  0.
1757.95802057097  0.
1759.40567749151  0.
1760.85333441205  0.
1762.30099133258  0.
1763.74864825312  0.
1765.19630517366  0.
1766.64396209419  0.
1768.09161901473  0.
1769.53927593527  0.
1770.9869328558  0.
1772.43458977634  0.
1773.88224669688  0.
1775.32990361741  0.
1776.77756053795  0.
1778.22521745849  0.
1779.67287437902  0.
1781.12053129956  0.
1782.5681882201  0.
1784.01584514063  0.
1785.46350206117  0.
1786.91115898171  0.
1788.35881590224  0.
1789.80647282278  0.
1791.25412974332  0.
1792.70178666385  0.
1794.14944358439  0.
1795.59710050493  0.
1797.04475742547  0.
1798.492414346  0.
1799.94007126654  0.
1801.38772818708  0.
1802.83538510761  0.
1804.28304202815  0.
1805.73069894869  0.
1807.17835586922  0.
1808.62601278976  0.
1810.0736697103  0.
1811.52132663083  0.
1812.96898355137  0.
1814.41664047191  0.
1815.86429739244  0.
1817.31195431298  0.
1818.75961123352  0.
1820.20726815405  0.
1821.65492507459  0.
1823.10258199513  0.
1824.55023891566  0.
1825.9978958362  0.
1827.44555275674  0.
1828.89320967727  0.
1830.34086659781  0.
1831.78852351835  0.
