906.735751295338  0.
908.183408215875  0.
909.631065136412  0.
911.078722056949  0.
912.526378977485  0.
913.974035898022  0.
915.421692818559  0.
916.869349739096  0.
918.317006659633  0.
919.764663580169  0.
921.212320500706  0.
922.659977421243  0.
924.10763434178  0.
925.555291262316  0.
927.002948182853  0.
928.45060510339  0.
929.898262023927  0.
931.345918944464  0.
932.793575865  0.
934.241232785537  0.
935.688889706074  0.
937.136546626611  0.
938.584203547148  0.
940.031860467684  0.
941.479517388221  0.
942.927174308758  0.
944.374831229295  0.
945.822488149832  0.
947.270145070369  0.
948.717801990905  0.
950.165458911442  0.
951.613115831979  0.
953.060772752515  0.
954.508429673052  0.
955.956086593589  0.
957.403743514126  0.
958.851400434663  0.
960.2990573552  0.
961.746714275736  0.
963.194371196273  0.
964.64202811681  0.
966.089685037347  0.
967.537341957883  0.
968.98499887842  0.
970.432655798957  0.
971.880312719494  0.
973.327969640031  0.
974.775626560567  0.
976.223283481104  0.
977.670940401641  0.
979.118597322178  0.
980.566254242715  0.
982.013911163251  0.
983.461568083788  0.
984.909225004325  0.
986.356881924862  0.
987.804538845399  0.
989.252195765935  0.
990.699852686472  0.
992.147509607009  0.
993.595166527546  3.912776E-13
995.042823448082  4.837456E-13
996.490480368619  5.623229E-13
997.938137289156  5.869621E-13
999.385794209693  4.509334E-13
1000.83345113023  5.007494E-13
1002.28110805077  5.217411E-13
1003.7287649713  4.354005E-13
1005.17642189184  5.680397E-13
1006.62407881238  4.864672E-13
1008.07173573291  4.605183E-13
1009.51939265345  3.845591E-13
1010.96704957399  3.987650E-13
1012.41470649452  4.357232E-13
1013.86236341506  4.478211E-13
1015.3100203356  4.718437E-13
1016.75767725613  4.784729E-13
1018.20533417667  5.030920E-13
1019.65299109721  4.647271E-13
1021.10064801775  4.735036E-13
1022.54830493828  4.666856E-13
1023.99596185882  5.478181E-13
1025.44361877936  5.244845E-13
1026.89127569989  4.981420E-13
1028.33893262043  5.087652E-13
1029.78658954097  5.365224E-13
1031.2342464615  5.546025E-13
1032.68190338204  6.491279E-13
1034.12956030258  5.645136E-13
1035.57721722311  4.884364E-13
1037.02487414365  4.210178E-13
1038.47253106419  5.235445E-13
1039.92018798472  4.777763E-13
1041.36784490526  4.114603E-13
1042.8155018258  4.283855E-13
1044.26315874633  5.107973E-13
1045.71081566687  5.813371E-13
1047.15847258741  5.663153E-13
1048.60612950794  4.672784E-13
1050.05378642848  4.057260E-13
1051.50144334902  3.707474E-13
1052.94910026955  4.484280E-13
1054.39675719009  4.549462E-13
1055.84441411063  4.172962E-13
1057.29207103116  3.909152E-13
1058.7397279517  3.809470E-13
1060.18738487224  3.935396E-13
1061.63504179277  4.282147E-13
1063.08269871331  4.289384E-13
1064.53035563385  4.264986E-13
1065.97801255439  4.251725E-13
1067.42566947492  4.303229E-13
1068.87332639546  4.065288E-13
1070.320983316  3.758636E-13
1071.76864023653  4.260405E-13
1073.21629715707  3.906957E-13
1074.66395407761  4.491689E-13
1076.11161099814  4.121444E-13
1077.55926791868  4.270146E-13
1079.00692483922  4.465277E-13
1080.45458175975  3.931981E-13
1081.90223868029  3.835927E-13
1083.34989560083  3.865954E-13
1084.79755252136  3.749386E-13
1086.2452094419  3.758973E-13
1087.69286636244  3.653358E-13
1089.14052328297  3.311919E-13
1090.58818020351  3.579168E-13
1092.03583712405  4.015039E-13
1093.48349404458  3.379992E-13
1094.93115096512  3.957579E-13
1096.37880788566  3.498384E-13
1097.82646480619  3.670771E-13
1099.27412172673  3.527449E-13
1100.72177864727  3.503585E-13
1102.1694355678  3.677153E-13
1103.61709248834  3.439287E-13
1105.06474940888  3.691838E-13
1106.51240632942  3.451169E-13
1107.96006324995  3.654538E-13
1109.40772017049  3.519598E-13
1110.85537709103  3.926355E-13
1112.30303401156  3.652662E-13
1113.7506909321  3.938175E-13
1115.19834785264  4.134943E-13
1116.64600477317  3.842631E-13
1118.09366169371  3.440709E-13
1119.54131861425  3.582708E-13
1120.98897553478  3.166377E-13
1122.43663245532  3.418237E-13
1123.88428937586  3.634894E-13
1125.33194629639  3.157704E-13
1126.77960321693  3.285628E-13
1128.22726013747  3.564266E-13
1129.674917058  4.370721E-13
1131.12257397854  3.643174E-13
1132.57023089908  3.732322E-13
1134.01788781961  3.316141E-13
1135.46554474015  3.505967E-13
1136.91320166069  3.280497E-13
1138.36085858122  3.387314E-13
1139.80851550176  3.200790E-13
1141.2561724223  3.276582E-13
1142.70382934284  3.857788E-13
1144.15148626337  3.429697E-13
1145.59914318391  3.924757E-13
1147.04680010445  3.371812E-13
1148.49445702498  3.770637E-13
1149.94211394552  3.102888E-13
1151.38977086606  2.903921E-13
1152.83742778659  3.052932E-13
1154.28508470713  3.074021E-13
1155.73274162767  3.582653E-13
1157.1803985482  3.979598E-13
1158.62805546874  3.923148E-13
1160.07571238928  3.537414E-13
1161.52336930981  3.295888E-13
1162.97102623035  3.250563E-13
1164.41868315089  3.369772E-13
1165.86634007142  3.453060E-13
1167.31399699196  3.642081E-13
1168.7616539125  3.304644E-13
1170.20931083303  4.100222E-13
1171.65696775357  3.856937E-13
1173.10462467411  3.946280E-13
1174.55228159464  3.482116E-13
1175.99993851518  3.669495E-13
1177.44759543572  3.773697E-13
1178.89525235625  4.047088E-13
1180.34290927679  3.569388E-13
1181.79056619733  4.325295E-13
1183.23822311787  4.071732E-13
1184.6858800384  3.934607E-13
1186.13353695894  3.733154E-13
1187.58119387948  4.218086E-13
1189.02885080001  4.027517E-13
1190.47650772055  4.174294E-13
1191.92416464109  4.523231E-13
1193.37182156162  4.557230E-13
1194.81947848216  4.580342E-13
1196.2671354027  4.908350E-13
1197.71479232323  5.062723E-13
1199.16244924377  5.043212E-13
1200.61010616431  5.226695E-13
1202.05776308484  4.919424E-13
1203.50542000538  4.847229E-13
1204.95307692592  6.163554E-13
1206.40073384645  6.758201E-13
1207.84839076699  8.078827E-13
1209.29604768753  7.841485E-13
1210.74370460806  7.666764E-13
1212.1913615286  9.525580E-13
1213.63901844914  9.754102E-13
1215.08667536967  1.109840E-12
1216.53433229021  1.028992E-12
1217.98198921075  9.982015E-13
1219.42964613129  8.418754E-13
1220.87730305182  8.870320E-13
1222.32495997236  8.056731E-13
1223.7726168929  6.357174E-13
1225.22027381343  5.495324E-13
1226.66793073397  5.328732E-13
1228.11558765451  5.653889E-13
1229.56324457504  5.878835E-13
1231.01090149558  4.775887E-13
1232.45855841612  4.660497E-13
1233.90621533665  5.084462E-13
1235.35387225719  5.254554E-13
1236.80152917773  4.692871E-13
1238.24918609826  4.972321E-13
1239.6968430188  4.934608E-13
1241.14449993934  5.133113E-13
1242.59215685987  4.944185E-13
1244.03981378041  4.471189E-13
1245.48747070095  4.214070E-13
1246.93512762148  4.287630E-13
1248.38278454202  4.476161E-13
1249.83044146256  4.285649E-13
1251.27809838309  4.046205E-13
1252.72575530363  3.755627E-13
1254.17341222417  3.912323E-13
1255.62106914471  3.567982E-13
1257.06872606524  3.419591E-13
1258.51638298578  3.821694E-13
1259.96403990632  3.588711E-13
1261.41169682685  3.415623E-13
1262.85935374739  3.460769E-13
1264.30701066793  3.267555E-13
1265.75466758846  3.513454E-13
1267.202324509  3.479522E-13
1268.64998142954  3.653649E-13
1270.09763835007  3.337452E-13
1271.54529527061  3.480214E-13
1272.99295219115  3.166140E-13
1274.44060911168  3.242283E-13
1275.88826603222  3.064044E-13
1277.33592295276  2.915019E-13
1278.78357987329  3.045547E-13
1280.23123679383  3.460958E-13
1281.67889371437  3.753654E-13
1283.1265506349  3.031954E-13
1284.57420755544  3.014248E-13
1286.02186447598  3.028436E-13
1287.46952139651  3.254310E-13
1288.91717831705  2.829095E-13
1290.36483523759  3.201434E-13
1291.81249215812  3.361484E-13
1293.26014907866  3.400402E-13
1294.7078059992  2.992940E-13
1296.15546291974  3.364678E-13
1297.60311984027  2.852879E-13
1299.05077676081  2.948188E-13
1300.49843368135  3.423677E-13
1301.94609060188  3.518420E-13
1303.39374752242  3.480030E-13
1304.84140444296  3.232028E-13
1306.28906136349  3.633911E-13
1307.73671828403  3.199979E-13
1309.18437520457  2.715127E-13
1310.6320321251  2.884891E-13
1312.07968904564  3.178067E-13
1313.52734596618  3.325705E-13
1314.97500288671  3.728375E-13
1316.42265980725  3.040061E-13
1317.87031672779  2.532111E-13
1319.31797364832  2.418656E-13
1320.76563056886  2.590879E-13
1322.2132874894  2.288741E-13
1323.66094440993  3.140260E-13
1325.10860133047  3.191622E-13
1326.55625825101  2.913392E-13
1328.00391517154  2.850925E-13
1329.45157209208  3.080753E-13
1330.89922901262  2.970465E-13
1332.34688593315  3.041855E-13
1333.79454285369  3.143818E-13
1335.24219977423  3.257042E-13
1336.68985669477  3.106979E-13
1338.1375136153  2.903534E-13
1339.58517053584  2.660277E-13
1341.03282745638  3.073900E-13
1342.48048437691  2.752300E-13
1343.92814129745  2.757655E-13
1345.37579821799  3.288083E-13
1346.82345513852  3.413733E-13
1348.27111205906  3.133978E-13
1349.7187689796  2.934822E-13
1351.16642590013  3.216017E-13
1352.61408282067  2.832399E-13
1354.06173974121  2.726436E-13
1355.50939666174  3.083955E-13
1356.95705358228  2.796035E-13
1358.40471050282  2.804303E-13
1359.85236742335  2.818316E-13
1361.30002434389  2.931968E-13
1362.74768126443  2.944207E-13
1364.19533818496  2.575998E-13
1365.6429951055  2.644464E-13
1367.09065202604  2.819564E-13
1368.53830894657  3.007718E-13
1369.98596586711  2.891613E-13
1371.43362278765  2.517361E-13
1372.88127970819  2.764925E-13
1374.32893662872  2.624126E-13
1375.77659354926  2.790896E-13
1377.2242504698  3.004516E-13
1378.67190739033  2.754513E-13
1380.11956431087  3.199003E-13
1381.56722123141  3.019382E-13
1383.01487815194  2.846227E-13
1384.46253507248  2.825833E-13
1385.91019199302  3.051958E-13
1387.35784891355  2.979357E-13
1388.80550583409  3.049388E-13
1390.25316275463  3.347594E-13
1391.70081967516  2.880525E-13
1393.1484765957  3.046294E-13
1394.59613351624  3.065289E-13
1396.04379043677  3.408704E-13
1397.49144735731  3.465048E-13
1398.93910427785  3.794212E-13
1400.38676119838  3.579532E-13
1401.83441811892  3.598682E-13
1403.28207503946  3.115995E-13
1404.72973195999  3.039099E-13
1406.17738888053  3.188398E-13
1407.62504580107  3.104415E-13
1409.0727027216  3.275869E-13
1410.52035964214  2.918906E-13
1411.96801656268  2.935174E-13
1413.41567348322  3.150632E-13
1414.86333040375  2.867640E-13
1416.31098732429  2.466108E-13
1417.75864424483  2.814363E-13
1419.20630116536  2.749627E-13
1420.6539580859  2.829679E-13
1422.10161500644  2.823689E-13
1423.54927192697  2.723027E-13
1424.99692884751  2.574575E-13
1426.44458576805  2.730073E-13
1427.89224268858  2.718460E-13
1429.33989960912  2.624432E-13
1430.78755652966  2.429310E-13
1432.23521345019  2.472306E-13
1433.68287037073  2.875253E-13
1435.13052729127  2.524447E-13
1436.5781842118  2.666856E-13
1438.02584113234  2.847527E-13
1439.47349805288  2.560025E-13
1440.92115497341  2.700312E-13
1442.36881189395  2.605886E-13
1443.81646881449  2.619784E-13
1445.26412573502  2.617226E-13
1446.71178265556  2.756702E-13
1448.1594395761  2.697932E-13
1449.60709649664  2.594060E-13
1451.05475341717  2.519555E-13
1452.50241033771  2.771496E-13
1453.95006725825  2.571288E-13
1455.39772417878  2.638539E-13
1456.84538109932  2.520339E-13
1458.29303801986  2.495257E-13
1459.74069494039  2.475005E-13
1461.18835186093  2.372347E-13
1462.63600878147  2.350022E-13
1464.083665702  2.474229E-13
1465.53132262254  2.412863E-13
1466.97897954308  2.690048E-13
1468.42663646361  2.601962E-13
1469.87429338415  2.650506E-13
1471.32195030469  2.438666E-13
1472.76960722522  2.421709E-13
1474.21726414576  2.634894E-13
1475.6649210663  2.252487E-13
1477.11257798683  2.354485E-13
1478.56023490737  2.563097E-13
1480.00789182791  2.541661E-13
1481.45554874844  2.861831E-13
1482.90320566898  2.655077E-13
1484.35086258952  2.473627E-13
1485.79851951005  2.591869E-13
1487.24617643059  2.657301E-13
1488.69383335113  2.378136E-13
1490.14149027167  2.309380E-13
1491.5891471922  2.288721E-13
1493.03680411274  2.456923E-13
1494.48446103328  2.637140E-13
1495.93211795381  2.745281E-13
1497.37977487435  2.658588E-13
1498.82743179489  2.491594E-13
1500.27508871542  2.573927E-13
1501.72274563596  2.836540E-13
1503.1704025565  2.501208E-13
1504.61805947703  2.497082E-13
1506.06571639757  2.582981E-13
1507.51337331811  2.669673E-13
1508.96103023864  2.622091E-13
1510.40868715918  2.745630E-13
1511.85634407972  2.792961E-13
1513.30400100025  2.679815E-13
1514.75165792079  2.709334E-13
1516.19931484133  2.755500E-13
1517.64697176186  2.738989E-13
1519.0946286824  2.676668E-13
1520.54228560294  2.582802E-13
1521.98994252347  2.742554E-13
1523.43759944401  2.830647E-13
1524.88525636455  2.924385E-13
1526.33291328509  3.138474E-13
1527.78057020562  3.159647E-13
1529.22822712616  2.985932E-13
1530.6758840467  2.951198E-13
1532.12354096723  2.898336E-13
1533.57119788777  3.294068E-13
1535.01885480831  3.642903E-13
1536.46651172884  3.466594E-13
1537.91416864938  3.489104E-13
1539.36182556992  3.698048E-13
1540.80948249045  3.934412E-13
1542.25713941099  3.911635E-13
1543.70479633153  4.031627E-13
1545.15245325206  4.115441E-13
1546.6001101726  4.199240E-13
1548.04776709314  3.590407E-13
1549.49542401367  4.004299E-13
1550.94308093421  3.991402E-13
1552.39073785475  3.902877E-13
1553.83839477528  3.817028E-13
1555.28605169582  3.467705E-13
1556.73370861636  3.432962E-13
1558.18136553689  3.255559E-13
1559.62902245743  3.189960E-13
1561.07667937797  2.809657E-13
1562.5243362985  2.803422E-13
1563.97199321904  2.957324E-13
1565.41965013958  2.862567E-13
1566.86730706012  2.761975E-13
1568.31496398065  2.746158E-13
1569.76262090119  2.699269E-13
1571.21027782173  2.786577E-13
1572.65793474226  2.648972E-13
1574.1055916628  2.438426E-13
1575.55324858334  2.579666E-13
1577.00090550387  2.665595E-13
1578.44856242441  2.755876E-13
1579.89621934495  2.705705E-13
1581.34387626548  2.633207E-13
1582.79153318602  2.470972E-13
1584.23919010656  2.465767E-13
1585.68684702709  2.456463E-13
1587.13450394763  2.457902E-13
1588.58216086817  2.518571E-13
1590.0298177887  2.760410E-13
1591.47747470924  2.762274E-13
1592.92513162978  2.615194E-13
1594.37278855031  2.543845E-13
1595.82044547085  2.422287E-13
1597.26810239139  2.245253E-13
1598.71575931192  2.459567E-13
1600.16341623246  2.541288E-13
1601.611073153  2.537339E-13
1603.05873007354  2.579139E-13
1604.50638699407  2.517377E-13
1605.95404391461  2.468697E-13
1607.40170083515  2.545077E-13
1608.84935775568  2.460602E-13
1610.29701467622  2.489663E-13
1611.74467159676  2.547034E-13
1613.19232851729  2.611629E-13
1614.63998543783  2.512609E-13
1616.08764235837  2.492727E-13
1617.5352992789  2.454549E-13
1618.98295619944  2.422152E-13
1620.43061311998  2.505387E-13
1621.87827004051  2.507563E-13
1623.32592696105  2.429283E-13
1624.77358388159  2.453216E-13
1626.22124080212  2.403145E-13
1627.66889772266  2.379968E-13
1629.1165546432  2.448706E-13
1630.56421156373  2.494361E-13
1632.01186848427  2.606080E-13
1633.45952540481  2.527861E-13
1634.90718232534  2.643024E-13
1636.35483924588  2.711116E-13
1637.80249616642  2.695329E-13
1639.25015308695  2.536755E-13
1640.69781000749  2.500900E-13
1642.14546692803  2.342354E-13
1643.59312384857  2.458934E-13
1645.0407807691  2.423911E-13
1646.48843768964  2.439277E-13
1647.93609461018  2.416648E-13
1649.38375153071  2.498791E-13
1650.83140845125  2.449491E-13
1652.27906537179  2.402645E-13
1653.72672229232  2.368177E-13
1655.17437921286  2.342826E-13
1656.6220361334  2.346069E-13
1658.06969305393  2.334913E-13
1659.51734997447  2.525094E-13
1660.96500689501  2.465735E-13
1662.41266381554  2.423930E-13
1663.86032073608  2.416319E-13
1665.30797765662  2.475494E-13
1666.75563457715  2.436425E-13
1668.20329149769  2.372872E-13
1669.65094841823  2.274409E-13
1671.09860533876  2.318147E-13
1672.5462622593  2.387152E-13
1673.99391917984  2.318659E-13
1675.44157610038  2.283265E-13
1676.88923302091  2.299359E-13
1678.33688994145  2.301906E-13
1679.78454686199  2.146052E-13
1681.23220378252  2.167462E-13
1682.67986070306  2.093695E-13
1684.1275176236  2.154913E-13
1685.57517454413  2.088937E-13
1687.02283146467  2.057379E-13
1688.47048838521  2.104836E-13
1689.91814530574  2.151567E-13
1691.36580222628  2.102126E-13
1692.81345914682  2.027334E-13
1694.26111606735  2.030202E-13
1695.70877298789  2.161224E-13
1697.15642990843  2.314230E-13
1698.60408682896  2.245727E-13
1700.0517437495  2.176314E-13
1701.49940067004  2.135252E-13
1702.94705759057  2.035568E-13
1704.39471451111  2.104515E-13
1705.84237143165  2.128117E-13
1707.29002835218  2.184236E-13
1708.73768527272  2.115157E-13
1710.18534219326  0.
1711.63299911379  0.
1713.08065603433  0.
1714.52831295487  0.
1715.97596987541  0.
1717.42362679594  0.
1718.87128371648  0.
1720.31894063702  0.
1721.76659755755  0.
1723.21425447809  0.
1724.66191139863  0.
1726.10956831916  0.
1727.5572252397  0.
1729.00488216024  0.
1730.45253908077  0.
1731.90019600131  0.
1733.34785292185  0.
1734.79550984238  0.
1736.24316676292  0.
1737.69082368346  0.
1739.13848060399  0.
1740.58613752453  0.
1742.03379444507  0.
1743.4814513656  0.
1744.92910828614  0.
1746.37676520668  0.
1747.82442212721  0.
1749.27207904775  0.
1750.71973596829  0.
1752.16739288882  0.
1753.61504980936  0.
1755.0627067299  0.
1756.51036365043  0.
1757.95802057097  0.
1759.40567749151  0.
1760.85333441205  0.
1762.30099133258  0.
1763.74864825312  0.
1765.19630517366  0.
1766.64396209419  0.
1768.09161901473  0.
1769.53927593527  0.
1770.9869328558  0.
1772.43458977634  0.
1773.88224669688  0.
1775.32990361741  0.
1776.77756053795  0.
1778.22521745849  0.
1779.67287437902  0.
1781.12053129956  0.
1782.5681882201  0.
1784.01584514063  0.
1785.46350206117  0.
1786.91115898171  0.
1788.35881590224  0.
1789.80647282278  0.
1791.25412974332  0.
1792.70178666385  0.
1794.14944358439  0.
1795.59710050493  0.
1797.04475742547  0.
1798.492414346  0.
1799.94007126654  0.
1801.38772818708  0.
1802.83538510761  0.
1804.28304202815  0.
1805.73069894869  0.
1807.17835586922  0.
1808.62601278976  0.
1810.0736697103  0.
1811.52132663083  0.
1812.96898355137  0.
1814.41664047191  0.
1815.86429739244  0.
1817.31195431298  0.
1818.75961123352  0.
1820.20726815405  0.
1821.65492507459  0.
1823.10258199513  0.
1824.55023891566  0.
1825.9978958362  0.
1827.44555275674  0.
1828.89320967727  0.
1830.34086659781  0.
1831.78852351835  0.
