906.735751295338  0.
908.183408215875  0.
909.631065136412  0.
911.078722056949  0.
912.526378977485  0.
913.974035898022  0.
915.421692818559  0.
916.869349739096  0.
918.317006659633  0.
919.764663580169  0.
921.212320500706  0.
922.659977421243  0.
924.10763434178  0.
925.555291262316  0.
927.002948182853  0.
928.45060510339  0.
929.898262023927  0.
931.345918944464  0.
932.793575865  0.
934.241232785537  0.
935.688889706074  0.
937.136546626611  0.
938.584203547148  0.
940.031860467684  0.
941.479517388221  0.
942.927174308758  0.
944.374831229295  0.
945.822488149832  0.
947.270145070369  0.
948.717801990905  0.
950.165458911442  0.
951.613115831979  0.
953.060772752515  0.
954.508429673052  0.
955.956086593589  0.
957.403743514126  0.
958.851400434663  0.
960.2990573552  0.
961.746714275736  0.
963.194371196273  0.
964.64202811681  0.
966.089685037347  0.
967.537341957883  0.
968.98499887842  0.
970.432655798957  0.
971.880312719494  0.
973.327969640031  0.
974.775626560567  0.
976.223283481104  0.
977.670940401641  0.
979.118597322178  0.
980.566254242715  0.
982.013911163251  0.
983.461568083788  0.
984.909225004325  0.
986.356881924862  0.
987.804538845399  0.
989.252195765935  0.
990.699852686472  0.
992.147509607009  0.
993.595166527546  4.888709E-13
995.042823448082  4.585103E-13
996.490480368619  6.203661E-13
997.938137289156  5.213662E-13
999.385794209693  5.701099E-13
1000.83345113023  5.710183E-13
1002.28110805077  5.069537E-13
1003.7287649713  4.366491E-13
1005.17642189184  6.102104E-13
1006.62407881238  5.660757E-13
1008.07173573291  5.768582E-13
1009.51939265345  4.964530E-13
1010.96704957399  4.702763E-13
1012.41470649452  4.756060E-13
1013.86236341506  4.633299E-13
1015.3100203356  5.456618E-13
1016.75767725613  4.719697E-13
1018.20533417667  5.102241E-13
1019.65299109721  4.789866E-13
1021.10064801775  4.772190E-13
1022.54830493828  4.558410E-13
1023.99596185882  5.092333E-13
1025.44361877936  5.509135E-13
1026.89127569989  5.666285E-13
1028.33893262043  5.445184E-13
1029.78658954097  5.410462E-13
1031.2342464615  5.436491E-13
1032.68190338204  5.055203E-13
1034.12956030258  5.271776E-13
1035.57721722311  5.008208E-13
1037.02487414365  4.791353E-13
1038.47253106419  5.112655E-13
1039.92018798472  4.583666E-13
1041.36784490526  4.668335E-13
1042.8155018258  4.440934E-13
1044.26315874633  6.154616E-13
1045.71081566687  6.097265E-13
1047.15847258741  7.027120E-13
1048.60612950794  5.193292E-13
1050.05378642848  4.071096E-13
1051.50144334902  4.295474E-13
1052.94910026955  4.475169E-13
1054.39675719009  4.942392E-13
1055.84441411063  3.913317E-13
1057.29207103116  3.934630E-13
1058.7397279517  3.961856E-13
1060.18738487224  4.305193E-13
1061.63504179277  4.176578E-13
1063.08269871331  3.877780E-13
1064.53035563385  4.417841E-13
1065.97801255439  4.080330E-13
1067.42566947492  4.527403E-13
1068.87332639546  4.034961E-13
1070.320983316  4.414251E-13
1071.76864023653  5.075013E-13
1073.21629715707  4.231117E-13
1074.66395407761  4.353808E-13
1076.11161099814  4.054155E-13
1077.55926791868  4.139808E-13
1079.00692483922  4.174130E-13
1080.45458175975  3.617187E-13
1081.90223868029  3.845489E-13
1083.34989560083  3.931569E-13
1084.79755252136  3.813228E-13
1086.2452094419  3.708925E-13
1087.69286636244  3.754296E-13
1089.14052328297  3.355562E-13
1090.58818020351  3.301830E-13
1092.03583712405  4.022682E-13
1093.48349404458  3.701358E-13
1094.93115096512  4.038555E-13
1096.37880788566  3.856324E-13
1097.82646480619  3.974382E-13
1099.27412172673  3.551598E-13
1100.72177864727  3.796925E-13
1102.1694355678  3.735451E-13
1103.61709248834  3.483780E-13
1105.06474940888  3.533781E-13
1106.51240632942  3.179263E-13
1107.96006324995  3.622524E-13
1109.40772017049  3.710605E-13
1110.85537709103  3.717291E-13
1112.30303401156  3.751564E-13
1113.7506909321  3.666714E-13
1115.19834785264  3.921389E-13
1116.64600477317  3.966995E-13
1118.09366169371  3.681834E-13
1119.54131861425  3.528004E-13
1120.98897553478  3.804150E-13
1122.43663245532  3.752031E-13
1123.88428937586  3.216387E-13
1125.33194629639  3.150976E-13
1126.77960321693  3.179451E-13
1128.22726013747  3.514471E-13
1129.674917058  4.114067E-13
1131.12257397854  3.690904E-13
1132.57023089908  3.900031E-13
1134.01788781961  3.204979E-13
1135.46554474015  3.456056E-13
1136.91320166069  3.759988E-13
1138.36085858122  3.663912E-13
1139.80851550176  3.322747E-13
1141.2561724223  3.584881E-13
1142.70382934284  3.672631E-13
1144.15148626337  3.795992E-13
1145.59914318391  3.849918E-13
1147.04680010445  3.414561E-13
1148.49445702498  3.526403E-13
1149.94211394552  3.463190E-13
1151.38977086606  3.485172E-13
1152.83742778659  3.057560E-13
1154.28508470713  2.982756E-13
1155.73274162767  3.724604E-13
1157.1803985482  3.842125E-13
1158.62805546874  3.387885E-13
1160.07571238928  3.662362E-13
1161.52336930981  3.735331E-13
1162.97102623035  3.592856E-13
1164.41868315089  4.967208E-13
1165.86634007142  3.327925E-13
1167.31399699196  3.796387E-13
1168.7616539125  3.589040E-13
1170.20931083303  4.095445E-13
1171.65696775357  3.604584E-13
1173.10462467411  3.802313E-13
1174.55228159464  3.475917E-13
1175.99993851518  3.802711E-13
1177.44759543572  4.156774E-13
1178.89525235625  4.004740E-13
1180.34290927679  3.809534E-13
1181.79056619733  4.216873E-13
1183.23822311787  4.028437E-13
1184.6858800384  4.154992E-13
1186.13353695894  3.948458E-13
1187.58119387948  4.447868E-13
1189.02885080001  4.105765E-13
1190.47650772055  4.017607E-13
1191.92416464109  4.704169E-13
1193.37182156162  4.639272E-13
1194.81947848216  5.212539E-13
1196.2671354027  4.676554E-13
1197.71479232323  4.682259E-13
1199.16244924377  4.968079E-13
1200.61010616431  5.423136E-13
1202.05776308484  5.496472E-13
1203.50542000538  4.926560E-13
1204.95307692592  5.154070E-13
1206.40073384645  6.189153E-13
1207.84839076699  7.010656E-13
1209.29604768753  8.021504E-13
1210.74370460806  8.627385E-13
1212.1913615286  8.733519E-13
1213.63901844914  9.561418E-13
1215.08667536967  9.795642E-13
1216.53433229021  1.065331E-12
1217.98198921075  9.444411E-13
1219.42964613129  8.549038E-13
1220.87730305182  8.304516E-13
1222.32495997236  8.609722E-13
1223.7726168929  5.983091E-13
1225.22027381343  6.355035E-13
1226.66793073397  5.685641E-13
1228.11558765451  5.251127E-13
1229.56324457504  5.704606E-13
1231.01090149558  5.036568E-13
1232.45855841612  5.137066E-13
1233.90621533665  5.840600E-13
1235.35387225719  5.365138E-13
1236.80152917773  4.988541E-13
1238.24918609826  4.674868E-13
1239.6968430188  5.780292E-13
1241.14449993934  5.190887E-13
1242.59215685987  4.788388E-13
1244.03981378041  4.911548E-13
1245.48747070095  5.059642E-13
1246.93512762148  3.990818E-13
1248.38278454202  4.375418E-13
1249.83044146256  4.278382E-13
1251.27809838309  4.105032E-13
1252.72575530363  3.777486E-13
1254.17341222417  4.006615E-13
1255.62106914471  3.997211E-13
1257.06872606524  4.042914E-13
1258.51638298578  3.817568E-13
1259.96403990632  3.577280E-13
1261.41169682685  3.869564E-13
1262.85935374739  3.929919E-13
1264.30701066793  3.369690E-13
1265.75466758846  3.098802E-13
1267.202324509  3.534339E-13
1268.64998142954  3.329449E-13
1270.09763835007  3.308973E-13
1271.54529527061  3.674783E-13
1272.99295219115  3.182386E-13
1274.44060911168  3.287768E-13
1275.88826603222  3.235348E-13
1277.33592295276  3.090406E-13
1278.78357987329  3.533460E-13
1280.23123679383  3.477027E-13
1281.67889371437  3.134317E-13
1283.1265506349  2.994868E-13
1284.57420755544  2.982850E-13
1286.02186447598  2.675796E-13
1287.46952139651  3.495224E-13
1288.91717831705  3.308730E-13
1290.36483523759  3.586125E-13
1291.81249215812  3.405040E-13
1293.26014907866  3.277237E-13
1294.7078059992  3.493288E-13
1296.15546291974  3.590399E-13
1297.60311984027  3.004528E-13
1299.05077676081  3.481688E-13
1300.49843368135  3.177008E-13
1301.94609060188  3.222054E-13
1303.39374752242  3.322264E-13
1304.84140444296  3.065496E-13
1306.28906136349  3.233147E-13
1307.73671828403  2.918076E-13
1309.18437520457  3.104128E-13
1310.6320321251  3.079703E-13
1312.07968904564  3.192392E-13
1313.52734596618  3.139145E-13
1314.97500288671  3.226910E-13
1316.42265980725  2.820909E-13
1317.87031672779  2.844075E-13
1319.31797364832  2.744396E-13
1320.76563056886  2.962321E-13
1322.2132874894  2.848268E-13
1323.66094440993  3.012769E-13
1325.10860133047  2.946639E-13
1326.55625825101  3.086882E-13
1328.00391517154  2.835567E-13
1329.45157209208  3.211083E-13
1330.89922901262  2.735405E-13
1332.34688593315  3.023189E-13
1333.79454285369  2.786412E-13
1335.24219977423  3.269581E-13
1336.68985669477  3.044091E-13
1338.1375136153  2.488391E-13
1339.58517053584  2.509156E-13
1341.03282745638  2.845359E-13
1342.48048437691  2.732600E-13
1343.92814129745  2.685102E-13
1345.37579821799  2.843552E-13
1346.82345513852  2.867216E-13
1348.27111205906  2.801152E-13
1349.7187689796  2.622564E-13
1351.16642590013  3.135793E-13
1352.61408282067  3.241202E-13
1354.06173974121  3.198443E-13
1355.50939666174  3.095147E-13
1356.95705358228  3.072603E-13
1358.40471050282  3.017647E-13
1359.85236742335  2.917000E-13
1361.30002434389  3.065304E-13
1362.74768126443  3.089003E-13
1364.19533818496  3.196190E-13
1365.6429951055  3.222467E-13
1367.09065202604  2.783624E-13
1368.53830894657  2.958343E-13
1369.98596586711  3.003174E-13
1371.43362278765  2.803221E-13
1372.88127970819  2.693548E-13
1374.32893662872  2.690716E-13
1375.77659354926  3.019557E-13
1377.2242504698  3.051544E-13
1378.67190739033  2.965416E-13
1380.11956431087  3.009258E-13
1381.56722123141  3.103876E-13
1383.01487815194  2.821262E-13
1384.46253507248  3.092729E-13
1385.91019199302  3.049219E-13
1387.35784891355  3.245821E-13
1388.80550583409  2.794291E-13
1390.25316275463  2.988314E-13
1391.70081967516  3.074658E-13
1393.1484765957  3.284839E-13
1394.59613351624  3.222451E-13
1396.04379043677  3.445406E-13
1397.49144735731  3.240053E-13
1398.93910427785  3.456287E-13
1400.38676119838  3.224373E-13
1401.83441811892  3.479838E-13
1403.28207503946  2.963980E-13
1404.72973195999  2.727330E-13
1406.17738888053  2.902894E-13
1407.62504580107  2.869843E-13
1409.0727027216  2.998976E-13
1410.52035964214  2.960910E-13
1411.96801656268  3.068611E-13
1413.41567348322  2.983715E-13
1414.86333040375  2.622091E-13
1416.31098732429  2.752263E-13
1417.75864424483  2.721027E-13
1419.20630116536  2.585205E-13
1420.6539580859  2.806165E-13
1422.10161500644  2.898749E-13
1423.54927192697  2.760731E-13
1424.99692884751  2.798168E-13
1426.44458576805  2.896676E-13
1427.89224268858  2.828060E-13
1429.33989960912  2.643685E-13
1430.78755652966  2.479717E-13
1432.23521345019  2.628922E-13
1433.68287037073  2.921580E-13
1435.13052729127  2.553536E-13
1436.5781842118  2.556760E-13
1438.02584113234  2.801179E-13
1439.47349805288  2.666631E-13
1440.92115497341  2.963758E-13
1442.36881189395  2.476314E-13
1443.81646881449  2.611703E-13
1445.26412573502  2.576374E-13
1446.71178265556  2.485264E-13
1448.1594395761  2.298691E-13
1449.60709649664  2.381474E-13
1451.05475341717  2.626284E-13
1452.50241033771  2.612007E-13
1453.95006725825  2.587225E-13
1455.39772417878  2.594832E-13
1456.84538109932  2.802934E-13
1458.29303801986  2.727018E-13
1459.74069494039  2.518218E-13
1461.18835186093  2.697675E-13
1462.63600878147  2.468886E-13
1464.083665702  2.556464E-13
1465.53132262254  2.589026E-13
1466.97897954308  2.788582E-13
1468.42663646361  2.664231E-13
1469.87429338415  2.571434E-13
1471.32195030469  2.357888E-13
1472.76960722522  2.515089E-13
1474.21726414576  2.480611E-13
1475.6649210663  2.407751E-13
1477.11257798683  2.599281E-13
1478.56023490737  2.648509E-13
1480.00789182791  2.410667E-13
1481.45554874844  2.608433E-13
1482.90320566898  2.607596E-13
1484.35086258952  2.788884E-13
1485.79851951005  2.670697E-13
1487.24617643059  2.585301E-13
1488.69383335113  2.443071E-13
1490.14149027167  2.525496E-13
1491.5891471922  2.394823E-13
1493.03680411274  2.249682E-13
1494.48446103328  2.410205E-13
1495.93211795381  2.568900E-13
1497.37977487435  2.653042E-13
1498.82743179489  2.628753E-13
1500.27508871542  2.639764E-13
1501.72274563596  2.512182E-13
1503.1704025565  2.363901E-13
1504.61805947703  2.360207E-13
1506.06571639757  2.384385E-13
1507.51337331811  2.503584E-13
1508.96103023864  2.447557E-13
1510.40868715918  2.545906E-13
1511.85634407972  2.565710E-13
1513.30400100025  2.592243E-13
1514.75165792079  2.654822E-13
1516.19931484133  2.594784E-13
1517.64697176186  2.848127E-13
1519.0946286824  2.900861E-13
1520.54228560294  2.765309E-13
1521.98994252347  2.849914E-13
1523.43759944401  2.984899E-13
1524.88525636455  2.933205E-13
1526.33291328509  3.061412E-13
1527.78057020562  3.054688E-13
1529.22822712616  2.835720E-13
1530.6758840467  2.920934E-13
1532.12354096723  3.008361E-13
1533.57119788777  3.107624E-13
1535.01885480831  3.275096E-13
1536.46651172884  3.480996E-13
1537.91416864938  3.614338E-13
1539.36182556992  3.916980E-13
1540.80948249045  4.318964E-13
1542.25713941099  4.264513E-13
1543.70479633153  4.247863E-13
1545.15245325206  4.425889E-13
1546.6001101726  4.789230E-13
1548.04776709314  4.629101E-13
1549.49542401367  4.235000E-13
1550.94308093421  4.199798E-13
1552.39073785475  4.141019E-13
1553.83839477528  4.132232E-13
1555.28605169582  3.711769E-13
1556.73370861636  3.407786E-13
1558.18136553689  3.302979E-13
1559.62902245743  3.266098E-13
1561.07667937797  3.033090E-13
1562.5243362985  2.953548E-13
1563.97199321904  2.798298E-13
1565.41965013958  2.925621E-13
1566.86730706012  2.980672E-13
1568.31496398065  3.033483E-13
1569.76262090119  2.756903E-13
1571.21027782173  2.532446E-13
1572.65793474226  2.656010E-13
1574.1055916628  2.879361E-13
1575.55324858334  2.758363E-13
1577.00090550387  2.468837E-13
1578.44856242441  2.600015E-13
1579.89621934495  2.665269E-13
1581.34387626548  2.662589E-13
1582.79153318602  2.552846E-13
1584.23919010656  2.523418E-13
1585.68684702709  2.579702E-13
1587.13450394763  2.659934E-13
1588.58216086817  2.723410E-13
1590.0298177887  2.677088E-13
1591.47747470924  2.640497E-13
1592.92513162978  2.537699E-13
1594.37278855031  2.515761E-13
1595.82044547085  2.550202E-13
1597.26810239139  2.442938E-13
1598.71575931192  2.354537E-13
1600.16341623246  2.485332E-13
1601.611073153  2.533785E-13
1603.05873007354  2.577207E-13
1604.50638699407  2.372639E-13
1605.95404391461  2.470483E-13
1607.40170083515  2.387325E-13
1608.84935775568  2.373876E-13
1610.29701467622  2.318741E-13
1611.74467159676  2.407682E-13
1613.19232851729  2.313022E-13
1614.63998543783  2.333881E-13
1616.08764235837  2.358252E-13
1617.5352992789  2.372086E-13
1618.98295619944  2.391124E-13
1620.43061311998  2.466974E-13
1621.87827004051  2.365752E-13
1623.32592696105  2.427097E-13
1624.77358388159  2.482730E-13
1626.22124080212  2.452295E-13
1627.66889772266  2.474886E-13
1629.1165546432  2.522278E-13
1630.56421156373  2.593571E-13
1632.01186848427  2.645569E-13
1633.45952540481  2.541456E-13
1634.90718232534  2.556965E-13
1636.35483924588  2.576219E-13
1637.80249616642  2.336280E-13
1639.25015308695  2.327706E-13
1640.69781000749  2.439103E-13
1642.14546692803  2.500439E-13
1643.59312384857  2.472159E-13
1645.0407807691  2.487154E-13
1646.48843768964  2.389210E-13
1647.93609461018  2.341265E-13
1649.38375153071  2.403307E-13
1650.83140845125  2.488963E-13
1652.27906537179  2.319355E-13
1653.72672229232  2.338949E-13
1655.17437921286  2.303217E-13
1656.6220361334  2.471011E-13
1658.06969305393  2.467677E-13
1659.51734997447  2.432875E-13
1660.96500689501  2.269737E-13
1662.41266381554  2.268962E-13
1663.86032073608  2.328040E-13
1665.30797765662  2.384019E-13
1666.75563457715  2.437115E-13
1668.20329149769  2.480993E-13
1669.65094841823  2.486280E-13
1671.09860533876  2.459332E-13
1672.5462622593  2.355178E-13
1673.99391917984  2.293876E-13
1675.44157610038  2.232837E-13
1676.88923302091  2.168970E-13
1678.33688994145  2.200815E-13
1679.78454686199  2.260475E-13
1681.23220378252  2.296072E-13
1682.67986070306  2.265489E-13
1684.1275176236  2.272656E-13
1685.57517454413  2.114596E-13
1687.02283146467  2.117928E-13
1688.47048838521  2.101121E-13
1689.91814530574  2.128969E-13
1691.36580222628  2.092330E-13
1692.81345914682  2.108795E-13
1694.26111606735  2.054814E-13
1695.70877298789  2.086999E-13
1697.15642990843  2.175994E-13
1698.60408682896  2.066970E-13
1700.0517437495  2.050243E-13
1701.49940067004  2.101464E-13
1702.94705759057  2.106114E-13
1704.39471451111  2.173564E-13
1705.84237143165  2.133219E-13
1707.29002835218  2.081535E-13
1708.73768527272  2.059975E-13
1710.18534219326  0.
1711.63299911379  0.
1713.08065603433  0.
1714.52831295487  0.
1715.97596987541  0.
1717.42362679594  0.
1718.87128371648  0.
1720.31894063702  0.
1721.76659755755  0.
1723.21425447809  0.
1724.66191139863  0.
1726.10956831916  0.
1727.5572252397  0.
1729.00488216024  0.
1730.45253908077  0.
1731.90019600131  0.
1733.34785292185  0.
1734.79550984238  0.
1736.24316676292  0.
1737.69082368346  0.
1739.13848060399  0.
1740.58613752453  0.
1742.03379444507  0.
1743.4814513656  0.
1744.92910828614  0.
1746.37676520668  0.
1747.82442212721  0.
1749.27207904775  0.
1750.71973596829  0.
1752.16739288882  0.
1753.61504980936  0.
1755.0627067299  0.
1756.51036365043  0.
1757.95802057097  0.
1759.40567749151  0.
1760.85333441205  0.
1762.30099133258  0.
1763.74864825312  0.
1765.19630517366  0.
1766.64396209419  0.
1768.09161901473  0.
1769.53927593527  0.
1770.9869328558  0.
1772.43458977634  0.
1773.88224669688  0.
1775.32990361741  0.
1776.77756053795  0.
1778.22521745849  0.
1779.67287437902  0.
1781.12053129956  0.
1782.5681882201  0.
1784.01584514063  0.
1785.46350206117  0.
1786.91115898171  0.
1788.35881590224  0.
1789.80647282278  0.
1791.25412974332  0.
1792.70178666385  0.
1794.14944358439  0.
1795.59710050493  0.
1797.04475742547  0.
1798.492414346  0.
1799.94007126654  0.
1801.38772818708  0.
1802.83538510761  0.
1804.28304202815  0.
1805.73069894869  0.
1807.17835586922  0.
1808.62601278976  0.
1810.0736697103  0.
1811.52132663083  0.
1812.96898355137  0.
1814.41664047191  0.
1815.86429739244  0.
1817.31195431298  0.
1818.75961123352  0.
1820.20726815405  0.
1821.65492507459  0.
1823.10258199513  0.
1824.55023891566  0.
1825.9978958362  0.
1827.44555275674  0.
1828.89320967727  0.
1830.34086659781  0.
1831.78852351835  0.
