906.735751295338  0.
908.183408215875  0.
909.631065136412  0.
911.078722056949  0.
912.526378977485  0.
913.974035898022  0.
915.421692818559  0.
916.869349739096  0.
918.317006659633  0.
919.764663580169  0.
921.212320500706  0.
922.659977421243  0.
924.10763434178  0.
925.555291262316  0.
927.002948182853  0.
928.45060510339  0.
929.898262023927  0.
931.345918944464  0.
932.793575865  0.
934.241232785537  0.
935.688889706074  0.
937.136546626611  0.
938.584203547148  0.
940.031860467684  0.
941.479517388221  0.
942.927174308758  0.
944.374831229295  0.
945.822488149832  0.
947.270145070369  0.
948.717801990905  0.
950.165458911442  0.
951.613115831979  0.
953.060772752515  0.
954.508429673052  0.
955.956086593589  0.
957.403743514126  0.
958.851400434663  0.
960.2990573552  0.
961.746714275736  0.
963.194371196273  0.
964.64202811681  0.
966.089685037347  0.
967.537341957883  0.
968.98499887842  0.
970.432655798957  0.
971.880312719494  0.
973.327969640031  0.
974.775626560567  0.
976.223283481104  0.
977.670940401641  0.
979.118597322178  0.
980.566254242715  0.
982.013911163251  0.
983.461568083788  0.
984.909225004325  0.
986.356881924862  0.
987.804538845399  0.
989.252195765935  0.
990.699852686472  0.
992.147509607009  0.
993.595166527546  3.575770E-13
995.042823448082  5.671602E-13
996.490480368619  5.858832E-13
997.938137289156  5.661436E-13
999.385794209693  5.810366E-13
1000.83345113023  2.725042E-13
1002.28110805077  3.641538E-13
1003.7287649713  4.666799E-13
1005.17642189184  5.260256E-13
1006.62407881238  4.845083E-13
1008.07173573291  3.066869E-13
1009.51939265345  5.437758E-13
1010.96704957399  4.280095E-13
1012.41470649452  3.612621E-13
1013.86236341506  3.736966E-13
1015.3100203356  4.683425E-13
1016.75767725613  3.285969E-13
1018.20533417667  4.340635E-13
1019.65299109721  4.742267E-13
1021.10064801775  4.323202E-13
1022.54830493828  5.186948E-13
1023.99596185882  5.392341E-13
1025.44361877936  5.518110E-13
1026.89127569989  4.478997E-13
1028.33893262043  4.915441E-13
1029.78658954097  4.650961E-13
1031.2342464615  5.026637E-13
1032.68190338204  4.681811E-13
1034.12956030258  5.166506E-13
1035.57721722311  4.519793E-13
1037.02487414365  4.386694E-13
1038.47253106419  4.040639E-13
1039.92018798472  3.842276E-13
1041.36784490526  3.302438E-13
1042.8155018258  3.668514E-13
1044.26315874633  3.219358E-13
1045.71081566687  4.152052E-13
1047.15847258741  4.415918E-13
1048.60612950794  4.431503E-13
1050.05378642848  4.778040E-13
1051.50144334902  5.089089E-13
1052.94910026955  5.425600E-13
1054.39675719009  5.242966E-13
1055.84441411063  4.467909E-13
1057.29207103116  3.228967E-13
1058.7397279517  3.592684E-13
1060.18738487224  3.571475E-13
1061.63504179277  3.659331E-13
1063.08269871331  3.954181E-13
1064.53035563385  3.240114E-13
1065.97801255439  3.504621E-13
1067.42566947492  3.657562E-13
1068.87332639546  3.358554E-13
1070.320983316  3.490843E-13
1071.76864023653  3.418396E-13
1073.21629715707  3.771741E-13
1074.66395407761  3.255275E-13
1076.11161099814  3.569599E-13
1077.55926791868  3.098672E-13
1079.00692483922  3.043668E-13
1080.45458175975  2.954783E-13
1081.90223868029  3.453228E-13
1083.34989560083  3.311434E-13
1084.79755252136  3.069478E-13
1086.2452094419  2.723532E-13
1087.69286636244  3.026418E-13
1089.14052328297  2.869102E-13
1090.58818020351  3.159891E-13
1092.03583712405  3.337179E-13
1093.48349404458  3.317897E-13
1094.93115096512  2.966306E-13
1096.37880788566  3.375485E-13
1097.82646480619  2.891963E-13
1099.27412172673  3.023770E-13
1100.72177864727  2.818096E-13
1102.1694355678  3.055625E-13
1103.61709248834  3.133974E-13
1105.06474940888  3.152450E-13
1106.51240632942  2.656717E-13
1107.96006324995  2.878619E-13
1109.40772017049  3.076043E-13
1110.85537709103  3.262824E-13
1112.30303401156  3.070394E-13
1113.7506909321  3.129779E-13
1115.19834785264  2.884622E-13
1116.64600477317  2.863647E-13
1118.09366169371  3.283441E-13
1119.54131861425  2.914183E-13
1120.98897553478  2.452836E-13
1122.43663245532  2.402140E-13
1123.88428937586  2.693490E-13
1125.33194629639  2.575257E-13
1126.77960321693  2.589200E-13
1128.22726013747  3.276223E-13
1129.674917058  2.883140E-13
1131.12257397854  3.160144E-13
1132.57023089908  3.199008E-13
1134.01788781961  3.353284E-13
1135.46554474015  3.329921E-13
1136.91320166069  2.861520E-13
1138.36085858122  2.643054E-13
1139.80851550176  2.990347E-13
1141.2561724223  2.814567E-13
1142.70382934284  2.844283E-13
1144.15148626337  2.923501E-13
1145.59914318391  3.338488E-13
1147.04680010445  3.370133E-13
1148.49445702498  3.020154E-13
1149.94211394552  2.750428E-13
1151.38977086606  2.652688E-13
1152.83742778659  2.754337E-13
1154.28508470713  2.846261E-13
1155.73274162767  2.879303E-13
1157.1803985482  3.082784E-13
1158.62805546874  3.146686E-13
1160.07571238928  3.257168E-13
1161.52336930981  2.892381E-13
1162.97102623035  2.825927E-13
1164.41868315089  2.809572E-13
1165.86634007142  3.009023E-13
1167.31399699196  2.877030E-13
1168.7616539125  3.349302E-13
1170.20931083303  3.196787E-13
1171.65696775357  3.182552E-13
1173.10462467411  3.217854E-13
1174.55228159464  3.251619E-13
1175.99993851518  3.024969E-13
1177.44759543572  3.174615E-13
1178.89525235625  3.015059E-13
1180.34290927679  3.296356E-13
1181.79056619733  3.375652E-13
1183.23822311787  3.355341E-13
1184.6858800384  3.454398E-13
1186.13353695894  3.695529E-13
1187.58119387948  3.268400E-13
1189.02885080001  3.683494E-13
1190.47650772055  3.942778E-13
1191.92416464109  3.780104E-13
1193.37182156162  3.839811E-13
1194.81947848216  4.043549E-13
1196.2671354027  4.853151E-13
1197.71479232323  5.072166E-13
1199.16244924377  4.343434E-13
1200.61010616431  4.305048E-13
1202.05776308484  4.532960E-13
1203.50542000538  5.178754E-13
1204.95307692592  5.333417E-13
1206.40073384645  6.858965E-13
1207.84839076699  7.816887E-13
1209.29604768753  8.360200E-13
1210.74370460806  8.063925E-13
1212.1913615286  1.009791E-12
1213.63901844914  9.207531E-13
1215.08667536967  9.511141E-13
1216.53433229021  8.991297E-13
1217.98198921075  7.361453E-13
1219.42964613129  6.584499E-13
1220.87730305182  6.054074E-13
1222.32495997236  5.696444E-13
1223.7726168929  4.773756E-13
1225.22027381343  4.999611E-13
1226.66793073397  4.965172E-13
1228.11558765451  4.375513E-13
1229.56324457504  4.346152E-13
1231.01090149558  4.392725E-13
1232.45855841612  4.518982E-13
1233.90621533665  3.928078E-13
1235.35387225719  4.427631E-13
1236.80152917773  4.152146E-13
1238.24918609826  4.532650E-13
1239.6968430188  4.066905E-13
1241.14449993934  3.709754E-13
1242.59215685987  4.097729E-13
1244.03981378041  3.993702E-13
1245.48747070095  3.280015E-13
1246.93512762148  3.667953E-13
1248.38278454202  3.414935E-13
1249.83044146256  2.947127E-13
1251.27809838309  3.432511E-13
1252.72575530363  3.449327E-13
1254.17341222417  3.405564E-13
1255.62106914471  3.589005E-13
1257.06872606524  3.210500E-13
1258.51638298578  3.041097E-13
1259.96403990632  3.033600E-13
1261.41169682685  2.978261E-13
1262.85935374739  2.980767E-13
1264.30701066793  2.783967E-13
1265.75466758846  3.017731E-13
1267.202324509  3.010976E-13
1268.64998142954  2.803614E-13
1270.09763835007  2.492020E-13
1271.54529527061  3.095960E-13
1272.99295219115  3.054399E-13
1274.44060911168  2.733529E-13
1275.88826603222  2.691255E-13
1277.33592295276  2.819552E-13
1278.78357987329  2.927300E-13
1280.23123679383  2.758893E-13
1281.67889371437  2.824280E-13
1283.1265506349  2.469141E-13
1284.57420755544  2.372695E-13
1286.02186447598  2.436766E-13
1287.46952139651  2.233417E-13
1288.91717831705  2.578890E-13
1290.36483523759  2.591211E-13
1291.81249215812  2.864182E-13
1293.26014907866  2.744632E-13
1294.7078059992  3.090407E-13
1296.15546291974  3.008911E-13
1297.60311984027  2.902296E-13
1299.05077676081  2.624243E-13
1300.49843368135  2.888052E-13
1301.94609060188  2.910681E-13
1303.39374752242  2.561608E-13
1304.84140444296  2.572896E-13
1306.28906136349  2.520852E-13
1307.73671828403  2.421561E-13
1309.18437520457  2.445763E-13
1310.6320321251  2.339802E-13
1312.07968904564  2.594650E-13
1313.52734596618  2.434757E-13
1314.97500288671  2.313620E-13
1316.42265980725  2.321348E-13
1317.87031672779  2.091944E-13
1319.31797364832  1.905389E-13
1320.76563056886  2.405800E-13
1322.2132874894  2.394022E-13
1323.66094440993  2.366425E-13
1325.10860133047  2.694858E-13
1326.55625825101  2.552089E-13
1328.00391517154  2.437978E-13
1329.45157209208  2.742715E-13
1330.89922901262  2.527275E-13
1332.34688593315  2.333163E-13
1333.79454285369  2.288299E-13
1335.24219977423  2.361850E-13
1336.68985669477  2.406015E-13
1338.1375136153  2.427096E-13
1339.58517053584  2.930536E-13
1341.03282745638  3.350260E-13
1342.48048437691  2.810200E-13
1343.92814129745  2.517048E-13
1345.37579821799  2.591185E-13
1346.82345513852  2.618905E-13
1348.27111205906  2.606921E-13
1349.7187689796  2.473971E-13
1351.16642590013  2.896333E-13
1352.61408282067  2.278644E-13
1354.06173974121  2.283249E-13
1355.50939666174  2.698537E-13
1356.95705358228  2.532905E-13
1358.40471050282  2.401485E-13
1359.85236742335  2.628121E-13
1361.30002434389  2.731257E-13
1362.74768126443  2.542185E-13
1364.19533818496  2.732629E-13
1365.6429951055  2.932312E-13
1367.09065202604  2.364587E-13
1368.53830894657  2.617613E-13
1369.98596586711  2.457555E-13
1371.43362278765  2.466703E-13
1372.88127970819  2.380189E-13
1374.32893662872  2.198585E-13
1375.77659354926  2.361903E-13
1377.2242504698  2.648592E-13
1378.67190739033  2.578410E-13
1380.11956431087  2.635566E-13
1381.56722123141  2.669823E-13
1383.01487815194  2.375409E-13
1384.46253507248  2.708605E-13
1385.91019199302  3.003680E-13
1387.35784891355  2.665217E-13
1388.80550583409  2.856499E-13
1390.25316275463  3.144547E-13
1391.70081967516  2.820096E-13
1393.1484765957  2.670489E-13
1394.59613351624  2.702912E-13
1396.04379043677  2.905491E-13
1397.49144735731  2.704830E-13
1398.93910427785  2.690750E-13
1400.38676119838  2.939626E-13
1401.83441811892  2.847128E-13
1403.28207503946  2.930994E-13
1404.72973195999  2.600651E-13
1406.17738888053  2.478335E-13
1407.62504580107  2.373631E-13
1409.0727027216  2.545242E-13
1410.52035964214  2.651399E-13
1411.96801656268  2.438760E-13
1413.41567348322  2.668444E-13
1414.86333040375  2.847237E-13
1416.31098732429  2.431020E-13
1417.75864424483  2.594302E-13
1419.20630116536  2.408237E-13
1420.6539580859  2.161817E-13
1422.10161500644  2.439082E-13
1423.54927192697  2.522568E-13
1424.99692884751  2.328804E-13
1426.44458576805  2.218967E-13
1427.89224268858  2.372885E-13
1429.33989960912  2.714345E-13
1430.78755652966  2.317250E-13
1432.23521345019  2.426447E-13
1433.68287037073  2.833617E-13
1435.13052729127  2.566973E-13
1436.5781842118  2.134201E-13
1438.02584113234  2.097940E-13
1439.47349805288  2.069734E-13
1440.92115497341  2.177285E-13
1442.36881189395  2.041280E-13
1443.81646881449  2.110856E-13
1445.26412573502  2.198543E-13
1446.71178265556  2.400649E-13
1448.1594395761  2.462885E-13
1449.60709649664  2.383961E-13
1451.05475341717  2.328156E-13
1452.50241033771  2.432746E-13
1453.95006725825  2.127966E-13
1455.39772417878  2.171471E-13
1456.84538109932  2.267848E-13
1458.29303801986  2.079440E-13
1459.74069494039  2.333109E-13
1461.18835186093  2.184893E-13
1462.63600878147  2.317918E-13
1464.083665702  2.352877E-13
1465.53132262254  2.422568E-13
1466.97897954308  2.433445E-13
1468.42663646361  2.762048E-13
1469.87429338415  2.416310E-13
1471.32195030469  2.043887E-13
1472.76960722522  2.139125E-13
1474.21726414576  2.235882E-13
1475.6649210663  2.200699E-13
1477.11257798683  2.355260E-13
1478.56023490737  2.407776E-13
1480.00789182791  2.315321E-13
1481.45554874844  2.336970E-13
1482.90320566898  2.367486E-13
1484.35086258952  2.547506E-13
1485.79851951005  2.342187E-13
1487.24617643059  2.212543E-13
1488.69383335113  2.185749E-13
1490.14149027167  2.282342E-13
1491.5891471922  2.269888E-13
1493.03680411274  2.195146E-13
1494.48446103328  2.305969E-13
1495.93211795381  2.354900E-13
1497.37977487435  2.299281E-13
1498.82743179489  2.427715E-13
1500.27508871542  2.432404E-13
1501.72274563596  2.343084E-13
1503.1704025565  2.238293E-13
1504.61805947703  2.299572E-13
1506.06571639757  2.443455E-13
1507.51337331811  2.598022E-13
1508.96103023864  2.492776E-13
1510.40868715918  2.331660E-13
1511.85634407972  2.542555E-13
1513.30400100025  2.522999E-13
1514.75165792079  2.382496E-13
1516.19931484133  2.688029E-13
1517.64697176186  2.582162E-13
1519.0946286824  2.385039E-13
1520.54228560294  2.523206E-13
1521.98994252347  2.457682E-13
1523.43759944401  2.799012E-13
1524.88525636455  2.712469E-13
1526.33291328509  2.601629E-13
1527.78057020562  2.960521E-13
1529.22822712616  3.121284E-13
1530.6758840467  3.203200E-13
1532.12354096723  3.226182E-13
1533.57119788777  3.379368E-13
1535.01885480831  3.149066E-13
1536.46651172884  3.335952E-13
1537.91416864938  3.696980E-13
1539.36182556992  4.026030E-13
1540.80948249045  4.333368E-13
1542.25713941099  4.401504E-13
1543.70479633153  4.422671E-13
1545.15245325206  4.516469E-13
1546.6001101726  4.457004E-13
1548.04776709314  4.242106E-13
1549.49542401367  3.971276E-13
1550.94308093421  3.884868E-13
1552.39073785475  3.502930E-13
1553.83839477528  3.471281E-13
1555.28605169582  3.084890E-13
1556.73370861636  3.031769E-13
1558.18136553689  2.884727E-13
1559.62902245743  2.735028E-13
1561.07667937797  2.677918E-13
1562.5243362985  2.679865E-13
1563.97199321904  2.788687E-13
1565.41965013958  2.836330E-13
1566.86730706012  2.317130E-13
1568.31496398065  2.432726E-13
1569.76262090119  2.550839E-13
1571.21027782173  2.536091E-13
1572.65793474226  2.561371E-13
1574.1055916628  2.471743E-13
1575.55324858334  2.324160E-13
1577.00090550387  2.158979E-13
1578.44856242441  2.217245E-13
1579.89621934495  2.225276E-13
1581.34387626548  2.416676E-13
1582.79153318602  2.340872E-13
1584.23919010656  2.197740E-13
1585.68684702709  2.168693E-13
1587.13450394763  2.279624E-13
1588.58216086817  2.233541E-13
1590.0298177887  2.285564E-13
1591.47747470924  2.356732E-13
1592.92513162978  2.504588E-13
1594.37278855031  2.418911E-13
1595.82044547085  2.270274E-13
1597.26810239139  2.222734E-13
1598.71575931192  2.232586E-13
1600.16341623246  2.431569E-13
1601.611073153  2.477038E-13
1603.05873007354  2.349348E-13
1604.50638699407  2.311603E-13
1605.95404391461  2.208543E-13
1607.40170083515  2.384292E-13
1608.84935775568  2.412752E-13
1610.29701467622  2.265381E-13
1611.74467159676  2.137378E-13
1613.19232851729  2.074879E-13
1614.63998543783  2.137910E-13
1616.08764235837  2.384783E-13
1617.5352992789  2.385839E-13
1618.98295619944  2.421063E-13
1620.43061311998  2.303827E-13
1621.87827004051  2.278055E-13
1623.32592696105  2.312142E-13
1624.77358388159  2.242501E-13
1626.22124080212  2.157395E-13
1627.66889772266  2.159287E-13
1629.1165546432  2.273023E-13
1630.56421156373  2.448101E-13
1632.01186848427  2.384675E-13
1633.45952540481  2.426593E-13
1634.90718232534  2.512806E-13
1636.35483924588  2.422030E-13
1637.80249616642  2.398684E-13
1639.25015308695  2.395153E-13
1640.69781000749  2.295333E-13
1642.14546692803  2.249039E-13
1643.59312384857  2.180614E-13
1645.0407807691  2.189038E-13
1646.48843768964  2.177179E-13
1647.93609461018  2.154122E-13
1649.38375153071  2.157835E-13
1650.83140845125  2.191260E-13
1652.27906537179  2.207299E-13
1653.72672229232  2.127395E-13
1655.17437921286  2.099592E-13
1656.6220361334  2.238962E-13
1658.06969305393  2.223683E-13
1659.51734997447  2.341904E-13
1660.96500689501  2.407233E-13
1662.41266381554  2.332475E-13
1663.86032073608  2.271828E-13
1665.30797765662  2.290472E-13
1666.75563457715  2.309273E-13
1668.20329149769  2.324867E-13
1669.65094841823  2.155346E-13
1671.09860533876  2.154693E-13
1672.5462622593  2.138980E-13
1673.99391917984  2.092039E-13
1675.44157610038  2.172711E-13
1676.88923302091  2.103880E-13
1678.33688994145  2.129536E-13
1679.78454686199  2.037604E-13
1681.23220378252  2.055898E-13
1682.67986070306  2.091826E-13
1684.1275176236  2.133162E-13
1685.57517454413  2.097722E-13
1687.02283146467  2.159800E-13
1688.47048838521  2.130914E-13
1689.91814530574  2.117508E-13
1691.36580222628  2.075303E-13
1692.81345914682  2.029123E-13
1694.26111606735  1.978887E-13
1695.70877298789  1.974619E-13
1697.15642990843  2.056869E-13
1698.60408682896  2.124550E-13
1700.0517437495  2.065100E-13
1701.49940067004  2.047081E-13
1702.94705759057  1.980209E-13
1704.39471451111  1.908354E-13
1705.84237143165  1.966629E-13
1707.29002835218  1.896868E-13
1708.73768527272  1.914646E-13
1710.18534219326  0.
1711.63299911379  0.
1713.08065603433  0.
1714.52831295487  0.
1715.97596987541  0.
1717.42362679594  0.
1718.87128371648  0.
1720.31894063702  0.
1721.76659755755  0.
1723.21425447809  0.
1724.66191139863  0.
1726.10956831916  0.
1727.5572252397  0.
1729.00488216024  0.
1730.45253908077  0.
1731.90019600131  0.
1733.34785292185  0.
1734.79550984238  0.
1736.24316676292  0.
1737.69082368346  0.
1739.13848060399  0.
1740.58613752453  0.
1742.03379444507  0.
1743.4814513656  0.
1744.92910828614  0.
1746.37676520668  0.
1747.82442212721  0.
1749.27207904775  0.
1750.71973596829  0.
1752.16739288882  0.
1753.61504980936  0.
1755.0627067299  0.
1756.51036365043  0.
1757.95802057097  0.
1759.40567749151  0.
1760.85333441205  0.
1762.30099133258  0.
1763.74864825312  0.
1765.19630517366  0.
1766.64396209419  0.
1768.09161901473  0.
1769.53927593527  0.
1770.9869328558  0.
1772.43458977634  0.
1773.88224669688  0.
1775.32990361741  0.
1776.77756053795  0.
1778.22521745849  0.
1779.67287437902  0.
1781.12053129956  0.
1782.5681882201  0.
1784.01584514063  0.
1785.46350206117  0.
1786.91115898171  0.
1788.35881590224  0.
1789.80647282278  0.
1791.25412974332  0.
1792.70178666385  0.
1794.14944358439  0.
1795.59710050493  0.
1797.04475742547  0.
1798.492414346  0.
1799.94007126654  0.
1801.38772818708  0.
1802.83538510761  0.
1804.28304202815  0.
1805.73069894869  0.
1807.17835586922  0.
1808.62601278976  0.
1810.0736697103  0.
1811.52132663083  0.
1812.96898355137  0.
1814.41664047191  0.
1815.86429739244  0.
1817.31195431298  0.
1818.75961123352  0.
1820.20726815405  0.
1821.65492507459  0.
1823.10258199513  0.
1824.55023891566  0.
1825.9978958362  0.
1827.44555275674  0.
1828.89320967727  0.
1830.34086659781  0.
1831.78852351835  0.
