906.735751295338  0.
908.183365802898  0.
909.630980310458  0.
911.078594818018  0.
912.526209325578  0.
913.973823833137  0.
915.421438340697  0.
916.869052848257  0.
918.316667355817  0.
919.764281863377  0.
921.211896370937  0.
922.659510878497  0.
924.107125386056  0.
925.554739893616  0.
927.002354401176  0.
928.449968908736  0.
929.897583416296  0.
931.345197923856  0.
932.792812431415  0.
934.240426938975  0.
935.688041446535  0.
937.135655954095  0.
938.583270461655  0.
940.030884969215  0.
941.478499476774  0.
942.926113984334  0.
944.373728491894  0.
945.821342999454  0.
947.268957507014  0.
948.716572014574  0.
950.164186522133  0.
951.611801029693  0.
953.059415537253  0.
954.507030044813  0.
955.954644552373  0.
957.402259059933  0.
958.849873567493  0.
960.297488075052  0.
961.745102582612  0.
963.192717090172  0.
964.640331597732  0.
966.087946105292  0.
967.535560612852  0.
968.983175120411  0.
970.430789627971  0.
971.878404135531  0.
973.326018643091  0.
974.773633150651  0.
976.221247658211  0.
977.668862165771  0.
979.11647667333  0.
980.56409118089  0.
982.01170568845  0.
983.45932019601  0.
984.90693470357  0.
986.35454921113  0.
987.802163718689  0.
989.249778226249  0.
990.697392733809  0.
992.145007241369  0.
993.592621748929  2.670477E-13
995.040236256489  8.922743E-13
996.487850764048  6.691217E-13
997.935465271608  9.239863E-13
999.383079779168  2.502564E-13
1000.83069428673  2.905285E-13
1002.27830879429  2.588756E-13
1003.72592330185  6.979175E-13
1005.17353780941  1.258013E-14
1006.62115231697  2.653093E-13
1008.06876682453  7.507898E-13
1009.51638133209  1.564279E-13
1010.96399583965  -1.049369E-13
1012.41161034721  5.491978E-13
1013.85922485477  4.731644E-13
1015.30683936233  9.765577E-13
1016.75445386989  6.274065E-13
1018.20206837745  5.398353E-13
1019.64968288501  8.225463E-13
1021.09729739257  4.643042E-13
1022.54491190013  7.039601E-13
1023.99252640769  5.875515E-13
1025.44014091525  7.242836E-13
1026.8877554228  4.639316E-13
1028.33536993037  5.496900E-13
1029.78298443792  3.068126E-13
1031.23059894548  3.168786E-13
1032.67821345304  5.194769E-13
1034.1258279606  6.773664E-13
1035.57344246816  4.669286E-13
1037.02105697572  5.723850E-13
1038.46867148328  5.362404E-13
1039.91628599084  6.998271E-13
1041.3639004984  3.764477E-13
1042.81151500596  7.233280E-13
1044.25912951352  4.955235E-13
1045.70674402108  5.079792E-13
1047.15435852864  7.045990E-13
1048.6019730362  6.069299E-13
1050.04958754376  7.158269E-13
1051.49720205132  5.505479E-13
1052.94481655888  5.636482E-13
1054.39243106644  5.942571E-13
1055.840045574  4.775912E-13
1057.28766008156  3.752769E-13
1058.73527458912  4.245695E-13
1060.18288909668  5.508928E-13
1061.63050360424  4.251506E-13
1063.0781181118  4.506284E-13
1064.52573261936  5.772254E-13
1065.97334712692  4.587881E-13
1067.42096163448  7.129841E-13
1068.86857614204  4.672857E-13
1070.3161906496  2.955833E-13
1071.76380515716  5.814192E-13
1073.21141966472  4.455403E-13
1074.65903417228  5.269616E-13
1076.10664867984  4.067888E-13
1077.5542631874  3.131095E-13
1079.00187769496  3.858494E-13
1080.44949220252  4.602072E-13
1081.89710671008  5.336925E-13
1083.34472121764  4.323919E-13
1084.7923357252  3.980498E-13
1086.23995023276  4.161101E-13
1087.68756474032  3.537377E-13
1089.13517924788  3.841487E-13
1090.58279375544  3.946670E-13
1092.030408263  4.122010E-13
1093.47802277056  3.939676E-13
1094.92563727812  3.764525E-13
1096.37325178568  4.969505E-13
1097.82086629324  5.324779E-13
1099.2684808008  4.369101E-13
1100.71609530836  4.443813E-13
1102.16370981592  3.982107E-13
1103.61132432348  4.911360E-13
1105.05893883104  5.024107E-13
1106.5065533386  4.183096E-13
1107.95416784616  5.259383E-13
1109.40178235372  3.971515E-13
1110.84939686128  3.956003E-13
1112.29701136884  4.438698E-13
1113.7446258764  3.939985E-13
1115.19224038396  3.820389E-13
1116.63985489152  4.772709E-13
1118.08746939908  3.397098E-13
1119.53508390664  3.177810E-13
1120.98269841419  4.468189E-13
1122.43031292175  4.103908E-13
1123.87792742931  3.915278E-13
1125.32554193687  3.222422E-13
1126.77315644443  4.576403E-13
1128.22077095199  4.529410E-13
1129.66838545955  3.188678E-13
1131.11599996711  3.430113E-13
1132.56361447467  5.376136E-13
1134.01122898223  4.111489E-13
1135.45884348979  2.994688E-13
1136.90645799735  4.020880E-13
1138.35407250491  4.670741E-13
1139.80168701247  4.064403E-13
1141.24930152003  4.608589E-13
1142.69691602759  3.665010E-13
1144.14453053515  3.685164E-13
1145.59214504271  4.189877E-13
1147.03975955027  3.495775E-13
1148.48737405783  4.607545E-13
1149.93498856539  4.112232E-13
1151.38260307295  2.927843E-13
1152.83021758051  2.289405E-13
1154.27783208807  3.192850E-13
1155.72544659563  4.500741E-13
1157.17306110319  4.132202E-13
1158.62067561075  3.741374E-13
1160.06829011831  4.192045E-13
1161.51590462587  4.281371E-13
1162.96351913343  3.651467E-13
1164.41113364099  3.966225E-13
1165.85874814855  3.678414E-13
1167.30636265611  3.954289E-13
1168.75397716367  5.135673E-13
1170.20159167123  5.757452E-13
1171.64920617879  5.145618E-13
1173.09682068635  4.255338E-13
1174.54443519391  4.682587E-13
1175.99204970147  4.535161E-13
1177.43966420903  3.655654E-13
1178.88727871659  3.958158E-13
1180.33489322415  4.733758E-13
1181.78250773171  3.080948E-13
1183.23012223927  4.995381E-13
1184.67773674683  4.678365E-13
1186.12535125439  4.162081E-13
1187.57296576195  4.432184E-13
1189.02058026951  5.750689E-13
1190.46819477707  4.335326E-13
1191.91580928463  4.425450E-13
1193.36342379219  6.247392E-13
1194.81103829975  4.665833E-13
1196.25865280731  5.293060E-13
1197.70626731487  4.878749E-13
1199.15388182243  5.674931E-13
1200.60149632999  7.266728E-13
1202.04911083755  5.919112E-13
1203.49672534511  5.717141E-13
1204.94433985267  6.828328E-13
1206.39195436023  6.104424E-13
1207.83956886779  6.631410E-13
1209.28718337535  8.459471E-13
1210.7347978829  9.049744E-13
1212.18241239046  1.051109E-12
1213.63002689802  1.121659E-12
1215.07764140558  1.242672E-12
1216.52525591314  1.254791E-12
1217.9728704207  9.995601E-13
1219.42048492826  8.756344E-13
1220.86809943582  8.886245E-13
1222.31571394338  6.551205E-13
1223.76332845094  6.976145E-13
1225.2109429585  6.594773E-13
1226.65855746606  5.712918E-13
1228.10617197362  6.064156E-13
1229.55378648118  6.817905E-13
1231.00140098874  6.108801E-13
1232.4490154963  4.625938E-13
1233.89663000386  4.531439E-13
1235.34424451142  4.239639E-13
1236.79185901898  4.994024E-13
1238.23947352654  4.278735E-13
1239.6870880341  5.098240E-13
1241.13470254166  6.143329E-13
1242.58231704922  5.236445E-13
1244.02993155678  4.610150E-13
1245.47754606434  4.866324E-13
1246.9251605719  3.616971E-13
1248.37277507946  3.049548E-13
1249.82038958702  5.227176E-13
1251.26800409458  3.438983E-13
1252.71561860214  4.211094E-13
1254.1632331097  5.064957E-13
1255.61084761726  4.778702E-13
1257.05846212482  4.428554E-13
1258.50607663238  3.397892E-13
1259.95369113994  4.683156E-13
1261.4013056475  4.574738E-13
1262.84892015506  5.757584E-13
1264.29653466262  5.670146E-13
1265.74414917018  3.858225E-13
1267.19176367774  4.841628E-13
1268.6393781853  3.893339E-13
1270.08699269286  5.852573E-13
1271.53460720042  4.614479E-13
1272.98222170798  4.451730E-13
1274.42983621554  3.923843E-13
1275.8774507231  3.005536E-13
1277.32506523066  3.530196E-13
1278.77267973822  3.531004E-13
1280.22029424578  6.189576E-13
1281.66790875334  4.391392E-13
1283.1155232609  3.416419E-13
1284.56313776846  3.032664E-13
1286.01075227602  2.859711E-13
1287.45836678358  3.859570E-13
1288.90598129114  5.513336E-13
1290.3535957987  3.968571E-13
1291.80121030626  3.746497E-13
1293.24882481382  3.756800E-13
1294.69643932138  2.774114E-13
1296.14405382894  3.526376E-13
1297.5916683365  4.393666E-13
1299.03928284406  4.037082E-13
1300.48689735162  2.874631E-13
1301.93451185917  3.919838E-13
1303.38212636674  3.027762E-13
1304.82974087429  3.203595E-13
1306.27735538185  4.519434E-13
1307.72496988941  2.735423E-13
1309.17258439697  3.837731E-13
1310.62019890453  3.925026E-13
1312.06781341209  3.713749E-13
1313.51542791965  3.784020E-13
1314.96304242721  2.720436E-13
1316.41065693477  3.658124E-13
1317.85827144233  2.889827E-13
1319.30588594989  3.839970E-13
1320.75350045745  3.697036E-13
1322.20111496501  3.447417E-13
1323.64872947257  3.667120E-13
1325.09634398013  2.223040E-13
1326.54395848769  3.173150E-13
1327.99157299525  2.879723E-13
1329.43918750281  2.083495E-13
1330.88680201037  3.600713E-13
1332.33441651793  5.904006E-13
1333.78203102549  3.378907E-13
1335.22964553305  2.964627E-13
1336.67726004061  2.143313E-13
1338.12487454817  3.850795E-13
1339.57248905573  3.163784E-13
1341.02010356329  3.841030E-13
1342.46771807085  3.455859E-13
1343.91533257841  4.176663E-13
1345.36294708597  3.439802E-13
1346.81056159353  3.343678E-13
1348.25817610109  4.171057E-13
1349.70579060865  4.136648E-13
1351.15340511621  3.809567E-13
1352.60101962377  3.384729E-13
1354.04863413133  2.610085E-13
1355.49624863889  5.065868E-13
1356.94386314645  3.158796E-13
1358.39147765401  3.160390E-13
1359.83909216157  3.430845E-13
1361.28670666913  2.833443E-13
1362.73432117669  2.962939E-13
1364.18193568425  3.322779E-13
1365.62955019181  4.268132E-13
1367.07716469937  4.940961E-13
1368.52477920693  3.252193E-13
1369.97239371449  3.853957E-13
1371.42000822205  3.619557E-13
1372.86762272961  4.956508E-13
1374.31523723717  5.162038E-13
1375.76285174473  4.408986E-13
1377.21046625229  3.960712E-13
1378.65808075985  3.745926E-13
1380.10569526741  4.529426E-13
1381.55330977497  3.259999E-13
1383.00092428253  3.276412E-13
1384.44853879009  4.327882E-13
1385.89615329765  4.474616E-13
1387.34376780521  5.229326E-13
1388.79138231277  4.380661E-13
1390.23899682033  4.509072E-13
1391.68661132789  2.835725E-13
1393.13422583545  3.770153E-13
1394.581840343  4.472677E-13
1396.02945485057  4.166981E-13
1397.47706935812  3.764415E-13
1398.92468386568  3.759687E-13
1400.37229837324  2.920731E-13
1401.8199128808  3.462394E-13
1403.26752738836  4.556992E-13
1404.71514189592  3.376835E-13
1406.16275640348  3.176718E-13
1407.61037091104  2.063095E-13
1409.0579854186  3.957752E-13
1410.50559992616  4.095310E-13
1411.95321443372  3.620275E-13
1413.40082894128  4.352765E-13
1414.84844344884  3.994465E-13
1416.2960579564  3.783244E-13
1417.74367246396  3.765075E-13
1419.19128697152  4.396754E-13
1420.63890147908  3.395748E-13
1422.08651598664  3.494184E-13
1423.5341304942  3.067957E-13
1424.98174500176  4.439978E-13
1426.42935950932  3.168613E-13
1427.87697401688  3.618496E-13
1429.32458852444  3.279598E-13
1430.772203032  3.120362E-13
1432.21981753956  3.107584E-13
1433.66743204712  2.842663E-13
1435.11504655468  2.738499E-13
1436.56266106224  3.663486E-13
1438.0102755698  3.499750E-13
1439.45789007736  3.065466E-13
1440.90550458492  3.476318E-13
1442.35311909248  3.203346E-13
1443.80073360004  2.883608E-13
1445.2483481076  3.955052E-13
1446.69596261516  4.292276E-13
1448.14357712272  3.525238E-13
1449.59119163028  3.178976E-13
1451.03880613784  3.800137E-13
1452.4864206454  3.040512E-13
1453.93403515296  3.017276E-13
1455.38164966052  2.862965E-13
1456.82926416808  3.737821E-13
1458.27687867564  3.216786E-13
1459.7244931832  3.902353E-13
1461.17210769076  3.442129E-13
1462.61972219832  2.519290E-13
1464.06733670588  2.996741E-13
1465.51495121344  3.864896E-13
1466.962565721  3.293369E-13
1468.41018022856  3.433095E-13
1469.85779473612  3.947702E-13
1471.30540924368  3.030646E-13
1472.75302375124  2.903246E-13
1474.2006382588  3.282654E-13
1475.64825276636  3.487394E-13
1477.09586727392  2.925138E-13
1478.54348178148  3.132615E-13
1479.99109628904  2.735440E-13
1481.4387107966  2.880583E-13
1482.88632530416  2.857847E-13
1484.33393981172  2.832759E-13
1485.78155431928  2.565704E-13
1487.22916882683  2.915158E-13
1488.67678333439  3.110372E-13
1490.12439784195  2.711478E-13
1491.57201234951  2.469701E-13
1493.01962685707  2.744875E-13
1494.46724136463  2.523676E-13
1495.91485587219  2.966731E-13
1497.36247037975  3.180804E-13
1498.81008488731  2.943611E-13
1500.25769939487  3.429214E-13
1501.70531390243  3.378821E-13
1503.15292840999  2.762812E-13
1504.60054291755  2.296074E-13
1506.04815742511  2.556082E-13
1507.49577193267  2.752801E-13
1508.94338644023  3.231170E-13
1510.39100094779  3.120053E-13
1511.83861545535  2.748838E-13
1513.28622996291  2.842102E-13
1514.73384447047  2.669668E-13
1516.18145897803  2.672208E-13
1517.62907348559  3.054151E-13
1519.07668799315  3.261020E-13
1520.52430250071  3.215786E-13
1521.97191700827  3.332534E-13
1523.41953151583  3.236203E-13
1524.86714602339  3.488060E-13
1526.31476053095  2.822373E-13
1527.76237503851  3.233470E-13
1529.20998954607  3.609628E-13
1530.65760405363  3.820637E-13
1532.10521856119  3.437786E-13
1533.55283306875  3.597663E-13
1535.00044757631  4.329175E-13
1536.44806208387  4.116756E-13
1537.89567659143  4.191899E-13
1539.34329109899  4.361272E-13
1540.79090560655  4.430331E-13
1542.23852011411  4.803967E-13
1543.68613462167  4.814995E-13
1545.13374912923  5.771014E-13
1546.58136363679  5.117871E-13
1548.02897814435  4.755097E-13
1549.47659265191  4.963784E-13
1550.92420715947  4.747011E-13
1552.37182166703  4.967387E-13
1553.81943617459  4.895700E-13
1555.26705068215  4.262042E-13
1556.71466518971  4.292886E-13
1558.16227969727  4.070659E-13
1559.60989420483  3.797337E-13
1561.05750871239  3.793984E-13
1562.50512321995  3.250836E-13
1563.95273772751  3.163420E-13
1565.40035223507  3.223587E-13
1566.84796674263  3.061570E-13
1568.29558125019  2.723897E-13
1569.74319575775  2.847186E-13
1571.19081026531  2.779295E-13
1572.63842477287  2.663482E-13
1574.08603928043  2.961531E-13
1575.53365378799  3.071284E-13
1576.98126829555  3.075650E-13
1578.4288828031  2.856667E-13
1579.87649731066  2.615718E-13
1581.32411181822  2.938690E-13
1582.77172632578  2.662243E-13
1584.21934083334  2.781858E-13
1585.6669553409  2.682209E-13
1587.11456984846  2.715893E-13
1588.56218435602  3.229642E-13
1590.00979886358  3.053965E-13
1591.45741337114  2.970613E-13
1592.9050278787  2.801453E-13
1594.35264238626  3.080310E-13
1595.80025689382  2.878042E-13
1597.24787140138  2.487460E-13
1598.69548590894  2.442489E-13
1600.1431004165  2.433484E-13
1601.59071492406  2.551189E-13
1603.03832943162  2.719186E-13
1604.48594393918  2.862796E-13
1605.93355844674  3.118426E-13
1607.3811729543  2.731549E-13
1608.82878746186  2.710403E-13
1610.27640196942  2.522970E-13
1611.72401647698  3.004045E-13
1613.17163098454  3.096427E-13
1614.6192454921  2.993274E-13
1616.06685999966  2.887358E-13
1617.51447450722  3.049427E-13
1618.96208901478  3.029794E-13
1620.40970352234  3.318690E-13
1621.8573180299  3.191670E-13
1623.30493253746  3.062702E-13
1624.75254704502  3.130816E-13
1626.20016155258  2.849832E-13
1627.64777606014  2.938377E-13
1629.0953905677  3.226978E-13
1630.54300507526  2.974488E-13
1631.99061958282  3.054372E-13
1633.43823409038  3.085713E-13
1634.88584859794  3.172945E-13
1636.3334631055  2.868273E-13
1637.78107761306  2.956665E-13
1639.22869212062  2.993759E-13
1640.67630662818  2.959853E-13
1642.12392113574  3.038099E-13
1643.5715356433  2.933007E-13
1645.01915015086  2.630687E-13
1646.46676465842  2.446608E-13
1647.91437916598  2.519137E-13
1649.36199367354  2.648433E-13
1650.8096081811  2.536472E-13
1652.25722268866  2.616565E-13
1653.70483719622  2.928363E-13
1655.15245170378  2.909538E-13
1656.60006621134  2.626594E-13
1658.0476807189  2.355242E-13
1659.49529522646  2.547375E-13
1660.94290973402  3.122008E-13
1662.39052424158  3.071718E-13
1663.83813874914  3.211676E-13
1665.2857532567  3.272879E-13
1666.73336776426  3.075962E-13
1668.18098227181  2.827913E-13
1669.62859677938  2.643033E-13
1671.07621128693  2.655712E-13
1672.52382579449  2.421748E-13
1673.97144030205  2.655677E-13
1675.41905480961  2.599218E-13
1676.86666931717  2.665332E-13
1678.31428382473  2.598440E-13
1679.76189833229  2.627945E-13
1681.20951283985  2.789327E-13
1682.65712734741  2.534665E-13
1684.10474185497  2.637744E-13
1685.55235636253  2.919852E-13
1686.99997087009  2.999038E-13
1688.44758537765  2.502195E-13
1689.89519988521  2.342378E-13
1691.34281439277  2.260705E-13
1692.79042890033  2.324213E-13
1694.23804340789  2.421020E-13
1695.68565791545  2.604491E-13
1697.13327242301  2.620112E-13
1698.58088693057  2.540678E-13
1700.02850143813  2.678930E-13
1701.47611594569  2.579410E-13
1702.92373045325  2.516690E-13
1704.37134496081  2.738448E-13
1705.81895946837  2.882519E-13
1707.26657397593  3.115012E-13
1708.71418848349  2.684851E-13
1710.16180299105  0.
1711.60941749861  0.
1713.05703200617  0.
1714.50464651373  0.
1715.95226102129  0.
1717.39987552885  0.
1718.84749003641  0.
1720.29510454397  0.
1721.74271905153  0.
1723.19033355909  0.
1724.63794806665  0.
1726.08556257421  0.
1727.53317708177  0.
1728.98079158933  0.
1730.42840609689  0.
1731.87602060445  0.
1733.32363511201  0.
1734.77124961957  0.
1736.21886412713  0.
1737.66647863469  0.
1739.11409314225  0.
1740.56170764981  0.
1742.00932215737  0.
1743.45693666493  0.
1744.90455117249  0.
1746.35216568005  0.
1747.79978018761  0.
1749.24739469517  0.
1750.69500920273  0.
1752.14262371029  0.
1753.59023821785  0.
1755.03785272541  0.
1756.48546723297  0.
1757.93308174053  0.
1759.38069624809  0.
1760.82831075565  0.
1762.27592526321  0.
1763.72353977076  0.
1765.17115427832  0.
1766.61876878588  0.
1768.06638329344  0.
1769.513997801  0.
1770.96161230856  0.
1772.40922681612  0.
1773.85684132368  0.
1775.30445583124  0.
1776.7520703388  0.
1778.19968484636  0.
1779.64729935392  0.
1781.09491386148  0.
1782.54252836904  0.
1783.9901428766  0.
1785.43775738416  0.
1786.88537189172  0.
1788.33298639928  0.
1789.78060090684  0.
1791.2282154144  0.
1792.67582992196  0.
1794.12344442952  0.
1795.57105893708  0.
1797.01867344464  0.
1798.4662879522  0.
1799.91390245976  0.
1801.36151696732  0.
1802.80913147488  0.
1804.25674598244  0.
1805.70436049  0.
1807.15197499756  0.
1808.59958950512  0.
1810.04720401268  0.
1811.49481852024  0.
1812.9424330278  0.
1814.39004753536  0.
1815.83766204292  0.
1817.28527655048  0.
1818.73289105804  0.
1820.1805055656  0.
1821.62812007316  0.
1823.07573458072  0.
1824.52334908828  0.
1825.97096359584  0.
1827.4185781034  0.
1828.86619261096  0.
1830.31380711852  0.
1831.76142162608  0.
