906.735751295338  0.
908.183408215875  0.
909.631065136412  0.
911.078722056949  0.
912.526378977485  0.
913.974035898022  0.
915.421692818559  0.
916.869349739096  0.
918.317006659633  0.
919.764663580169  0.
921.212320500706  0.
922.659977421243  0.
924.10763434178  0.
925.555291262316  0.
927.002948182853  0.
928.45060510339  0.
929.898262023927  0.
931.345918944464  0.
932.793575865  0.
934.241232785537  0.
935.688889706074  0.
937.136546626611  0.
938.584203547148  0.
940.031860467684  0.
941.479517388221  0.
942.927174308758  0.
944.374831229295  0.
945.822488149832  0.
947.270145070369  0.
948.717801990905  0.
950.165458911442  0.
951.613115831979  0.
953.060772752515  0.
954.508429673052  0.
955.956086593589  0.
957.403743514126  0.
958.851400434663  0.
960.2990573552  0.
961.746714275736  0.
963.194371196273  0.
964.64202811681  0.
966.089685037347  0.
967.537341957883  0.
968.98499887842  0.
970.432655798957  0.
971.880312719494  0.
973.327969640031  0.
974.775626560567  0.
976.223283481104  0.
977.670940401641  0.
979.118597322178  0.
980.566254242715  0.
982.013911163251  0.
983.461568083788  0.
984.909225004325  0.
986.356881924862  0.
987.804538845399  0.
989.252195765935  0.
990.699852686472  0.
992.147509607009  0.
993.595166527546  1.250688E-13
995.042823448082  3.570593E-13
996.490480368619  3.640261E-13
997.938137289156  4.077517E-13
999.385794209693  6.392098E-13
1000.83345113023  3.656599E-13
1002.28110805077  4.691068E-13
1003.7287649713  4.345867E-13
1005.17642189184  5.065876E-13
1006.62407881238  5.115196E-13
1008.07173573291  4.064062E-13
1009.51939265345  5.295610E-13
1010.96704957399  4.811071E-13
1012.41470649452  4.242515E-13
1013.86236341506  4.854372E-13
1015.3100203356  4.841582E-13
1016.75767725613  4.698091E-13
1018.20533417667  4.823467E-13
1019.65299109721  4.656478E-13
1021.10064801775  5.755868E-13
1022.54830493828  5.585430E-13
1023.99596185882  4.933783E-13
1025.44361877936  5.213034E-13
1026.89127569989  5.151860E-13
1028.33893262043  5.339666E-13
1029.78658954097  5.104604E-13
1031.2342464615  5.503936E-13
1032.68190338204  4.360839E-13
1034.12956030258  4.305469E-13
1035.57721722311  4.183820E-13
1037.02487414365  4.095943E-13
1038.47253106419  3.779703E-13
1039.92018798472  3.349911E-13
1041.36784490526  3.312275E-13
1042.8155018258  3.096744E-13
1044.26315874633  3.541463E-13
1045.71081566687  3.645947E-13
1047.15847258741  4.433239E-13
1048.60612950794  5.243529E-13
1050.05378642848  5.647757E-13
1051.50144334902  6.223455E-13
1052.94910026955  5.744960E-13
1054.39675719009  5.349572E-13
1055.84441411063  4.639856E-13
1057.29207103116  3.599235E-13
1058.7397279517  3.274409E-13
1060.18738487224  3.383398E-13
1061.63504179277  3.475478E-13
1063.08269871331  3.122652E-13
1064.53035563385  2.919360E-13
1065.97801255439  3.234746E-13
1067.42566947492  3.227100E-13
1068.87332639546  3.104856E-13
1070.320983316  3.695588E-13
1071.76864023653  3.011020E-13
1073.21629715707  2.927041E-13
1074.66395407761  2.734429E-13
1076.11161099814  2.940712E-13
1077.55926791868  2.958348E-13
1079.00692483922  2.920365E-13
1080.45458175975  3.035315E-13
1081.90223868029  2.816293E-13
1083.34989560083  3.156355E-13
1084.79755252136  2.546767E-13
1086.2452094419  2.638021E-13
1087.69286636244  2.947197E-13
1089.14052328297  2.674998E-13
1090.58818020351  2.660207E-13
1092.03583712405  2.787810E-13
1093.48349404458  2.767655E-13
1094.93115096512  2.653218E-13
1096.37880788566  2.408392E-13
1097.82646480619  2.357082E-13
1099.27412172673  2.708597E-13
1100.72177864727  2.517934E-13
1102.1694355678  2.820822E-13
1103.61709248834  3.067641E-13
1105.06474940888  2.924069E-13
1106.51240632942  2.487594E-13
1107.96006324995  2.686031E-13
1109.40772017049  2.933511E-13
1110.85537709103  2.861865E-13
1112.30303401156  2.575104E-13
1113.7506909321  2.755608E-13
1115.19834785264  2.606429E-13
1116.64600477317  2.613540E-13
1118.09366169371  2.734583E-13
1119.54131861425  2.667445E-13
1120.98897553478  2.708553E-13
1122.43663245532  2.524607E-13
1123.88428937586  2.619746E-13
1125.33194629639  2.767627E-13
1126.77960321693  2.698291E-13
1128.22726013747  2.752295E-13
1129.674917058  2.563981E-13
1131.12257397854  2.937775E-13
1132.57023089908  2.580179E-13
1134.01788781961  2.749551E-13
1135.46554474015  2.747971E-13
1136.91320166069  2.389597E-13
1138.36085858122  2.547181E-13
1139.80851550176  2.469524E-13
1141.2561724223  2.551119E-13
1142.70382934284  2.600895E-13
1144.15148626337  2.851073E-13
1145.59914318391  2.598089E-13
1147.04680010445  2.552299E-13
1148.49445702498  2.137389E-13
1149.94211394552  2.297467E-13
1151.38977086606  2.302033E-13
1152.83742778659  2.571048E-13
1154.28508470713  2.554433E-13
1155.73274162767  2.477812E-13
1157.1803985482  2.741951E-13
1158.62805546874  2.779407E-13
1160.07571238928  2.825718E-13
1161.52336930981  2.712414E-13
1162.97102623035  2.439769E-13
1164.41868315089  2.666062E-13
1165.86634007142  2.830180E-13
1167.31399699196  2.823438E-13
1168.7616539125  2.807975E-13
1170.20931083303  2.971907E-13
1171.65696775357  3.210595E-13
1173.10462467411  3.159642E-13
1174.55228159464  2.712129E-13
1175.99993851518  2.798262E-13
1177.44759543572  2.916612E-13
1178.89525235625  2.906498E-13
1180.34290927679  2.714241E-13
1181.79056619733  3.098356E-13
1183.23822311787  2.977567E-13
1184.6858800384  3.148962E-13
1186.13353695894  3.474616E-13
1187.58119387948  3.331992E-13
1189.02885080001  3.687226E-13
1190.47650772055  3.128830E-13
1191.92416464109  3.113512E-13
1193.37182156162  3.873466E-13
1194.81947848216  3.945006E-13
1196.2671354027  3.778022E-13
1197.71479232323  3.677499E-13
1199.16244924377  3.748874E-13
1200.61010616431  4.499371E-13
1202.05776308484  4.480872E-13
1203.50542000538  5.268393E-13
1204.95307692592  5.540591E-13
1206.40073384645  5.651882E-13
1207.84839076699  7.353398E-13
1209.29604768753  6.467065E-13
1210.74370460806  7.358646E-13
1212.1913615286  8.323595E-13
1213.63901844914  7.923609E-13
1215.08667536967  7.321796E-13
1216.53433229021  6.439399E-13
1217.98198921075  5.659669E-13
1219.42964613129  5.281154E-13
1220.87730305182  4.685476E-13
1222.32495997236  4.669928E-13
1223.7726168929  4.488816E-13
1225.22027381343  4.192039E-13
1226.66793073397  4.186521E-13
1228.11558765451  4.010452E-13
1229.56324457504  3.661300E-13
1231.01090149558  4.060440E-13
1232.45855841612  3.905772E-13
1233.90621533665  3.849036E-13
1235.35387225719  3.883665E-13
1236.80152917773  4.028267E-13
1238.24918609826  3.828887E-13
1239.6968430188  3.865488E-13
1241.14449993934  3.444456E-13
1242.59215685987  3.407781E-13
1244.03981378041  3.571153E-13
1245.48747070095  3.261343E-13
1246.93512762148  3.159267E-13
1248.38278454202  3.150685E-13
1249.83044146256  3.231344E-13
1251.27809838309  3.142522E-13
1252.72575530363  2.811539E-13
1254.17341222417  2.999806E-13
1255.62106914471  3.040746E-13
1257.06872606524  2.994822E-13
1258.51638298578  2.597900E-13
1259.96403990632  2.998083E-13
1261.41169682685  2.833134E-13
1262.85935374739  2.962076E-13
1264.30701066793  2.497677E-13
1265.75466758846  2.725152E-13
1267.202324509  2.537121E-13
1268.64998142954  2.287580E-13
1270.09763835007  2.453777E-13
1271.54529527061  2.736531E-13
1272.99295219115  2.462633E-13
1274.44060911168  2.270707E-13
1275.88826603222  2.647691E-13
1277.33592295276  2.337414E-13
1278.78357987329  2.417476E-13
1280.23123679383  2.380596E-13
1281.67889371437  2.495719E-13
1283.1265506349  2.020280E-13
1284.57420755544  2.150501E-13
1286.02186447598  2.444867E-13
1287.46952139651  2.173801E-13
1288.91717831705  2.755242E-13
1290.36483523759  2.445075E-13
1291.81249215812  2.545084E-13
1293.26014907866  2.566863E-13
1294.7078059992  2.649740E-13
1296.15546291974  2.537108E-13
1297.60311984027  2.571930E-13
1299.05077676081  2.894097E-13
1300.49843368135  2.424632E-13
1301.94609060188  2.486752E-13
1303.39374752242  2.482864E-13
1304.84140444296  2.313656E-13
1306.28906136349  2.436320E-13
1307.73671828403  2.313709E-13
1309.18437520457  2.281992E-13
1310.6320321251  2.388001E-13
1312.07968904564  2.337866E-13
1313.52734596618  2.358445E-13
1314.97500288671  1.991207E-13
1316.42265980725  2.167739E-13
1317.87031672779  2.349842E-13
1319.31797364832  2.497368E-13
1320.76563056886  2.141195E-13
1322.2132874894  2.293091E-13
1323.66094440993  2.242726E-13
1325.10860133047  2.416162E-13
1326.55625825101  2.185683E-13
1328.00391517154  2.313986E-13
1329.45157209208  2.496009E-13
1330.89922901262  2.296357E-13
1332.34688593315  2.328114E-13
1333.79454285369  2.299337E-13
1335.24219977423  2.063381E-13
1336.68985669477  2.047422E-13
1338.1375136153  2.182603E-13
1339.58517053584  2.159625E-13
1341.03282745638  2.245953E-13
1342.48048437691  2.116988E-13
1343.92814129745  2.463571E-13
1345.37579821799  2.345591E-13
1346.82345513852  2.444605E-13
1348.27111205906  2.020320E-13
1349.7187689796  2.088064E-13
1351.16642590013  2.569556E-13
1352.61408282067  2.366739E-13
1354.06173974121  1.860813E-13
1355.50939666174  2.110461E-13
1356.95705358228  2.071098E-13
1358.40471050282  2.430154E-13
1359.85236742335  2.274618E-13
1361.30002434389  2.280984E-13
1362.74768126443  2.405039E-13
1364.19533818496  2.410973E-13
1365.6429951055  2.215700E-13
1367.09065202604  2.236931E-13
1368.53830894657  2.431398E-13
1369.98596586711  2.193565E-13
1371.43362278765  2.320305E-13
1372.88127970819  2.068330E-13
1374.32893662872  2.142193E-13
1375.77659354926  2.115861E-13
1377.2242504698  2.298151E-13
1378.67190739033  2.249247E-13
1380.11956431087  2.228762E-13
1381.56722123141  2.210664E-13
1383.01487815194  2.361835E-13
1384.46253507248  2.175811E-13
1385.91019199302  2.207116E-13
1387.35784891355  2.430566E-13
1388.80550583409  2.577126E-13
1390.25316275463  2.581752E-13
1391.70081967516  2.568095E-13
1393.1484765957  2.550640E-13
1394.59613351624  2.757368E-13
1396.04379043677  2.648026E-13
1397.49144735731  2.681119E-13
1398.93910427785  2.586448E-13
1400.38676119838  2.681457E-13
1401.83441811892  2.601758E-13
1403.28207503946  2.347803E-13
1404.72973195999  2.244989E-13
1406.17738888053  2.211814E-13
1407.62504580107  2.102248E-13
1409.0727027216  2.628381E-13
1410.52035964214  2.367412E-13
1411.96801656268  2.443865E-13
1413.41567348322  2.688898E-13
1414.86333040375  2.166443E-13
1416.31098732429  2.147495E-13
1417.75864424483  2.051483E-13
1419.20630116536  2.027294E-13
1420.6539580859  2.399852E-13
1422.10161500644  2.242740E-13
1423.54927192697  2.132542E-13
1424.99692884751  2.186518E-13
1426.44458576805  2.221249E-13
1427.89224268858  2.297538E-13
1429.33989960912  2.062982E-13
1430.78755652966  1.848099E-13
1432.23521345019  1.895666E-13
1433.68287037073  2.063591E-13
1435.13052729127  1.865133E-13
1436.5781842118  1.794162E-13
1438.02584113234  2.217583E-13
1439.47349805288  1.838930E-13
1440.92115497341  1.713630E-13
1442.36881189395  1.774075E-13
1443.81646881449  2.018254E-13
1445.26412573502  2.061204E-13
1446.71178265556  2.070113E-13
1448.1594395761  2.215662E-13
1449.60709649664  2.038142E-13
1451.05475341717  1.912708E-13
1452.50241033771  1.984261E-13
1453.95006725825  2.019644E-13
1455.39772417878  1.997191E-13
1456.84538109932  1.903044E-13
1458.29303801986  1.921632E-13
1459.74069494039  2.059264E-13
1461.18835186093  2.003940E-13
1462.63600878147  1.869446E-13
1464.083665702  1.995306E-13
1465.53132262254  1.821745E-13
1466.97897954308  2.036514E-13
1468.42663646361  2.063527E-13
1469.87429338415  1.937307E-13
1471.32195030469  2.076879E-13
1472.76960722522  2.238469E-13
1474.21726414576  2.111949E-13
1475.6649210663  2.138162E-13
1477.11257798683  1.976063E-13
1478.56023490737  2.091661E-13
1480.00789182791  2.206846E-13
1481.45554874844  2.068473E-13
1482.90320566898  2.046423E-13
1484.35086258952  1.929552E-13
1485.79851951005  1.905811E-13
1487.24617643059  2.055494E-13
1488.69383335113  1.987437E-13
1490.14149027167  1.865085E-13
1491.5891471922  1.864661E-13
1493.03680411274  1.786119E-13
1494.48446103328  1.879656E-13
1495.93211795381  2.003255E-13
1497.37977487435  1.969519E-13
1498.82743179489  2.064106E-13
1500.27508871542  2.146268E-13
1501.72274563596  2.099761E-13
1503.1704025565  2.075748E-13
1504.61805947703  2.145794E-13
1506.06571639757  2.080203E-13
1507.51337331811  2.068926E-13
1508.96103023864  2.104238E-13
1510.40868715918  2.114158E-13
1511.85634407972  2.108359E-13
1513.30400100025  2.104003E-13
1514.75165792079  2.090521E-13
1516.19931484133  2.208860E-13
1517.64697176186  2.176611E-13
1519.0946286824  2.269951E-13
1520.54228560294  2.258174E-13
1521.98994252347  2.209971E-13
1523.43759944401  2.305594E-13
1524.88525636455  2.290813E-13
1526.33291328509  2.382087E-13
1527.78057020562  2.668729E-13
1529.22822712616  2.779448E-13
1530.6758840467  2.711260E-13
1532.12354096723  2.761888E-13
1533.57119788777  2.881800E-13
1535.01885480831  2.980188E-13
1536.46651172884  3.430818E-13
1537.91416864938  3.453450E-13
1539.36182556992  3.649980E-13
1540.80948249045  3.830056E-13
1542.25713941099  3.893808E-13
1543.70479633153  3.955110E-13
1545.15245325206  3.972927E-13
1546.6001101726  4.028514E-13
1548.04776709314  3.842224E-13
1549.49542401367  3.557232E-13
1550.94308093421  3.273157E-13
1552.39073785475  3.149280E-13
1553.83839477528  2.970388E-13
1555.28605169582  2.728924E-13
1556.73370861636  2.616215E-13
1558.18136553689  2.479416E-13
1559.62902245743  2.504113E-13
1561.07667937797  2.608877E-13
1562.5243362985  2.542761E-13
1563.97199321904  2.484812E-13
1565.41965013958  2.457157E-13
1566.86730706012  2.631109E-13
1568.31496398065  2.575459E-13
1569.76262090119  2.434156E-13
1571.21027782173  2.416720E-13
1572.65793474226  2.509237E-13
1574.1055916628  2.640727E-13
1575.55324858334  2.535108E-13
1577.00090550387  2.580482E-13
1578.44856242441  2.599377E-13
1579.89621934495  2.576618E-13
1581.34387626548  2.444905E-13
1582.79153318602  2.377990E-13
1584.23919010656  2.282646E-13
1585.68684702709  2.292221E-13
1587.13450394763  2.311143E-13
1588.58216086817  2.080315E-13
1590.0298177887  2.179272E-13
1591.47747470924  2.241757E-13
1592.92513162978  2.211264E-13
1594.37278855031  2.118544E-13
1595.82044547085  2.044560E-13
1597.26810239139  1.991958E-13
1598.71575931192  1.814065E-13
1600.16341623246  1.910035E-13
1601.611073153  1.977723E-13
1603.05873007354  1.990717E-13
1604.50638699407  2.091980E-13
1605.95404391461  2.079762E-13
1607.40170083515  2.029508E-13
1608.84935775568  2.021174E-13
1610.29701467622  1.961881E-13
1611.74467159676  1.936827E-13
1613.19232851729  1.997800E-13
1614.63998543783  1.947139E-13
1616.08764235837  1.930309E-13
1617.5352992789  2.042773E-13
1618.98295619944  2.086916E-13
1620.43061311998  2.171322E-13
1621.87827004051  2.081606E-13
1623.32592696105  2.061322E-13
1624.77358388159  2.017300E-13
1626.22124080212  2.000043E-13
1627.66889772266  2.020416E-13
1629.1165546432  2.051949E-13
1630.56421156373  2.124298E-13
1632.01186848427  2.091777E-13
1633.45952540481  2.002496E-13
1634.90718232534  1.989058E-13
1636.35483924588  2.011941E-13
1637.80249616642  2.029197E-13
1639.25015308695  1.958811E-13
1640.69781000749  1.934562E-13
1642.14546692803  1.922835E-13
1643.59312384857  1.920694E-13
1645.0407807691  1.963372E-13
1646.48843768964  1.915025E-13
1647.93609461018  1.893094E-13
1649.38375153071  1.900969E-13
1650.83140845125  1.929911E-13
1652.27906537179  1.980783E-13
1653.72672229232  1.923979E-13
1655.17437921286  1.901852E-13
1656.6220361334  2.024559E-13
1658.06969305393  1.966894E-13
1659.51734997447  1.909784E-13
1660.96500689501  1.799456E-13
1662.41266381554  1.860077E-13
1663.86032073608  1.781013E-13
1665.30797765662  1.858158E-13
1666.75563457715  1.843164E-13
1668.20329149769  1.889825E-13
1669.65094841823  1.812846E-13
1671.09860533876  1.815534E-13
1672.5462622593  1.804215E-13
1673.99391917984  1.691574E-13
1675.44157610038  1.672230E-13
1676.88923302091  1.700250E-13
1678.33688994145  1.762836E-13
1679.78454686199  1.767601E-13
1681.23220378252  1.771782E-13
1682.67986070306  1.804946E-13
1684.1275176236  1.708816E-13
1685.57517454413  1.652784E-13
1687.02283146467  1.680694E-13
1688.47048838521  1.625958E-13
1689.91814530574  1.700557E-13
1691.36580222628  1.755295E-13
1692.81345914682  1.703147E-13
1694.26111606735  1.706766E-13
1695.70877298789  1.555068E-13
1697.15642990843  1.598017E-13
1698.60408682896  1.611054E-13
1700.0517437495  1.661744E-13
1701.49940067004  1.697288E-13
1702.94705759057  1.713581E-13
1704.39471451111  1.711664E-13
1705.84237143165  1.693615E-13
1707.29002835218  1.704850E-13
1708.73768527272  1.709528E-13
1710.18534219326  0.
1711.63299911379  0.
1713.08065603433  0.
1714.52831295487  0.
1715.97596987541  0.
1717.42362679594  0.
1718.87128371648  0.
1720.31894063702  0.
1721.76659755755  0.
1723.21425447809  0.
1724.66191139863  0.
1726.10956831916  0.
1727.5572252397  0.
1729.00488216024  0.
1730.45253908077  0.
1731.90019600131  0.
1733.34785292185  0.
1734.79550984238  0.
1736.24316676292  0.
1737.69082368346  0.
1739.13848060399  0.
1740.58613752453  0.
1742.03379444507  0.
1743.4814513656  0.
1744.92910828614  0.
1746.37676520668  0.
1747.82442212721  0.
1749.27207904775  0.
1750.71973596829  0.
1752.16739288882  0.
1753.61504980936  0.
1755.0627067299  0.
1756.51036365043  0.
1757.95802057097  0.
1759.40567749151  0.
1760.85333441205  0.
1762.30099133258  0.
1763.74864825312  0.
1765.19630517366  0.
1766.64396209419  0.
1768.09161901473  0.
1769.53927593527  0.
1770.9869328558  0.
1772.43458977634  0.
1773.88224669688  0.
1775.32990361741  0.
1776.77756053795  0.
1778.22521745849  0.
1779.67287437902  0.
1781.12053129956  0.
1782.5681882201  0.
1784.01584514063  0.
1785.46350206117  0.
1786.91115898171  0.
1788.35881590224  0.
1789.80647282278  0.
1791.25412974332  0.
1792.70178666385  0.
1794.14944358439  0.
1795.59710050493  0.
1797.04475742547  0.
1798.492414346  0.
1799.94007126654  0.
1801.38772818708  0.
1802.83538510761  0.
1804.28304202815  0.
1805.73069894869  0.
1807.17835586922  0.
1808.62601278976  0.
1810.0736697103  0.
1811.52132663083  0.
1812.96898355137  0.
1814.41664047191  0.
1815.86429739244  0.
1817.31195431298  0.
1818.75961123352  0.
1820.20726815405  0.
1821.65492507459  0.
1823.10258199513  0.
1824.55023891566  0.
1825.9978958362  0.
1827.44555275674  0.
1828.89320967727  0.
1830.34086659781  0.
1831.78852351835  0.
