906.735751295338  0.
908.183408215875  0.
909.631065136412  0.
911.078722056949  0.
912.526378977485  0.
913.974035898022  0.
915.421692818559  0.
916.869349739096  0.
918.317006659633  0.
919.764663580169  0.
921.212320500706  0.
922.659977421243  0.
924.10763434178  0.
925.555291262316  0.
927.002948182853  0.
928.45060510339  0.
929.898262023927  0.
931.345918944464  0.
932.793575865  0.
934.241232785537  0.
935.688889706074  0.
937.136546626611  0.
938.584203547148  0.
940.031860467684  0.
941.479517388221  0.
942.927174308758  0.
944.374831229295  0.
945.822488149832  0.
947.270145070369  0.
948.717801990905  0.
950.165458911442  0.
951.613115831979  0.
953.060772752515  0.
954.508429673052  0.
955.956086593589  0.
957.403743514126  0.
958.851400434663  0.
960.2990573552  0.
961.746714275736  0.
963.194371196273  0.
964.64202811681  0.
966.089685037347  0.
967.537341957883  0.
968.98499887842  0.
970.432655798957  0.
971.880312719494  0.
973.327969640031  0.
974.775626560567  0.
976.223283481104  0.
977.670940401641  0.
979.118597322178  0.
980.566254242715  0.
982.013911163251  0.
983.461568083788  0.
984.909225004325  0.
986.356881924862  0.
987.804538845399  0.
989.252195765935  0.
990.699852686472  0.
992.147509607009  0.
993.595166527546  4.775834E-13
995.042823448082  5.775692E-13
996.490480368619  6.694847E-13
997.938137289156  8.254710E-13
999.385794209693  7.520961E-13
1000.83345113023  6.343773E-13
1002.28110805077  6.113139E-13
1003.7287649713  6.063981E-13
1005.17642189184  6.774711E-13
1006.62407881238  6.717261E-13
1008.07173573291  5.040218E-13
1009.51939265345  5.477271E-13
1010.96704957399  5.490587E-13
1012.41470649452  4.568813E-13
1013.86236341506  4.883892E-13
1015.3100203356  5.848555E-13
1016.75767725613  5.706263E-13
1018.20533417667  5.953656E-13
1019.65299109721  5.603173E-13
1021.10064801775  6.187112E-13
1022.54830493828  6.059526E-13
1023.99596185882  6.148521E-13
1025.44361877936  6.821649E-13
1026.89127569989  6.436491E-13
1028.33893262043  6.299494E-13
1029.78658954097  6.142894E-13
1031.2342464615  5.501107E-13
1032.68190338204  4.930867E-13
1034.12956030258  4.705875E-13
1035.57721722311  4.575713E-13
1037.02487414365  4.235611E-13
1038.47253106419  4.128875E-13
1039.92018798472  3.793530E-13
1041.36784490526  4.003585E-13
1042.8155018258  4.425545E-13
1044.26315874633  5.180204E-13
1045.71081566687  6.396717E-13
1047.15847258741  6.641837E-13
1048.60612950794  5.139686E-13
1050.05378642848  5.602744E-13
1051.50144334902  5.831073E-13
1052.94910026955  6.761216E-13
1054.39675719009  6.299128E-13
1055.84441411063  4.834139E-13
1057.29207103116  3.832087E-13
1058.7397279517  3.521907E-13
1060.18738487224  3.649373E-13
1061.63504179277  3.901273E-13
1063.08269871331  4.008818E-13
1064.53035563385  4.038607E-13
1065.97801255439  4.054901E-13
1067.42566947492  3.826060E-13
1068.87332639546  3.651536E-13
1070.320983316  3.772487E-13
1071.76864023653  3.865766E-13
1073.21629715707  3.891401E-13
1074.66395407761  3.873348E-13
1076.11161099814  3.991616E-13
1077.55926791868  3.513250E-13
1079.00692483922  3.440205E-13
1080.45458175975  3.544207E-13
1081.90223868029  3.510754E-13
1083.34989560083  3.436668E-13
1084.79755252136  3.294507E-13
1086.2452094419  3.071776E-13
1087.69286636244  3.346939E-13
1089.14052328297  3.557758E-13
1090.58818020351  3.816274E-13
1092.03583712405  3.650087E-13
1093.48349404458  3.698816E-13
1094.93115096512  3.394942E-13
1096.37880788566  3.176284E-13
1097.82646480619  3.376030E-13
1099.27412172673  3.304719E-13
1100.72177864727  3.000853E-13
1102.1694355678  3.559139E-13
1103.61709248834  3.494933E-13
1105.06474940888  3.700702E-13
1106.51240632942  3.316601E-13
1107.96006324995  3.550806E-13
1109.40772017049  3.500008E-13
1110.85537709103  3.563776E-13
1112.30303401156  3.486422E-13
1113.7506909321  3.596570E-13
1115.19834785264  3.820291E-13
1116.64600477317  4.046128E-13
1118.09366169371  3.543551E-13
1119.54131861425  3.347564E-13
1120.98897553478  3.027244E-13
1122.43663245532  3.534219E-13
1123.88428937586  2.781148E-13
1125.33194629639  3.172271E-13
1126.77960321693  3.210092E-13
1128.22726013747  3.353788E-13
1129.674917058  3.849435E-13
1131.12257397854  3.664230E-13
1132.57023089908  3.594772E-13
1134.01788781961  3.781722E-13
1135.46554474015  3.150078E-13
1136.91320166069  3.238363E-13
1138.36085858122  3.328287E-13
1139.80851550176  3.500250E-13
1141.2561724223  3.089499E-13
1142.70382934284  3.440732E-13
1144.15148626337  3.414957E-13
1145.59914318391  3.307100E-13
1147.04680010445  3.549982E-13
1148.49445702498  3.235124E-13
1149.94211394552  2.913738E-13
1151.38977086606  2.875225E-13
1152.83742778659  3.061465E-13
1154.28508470713  3.317990E-13
1155.73274162767  3.360996E-13
1157.1803985482  3.403384E-13
1158.62805546874  3.698942E-13
1160.07571238928  3.412008E-13
1161.52336930981  4.025565E-13
1162.97102623035  3.513802E-13
1164.41868315089  4.067966E-13
1165.86634007142  3.617952E-13
1167.31399699196  3.619799E-13
1168.7616539125  3.467235E-13
1170.20931083303  3.783587E-13
1171.65696775357  4.292386E-13
1173.10462467411  3.629053E-13
1174.55228159464  3.491450E-13
1175.99993851518  3.756940E-13
1177.44759543572  3.686306E-13
1178.89525235625  3.918859E-13
1180.34290927679  3.933070E-13
1181.79056619733  3.902851E-13
1183.23822311787  3.978663E-13
1184.6858800384  3.811461E-13
1186.13353695894  3.724646E-13
1187.58119387948  4.343707E-13
1189.02885080001  4.516267E-13
1190.47650772055  4.224788E-13
1191.92416464109  4.494272E-13
1193.37182156162  4.781921E-13
1194.81947848216  4.472929E-13
1196.2671354027  4.669176E-13
1197.71479232323  5.287842E-13
1199.16244924377  4.764085E-13
1200.61010616431  4.986168E-13
1202.05776308484  5.309451E-13
1203.50542000538  5.783134E-13
1204.95307692592  6.335086E-13
1206.40073384645  7.089014E-13
1207.84839076699  8.026519E-13
1209.29604768753  7.484069E-13
1210.74370460806  8.191688E-13
1212.1913615286  1.054474E-12
1213.63901844914  1.024826E-12
1215.08667536967  1.045405E-12
1216.53433229021  9.312050E-13
1217.98198921075  8.227026E-13
1219.42964613129  7.742235E-13
1220.87730305182  6.959822E-13
1222.32495997236  6.644238E-13
1223.7726168929  5.567095E-13
1225.22027381343  5.261131E-13
1226.66793073397  5.231042E-13
1228.11558765451  4.719418E-13
1229.56324457504  4.830863E-13
1231.01090149558  4.879451E-13
1232.45855841612  5.047983E-13
1233.90621533665  5.187352E-13
1235.35387225719  4.960017E-13
1236.80152917773  4.795489E-13
1238.24918609826  4.374728E-13
1239.6968430188  5.063252E-13
1241.14449993934  4.760687E-13
1242.59215685987  4.306406E-13
1244.03981378041  4.165705E-13
1245.48747070095  4.038637E-13
1246.93512762148  3.977284E-13
1248.38278454202  3.820302E-13
1249.83044146256  3.839394E-13
1251.27809838309  4.212795E-13
1252.72575530363  3.968381E-13
1254.17341222417  3.574584E-13
1255.62106914471  3.774328E-13
1257.06872606524  3.593303E-13
1258.51638298578  3.797772E-13
1259.96403990632  3.699882E-13
1261.41169682685  3.262117E-13
1262.85935374739  3.192831E-13
1264.30701066793  3.055075E-13
1265.75466758846  3.315511E-13
1267.202324509  3.550692E-13
1268.64998142954  3.473508E-13
1270.09763835007  3.398393E-13
1271.54529527061  3.174141E-13
1272.99295219115  3.104677E-13
1274.44060911168  3.146917E-13
1275.88826603222  3.268462E-13
1277.33592295276  3.064476E-13
1278.78357987329  3.159611E-13
1280.23123679383  2.984049E-13
1281.67889371437  2.942512E-13
1283.1265506349  2.861392E-13
1284.57420755544  2.820028E-13
1286.02186447598  3.001507E-13
1287.46952139651  2.591386E-13
1288.91717831705  3.014763E-13
1290.36483523759  3.252681E-13
1291.81249215812  2.997373E-13
1293.26014907866  3.245976E-13
1294.7078059992  3.394050E-13
1296.15546291974  3.246052E-13
1297.60311984027  3.237792E-13
1299.05077676081  3.105497E-13
1300.49843368135  3.204164E-13
1301.94609060188  3.086329E-13
1303.39374752242  2.884280E-13
1304.84140444296  2.797380E-13
1306.28906136349  2.771960E-13
1307.73671828403  2.881950E-13
1309.18437520457  2.846661E-13
1310.6320321251  2.625998E-13
1312.07968904564  2.753802E-13
1313.52734596618  2.916431E-13
1314.97500288671  2.566006E-13
1316.42265980725  2.598056E-13
1317.87031672779  2.446868E-13
1319.31797364832  2.470568E-13
1320.76563056886  2.504803E-13
1322.2132874894  2.646074E-13
1323.66094440993  2.735484E-13
1325.10860133047  2.731059E-13
1326.55625825101  2.594514E-13
1328.00391517154  2.548459E-13
1329.45157209208  2.656907E-13
1330.89922901262  2.701043E-13
1332.34688593315  2.634297E-13
1333.79454285369  2.723697E-13
1335.24219977423  2.406807E-13
1336.68985669477  2.323258E-13
1338.1375136153  2.420831E-13
1339.58517053584  2.521848E-13
1341.03282745638  2.449948E-13
1342.48048437691  2.476884E-13
1343.92814129745  2.943291E-13
1345.37579821799  2.730881E-13
1346.82345513852  2.484792E-13
1348.27111205906  2.674818E-13
1349.7187689796  2.541331E-13
1351.16642590013  2.687975E-13
1352.61408282067  2.849161E-13
1354.06173974121  2.545950E-13
1355.50939666174  2.564835E-13
1356.95705358228  2.590211E-13
1358.40471050282  2.704387E-13
1359.85236742335  2.481629E-13
1361.30002434389  2.805551E-13
1362.74768126443  2.666757E-13
1364.19533818496  2.901210E-13
1365.6429951055  2.729897E-13
1367.09065202604  2.631742E-13
1368.53830894657  2.850740E-13
1369.98596586711  3.025513E-13
1371.43362278765  2.738799E-13
1372.88127970819  2.634750E-13
1374.32893662872  2.594171E-13
1375.77659354926  2.986067E-13
1377.2242504698  2.644809E-13
1378.67190739033  2.839458E-13
1380.11956431087  2.672587E-13
1381.56722123141  2.772125E-13
1383.01487815194  2.677676E-13
1384.46253507248  2.592708E-13
1385.91019199302  2.570344E-13
1387.35784891355  2.590863E-13
1388.80550583409  2.904204E-13
1390.25316275463  2.692665E-13
1391.70081967516  3.039166E-13
1393.1484765957  2.856026E-13
1394.59613351624  2.885167E-13
1396.04379043677  3.016020E-13
1397.49144735731  3.229774E-13
1398.93910427785  3.504183E-13
1400.38676119838  3.358837E-13
1401.83441811892  3.217676E-13
1403.28207503946  3.113015E-13
1404.72973195999  2.847059E-13
1406.17738888053  2.932729E-13
1407.62504580107  2.806574E-13
1409.0727027216  2.954298E-13
1410.52035964214  2.709749E-13
1411.96801656268  2.652643E-13
1413.41567348322  2.725438E-13
1414.86333040375  2.600114E-13
1416.31098732429  2.517977E-13
1417.75864424483  2.760352E-13
1419.20630116536  2.536799E-13
1420.6539580859  2.613044E-13
1422.10161500644  2.756081E-13
1423.54927192697  2.836321E-13
1424.99692884751  2.685204E-13
1426.44458576805  2.741604E-13
1427.89224268858  2.466312E-13
1429.33989960912  2.556585E-13
1430.78755652966  2.402964E-13
1432.23521345019  2.361970E-13
1433.68287037073  2.724553E-13
1435.13052729127  2.414861E-13
1436.5781842118  2.387474E-13
1438.02584113234  2.797961E-13
1439.47349805288  2.589043E-13
1440.92115497341  2.345632E-13
1442.36881189395  2.214261E-13
1443.81646881449  2.240917E-13
1445.26412573502  2.313599E-13
1446.71178265556  2.192662E-13
1448.1594395761  2.393464E-13
1449.60709649664  2.350537E-13
1451.05475341717  2.311319E-13
1452.50241033771  2.470849E-13
1453.95006725825  2.231969E-13
1455.39772417878  2.300194E-13
1456.84538109932  2.336083E-13
1458.29303801986  2.432755E-13
1459.74069494039  2.304718E-13
1461.18835186093  2.279606E-13
1462.63600878147  2.353916E-13
1464.083665702  2.212964E-13
1465.53132262254  2.257693E-13
1466.97897954308  2.335906E-13
1468.42663646361  2.308419E-13
1469.87429338415  2.429241E-13
1471.32195030469  2.266754E-13
1472.76960722522  2.139072E-13
1474.21726414576  2.181080E-13
1475.6649210663  2.143838E-13
1477.11257798683  2.367966E-13
1478.56023490737  2.362008E-13
1480.00789182791  2.336516E-13
1481.45554874844  2.250965E-13
1482.90320566898  2.323229E-13
1484.35086258952  2.465015E-13
1485.79851951005  2.447836E-13
1487.24617643059  2.477990E-13
1488.69383335113  2.469420E-13
1490.14149027167  2.460737E-13
1491.5891471922  2.442087E-13
1493.03680411274  2.216125E-13
1494.48446103328  2.289248E-13
1495.93211795381  2.494280E-13
1497.37977487435  2.541470E-13
1498.82743179489  2.554539E-13
1500.27508871542  2.522106E-13
1501.72274563596  2.609474E-13
1503.1704025565  2.330402E-13
1504.61805947703  2.479873E-13
1506.06571639757  2.489800E-13
1507.51337331811  2.475975E-13
1508.96103023864  2.510654E-13
1510.40868715918  2.626791E-13
1511.85634407972  2.465255E-13
1513.30400100025  2.528334E-13
1514.75165792079  2.339855E-13
1516.19931484133  2.616861E-13
1517.64697176186  2.524558E-13
1519.0946286824  2.457545E-13
1520.54228560294  2.759839E-13
1521.98994252347  2.834971E-13
1523.43759944401  2.731976E-13
1524.88525636455  2.838440E-13
1526.33291328509  2.611103E-13
1527.78057020562  2.872905E-13
1529.22822712616  2.938014E-13
1530.6758840467  3.141693E-13
1532.12354096723  3.196719E-13
1533.57119788777  3.101575E-13
1535.01885480831  3.127718E-13
1536.46651172884  3.557140E-13
1537.91416864938  4.011883E-13
1539.36182556992  4.118168E-13
1540.80948249045  4.363126E-13
1542.25713941099  4.332439E-13
1543.70479633153  4.473563E-13
1545.15245325206  4.652760E-13
1546.6001101726  4.392791E-13
1548.04776709314  4.356547E-13
1549.49542401367  3.593112E-13
1550.94308093421  3.696266E-13
1552.39073785475  3.765231E-13
1553.83839477528  3.630813E-13
1555.28605169582  3.264191E-13
1556.73370861636  3.099622E-13
1558.18136553689  2.983979E-13
1559.62902245743  2.981523E-13
1561.07667937797  3.000040E-13
1562.5243362985  2.945283E-13
1563.97199321904  2.751118E-13
1565.41965013958  2.814560E-13
1566.86730706012  2.703657E-13
1568.31496398065  2.750696E-13
1569.76262090119  2.605895E-13
1571.21027782173  2.476969E-13
1572.65793474226  2.628438E-13
1574.1055916628  2.539434E-13
1575.55324858334  2.489053E-13
1577.00090550387  2.535791E-13
1578.44856242441  2.457352E-13
1579.89621934495  2.537010E-13
1581.34387626548  2.573223E-13
1582.79153318602  2.323140E-13
1584.23919010656  2.484763E-13
1585.68684702709  2.342898E-13
1587.13450394763  2.191325E-13
1588.58216086817  2.245037E-13
1590.0298177887  2.433935E-13
1591.47747470924  2.405173E-13
1592.92513162978  2.473000E-13
1594.37278855031  2.303709E-13
1595.82044547085  2.246078E-13
1597.26810239139  2.323664E-13
1598.71575931192  2.170862E-13
1600.16341623246  2.280448E-13
1601.611073153  2.370002E-13
1603.05873007354  2.226098E-13
1604.50638699407  2.361842E-13
1605.95404391461  2.249357E-13
1607.40170083515  2.285656E-13
1608.84935775568  2.359249E-13
1610.29701467622  2.288324E-13
1611.74467159676  2.229081E-13
1613.19232851729  2.167923E-13
1614.63998543783  2.167110E-13
1616.08764235837  2.137256E-13
1617.5352992789  2.205840E-13
1618.98295619944  2.307806E-13
1620.43061311998  2.326219E-13
1621.87827004051  2.353993E-13
1623.32592696105  2.415454E-13
1624.77358388159  2.384356E-13
1626.22124080212  2.450564E-13
1627.66889772266  2.385504E-13
1629.1165546432  2.296138E-13
1630.56421156373  2.399256E-13
1632.01186848427  2.364025E-13
1633.45952540481  2.444205E-13
1634.90718232534  2.455123E-13
1636.35483924588  2.478468E-13
1637.80249616642  2.448076E-13
1639.25015308695  2.331421E-13
1640.69781000749  2.293312E-13
1642.14546692803  2.431765E-13
1643.59312384857  2.357995E-13
1645.0407807691  2.399427E-13
1646.48843768964  2.359616E-13
1647.93609461018  2.258889E-13
1649.38375153071  2.344579E-13
1650.83140845125  2.385316E-13
1652.27906537179  2.334020E-13
1653.72672229232  2.330186E-13
1655.17437921286  2.277492E-13
1656.6220361334  2.308040E-13
1658.06969305393  2.286010E-13
1659.51734997447  2.434425E-13
1660.96500689501  2.298201E-13
1662.41266381554  2.222834E-13
1663.86032073608  2.154041E-13
1665.30797765662  2.237640E-13
1666.75563457715  2.333499E-13
1668.20329149769  2.426211E-13
1669.65094841823  2.264368E-13
1671.09860533876  2.269270E-13
1672.5462622593  2.269180E-13
1673.99391917984  2.152035E-13
1675.44157610038  2.119201E-13
1676.88923302091  2.119366E-13
1678.33688994145  2.042183E-13
1679.78454686199  1.972869E-13
1681.23220378252  1.986165E-13
1682.67986070306  2.000852E-13
1684.1275176236  2.025266E-13
1685.57517454413  2.030600E-13
1687.02283146467  2.139192E-13
1688.47048838521  2.111422E-13
1689.91814530574  2.198036E-13
1691.36580222628  2.183004E-13
1692.81345914682  1.991878E-13
1694.26111606735  1.987318E-13
1695.70877298789  2.025071E-13
1697.15642990843  2.069110E-13
1698.60408682896  2.022697E-13
1700.0517437495  2.008569E-13
1701.49940067004  1.987311E-13
1702.94705759057  1.910261E-13
1704.39471451111  1.947632E-13
1705.84237143165  1.982383E-13
1707.29002835218  1.990910E-13
1708.73768527272  2.108218E-13
1710.18534219326  0.
1711.63299911379  0.
1713.08065603433  0.
1714.52831295487  0.
1715.97596987541  0.
1717.42362679594  0.
1718.87128371648  0.
1720.31894063702  0.
1721.76659755755  0.
1723.21425447809  0.
1724.66191139863  0.
1726.10956831916  0.
1727.5572252397  0.
1729.00488216024  0.
1730.45253908077  0.
1731.90019600131  0.
1733.34785292185  0.
1734.79550984238  0.
1736.24316676292  0.
1737.69082368346  0.
1739.13848060399  0.
1740.58613752453  0.
1742.03379444507  0.
1743.4814513656  0.
1744.92910828614  0.
1746.37676520668  0.
1747.82442212721  0.
1749.27207904775  0.
1750.71973596829  0.
1752.16739288882  0.
1753.61504980936  0.
1755.0627067299  0.
1756.51036365043  0.
1757.95802057097  0.
1759.40567749151  0.
1760.85333441205  0.
1762.30099133258  0.
1763.74864825312  0.
1765.19630517366  0.
1766.64396209419  0.
1768.09161901473  0.
1769.53927593527  0.
1770.9869328558  0.
1772.43458977634  0.
1773.88224669688  0.
1775.32990361741  0.
1776.77756053795  0.
1778.22521745849  0.
1779.67287437902  0.
1781.12053129956  0.
1782.5681882201  0.
1784.01584514063  0.
1785.46350206117  0.
1786.91115898171  0.
1788.35881590224  0.
1789.80647282278  0.
1791.25412974332  0.
1792.70178666385  0.
1794.14944358439  0.
1795.59710050493  0.
1797.04475742547  0.
1798.492414346  0.
1799.94007126654  0.
1801.38772818708  0.
1802.83538510761  0.
1804.28304202815  0.
1805.73069894869  0.
1807.17835586922  0.
1808.62601278976  0.
1810.0736697103  0.
1811.52132663083  0.
1812.96898355137  0.
1814.41664047191  0.
1815.86429739244  0.
1817.31195431298  0.
1818.75961123352  0.
1820.20726815405  0.
1821.65492507459  0.
1823.10258199513  0.
1824.55023891566  0.
1825.9978958362  0.
1827.44555275674  0.
1828.89320967727  0.
1830.34086659781  0.
1831.78852351835  0.
