906.735751295338  0.
908.183408215875  0.
909.631065136412  0.
911.078722056949  0.
912.526378977485  0.
913.974035898022  0.
915.421692818559  0.
916.869349739096  0.
918.317006659633  0.
919.764663580169  0.
921.212320500706  0.
922.659977421243  0.
924.10763434178  0.
925.555291262316  0.
927.002948182853  0.
928.45060510339  0.
929.898262023927  0.
931.345918944464  0.
932.793575865  0.
934.241232785537  0.
935.688889706074  0.
937.136546626611  0.
938.584203547148  0.
940.031860467684  0.
941.479517388221  0.
942.927174308758  0.
944.374831229295  0.
945.822488149832  0.
947.270145070369  0.
948.717801990905  0.
950.165458911442  0.
951.613115831979  0.
953.060772752515  0.
954.508429673052  0.
955.956086593589  0.
957.403743514126  0.
958.851400434663  0.
960.2990573552  0.
961.746714275736  0.
963.194371196273  0.
964.64202811681  0.
966.089685037347  0.
967.537341957883  0.
968.98499887842  0.
970.432655798957  0.
971.880312719494  0.
973.327969640031  0.
974.775626560567  0.
976.223283481104  0.
977.670940401641  0.
979.118597322178  0.
980.566254242715  0.
982.013911163251  0.
983.461568083788  0.
984.909225004325  0.
986.356881924862  0.
987.804538845399  0.
989.252195765935  0.
990.699852686472  0.
992.147509607009  0.
993.595166527546  3.172989E-13
995.042823448082  4.013361E-13
996.490480368619  6.253540E-13
997.938137289156  6.334889E-13
999.385794209693  5.812467E-13
1000.83345113023  5.865995E-13
1002.28110805077  4.333036E-13
1003.7287649713  4.293355E-13
1005.17642189184  4.996014E-13
1006.62407881238  4.855633E-13
1008.07173573291  4.376121E-13
1009.51939265345  4.214576E-13
1010.96704957399  4.241958E-13
1012.41470649452  4.872810E-13
1013.86236341506  3.627896E-13
1015.3100203356  4.538166E-13
1016.75767725613  5.130389E-13
1018.20533417667  5.492361E-13
1019.65299109721  4.681631E-13
1021.10064801775  4.960256E-13
1022.54830493828  3.897839E-13
1023.99596185882  4.805199E-13
1025.44361877936  5.194373E-13
1026.89127569989  4.651758E-13
1028.33893262043  4.044000E-13
1029.78658954097  5.062681E-13
1031.2342464615  4.751936E-13
1032.68190338204  5.127586E-13
1034.12956030258  4.722009E-13
1035.57721722311  4.336790E-13
1037.02487414365  4.280767E-13
1038.47253106419  4.323275E-13
1039.92018798472  4.586850E-13
1041.36784490526  3.939301E-13
1042.8155018258  3.966254E-13
1044.26315874633  5.279826E-13
1045.71081566687  5.846899E-13
1047.15847258741  6.241548E-13
1048.60612950794  6.096324E-13
1050.05378642848  4.790106E-13
1051.50144334902  5.339669E-13
1052.94910026955  5.413501E-13
1054.39675719009  4.656946E-13
1055.84441411063  4.458147E-13
1057.29207103116  3.957106E-13
1058.7397279517  3.664382E-13
1060.18738487224  3.737418E-13
1061.63504179277  3.891929E-13
1063.08269871331  4.047630E-13
1064.53035563385  3.579563E-13
1065.97801255439  3.372419E-13
1067.42566947492  3.908044E-13
1068.87332639546  4.040455E-13
1070.320983316  3.612712E-13
1071.76864023653  3.606589E-13
1073.21629715707  3.748144E-13
1074.66395407761  4.405851E-13
1076.11161099814  4.004525E-13
1077.55926791868  3.690569E-13
1079.00692483922  3.991808E-13
1080.45458175975  3.619089E-13
1081.90223868029  3.716819E-13
1083.34989560083  3.615470E-13
1084.79755252136  3.280718E-13
1086.2452094419  3.310792E-13
1087.69286636244  3.445262E-13
1089.14052328297  3.199459E-13
1090.58818020351  3.087940E-13
1092.03583712405  3.124916E-13
1093.48349404458  3.155883E-13
1094.93115096512  3.315591E-13
1096.37880788566  3.615859E-13
1097.82646480619  3.808119E-13
1099.27412172673  3.753409E-13
1100.72177864727  3.643796E-13
1102.1694355678  3.262388E-13
1103.61709248834  3.445555E-13
1105.06474940888  3.665812E-13
1106.51240632942  3.336590E-13
1107.96006324995  3.687876E-13
1109.40772017049  3.623923E-13
1110.85537709103  3.558347E-13
1112.30303401156  3.319056E-13
1113.7506909321  3.358885E-13
1115.19834785264  3.107016E-13
1116.64600477317  3.375869E-13
1118.09366169371  3.849729E-13
1119.54131861425  3.663550E-13
1120.98897553478  3.252735E-13
1122.43663245532  3.002710E-13
1123.88428937586  3.271105E-13
1125.33194629639  3.059787E-13
1126.77960321693  2.832996E-13
1128.22726013747  2.902760E-13
1129.674917058  3.872074E-13
1131.12257397854  3.654654E-13
1132.57023089908  3.436749E-13
1134.01788781961  3.561415E-13
1135.46554474015  3.149000E-13
1136.91320166069  3.578067E-13
1138.36085858122  3.257982E-13
1139.80851550176  3.211301E-13
1141.2561724223  3.395328E-13
1142.70382934284  3.274128E-13
1144.15148626337  3.511473E-13
1145.59914318391  3.582552E-13
1147.04680010445  3.456670E-13
1148.49445702498  3.697447E-13
1149.94211394552  3.191772E-13
1151.38977086606  3.159183E-13
1152.83742778659  3.006459E-13
1154.28508470713  3.003157E-13
1155.73274162767  3.394090E-13
1157.1803985482  3.633470E-13
1158.62805546874  3.493258E-13
1160.07571238928  3.323431E-13
1161.52336930981  3.356085E-13
1162.97102623035  3.327819E-13
1164.41868315089  3.305192E-13
1165.86634007142  3.391672E-13
1167.31399699196  3.288131E-13
1168.7616539125  3.228256E-13
1170.20931083303  4.017213E-13
1171.65696775357  3.761435E-13
1173.10462467411  3.512471E-13
1174.55228159464  3.461469E-13
1175.99993851518  3.528521E-13
1177.44759543572  3.522093E-13
1178.89525235625  3.681751E-13
1180.34290927679  3.656286E-13
1181.79056619733  3.719894E-13
1183.23822311787  3.359605E-13
1184.6858800384  3.396143E-13
1186.13353695894  3.608937E-13
1187.58119387948  4.292064E-13
1189.02885080001  3.747381E-13
1190.47650772055  3.662094E-13
1191.92416464109  4.042942E-13
1193.37182156162  4.169870E-13
1194.81947848216  4.063962E-13
1196.2671354027  4.855504E-13
1197.71479232323  4.740236E-13
1199.16244924377  5.103491E-13
1200.61010616431  5.140848E-13
1202.05776308484  5.129938E-13
1203.50542000538  4.641908E-13
1204.95307692592  4.963203E-13
1206.40073384645  6.037426E-13
1207.84839076699  7.177094E-13
1209.29604768753  7.877728E-13
1210.74370460806  8.122455E-13
1212.1913615286  1.019475E-12
1213.63901844914  1.108883E-12
1215.08667536967  9.801923E-13
1216.53433229021  9.860144E-13
1217.98198921075  9.859603E-13
1219.42964613129  8.294030E-13
1220.87730305182  8.040426E-13
1222.32495997236  6.961137E-13
1223.7726168929  5.716099E-13
1225.22027381343  5.391529E-13
1226.66793073397  5.099258E-13
1228.11558765451  4.948244E-13
1229.56324457504  4.821851E-13
1231.01090149558  4.739447E-13
1232.45855841612  5.422801E-13
1233.90621533665  5.497245E-13
1235.35387225719  5.187542E-13
1236.80152917773  4.763309E-13
1238.24918609826  4.773909E-13
1239.6968430188  4.536286E-13
1241.14449993934  4.469957E-13
1242.59215685987  4.714512E-13
1244.03981378041  4.509890E-13
1245.48747070095  4.309835E-13
1246.93512762148  3.945917E-13
1248.38278454202  4.164341E-13
1249.83044146256  3.832004E-13
1251.27809838309  3.781778E-13
1252.72575530363  3.754124E-13
1254.17341222417  3.678629E-13
1255.62106914471  3.798213E-13
1257.06872606524  3.291887E-13
1258.51638298578  3.651389E-13
1259.96403990632  3.205858E-13
1261.41169682685  3.463811E-13
1262.85935374739  3.160804E-13
1264.30701066793  3.417697E-13
1265.75466758846  3.564067E-13
1267.202324509  3.247681E-13
1268.64998142954  3.037914E-13
1270.09763835007  3.181830E-13
1271.54529527061  2.886941E-13
1272.99295219115  3.013056E-13
1274.44060911168  2.886563E-13
1275.88826603222  2.988582E-13
1277.33592295276  3.340771E-13
1278.78357987329  3.116364E-13
1280.23123679383  3.005283E-13
1281.67889371437  2.760309E-13
1283.1265506349  2.901273E-13
1284.57420755544  2.807994E-13
1286.02186447598  3.070578E-13
1287.46952139651  3.275878E-13
1288.91717831705  2.693730E-13
1290.36483523759  2.601997E-13
1291.81249215812  3.046755E-13
1293.26014907866  3.399209E-13
1294.7078059992  3.119599E-13
1296.15546291974  3.089518E-13
1297.60311984027  2.829209E-13
1299.05077676081  2.994582E-13
1300.49843368135  2.890167E-13
1301.94609060188  3.021334E-13
1303.39374752242  2.868170E-13
1304.84140444296  2.525792E-13
1306.28906136349  2.485513E-13
1307.73671828403  2.803283E-13
1309.18437520457  2.595022E-13
1310.6320321251  2.702900E-13
1312.07968904564  3.103732E-13
1313.52734596618  2.614696E-13
1314.97500288671  2.652005E-13
1316.42265980725  2.564520E-13
1317.87031672779  2.302054E-13
1319.31797364832  2.357926E-13
1320.76563056886  2.461154E-13
1322.2132874894  2.472572E-13
1323.66094440993  3.032609E-13
1325.10860133047  2.585547E-13
1326.55625825101  2.966180E-13
1328.00391517154  2.621762E-13
1329.45157209208  2.941082E-13
1330.89922901262  2.918359E-13
1332.34688593315  2.822575E-13
1333.79454285369  2.940819E-13
1335.24219977423  3.025009E-13
1336.68985669477  2.803861E-13
1338.1375136153  2.650764E-13
1339.58517053584  2.319528E-13
1341.03282745638  2.885945E-13
1342.48048437691  2.407217E-13
1343.92814129745  2.642083E-13
1345.37579821799  2.718804E-13
1346.82345513852  2.794124E-13
1348.27111205906  2.675365E-13
1349.7187689796  2.712217E-13
1351.16642590013  2.910642E-13
1352.61408282067  2.790125E-13
1354.06173974121  2.580860E-13
1355.50939666174  3.084796E-13
1356.95705358228  2.783918E-13
1358.40471050282  2.938979E-13
1359.85236742335  2.752627E-13
1361.30002434389  3.191998E-13
1362.74768126443  3.219390E-13
1364.19533818496  2.942749E-13
1365.6429951055  2.395583E-13
1367.09065202604  2.723467E-13
1368.53830894657  2.970332E-13
1369.98596586711  3.002073E-13
1371.43362278765  2.304554E-13
1372.88127970819  2.640457E-13
1374.32893662872  2.724403E-13
1375.77659354926  3.006190E-13
1377.2242504698  2.568340E-13
1378.67190739033  2.683771E-13
1380.11956431087  2.970849E-13
1381.56722123141  3.034187E-13
1383.01487815194  2.634523E-13
1384.46253507248  2.377671E-13
1385.91019199302  2.441361E-13
1387.35784891355  2.568815E-13
1388.80550583409  2.438428E-13
1390.25316275463  2.808965E-13
1391.70081967516  2.591538E-13
1393.1484765957  2.834533E-13
1394.59613351624  3.067674E-13
1396.04379043677  3.243858E-13
1397.49144735731  3.276542E-13
1398.93910427785  3.451412E-13
1400.38676119838  3.038390E-13
1401.83441811892  2.983109E-13
1403.28207503946  2.759549E-13
1404.72973195999  2.873699E-13
1406.17738888053  2.887784E-13
1407.62504580107  2.690796E-13
1409.0727027216  2.818254E-13
1410.52035964214  2.617217E-13
1411.96801656268  2.997963E-13
1413.41567348322  2.880954E-13
1414.86333040375  2.630480E-13
1416.31098732429  2.609691E-13
1417.75864424483  2.529104E-13
1419.20630116536  2.665243E-13
1420.6539580859  2.458866E-13
1422.10161500644  2.838545E-13
1423.54927192697  2.701260E-13
1424.99692884751  2.503491E-13
1426.44458576805  2.484817E-13
1427.89224268858  2.526074E-13
1429.33989960912  2.565156E-13
1430.78755652966  2.524452E-13
1432.23521345019  2.449731E-13
1433.68287037073  2.733650E-13
1435.13052729127  2.541557E-13
1436.5781842118  2.406064E-13
1438.02584113234  2.604732E-13
1439.47349805288  2.574442E-13
1440.92115497341  2.522555E-13
1442.36881189395  2.242401E-13
1443.81646881449  2.204291E-13
1445.26412573502  2.419925E-13
1446.71178265556  2.422734E-13
1448.1594395761  2.428614E-13
1449.60709649664  2.188786E-13
1451.05475341717  2.444677E-13
1452.50241033771  2.695487E-13
1453.95006725825  2.463009E-13
1455.39772417878  2.532360E-13
1456.84538109932  2.262396E-13
1458.29303801986  2.465549E-13
1459.74069494039  2.465274E-13
1461.18835186093  2.505611E-13
1462.63600878147  2.305127E-13
1464.083665702  2.601553E-13
1465.53132262254  2.479172E-13
1466.97897954308  2.567148E-13
1468.42663646361  2.582754E-13
1469.87429338415  2.389005E-13
1471.32195030469  2.215193E-13
1472.76960722522  2.319650E-13
1474.21726414576  2.411326E-13
1475.6649210663  2.298196E-13
1477.11257798683  2.110817E-13
1478.56023490737  2.143446E-13
1480.00789182791  2.283173E-13
1481.45554874844  2.580861E-13
1482.90320566898  2.762120E-13
1484.35086258952  2.612509E-13
1485.79851951005  2.510759E-13
1487.24617643059  2.307624E-13
1488.69383335113  2.325075E-13
1490.14149027167  2.327069E-13
1491.5891471922  2.241011E-13
1493.03680411274  2.036132E-13
1494.48446103328  2.129720E-13
1495.93211795381  2.211210E-13
1497.37977487435  2.403181E-13
1498.82743179489  2.505528E-13
1500.27508871542  2.489443E-13
1501.72274563596  2.280320E-13
1503.1704025565  2.342716E-13
1504.61805947703  2.295992E-13
1506.06571639757  2.473593E-13
1507.51337331811  2.244608E-13
1508.96103023864  2.482869E-13
1510.40868715918  2.586519E-13
1511.85634407972  2.659395E-13
1513.30400100025  2.501771E-13
1514.75165792079  2.441991E-13
1516.19931484133  2.580250E-13
1517.64697176186  2.643006E-13
1519.0946286824  2.597571E-13
1520.54228560294  2.574021E-13
1521.98994252347  2.804272E-13
1523.43759944401  2.633223E-13
1524.88525636455  2.704904E-13
1526.33291328509  2.847681E-13
1527.78057020562  2.942430E-13
1529.22822712616  2.864394E-13
1530.6758840467  3.065043E-13
1532.12354096723  2.911785E-13
1533.57119788777  3.184100E-13
1535.01885480831  3.249614E-13
1536.46651172884  3.289175E-13
1537.91416864938  3.794054E-13
1539.36182556992  3.925980E-13
1540.80948249045  3.996885E-13
1542.25713941099  3.946090E-13
1543.70479633153  4.297403E-13
1545.15245325206  4.305707E-13
1546.6001101726  4.340097E-13
1548.04776709314  4.108632E-13
1549.49542401367  4.002050E-13
1550.94308093421  3.766986E-13
1552.39073785475  3.747171E-13
1553.83839477528  3.622875E-13
1555.28605169582  3.618604E-13
1556.73370861636  3.492347E-13
1558.18136553689  3.226962E-13
1559.62902245743  3.054730E-13
1561.07667937797  2.885966E-13
1562.5243362985  2.809170E-13
1563.97199321904  2.974835E-13
1565.41965013958  2.959538E-13
1566.86730706012  2.766709E-13
1568.31496398065  2.690488E-13
1569.76262090119  2.663446E-13
1571.21027782173  2.764491E-13
1572.65793474226  2.747938E-13
1574.1055916628  2.647014E-13
1575.55324858334  2.580409E-13
1577.00090550387  2.486461E-13
1578.44856242441  2.554416E-13
1579.89621934495  2.552979E-13
1581.34387626548  2.407030E-13
1582.79153318602  2.727086E-13
1584.23919010656  2.609620E-13
1585.68684702709  2.419906E-13
1587.13450394763  2.466611E-13
1588.58216086817  2.434073E-13
1590.0298177887  2.390394E-13
1591.47747470924  2.467234E-13
1592.92513162978  2.453649E-13
1594.37278855031  2.535032E-13
1595.82044547085  2.451286E-13
1597.26810239139  2.300870E-13
1598.71575931192  2.434869E-13
1600.16341623246  2.309778E-13
1601.611073153  2.263147E-13
1603.05873007354  2.380195E-13
1604.50638699407  2.381291E-13
1605.95404391461  2.623421E-13
1607.40170083515  2.603592E-13
1608.84935775568  2.318022E-13
1610.29701467622  2.394244E-13
1611.74467159676  2.332296E-13
1613.19232851729  2.356168E-13
1614.63998543783  2.474992E-13
1616.08764235837  2.432032E-13
1617.5352992789  2.337192E-13
1618.98295619944  2.416632E-13
1620.43061311998  2.262165E-13
1621.87827004051  2.159540E-13
1623.32592696105  2.276439E-13
1624.77358388159  2.340641E-13
1626.22124080212  2.314221E-13
1627.66889772266  2.429906E-13
1629.1165546432  2.432229E-13
1630.56421156373  2.446197E-13
1632.01186848427  2.381806E-13
1633.45952540481  2.406495E-13
1634.90718232534  2.476644E-13
1636.35483924588  2.513192E-13
1637.80249616642  2.662585E-13
1639.25015308695  2.471090E-13
1640.69781000749  2.344434E-13
1642.14546692803  2.404901E-13
1643.59312384857  2.352390E-13
1645.0407807691  2.326623E-13
1646.48843768964  2.325488E-13
1647.93609461018  2.283383E-13
1649.38375153071  2.353673E-13
1650.83140845125  2.457965E-13
1652.27906537179  2.473398E-13
1653.72672229232  2.390395E-13
1655.17437921286  2.438061E-13
1656.6220361334  2.472512E-13
1658.06969305393  2.307102E-13
1659.51734997447  2.335307E-13
1660.96500689501  2.247629E-13
1662.41266381554  2.293065E-13
1663.86032073608  2.429248E-13
1665.30797765662  2.382600E-13
1666.75563457715  2.273526E-13
1668.20329149769  2.395733E-13
1669.65094841823  2.329168E-13
1671.09860533876  2.267672E-13
1672.5462622593  2.285969E-13
1673.99391917984  2.231980E-13
1675.44157610038  2.264180E-13
1676.88923302091  2.196235E-13
1678.33688994145  2.246482E-13
1679.78454686199  2.081609E-13
1681.23220378252  2.093206E-13
1682.67986070306  2.144256E-13
1684.1275176236  2.049888E-13
1685.57517454413  2.014496E-13
1687.02283146467  2.140140E-13
1688.47048838521  2.146477E-13
1689.91814530574  2.124020E-13
1691.36580222628  2.178103E-13
1692.81345914682  2.119541E-13
1694.26111606735  1.968085E-13
1695.70877298789  1.966169E-13
1697.15642990843  2.088067E-13
1698.60408682896  2.139692E-13
1700.0517437495  2.213045E-13
1701.49940067004  2.202421E-13
1702.94705759057  2.028155E-13
1704.39471451111  2.080942E-13
1705.84237143165  2.143034E-13
1707.29002835218  2.022726E-13
1708.73768527272  1.946456E-13
1710.18534219326  0.
1711.63299911379  0.
1713.08065603433  0.
1714.52831295487  0.
1715.97596987541  0.
1717.42362679594  0.
1718.87128371648  0.
1720.31894063702  0.
1721.76659755755  0.
1723.21425447809  0.
1724.66191139863  0.
1726.10956831916  0.
1727.5572252397  0.
1729.00488216024  0.
1730.45253908077  0.
1731.90019600131  0.
1733.34785292185  0.
1734.79550984238  0.
1736.24316676292  0.
1737.69082368346  0.
1739.13848060399  0.
1740.58613752453  0.
1742.03379444507  0.
1743.4814513656  0.
1744.92910828614  0.
1746.37676520668  0.
1747.82442212721  0.
1749.27207904775  0.
1750.71973596829  0.
1752.16739288882  0.
1753.61504980936  0.
1755.0627067299  0.
1756.51036365043  0.
1757.95802057097  0.
1759.40567749151  0.
1760.85333441205  0.
1762.30099133258  0.
1763.74864825312  0.
1765.19630517366  0.
1766.64396209419  0.
1768.09161901473  0.
1769.53927593527  0.
1770.9869328558  0.
1772.43458977634  0.
1773.88224669688  0.
1775.32990361741  0.
1776.77756053795  0.
1778.22521745849  0.
1779.67287437902  0.
1781.12053129956  0.
1782.5681882201  0.
1784.01584514063  0.
1785.46350206117  0.
1786.91115898171  0.
1788.35881590224  0.
1789.80647282278  0.
1791.25412974332  0.
1792.70178666385  0.
1794.14944358439  0.
1795.59710050493  0.
1797.04475742547  0.
1798.492414346  0.
1799.94007126654  0.
1801.38772818708  0.
1802.83538510761  0.
1804.28304202815  0.
1805.73069894869  0.
1807.17835586922  0.
1808.62601278976  0.
1810.0736697103  0.
1811.52132663083  0.
1812.96898355137  0.
1814.41664047191  0.
1815.86429739244  0.
1817.31195431298  0.
1818.75961123352  0.
1820.20726815405  0.
1821.65492507459  0.
1823.10258199513  0.
1824.55023891566  0.
1825.9978958362  0.
1827.44555275674  0.
1828.89320967727  0.
1830.34086659781  0.
1831.78852351835  0.
