906.735751295338  0.
908.183408215875  0.
909.631065136412  0.
911.078722056949  0.
912.526378977485  0.
913.974035898022  0.
915.421692818559  0.
916.869349739096  0.
918.317006659633  0.
919.764663580169  0.
921.212320500706  0.
922.659977421243  0.
924.10763434178  0.
925.555291262316  0.
927.002948182853  0.
928.45060510339  0.
929.898262023927  0.
931.345918944464  0.
932.793575865  0.
934.241232785537  0.
935.688889706074  0.
937.136546626611  0.
938.584203547148  0.
940.031860467684  0.
941.479517388221  0.
942.927174308758  0.
944.374831229295  0.
945.822488149832  0.
947.270145070369  0.
948.717801990905  0.
950.165458911442  0.
951.613115831979  0.
953.060772752515  0.
954.508429673052  0.
955.956086593589  0.
957.403743514126  0.
958.851400434663  0.
960.2990573552  0.
961.746714275736  0.
963.194371196273  0.
964.64202811681  0.
966.089685037347  0.
967.537341957883  0.
968.98499887842  0.
970.432655798957  0.
971.880312719494  0.
973.327969640031  0.
974.775626560567  0.
976.223283481104  0.
977.670940401641  0.
979.118597322178  0.
980.566254242715  0.
982.013911163251  0.
983.461568083788  0.
984.909225004325  0.
986.356881924862  0.
987.804538845399  0.
989.252195765935  0.
990.699852686472  0.
992.147509607009  0.
993.595166527546  3.287856E-13
995.042823448082  2.925997E-13
996.490480368619  6.578543E-13
997.938137289156  3.621378E-13
999.385794209693  4.254248E-13
1000.83345113023  4.046017E-13
1002.28110805077  3.923563E-13
1003.7287649713  4.977886E-13
1005.17642189184  5.467335E-13
1006.62407881238  3.472135E-13
1008.07173573291  3.674716E-13
1009.51939265345  3.723562E-13
1010.96704957399  4.486877E-13
1012.41470649452  3.825806E-13
1013.86236341506  3.731445E-13
1015.3100203356  3.821940E-13
1016.75767725613  3.911277E-13
1018.20533417667  4.545080E-13
1019.65299109721  4.607882E-13
1021.10064801775  5.714027E-13
1022.54830493828  4.443168E-13
1023.99596185882  4.966457E-13
1025.44361877936  4.698789E-13
1026.89127569989  5.105094E-13
1028.33893262043  5.489722E-13
1029.78658954097  5.337727E-13
1031.2342464615  5.108009E-13
1032.68190338204  5.279455E-13
1034.12956030258  5.667167E-13
1035.57721722311  5.340844E-13
1037.02487414365  4.684567E-13
1038.47253106419  4.300395E-13
1039.92018798472  4.731870E-13
1041.36784490526  4.688018E-13
1042.8155018258  4.658750E-13
1044.26315874633  5.274617E-13
1045.71081566687  7.678516E-13
1047.15847258741  7.490456E-13
1048.60612950794  7.830574E-13
1050.05378642848  5.592623E-13
1051.50144334902  4.366138E-13
1052.94910026955  4.516187E-13
1054.39675719009  3.711826E-13
1055.84441411063  3.847141E-13
1057.29207103116  3.643477E-13
1058.7397279517  3.385573E-13
1060.18738487224  4.171738E-13
1061.63504179277  4.385199E-13
1063.08269871331  4.380374E-13
1064.53035563385  4.204488E-13
1065.97801255439  3.950626E-13
1067.42566947492  4.683611E-13
1068.87332639546  4.204963E-13
1070.320983316  4.481150E-13
1071.76864023653  4.225280E-13
1073.21629715707  3.906594E-13
1074.66395407761  4.695023E-13
1076.11161099814  4.678150E-13
1077.55926791868  4.412195E-13
1079.00692483922  4.132615E-13
1080.45458175975  3.762643E-13
1081.90223868029  3.966762E-13
1083.34989560083  3.581094E-13
1084.79755252136  3.318803E-13
1086.2452094419  4.034479E-13
1087.69286636244  3.467626E-13
1089.14052328297  3.362496E-13
1090.58818020351  3.180204E-13
1092.03583712405  3.495822E-13
1093.48349404458  3.690562E-13
1094.93115096512  3.756149E-13
1096.37880788566  3.290078E-13
1097.82646480619  3.575825E-13
1099.27412172673  3.764163E-13
1100.72177864727  4.022200E-13
1102.1694355678  3.446548E-13
1103.61709248834  3.611661E-13
1105.06474940888  3.785331E-13
1106.51240632942  3.807295E-13
1107.96006324995  3.875035E-13
1109.40772017049  4.031203E-13
1110.85537709103  3.929392E-13
1112.30303401156  3.792927E-13
1113.7506909321  3.525355E-13
1115.19834785264  3.602049E-13
1116.64600477317  3.703296E-13
1118.09366169371  4.150776E-13
1119.54131861425  3.459550E-13
1120.98897553478  4.002390E-13
1122.43663245532  3.337137E-13
1123.88428937586  3.945551E-13
1125.33194629639  3.511161E-13
1126.77960321693  3.256045E-13
1128.22726013747  3.204742E-13
1129.674917058  3.414383E-13
1131.12257397854  3.650268E-13
1132.57023089908  3.824887E-13
1134.01788781961  3.661315E-13
1135.46554474015  3.859163E-13
1136.91320166069  3.832898E-13
1138.36085858122  3.215699E-13
1139.80851550176  3.365104E-13
1141.2561724223  3.296656E-13
1142.70382934284  3.782398E-13
1144.15148626337  4.052035E-13
1145.59914318391  4.099049E-13
1147.04680010445  3.629843E-13
1148.49445702498  3.662196E-13
1149.94211394552  3.430666E-13
1151.38977086606  3.571952E-13
1152.83742778659  3.217816E-13
1154.28508470713  2.755871E-13
1155.73274162767  3.166925E-13
1157.1803985482  3.687801E-13
1158.62805546874  3.064735E-13
1160.07571238928  3.679429E-13
1161.52336930981  3.571258E-13
1162.97102623035  3.666306E-13
1164.41868315089  4.161934E-13
1165.86634007142  3.711570E-13
1167.31399699196  4.170822E-13
1168.7616539125  3.402653E-13
1170.20931083303  4.220379E-13
1171.65696775357  4.213334E-13
1173.10462467411  3.566597E-13
1174.55228159464  3.442259E-13
1175.99993851518  3.600576E-13
1177.44759543572  4.156703E-13
1178.89525235625  3.950219E-13
1180.34290927679  3.653555E-13
1181.79056619733  4.065403E-13
1183.23822311787  3.444657E-13
1184.6858800384  3.725610E-13
1186.13353695894  3.652302E-13
1187.58119387948  4.313603E-13
1189.02885080001  4.105728E-13
1190.47650772055  4.265523E-13
1191.92416464109  4.252812E-13
1193.37182156162  4.430289E-13
1194.81947848216  4.691041E-13
1196.2671354027  4.581120E-13
1197.71479232323  4.751219E-13
1199.16244924377  5.429342E-13
1200.61010616431  5.083217E-13
1202.05776308484  5.593995E-13
1203.50542000538  4.812758E-13
1204.95307692592  5.073288E-13
1206.40073384645  5.669653E-13
1207.84839076699  6.603125E-13
1209.29604768753  6.860991E-13
1210.74370460806  7.263979E-13
1212.1913615286  8.390975E-13
1213.63901844914  9.786370E-13
1215.08667536967  9.561955E-13
1216.53433229021  1.007160E-12
1217.98198921075  1.109212E-12
1219.42964613129  9.924647E-13
1220.87730305182  9.234949E-13
1222.32495997236  8.457408E-13
1223.7726168929  6.619486E-13
1225.22027381343  7.076003E-13
1226.66793073397  5.413562E-13
1228.11558765451  6.009973E-13
1229.56324457504  5.168486E-13
1231.01090149558  5.297238E-13
1232.45855841612  5.167816E-13
1233.90621533665  5.115277E-13
1235.35387225719  5.249691E-13
1236.80152917773  5.433785E-13
1238.24918609826  6.018443E-13
1239.6968430188  5.086075E-13
1241.14449993934  5.023887E-13
1242.59215685987  4.295056E-13
1244.03981378041  4.921570E-13
1245.48747070095  4.145974E-13
1246.93512762148  3.869101E-13
1248.38278454202  4.214525E-13
1249.83044146256  3.890414E-13
1251.27809838309  4.441623E-13
1252.72575530363  4.465460E-13
1254.17341222417  3.710865E-13
1255.62106914471  3.947523E-13
1257.06872606524  3.837303E-13
1258.51638298578  3.579839E-13
1259.96403990632  3.447973E-13
1261.41169682685  3.371983E-13
1262.85935374739  3.904100E-13
1264.30701066793  3.777593E-13
1265.75466758846  3.712964E-13
1267.202324509  3.769337E-13
1268.64998142954  3.278195E-13
1270.09763835007  3.631838E-13
1271.54529527061  3.381873E-13
1272.99295219115  3.128789E-13
1274.44060911168  3.480333E-13
1275.88826603222  3.288702E-13
1277.33592295276  3.526802E-13
1278.78357987329  3.208710E-13
1280.23123679383  2.961244E-13
1281.67889371437  2.946334E-13
1283.1265506349  3.114984E-13
1284.57420755544  3.161815E-13
1286.02186447598  3.266250E-13
1287.46952139651  3.526019E-13
1288.91717831705  3.223500E-13
1290.36483523759  3.136890E-13
1291.81249215812  2.993771E-13
1293.26014907866  3.501641E-13
1294.7078059992  3.059414E-13
1296.15546291974  3.361096E-13
1297.60311984027  2.863077E-13
1299.05077676081  3.437034E-13
1300.49843368135  3.102005E-13
1301.94609060188  3.351888E-13
1303.39374752242  3.214939E-13
1304.84140444296  2.714088E-13
1306.28906136349  3.238003E-13
1307.73671828403  3.397173E-13
1309.18437520457  3.693402E-13
1310.6320321251  3.196813E-13
1312.07968904564  2.975454E-13
1313.52734596618  3.040133E-13
1314.97500288671  3.029614E-13
1316.42265980725  2.923920E-13
1317.87031672779  2.534671E-13
1319.31797364832  2.674251E-13
1320.76563056886  2.531022E-13
1322.2132874894  2.670727E-13
1323.66094440993  2.933916E-13
1325.10860133047  2.761536E-13
1326.55625825101  3.170721E-13
1328.00391517154  3.001234E-13
1329.45157209208  3.402499E-13
1330.89922901262  2.961156E-13
1332.34688593315  3.108866E-13
1333.79454285369  3.146948E-13
1335.24219977423  3.464684E-13
1336.68985669477  2.733067E-13
1338.1375136153  3.074734E-13
1339.58517053584  2.805331E-13
1341.03282745638  2.848951E-13
1342.48048437691  2.563640E-13
1343.92814129745  2.506929E-13
1345.37579821799  2.988364E-13
1346.82345513852  2.921569E-13
1348.27111205906  2.876227E-13
1349.7187689796  3.072214E-13
1351.16642590013  3.474884E-13
1352.61408282067  2.812406E-13
1354.06173974121  2.483068E-13
1355.50939666174  3.226050E-13
1356.95705358228  2.594719E-13
1358.40471050282  2.836021E-13
1359.85236742335  2.749124E-13
1361.30002434389  2.978719E-13
1362.74768126443  3.130618E-13
1364.19533818496  3.397759E-13
1365.6429951055  3.017083E-13
1367.09065202604  2.894094E-13
1368.53830894657  2.905406E-13
1369.98596586711  2.763582E-13
1371.43362278765  2.986533E-13
1372.88127970819  2.903795E-13
1374.32893662872  2.700905E-13
1375.77659354926  2.952802E-13
1377.2242504698  2.948851E-13
1378.67190739033  2.730044E-13
1380.11956431087  3.091133E-13
1381.56722123141  3.087477E-13
1383.01487815194  2.563581E-13
1384.46253507248  2.676051E-13
1385.91019199302  2.873066E-13
1387.35784891355  3.111373E-13
1388.80550583409  2.635754E-13
1390.25316275463  2.873386E-13
1391.70081967516  2.815757E-13
1393.1484765957  3.075006E-13
1394.59613351624  3.155983E-13
1396.04379043677  3.348517E-13
1397.49144735731  3.575884E-13
1398.93910427785  3.243153E-13
1400.38676119838  3.009372E-13
1401.83441811892  3.461145E-13
1403.28207503946  3.144453E-13
1404.72973195999  2.815745E-13
1406.17738888053  2.726904E-13
1407.62504580107  2.861857E-13
1409.0727027216  3.089530E-13
1410.52035964214  2.835900E-13
1411.96801656268  3.263220E-13
1413.41567348322  3.060246E-13
1414.86333040375  2.715866E-13
1416.31098732429  2.950632E-13
1417.75864424483  2.893398E-13
1419.20630116536  2.716053E-13
1420.6539580859  3.123084E-13
1422.10161500644  3.303621E-13
1423.54927192697  2.788947E-13
1424.99692884751  2.894099E-13
1426.44458576805  2.649402E-13
1427.89224268858  2.858516E-13
1429.33989960912  2.828606E-13
1430.78755652966  2.790855E-13
1432.23521345019  2.640909E-13
1433.68287037073  2.698297E-13
1435.13052729127  2.696595E-13
1436.5781842118  2.744443E-13
1438.02584113234  2.945862E-13
1439.47349805288  2.851388E-13
1440.92115497341  2.726402E-13
1442.36881189395  2.589097E-13
1443.81646881449  2.608155E-13
1445.26412573502  2.338837E-13
1446.71178265556  2.402952E-13
1448.1594395761  2.395072E-13
1449.60709649664  2.378168E-13
1451.05475341717  2.706646E-13
1452.50241033771  2.999058E-13
1453.95006725825  2.589381E-13
1455.39772417878  2.372863E-13
1456.84538109932  2.650604E-13
1458.29303801986  2.929905E-13
1459.74069494039  2.518718E-13
1461.18835186093  2.148595E-13
1462.63600878147  2.237875E-13
1464.083665702  2.310996E-13
1465.53132262254  2.652047E-13
1466.97897954308  2.660116E-13
1468.42663646361  2.514393E-13
1469.87429338415  2.277066E-13
1471.32195030469  2.201493E-13
1472.76960722522  2.419186E-13
1474.21726414576  2.443378E-13
1475.6649210663  2.465964E-13
1477.11257798683  2.453016E-13
1478.56023490737  2.473294E-13
1480.00789182791  2.395686E-13
1481.45554874844  2.367154E-13
1482.90320566898  2.552032E-13
1484.35086258952  2.467573E-13
1485.79851951005  2.469002E-13
1487.24617643059  2.624669E-13
1488.69383335113  2.364788E-13
1490.14149027167  2.348285E-13
1491.5891471922  2.250579E-13
1493.03680411274  2.283393E-13
1494.48446103328  2.351834E-13
1495.93211795381  2.598991E-13
1497.37977487435  2.406788E-13
1498.82743179489  2.263224E-13
1500.27508871542  2.559699E-13
1501.72274563596  2.618324E-13
1503.1704025565  2.517200E-13
1504.61805947703  2.488873E-13
1506.06571639757  2.692673E-13
1507.51337331811  2.781669E-13
1508.96103023864  2.348194E-13
1510.40868715918  2.471450E-13
1511.85634407972  2.550444E-13
1513.30400100025  2.640163E-13
1514.75165792079  2.719996E-13
1516.19931484133  2.774227E-13
1517.64697176186  2.662393E-13
1519.0946286824  2.652936E-13
1520.54228560294  2.643993E-13
1521.98994252347  2.787778E-13
1523.43759944401  2.608868E-13
1524.88525636455  2.558338E-13
1526.33291328509  2.878513E-13
1527.78057020562  2.960193E-13
1529.22822712616  2.882807E-13
1530.6758840467  2.926435E-13
1532.12354096723  3.027622E-13
1533.57119788777  3.145047E-13
1535.01885480831  3.099491E-13
1536.46651172884  3.374399E-13
1537.91416864938  3.505318E-13
1539.36182556992  3.609897E-13
1540.80948249045  3.782871E-13
1542.25713941099  3.904920E-13
1543.70479633153  4.130141E-13
1545.15245325206  4.451734E-13
1546.6001101726  4.501405E-13
1548.04776709314  4.177192E-13
1549.49542401367  4.226066E-13
1550.94308093421  4.025254E-13
1552.39073785475  3.864663E-13
1553.83839477528  3.749066E-13
1555.28605169582  3.828688E-13
1556.73370861636  3.760530E-13
1558.18136553689  3.493972E-13
1559.62902245743  3.236680E-13
1561.07667937797  3.035786E-13
1562.5243362985  3.122710E-13
1563.97199321904  3.015801E-13
1565.41965013958  2.961027E-13
1566.86730706012  2.895185E-13
1568.31496398065  2.971350E-13
1569.76262090119  2.823283E-13
1571.21027782173  2.670447E-13
1572.65793474226  2.740375E-13
1574.1055916628  2.911834E-13
1575.55324858334  2.817011E-13
1577.00090550387  2.741715E-13
1578.44856242441  2.789651E-13
1579.89621934495  2.746733E-13
1581.34387626548  2.591160E-13
1582.79153318602  2.696671E-13
1584.23919010656  2.668985E-13
1585.68684702709  2.569123E-13
1587.13450394763  2.489760E-13
1588.58216086817  2.598149E-13
1590.0298177887  2.660583E-13
1591.47747470924  2.650167E-13
1592.92513162978  2.631526E-13
1594.37278855031  2.407499E-13
1595.82044547085  2.537388E-13
1597.26810239139  2.411281E-13
1598.71575931192  2.573667E-13
1600.16341623246  2.499652E-13
1601.611073153  2.292890E-13
1603.05873007354  2.256223E-13
1604.50638699407  2.162919E-13
1605.95404391461  2.328034E-13
1607.40170083515  2.440180E-13
1608.84935775568  2.310557E-13
1610.29701467622  2.222554E-13
1611.74467159676  2.251034E-13
1613.19232851729  2.365044E-13
1614.63998543783  2.389455E-13
1616.08764235837  2.463606E-13
1617.5352992789  2.369209E-13
1618.98295619944  2.510964E-13
1620.43061311998  2.595692E-13
1621.87827004051  2.412742E-13
1623.32592696105  2.363924E-13
1624.77358388159  2.471813E-13
1626.22124080212  2.520690E-13
1627.66889772266  2.565734E-13
1629.1165546432  2.452779E-13
1630.56421156373  2.335522E-13
1632.01186848427  2.429330E-13
1633.45952540481  2.435834E-13
1634.90718232534  2.414360E-13
1636.35483924588  2.591025E-13
1637.80249616642  2.733030E-13
1639.25015308695  2.737028E-13
1640.69781000749  2.597339E-13
1642.14546692803  2.443141E-13
1643.59312384857  2.445900E-13
1645.0407807691  2.429395E-13
1646.48843768964  2.291260E-13
1647.93609461018  2.345529E-13
1649.38375153071  2.343755E-13
1650.83140845125  2.315366E-13
1652.27906537179  2.433733E-13
1653.72672229232  2.353363E-13
1655.17437921286  2.413466E-13
1656.6220361334  2.469409E-13
1658.06969305393  2.494959E-13
1659.51734997447  2.645669E-13
1660.96500689501  2.662112E-13
1662.41266381554  2.600136E-13
1663.86032073608  2.583110E-13
1665.30797765662  2.470919E-13
1666.75563457715  2.502744E-13
1668.20329149769  2.496723E-13
1669.65094841823  2.368468E-13
1671.09860533876  2.439021E-13
1672.5462622593  2.421461E-13
1673.99391917984  2.328736E-13
1675.44157610038  2.270144E-13
1676.88923302091  2.218803E-13
1678.33688994145  2.324976E-13
1679.78454686199  2.239970E-13
1681.23220378252  2.161550E-13
1682.67986070306  2.164569E-13
1684.1275176236  2.185080E-13
1685.57517454413  2.192378E-13
1687.02283146467  2.273712E-13
1688.47048838521  2.348391E-13
1689.91814530574  2.287636E-13
1691.36580222628  2.102050E-13
1692.81345914682  2.066826E-13
1694.26111606735  2.123961E-13
1695.70877298789  2.210695E-13
1697.15642990843  2.278472E-13
1698.60408682896  2.344177E-13
1700.0517437495  2.231459E-13
1701.49940067004  2.244918E-13
1702.94705759057  2.268110E-13
1704.39471451111  2.291780E-13
1705.84237143165  2.291762E-13
1707.29002835218  2.197979E-13
1708.73768527272  2.229471E-13
1710.18534219326  0.
1711.63299911379  0.
1713.08065603433  0.
1714.52831295487  0.
1715.97596987541  0.
1717.42362679594  0.
1718.87128371648  0.
1720.31894063702  0.
1721.76659755755  0.
1723.21425447809  0.
1724.66191139863  0.
1726.10956831916  0.
1727.5572252397  0.
1729.00488216024  0.
1730.45253908077  0.
1731.90019600131  0.
1733.34785292185  0.
1734.79550984238  0.
1736.24316676292  0.
1737.69082368346  0.
1739.13848060399  0.
1740.58613752453  0.
1742.03379444507  0.
1743.4814513656  0.
1744.92910828614  0.
1746.37676520668  0.
1747.82442212721  0.
1749.27207904775  0.
1750.71973596829  0.
1752.16739288882  0.
1753.61504980936  0.
1755.0627067299  0.
1756.51036365043  0.
1757.95802057097  0.
1759.40567749151  0.
1760.85333441205  0.
1762.30099133258  0.
1763.74864825312  0.
1765.19630517366  0.
1766.64396209419  0.
1768.09161901473  0.
1769.53927593527  0.
1770.9869328558  0.
1772.43458977634  0.
1773.88224669688  0.
1775.32990361741  0.
1776.77756053795  0.
1778.22521745849  0.
1779.67287437902  0.
1781.12053129956  0.
1782.5681882201  0.
1784.01584514063  0.
1785.46350206117  0.
1786.91115898171  0.
1788.35881590224  0.
1789.80647282278  0.
1791.25412974332  0.
1792.70178666385  0.
1794.14944358439  0.
1795.59710050493  0.
1797.04475742547  0.
1798.492414346  0.
1799.94007126654  0.
1801.38772818708  0.
1802.83538510761  0.
1804.28304202815  0.
1805.73069894869  0.
1807.17835586922  0.
1808.62601278976  0.
1810.0736697103  0.
1811.52132663083  0.
1812.96898355137  0.
1814.41664047191  0.
1815.86429739244  0.
1817.31195431298  0.
1818.75961123352  0.
1820.20726815405  0.
1821.65492507459  0.
1823.10258199513  0.
1824.55023891566  0.
1825.9978958362  0.
1827.44555275674  0.
1828.89320967727  0.
1830.34086659781  0.
1831.78852351835  0.
