906.735751295338  0.
908.183408215875  0.
909.631065136412  0.
911.078722056949  0.
912.526378977485  0.
913.974035898022  0.
915.421692818559  0.
916.869349739096  0.
918.317006659633  0.
919.764663580169  0.
921.212320500706  0.
922.659977421243  0.
924.10763434178  0.
925.555291262316  0.
927.002948182853  0.
928.45060510339  0.
929.898262023927  0.
931.345918944464  0.
932.793575865  0.
934.241232785537  0.
935.688889706074  0.
937.136546626611  0.
938.584203547148  0.
940.031860467684  0.
941.479517388221  0.
942.927174308758  0.
944.374831229295  0.
945.822488149832  0.
947.270145070369  0.
948.717801990905  0.
950.165458911442  0.
951.613115831979  0.
953.060772752515  0.
954.508429673052  0.
955.956086593589  0.
957.403743514126  0.
958.851400434663  0.
960.2990573552  0.
961.746714275736  0.
963.194371196273  0.
964.64202811681  0.
966.089685037347  0.
967.537341957883  0.
968.98499887842  0.
970.432655798957  0.
971.880312719494  0.
973.327969640031  0.
974.775626560567  0.
976.223283481104  0.
977.670940401641  0.
979.118597322178  0.
980.566254242715  0.
982.013911163251  0.
983.461568083788  0.
984.909225004325  0.
986.356881924862  0.
987.804538845399  0.
989.252195765935  0.
990.699852686472  0.
992.147509607009  0.
993.595166527546  4.029433E-13
995.042823448082  5.015035E-13
996.490480368619  5.408759E-13
997.938137289156  4.698838E-13
999.385794209693  6.180661E-13
1000.83345113023  5.131121E-13
1002.28110805077  5.074071E-13
1003.7287649713  6.260654E-13
1005.17642189184  6.164333E-13
1006.62407881238  5.014902E-13
1008.07173573291  4.905935E-13
1009.51939265345  5.903016E-13
1010.96704957399  5.641815E-13
1012.41470649452  5.104313E-13
1013.86236341506  5.026779E-13
1015.3100203356  6.068142E-13
1016.75767725613  5.915008E-13
1018.20533417667  4.555924E-13
1019.65299109721  4.900265E-13
1021.10064801775  5.163923E-13
1022.54830493828  5.447243E-13
1023.99596185882  6.404291E-13
1025.44361877936  6.793854E-13
1026.89127569989  5.604075E-13
1028.33893262043  5.402151E-13
1029.78658954097  5.189927E-13
1031.2342464615  5.504888E-13
1032.68190338204  5.729912E-13
1034.12956030258  5.160997E-13
1035.57721722311  4.734036E-13
1037.02487414365  4.940499E-13
1038.47253106419  5.509775E-13
1039.92018798472  4.708434E-13
1041.36784490526  4.702906E-13
1042.8155018258  6.167158E-13
1044.26315874633  4.674798E-13
1045.71081566687  8.732770E-13
1047.15847258741  7.129299E-13
1048.60612950794  4.729642E-13
1050.05378642848  4.585019E-13
1051.50144334902  6.602972E-13
1052.94910026955  6.161908E-13
1054.39675719009  4.565583E-13
1055.84441411063  3.947391E-13
1057.29207103116  4.272266E-13
1058.7397279517  4.124680E-13
1060.18738487224  4.183760E-13
1061.63504179277  4.769044E-13
1063.08269871331  4.474100E-13
1064.53035563385  4.460617E-13
1065.97801255439  4.218325E-13
1067.42566947492  4.917298E-13
1068.87332639546  4.051199E-13
1070.320983316  4.855230E-13
1071.76864023653  4.421510E-13
1073.21629715707  4.635233E-13
1074.66395407761  4.685155E-13
1076.11161099814  4.340906E-13
1077.55926791868  4.464552E-13
1079.00692483922  3.775433E-13
1080.45458175975  3.914974E-13
1081.90223868029  4.361662E-13
1083.34989560083  4.432218E-13
1084.79755252136  3.899473E-13
1086.2452094419  4.200327E-13
1087.69286636244  3.792925E-13
1089.14052328297  3.322562E-13
1090.58818020351  3.957252E-13
1092.03583712405  3.995057E-13
1093.48349404458  4.381713E-13
1094.93115096512  3.981440E-13
1096.37880788566  3.972610E-13
1097.82646480619  3.692388E-13
1099.27412172673  4.178614E-13
1100.72177864727  3.900585E-13
1102.1694355678  3.445145E-13
1103.61709248834  4.075003E-13
1105.06474940888  4.042918E-13
1106.51240632942  3.795161E-13
1107.96006324995  3.977170E-13
1109.40772017049  4.793150E-13
1110.85537709103  3.927503E-13
1112.30303401156  3.675403E-13
1113.7506909321  3.647997E-13
1115.19834785264  3.727236E-13
1116.64600477317  3.716811E-13
1118.09366169371  4.138101E-13
1119.54131861425  3.508784E-13
1120.98897553478  3.919031E-13
1122.43663245532  3.703062E-13
1123.88428937586  3.755432E-13
1125.33194629639  3.083342E-13
1126.77960321693  3.161998E-13
1128.22726013747  3.862703E-13
1129.674917058  3.983831E-13
1131.12257397854  3.879319E-13
1132.57023089908  4.480220E-13
1134.01788781961  3.683356E-13
1135.46554474015  3.571023E-13
1136.91320166069  3.843416E-13
1138.36085858122  3.373476E-13
1139.80851550176  3.570534E-13
1141.2561724223  3.554444E-13
1142.70382934284  3.636379E-13
1144.15148626337  4.384660E-13
1145.59914318391  3.855632E-13
1147.04680010445  3.669314E-13
1148.49445702498  4.151574E-13
1149.94211394552  3.491070E-13
1151.38977086606  3.551549E-13
1152.83742778659  3.124569E-13
1154.28508470713  3.190292E-13
1155.73274162767  4.243477E-13
1157.1803985482  3.875527E-13
1158.62805546874  3.181503E-13
1160.07571238928  4.026988E-13
1161.52336930981  4.112247E-13
1162.97102623035  4.409690E-13
1164.41868315089  4.017896E-13
1165.86634007142  3.839828E-13
1167.31399699196  5.007762E-13
1168.7616539125  3.430576E-13
1170.20931083303  4.447985E-13
1171.65696775357  4.343697E-13
1173.10462467411  3.893106E-13
1174.55228159464  4.142658E-13
1175.99993851518  4.017465E-13
1177.44759543572  3.873215E-13
1178.89525235625  3.809781E-13
1180.34290927679  4.439821E-13
1181.79056619733  3.774059E-13
1183.23822311787  3.738800E-13
1184.6858800384  4.308403E-13
1186.13353695894  3.718382E-13
1187.58119387948  5.289951E-13
1189.02885080001  4.150645E-13
1190.47650772055  4.891747E-13
1191.92416464109  5.801847E-13
1193.37182156162  5.932361E-13
1194.81947848216  4.865794E-13
1196.2671354027  4.892985E-13
1197.71479232323  5.158204E-13
1199.16244924377  5.133659E-13
1200.61010616431  5.675901E-13
1202.05776308484  5.798733E-13
1203.50542000538  4.922854E-13
1204.95307692592  5.921305E-13
1206.40073384645  7.211320E-13
1207.84839076699  7.877670E-13
1209.29604768753  8.630173E-13
1210.74370460806  8.439844E-13
1212.1913615286  1.198765E-12
1213.63901844914  8.819505E-13
1215.08667536967  1.129841E-12
1216.53433229021  1.002336E-12
1217.98198921075  9.927013E-13
1219.42964613129  8.860739E-13
1220.87730305182  7.894374E-13
1222.32495997236  6.616994E-13
1223.7726168929  6.711606E-13
1225.22027381343  6.106401E-13
1226.66793073397  6.201059E-13
1228.11558765451  5.609683E-13
1229.56324457504  5.755570E-13
1231.01090149558  6.070046E-13
1232.45855841612  4.907786E-13
1233.90621533665  5.703437E-13
1235.35387225719  5.251096E-13
1236.80152917773  5.737801E-13
1238.24918609826  5.203037E-13
1239.6968430188  5.720839E-13
1241.14449993934  5.044667E-13
1242.59215685987  5.094207E-13
1244.03981378041  4.611527E-13
1245.48747070095  4.114283E-13
1246.93512762148  4.235409E-13
1248.38278454202  4.477012E-13
1249.83044146256  3.977810E-13
1251.27809838309  3.909611E-13
1252.72575530363  4.344328E-13
1254.17341222417  3.954334E-13
1255.62106914471  3.786389E-13
1257.06872606524  3.825190E-13
1258.51638298578  3.815362E-13
1259.96403990632  3.809705E-13
1261.41169682685  3.545631E-13
1262.85935374739  3.761162E-13
1264.30701066793  3.679664E-13
1265.75466758846  3.503893E-13
1267.202324509  3.949026E-13
1268.64998142954  3.879444E-13
1270.09763835007  3.880952E-13
1271.54529527061  2.927356E-13
1272.99295219115  3.707262E-13
1274.44060911168  3.421931E-13
1275.88826603222  3.063678E-13
1277.33592295276  3.514055E-13
1278.78357987329  3.894044E-13
1280.23123679383  3.737746E-13
1281.67889371437  3.903812E-13
1283.1265506349  3.267106E-13
1284.57420755544  3.040433E-13
1286.02186447598  3.387706E-13
1287.46952139651  3.627265E-13
1288.91717831705  3.262603E-13
1290.36483523759  3.152646E-13
1291.81249215812  3.168528E-13
1293.26014907866  3.331405E-13
1294.7078059992  2.963031E-13
1296.15546291974  3.487375E-13
1297.60311984027  2.992810E-13
1299.05077676081  3.096181E-13
1300.49843368135  3.143983E-13
1301.94609060188  3.437608E-13
1303.39374752242  3.198885E-13
1304.84140444296  3.376876E-13
1306.28906136349  3.021609E-13
1307.73671828403  3.541024E-13
1309.18437520457  3.454856E-13
1310.6320321251  3.151500E-13
1312.07968904564  3.102889E-13
1313.52734596618  3.171043E-13
1314.97500288671  3.011248E-13
1316.42265980725  2.992705E-13
1317.87031672779  2.705993E-13
1319.31797364832  2.914186E-13
1320.76563056886  2.772545E-13
1322.2132874894  3.042976E-13
1323.66094440993  3.075734E-13
1325.10860133047  3.174021E-13
1326.55625825101  2.991877E-13
1328.00391517154  3.134406E-13
1329.45157209208  3.349999E-13
1330.89922901262  2.813609E-13
1332.34688593315  3.253504E-13
1333.79454285369  3.135181E-13
1335.24219977423  2.988598E-13
1336.68985669477  2.441575E-13
1338.1375136153  2.393127E-13
1339.58517053584  2.657044E-13
1341.03282745638  3.163646E-13
1342.48048437691  3.344527E-13
1343.92814129745  2.896663E-13
1345.37579821799  2.621591E-13
1346.82345513852  2.803187E-13
1348.27111205906  2.782732E-13
1349.7187689796  3.256220E-13
1351.16642590013  3.503465E-13
1352.61408282067  2.737588E-13
1354.06173974121  2.495463E-13
1355.50939666174  3.059931E-13
1356.95705358228  2.706647E-13
1358.40471050282  3.088355E-13
1359.85236742335  2.701420E-13
1361.30002434389  2.955914E-13
1362.74768126443  3.248517E-13
1364.19533818496  3.438921E-13
1365.6429951055  2.901530E-13
1367.09065202604  3.174017E-13
1368.53830894657  2.804750E-13
1369.98596586711  2.690275E-13
1371.43362278765  2.707134E-13
1372.88127970819  2.775829E-13
1374.32893662872  3.313922E-13
1375.77659354926  2.991914E-13
1377.2242504698  2.746871E-13
1378.67190739033  3.089981E-13
1380.11956431087  3.379436E-13
1381.56722123141  2.851438E-13
1383.01487815194  2.654830E-13
1384.46253507248  3.094344E-13
1385.91019199302  3.040820E-13
1387.35784891355  3.162338E-13
1388.80550583409  3.064023E-13
1390.25316275463  2.976326E-13
1391.70081967516  3.087100E-13
1393.1484765957  3.134661E-13
1394.59613351624  3.108212E-13
1396.04379043677  3.486509E-13
1397.49144735731  3.423229E-13
1398.93910427785  3.444700E-13
1400.38676119838  4.170501E-13
1401.83441811892  3.694174E-13
1403.28207503946  3.154970E-13
1404.72973195999  3.210776E-13
1406.17738888053  2.905679E-13
1407.62504580107  3.380092E-13
1409.0727027216  3.229219E-13
1410.52035964214  2.718291E-13
1411.96801656268  3.042305E-13
1413.41567348322  2.785943E-13
1414.86333040375  3.133826E-13
1416.31098732429  2.989692E-13
1417.75864424483  2.868218E-13
1419.20630116536  3.022253E-13
1420.6539580859  2.989330E-13
1422.10161500644  3.094462E-13
1423.54927192697  2.944554E-13
1424.99692884751  2.860269E-13
1426.44458576805  2.855805E-13
1427.89224268858  2.845419E-13
1429.33989960912  2.893743E-13
1430.78755652966  2.680296E-13
1432.23521345019  2.755819E-13
1433.68287037073  2.682036E-13
1435.13052729127  2.596055E-13
1436.5781842118  2.864801E-13
1438.02584113234  3.043860E-13
1439.47349805288  2.813114E-13
1440.92115497341  2.483139E-13
1442.36881189395  2.437132E-13
1443.81646881449  2.589687E-13
1445.26412573502  2.584572E-13
1446.71178265556  2.775126E-13
1448.1594395761  2.554852E-13
1449.60709649664  2.405391E-13
1451.05475341717  2.603502E-13
1452.50241033771  2.640997E-13
1453.95006725825  2.783850E-13
1455.39772417878  2.669976E-13
1456.84538109932  2.640980E-13
1458.29303801986  2.829819E-13
1459.74069494039  2.575997E-13
1461.18835186093  2.794602E-13
1462.63600878147  2.932362E-13
1464.083665702  2.582593E-13
1465.53132262254  2.434364E-13
1466.97897954308  2.778005E-13
1468.42663646361  2.470940E-13
1469.87429338415  2.484297E-13
1471.32195030469  2.721730E-13
1472.76960722522  2.762043E-13
1474.21726414576  2.512775E-13
1475.6649210663  2.564740E-13
1477.11257798683  2.732484E-13
1478.56023490737  2.604918E-13
1480.00789182791  2.387157E-13
1481.45554874844  2.456693E-13
1482.90320566898  2.603664E-13
1484.35086258952  2.515052E-13
1485.79851951005  2.583510E-13
1487.24617643059  2.785815E-13
1488.69383335113  2.414949E-13
1490.14149027167  2.624007E-13
1491.5891471922  2.646263E-13
1493.03680411274  2.668205E-13
1494.48446103328  2.593364E-13
1495.93211795381  2.617059E-13
1497.37977487435  2.728172E-13
1498.82743179489  2.717608E-13
1500.27508871542  2.612042E-13
1501.72274563596  2.725636E-13
1503.1704025565  2.394499E-13
1504.61805947703  2.614276E-13
1506.06571639757  2.760019E-13
1507.51337331811  2.717655E-13
1508.96103023864  2.738025E-13
1510.40868715918  2.873330E-13
1511.85634407972  2.778965E-13
1513.30400100025  2.743500E-13
1514.75165792079  2.686035E-13
1516.19931484133  2.826685E-13
1517.64697176186  2.990846E-13
1519.0946286824  2.957454E-13
1520.54228560294  2.972346E-13
1521.98994252347  2.828568E-13
1523.43759944401  2.956189E-13
1524.88525636455  2.942475E-13
1526.33291328509  2.876270E-13
1527.78057020562  2.908956E-13
1529.22822712616  3.169212E-13
1530.6758840467  3.248138E-13
1532.12354096723  3.321926E-13
1533.57119788777  3.356246E-13
1535.01885480831  3.447911E-13
1536.46651172884  3.771373E-13
1537.91416864938  3.789139E-13
1539.36182556992  4.265903E-13
1540.80948249045  4.239178E-13
1542.25713941099  4.361473E-13
1543.70479633153  4.878221E-13
1545.15245325206  4.921339E-13
1546.6001101726  4.497912E-13
1548.04776709314  4.405359E-13
1549.49542401367  4.169579E-13
1550.94308093421  4.268781E-13
1552.39073785475  4.162213E-13
1553.83839477528  3.916722E-13
1555.28605169582  3.424044E-13
1556.73370861636  3.431855E-13
1558.18136553689  3.251978E-13
1559.62902245743  3.134004E-13
1561.07667937797  3.175073E-13
1562.5243362985  3.161878E-13
1563.97199321904  3.186389E-13
1565.41965013958  3.059282E-13
1566.86730706012  3.049009E-13
1568.31496398065  3.039269E-13
1569.76262090119  2.971008E-13
1571.21027782173  2.773007E-13
1572.65793474226  2.816702E-13
1574.1055916628  2.875176E-13
1575.55324858334  2.876490E-13
1577.00090550387  2.744725E-13
1578.44856242441  2.614704E-13
1579.89621934495  2.845429E-13
1581.34387626548  2.717560E-13
1582.79153318602  2.629867E-13
1584.23919010656  2.711805E-13
1585.68684702709  2.640980E-13
1587.13450394763  2.497983E-13
1588.58216086817  2.570164E-13
1590.0298177887  2.619898E-13
1591.47747470924  2.657986E-13
1592.92513162978  2.689819E-13
1594.37278855031  2.548232E-13
1595.82044547085  2.550183E-13
1597.26810239139  2.544470E-13
1598.71575931192  2.502063E-13
1600.16341623246  2.605793E-13
1601.611073153  2.489413E-13
1603.05873007354  2.527140E-13
1604.50638699407  2.544827E-13
1605.95404391461  2.577622E-13
1607.40170083515  2.612205E-13
1608.84935775568  2.481823E-13
1610.29701467622  2.374570E-13
1611.74467159676  2.418350E-13
1613.19232851729  2.507220E-13
1614.63998543783  2.531452E-13
1616.08764235837  2.544038E-13
1617.5352992789  2.497592E-13
1618.98295619944  2.516521E-13
1620.43061311998  2.543801E-13
1621.87827004051  2.515800E-13
1623.32592696105  2.585290E-13
1624.77358388159  2.595969E-13
1626.22124080212  2.465394E-13
1627.66889772266  2.515951E-13
1629.1165546432  2.565834E-13
1630.56421156373  2.609732E-13
1632.01186848427  2.540047E-13
1633.45952540481  2.632290E-13
1634.90718232534  2.521384E-13
1636.35483924588  2.592787E-13
1637.80249616642  2.679962E-13
1639.25015308695  2.518954E-13
1640.69781000749  2.487896E-13
1642.14546692803  2.505396E-13
1643.59312384857  2.509397E-13
1645.0407807691  2.555328E-13
1646.48843768964  2.541706E-13
1647.93609461018  2.576789E-13
1649.38375153071  2.489576E-13
1650.83140845125  2.533462E-13
1652.27906537179  2.627547E-13
1653.72672229232  2.546073E-13
1655.17437921286  2.394080E-13
1656.6220361334  2.433573E-13
1658.06969305393  2.511360E-13
1659.51734997447  2.563751E-13
1660.96500689501  2.526172E-13
1662.41266381554  2.519814E-13
1663.86032073608  2.511222E-13
1665.30797765662  2.554621E-13
1666.75563457715  2.587046E-13
1668.20329149769  2.520458E-13
1669.65094841823  2.405366E-13
1671.09860533876  2.436741E-13
1672.5462622593  2.510390E-13
1673.99391917984  2.559437E-13
1675.44157610038  2.474146E-13
1676.88923302091  2.471582E-13
1678.33688994145  2.428111E-13
1679.78454686199  2.260028E-13
1681.23220378252  2.312209E-13
1682.67986070306  2.414187E-13
1684.1275176236  2.422068E-13
1685.57517454413  2.363974E-13
1687.02283146467  2.230033E-13
1688.47048838521  2.176691E-13
1689.91814530574  2.206000E-13
1691.36580222628  2.204496E-13
1692.81345914682  2.197549E-13
1694.26111606735  2.154602E-13
1695.70877298789  2.185334E-13
1697.15642990843  2.240537E-13
1698.60408682896  2.222835E-13
1700.0517437495  2.205722E-13
1701.49940067004  2.173897E-13
1702.94705759057  2.270086E-13
1704.39471451111  2.260495E-13
1705.84237143165  2.256975E-13
1707.29002835218  2.175191E-13
1708.73768527272  2.293494E-13
1710.18534219326  0.
1711.63299911379  0.
1713.08065603433  0.
1714.52831295487  0.
1715.97596987541  0.
1717.42362679594  0.
1718.87128371648  0.
1720.31894063702  0.
1721.76659755755  0.
1723.21425447809  0.
1724.66191139863  0.
1726.10956831916  0.
1727.5572252397  0.
1729.00488216024  0.
1730.45253908077  0.
1731.90019600131  0.
1733.34785292185  0.
1734.79550984238  0.
1736.24316676292  0.
1737.69082368346  0.
1739.13848060399  0.
1740.58613752453  0.
1742.03379444507  0.
1743.4814513656  0.
1744.92910828614  0.
1746.37676520668  0.
1747.82442212721  0.
1749.27207904775  0.
1750.71973596829  0.
1752.16739288882  0.
1753.61504980936  0.
1755.0627067299  0.
1756.51036365043  0.
1757.95802057097  0.
1759.40567749151  0.
1760.85333441205  0.
1762.30099133258  0.
1763.74864825312  0.
1765.19630517366  0.
1766.64396209419  0.
1768.09161901473  0.
1769.53927593527  0.
1770.9869328558  0.
1772.43458977634  0.
1773.88224669688  0.
1775.32990361741  0.
1776.77756053795  0.
1778.22521745849  0.
1779.67287437902  0.
1781.12053129956  0.
1782.5681882201  0.
1784.01584514063  0.
1785.46350206117  0.
1786.91115898171  0.
1788.35881590224  0.
1789.80647282278  0.
1791.25412974332  0.
1792.70178666385  0.
1794.14944358439  0.
1795.59710050493  0.
1797.04475742547  0.
1798.492414346  0.
1799.94007126654  0.
1801.38772818708  0.
1802.83538510761  0.
1804.28304202815  0.
1805.73069894869  0.
1807.17835586922  0.
1808.62601278976  0.
1810.0736697103  0.
1811.52132663083  0.
1812.96898355137  0.
1814.41664047191  0.
1815.86429739244  0.
1817.31195431298  0.
1818.75961123352  0.
1820.20726815405  0.
1821.65492507459  0.
1823.10258199513  0.
1824.55023891566  0.
1825.9978958362  0.
1827.44555275674  0.
1828.89320967727  0.
1830.34086659781  0.
1831.78852351835  0.
