906.735751295338  0.
908.183408215875  0.
909.631065136412  0.
911.078722056949  0.
912.526378977485  0.
913.974035898022  0.
915.421692818559  0.
916.869349739096  0.
918.317006659633  0.
919.764663580169  0.
921.212320500706  0.
922.659977421243  0.
924.10763434178  0.
925.555291262316  0.
927.002948182853  0.
928.45060510339  0.
929.898262023927  0.
931.345918944464  0.
932.793575865  0.
934.241232785537  0.
935.688889706074  0.
937.136546626611  0.
938.584203547148  0.
940.031860467684  0.
941.479517388221  0.
942.927174308758  0.
944.374831229295  0.
945.822488149832  0.
947.270145070369  0.
948.717801990905  0.
950.165458911442  0.
951.613115831979  0.
953.060772752515  0.
954.508429673052  0.
955.956086593589  0.
957.403743514126  0.
958.851400434663  0.
960.2990573552  0.
961.746714275736  0.
963.194371196273  0.
964.64202811681  0.
966.089685037347  0.
967.537341957883  0.
968.98499887842  0.
970.432655798957  0.
971.880312719494  0.
973.327969640031  0.
974.775626560567  0.
976.223283481104  0.
977.670940401641  0.
979.118597322178  0.
980.566254242715  0.
982.013911163251  0.
983.461568083788  0.
984.909225004325  0.
986.356881924862  0.
987.804538845399  0.
989.252195765935  0.
990.699852686472  0.
992.147509607009  0.
993.595166527546  3.214423E-13
995.042823448082  2.246664E-13
996.490480368619  1.800740E-13
997.938137289156  2.805424E-13
999.385794209693  3.827605E-13
1000.83345113023  6.669080E-13
1002.28110805077  5.036396E-13
1003.7287649713  5.752017E-13
1005.17642189184  5.198661E-13
1006.62407881238  3.937245E-13
1008.07173573291  5.383819E-13
1009.51939265345  5.283341E-13
1010.96704957399  4.181002E-13
1012.41470649452  4.807504E-13
1013.86236341506  4.634841E-13
1015.3100203356  4.464190E-13
1016.75767725613  4.741852E-13
1018.20533417667  5.384237E-13
1019.65299109721  4.580615E-13
1021.10064801775  6.174419E-13
1022.54830493828  4.608837E-13
1023.99596185882  5.541944E-13
1025.44361877936  6.300371E-13
1026.89127569989  5.405254E-13
1028.33893262043  5.334710E-13
1029.78658954097  5.274801E-13
1031.2342464615  5.465068E-13
1032.68190338204  5.444366E-13
1034.12956030258  5.313127E-13
1035.57721722311  5.481868E-13
1037.02487414365  5.062650E-13
1038.47253106419  4.278864E-13
1039.92018798472  4.859506E-13
1041.36784490526  5.205191E-13
1042.8155018258  4.380137E-13
1044.26315874633  3.935641E-13
1045.71081566687  6.097328E-13
1047.15847258741  5.493796E-13
1048.60612950794  5.501377E-13
1050.05378642848  4.550237E-13
1051.50144334902  5.018069E-13
1052.94910026955  5.474755E-13
1054.39675719009  4.943560E-13
1055.84441411063  4.398883E-13
1057.29207103116  3.642072E-13
1058.7397279517  3.522284E-13
1060.18738487224  4.180040E-13
1061.63504179277  4.345080E-13
1063.08269871331  4.210500E-13
1064.53035563385  3.833079E-13
1065.97801255439  4.189720E-13
1067.42566947492  4.952245E-13
1068.87332639546  4.116254E-13
1070.320983316  4.169611E-13
1071.76864023653  4.232035E-13
1073.21629715707  3.524043E-13
1074.66395407761  4.327808E-13
1076.11161099814  4.349973E-13
1077.55926791868  4.217781E-13
1079.00692483922  4.373100E-13
1080.45458175975  3.944066E-13
1081.90223868029  3.945506E-13
1083.34989560083  3.660480E-13
1084.79755252136  3.909268E-13
1086.2452094419  3.686283E-13
1087.69286636244  3.605789E-13
1089.14052328297  3.836941E-13
1090.58818020351  3.476843E-13
1092.03583712405  4.180933E-13
1093.48349404458  3.800535E-13
1094.93115096512  3.755103E-13
1096.37880788566  3.750064E-13
1097.82646480619  3.306294E-13
1099.27412172673  3.641335E-13
1100.72177864727  3.817208E-13
1102.1694355678  3.653471E-13
1103.61709248834  3.900355E-13
1105.06474940888  4.255655E-13
1106.51240632942  3.874075E-13
1107.96006324995  3.829416E-13
1109.40772017049  3.771401E-13
1110.85537709103  3.791760E-13
1112.30303401156  3.624571E-13
1113.7506909321  3.573066E-13
1115.19834785264  4.141593E-13
1116.64600477317  4.246527E-13
1118.09366169371  3.791724E-13
1119.54131861425  3.621080E-13
1120.98897553478  3.818807E-13
1122.43663245532  3.355688E-13
1123.88428937586  4.000509E-13
1125.33194629639  3.405587E-13
1126.77960321693  2.999102E-13
1128.22726013747  3.427509E-13
1129.674917058  3.657592E-13
1131.12257397854  3.562965E-13
1132.57023089908  3.491847E-13
1134.01788781961  3.730162E-13
1135.46554474015  3.786820E-13
1136.91320166069  4.132367E-13
1138.36085858122  3.608996E-13
1139.80851550176  3.436708E-13
1141.2561724223  3.702669E-13
1142.70382934284  3.940847E-13
1144.15148626337  4.165477E-13
1145.59914318391  4.088338E-13
1147.04680010445  3.212789E-13
1148.49445702498  3.831480E-13
1149.94211394552  4.060273E-13
1151.38977086606  4.384265E-13
1152.83742778659  3.572602E-13
1154.28508470713  3.175092E-13
1155.73274162767  3.554193E-13
1157.1803985482  3.808338E-13
1158.62805546874  3.868918E-13
1160.07571238928  3.960892E-13
1161.52336930981  3.599189E-13
1162.97102623035  3.685515E-13
1164.41868315089  4.063465E-13
1165.86634007142  3.985620E-13
1167.31399699196  3.491317E-13
1168.7616539125  3.723218E-13
1170.20931083303  3.948028E-13
1171.65696775357  3.974342E-13
1173.10462467411  3.800837E-13
1174.55228159464  4.207807E-13
1175.99993851518  4.119209E-13
1177.44759543572  3.886553E-13
1178.89525235625  3.902427E-13
1180.34290927679  4.029755E-13
1181.79056619733  3.784409E-13
1183.23822311787  4.336763E-13
1184.6858800384  3.873085E-13
1186.13353695894  4.112728E-13
1187.58119387948  4.779153E-13
1189.02885080001  3.952601E-13
1190.47650772055  4.292797E-13
1191.92416464109  5.415020E-13
1193.37182156162  5.163690E-13
1194.81947848216  5.366719E-13
1196.2671354027  5.230800E-13
1197.71479232323  4.687242E-13
1199.16244924377  5.789917E-13
1200.61010616431  6.067427E-13
1202.05776308484  5.406306E-13
1203.50542000538  4.983439E-13
1204.95307692592  5.575159E-13
1206.40073384645  5.467194E-13
1207.84839076699  6.195770E-13
1209.29604768753  7.201620E-13
1210.74370460806  8.010651E-13
1212.1913615286  8.933881E-13
1213.63901844914  1.055574E-12
1215.08667536967  1.014096E-12
1216.53433229021  1.207997E-12
1217.98198921075  9.596804E-13
1219.42964613129  8.927755E-13
1220.87730305182  8.807113E-13
1222.32495997236  7.482578E-13
1223.7726168929  6.871407E-13
1225.22027381343  6.403868E-13
1226.66793073397  5.605672E-13
1228.11558765451  6.057573E-13
1229.56324457504  5.103780E-13
1231.01090149558  5.836292E-13
1232.45855841612  5.429861E-13
1233.90621533665  6.197001E-13
1235.35387225719  5.262648E-13
1236.80152917773  5.515249E-13
1238.24918609826  4.936203E-13
1239.6968430188  5.562059E-13
1241.14449993934  5.204956E-13
1242.59215685987  5.002844E-13
1244.03981378041  5.029791E-13
1245.48747070095  4.219734E-13
1246.93512762148  3.797744E-13
1248.38278454202  4.687863E-13
1249.83044146256  5.019689E-13
1251.27809838309  4.414252E-13
1252.72575530363  4.592043E-13
1254.17341222417  3.941240E-13
1255.62106914471  3.851365E-13
1257.06872606524  3.881417E-13
1258.51638298578  3.808960E-13
1259.96403990632  4.212706E-13
1261.41169682685  3.415890E-13
1262.85935374739  4.067938E-13
1264.30701066793  4.039552E-13
1265.75466758846  3.727496E-13
1267.202324509  3.565331E-13
1268.64998142954  3.798770E-13
1270.09763835007  3.701693E-13
1271.54529527061  3.438048E-13
1272.99295219115  3.480657E-13
1274.44060911168  3.815689E-13
1275.88826603222  3.423960E-13
1277.33592295276  3.689224E-13
1278.78357987329  3.396090E-13
1280.23123679383  3.355148E-13
1281.67889371437  3.050881E-13
1283.1265506349  3.220585E-13
1284.57420755544  3.202280E-13
1286.02186447598  3.011665E-13
1287.46952139651  2.995712E-13
1288.91717831705  3.032478E-13
1290.36483523759  3.219388E-13
1291.81249215812  3.178933E-13
1293.26014907866  3.675818E-13
1294.7078059992  3.023065E-13
1296.15546291974  3.134259E-13
1297.60311984027  2.947416E-13
1299.05077676081  3.447666E-13
1300.49843368135  3.411472E-13
1301.94609060188  3.174755E-13
1303.39374752242  3.111897E-13
1304.84140444296  3.225514E-13
1306.28906136349  3.311524E-13
1307.73671828403  3.313802E-13
1309.18437520457  3.525222E-13
1310.6320321251  3.424440E-13
1312.07968904564  3.643578E-13
1313.52734596618  3.340310E-13
1314.97500288671  3.114015E-13
1316.42265980725  2.973175E-13
1317.87031672779  2.943021E-13
1319.31797364832  2.732415E-13
1320.76563056886  2.566261E-13
1322.2132874894  2.792569E-13
1323.66094440993  3.182965E-13
1325.10860133047  2.920286E-13
1326.55625825101  3.034029E-13
1328.00391517154  3.045657E-13
1329.45157209208  2.884220E-13
1330.89922901262  3.026587E-13
1332.34688593315  3.231624E-13
1333.79454285369  2.776988E-13
1335.24219977423  3.136540E-13
1336.68985669477  2.952800E-13
1338.1375136153  3.053699E-13
1339.58517053584  2.832642E-13
1341.03282745638  2.698515E-13
1342.48048437691  3.102353E-13
1343.92814129745  3.103807E-13
1345.37579821799  2.999399E-13
1346.82345513852  3.042903E-13
1348.27111205906  2.701291E-13
1349.7187689796  2.518887E-13
1351.16642590013  3.096378E-13
1352.61408282067  2.903640E-13
1354.06173974121  2.470115E-13
1355.50939666174  3.155720E-13
1356.95705358228  2.901696E-13
1358.40471050282  2.988800E-13
1359.85236742335  3.110616E-13
1361.30002434389  3.207107E-13
1362.74768126443  3.166927E-13
1364.19533818496  3.168307E-13
1365.6429951055  2.717091E-13
1367.09065202604  2.847791E-13
1368.53830894657  3.680532E-13
1369.98596586711  3.335760E-13
1371.43362278765  3.094437E-13
1372.88127970819  3.332766E-13
1374.32893662872  3.310332E-13
1375.77659354926  3.301115E-13
1377.2242504698  2.759093E-13
1378.67190739033  3.088894E-13
1380.11956431087  2.907436E-13
1381.56722123141  2.901983E-13
1383.01487815194  2.752948E-13
1384.46253507248  3.113507E-13
1385.91019199302  3.067828E-13
1387.35784891355  2.932219E-13
1388.80550583409  2.844655E-13
1390.25316275463  2.497079E-13
1391.70081967516  2.748541E-13
1393.1484765957  3.138512E-13
1394.59613351624  3.251299E-13
1396.04379043677  3.111466E-13
1397.49144735731  3.316270E-13
1398.93910427785  3.353347E-13
1400.38676119838  3.142502E-13
1401.83441811892  3.704828E-13
1403.28207503946  3.378218E-13
1404.72973195999  3.246797E-13
1406.17738888053  3.254145E-13
1407.62504580107  3.183461E-13
1409.0727027216  3.222750E-13
1410.52035964214  2.973483E-13
1411.96801656268  3.198774E-13
1413.41567348322  3.055783E-13
1414.86333040375  2.640025E-13
1416.31098732429  2.961897E-13
1417.75864424483  2.902209E-13
1419.20630116536  2.919045E-13
1420.6539580859  2.618808E-13
1422.10161500644  3.099386E-13
1423.54927192697  2.982452E-13
1424.99692884751  2.946746E-13
1426.44458576805  2.472231E-13
1427.89224268858  2.624741E-13
1429.33989960912  2.417403E-13
1430.78755652966  2.644319E-13
1432.23521345019  2.819729E-13
1433.68287037073  2.770162E-13
1435.13052729127  2.603868E-13
1436.5781842118  2.714291E-13
1438.02584113234  2.497081E-13
1439.47349805288  2.837719E-13
1440.92115497341  2.583187E-13
1442.36881189395  2.233206E-13
1443.81646881449  2.618866E-13
1445.26412573502  2.992200E-13
1446.71178265556  2.685623E-13
1448.1594395761  2.717172E-13
1449.60709649664  2.413462E-13
1451.05475341717  2.238454E-13
1452.50241033771  2.787203E-13
1453.95006725825  2.504498E-13
1455.39772417878  2.339833E-13
1456.84538109932  2.702408E-13
1458.29303801986  2.772421E-13
1459.74069494039  2.692609E-13
1461.18835186093  2.610242E-13
1462.63600878147  2.630253E-13
1464.083665702  2.460708E-13
1465.53132262254  2.512666E-13
1466.97897954308  2.557047E-13
1468.42663646361  2.491215E-13
1469.87429338415  2.359379E-13
1471.32195030469  2.292342E-13
1472.76960722522  2.474850E-13
1474.21726414576  2.550780E-13
1475.6649210663  2.710625E-13
1477.11257798683  2.509960E-13
1478.56023490737  2.722955E-13
1480.00789182791  2.362778E-13
1481.45554874844  2.562429E-13
1482.90320566898  2.623516E-13
1484.35086258952  2.507061E-13
1485.79851951005  2.334495E-13
1487.24617643059  2.295399E-13
1488.69383335113  2.466925E-13
1490.14149027167  2.472758E-13
1491.5891471922  2.360323E-13
1493.03680411274  2.485214E-13
1494.48446103328  2.303812E-13
1495.93211795381  2.435719E-13
1497.37977487435  2.794710E-13
1498.82743179489  2.978198E-13
1500.27508871542  2.997543E-13
1501.72274563596  3.066319E-13
1503.1704025565  2.625100E-13
1504.61805947703  2.317336E-13
1506.06571639757  2.618112E-13
1507.51337331811  2.731939E-13
1508.96103023864  2.506381E-13
1510.40868715918  2.819404E-13
1511.85634407972  2.895322E-13
1513.30400100025  2.743296E-13
1514.75165792079  2.570056E-13
1516.19931484133  2.656042E-13
1517.64697176186  2.911681E-13
1519.0946286824  3.027616E-13
1520.54228560294  2.915995E-13
1521.98994252347  3.275578E-13
1523.43759944401  3.023521E-13
1524.88525636455  2.970980E-13
1526.33291328509  3.091054E-13
1527.78057020562  3.075268E-13
1529.22822712616  3.050353E-13
1530.6758840467  3.181914E-13
1532.12354096723  3.216818E-13
1533.57119788777  3.285130E-13
1535.01885480831  3.359606E-13
1536.46651172884  3.582836E-13
1537.91416864938  3.544490E-13
1539.36182556992  3.838111E-13
1540.80948249045  4.080392E-13
1542.25713941099  4.185574E-13
1543.70479633153  4.267616E-13
1545.15245325206  4.602380E-13
1546.6001101726  4.897497E-13
1548.04776709314  4.323424E-13
1549.49542401367  4.732923E-13
1550.94308093421  4.488081E-13
1552.39073785475  4.263416E-13
1553.83839477528  4.270581E-13
1555.28605169582  4.012856E-13
1556.73370861636  3.656764E-13
1558.18136553689  3.383220E-13
1559.62902245743  3.283754E-13
1561.07667937797  3.151437E-13
1562.5243362985  3.257389E-13
1563.97199321904  3.108821E-13
1565.41965013958  3.165688E-13
1566.86730706012  3.120457E-13
1568.31496398065  2.884278E-13
1569.76262090119  2.694262E-13
1571.21027782173  2.847471E-13
1572.65793474226  2.881434E-13
1574.1055916628  2.853844E-13
1575.55324858334  2.793498E-13
1577.00090550387  2.802544E-13
1578.44856242441  3.106996E-13
1579.89621934495  3.014208E-13
1581.34387626548  2.818112E-13
1582.79153318602  2.780074E-13
1584.23919010656  2.674349E-13
1585.68684702709  2.498491E-13
1587.13450394763  2.495004E-13
1588.58216086817  2.597908E-13
1590.0298177887  2.736746E-13
1591.47747470924  2.572560E-13
1592.92513162978  2.454406E-13
1594.37278855031  2.491048E-13
1595.82044547085  2.517335E-13
1597.26810239139  2.580918E-13
1598.71575931192  2.729475E-13
1600.16341623246  2.765380E-13
1601.611073153  2.651699E-13
1603.05873007354  2.676820E-13
1604.50638699407  2.549175E-13
1605.95404391461  2.676091E-13
1607.40170083515  2.702135E-13
1608.84935775568  2.365619E-13
1610.29701467622  2.503562E-13
1611.74467159676  2.589285E-13
1613.19232851729  2.703462E-13
1614.63998543783  2.702654E-13
1616.08764235837  2.659681E-13
1617.5352992789  2.604871E-13
1618.98295619944  2.534246E-13
1620.43061311998  2.687584E-13
1621.87827004051  2.649218E-13
1623.32592696105  2.503899E-13
1624.77358388159  2.535565E-13
1626.22124080212  2.456162E-13
1627.66889772266  2.505443E-13
1629.1165546432  2.610277E-13
1630.56421156373  2.534799E-13
1632.01186848427  2.520121E-13
1633.45952540481  2.464733E-13
1634.90718232534  2.597612E-13
1636.35483924588  2.582906E-13
1637.80249616642  2.535433E-13
1639.25015308695  2.558845E-13
1640.69781000749  2.674496E-13
1642.14546692803  2.715645E-13
1643.59312384857  2.740178E-13
1645.0407807691  2.700620E-13
1646.48843768964  2.622489E-13
1647.93609461018  2.556068E-13
1649.38375153071  2.573470E-13
1650.83140845125  2.583668E-13
1652.27906537179  2.596180E-13
1653.72672229232  2.532460E-13
1655.17437921286  2.468663E-13
1656.6220361334  2.540507E-13
1658.06969305393  2.482926E-13
1659.51734997447  2.547083E-13
1660.96500689501  2.585823E-13
1662.41266381554  2.618719E-13
1663.86032073608  2.523033E-13
1665.30797765662  2.462495E-13
1666.75563457715  2.542312E-13
1668.20329149769  2.727896E-13
1669.65094841823  2.591381E-13
1671.09860533876  2.494503E-13
1672.5462622593  2.462990E-13
1673.99391917984  2.330690E-13
1675.44157610038  2.253639E-13
1676.88923302091  2.378028E-13
1678.33688994145  2.548631E-13
1679.78454686199  2.448297E-13
1681.23220378252  2.399247E-13
1682.67986070306  2.357986E-13
1684.1275176236  2.289102E-13
1685.57517454413  2.315328E-13
1687.02283146467  2.271255E-13
1688.47048838521  2.221752E-13
1689.91814530574  2.366417E-13
1691.36580222628  2.316577E-13
1692.81345914682  2.339782E-13
1694.26111606735  2.169153E-13
1695.70877298789  2.181618E-13
1697.15642990843  2.338656E-13
1698.60408682896  2.314469E-13
1700.0517437495  2.329988E-13
1701.49940067004  2.228839E-13
1702.94705759057  2.283809E-13
1704.39471451111  2.280058E-13
1705.84237143165  2.154143E-13
1707.29002835218  2.240758E-13
1708.73768527272  2.210645E-13
1710.18534219326  0.
1711.63299911379  0.
1713.08065603433  0.
1714.52831295487  0.
1715.97596987541  0.
1717.42362679594  0.
1718.87128371648  0.
1720.31894063702  0.
1721.76659755755  0.
1723.21425447809  0.
1724.66191139863  0.
1726.10956831916  0.
1727.5572252397  0.
1729.00488216024  0.
1730.45253908077  0.
1731.90019600131  0.
1733.34785292185  0.
1734.79550984238  0.
1736.24316676292  0.
1737.69082368346  0.
1739.13848060399  0.
1740.58613752453  0.
1742.03379444507  0.
1743.4814513656  0.
1744.92910828614  0.
1746.37676520668  0.
1747.82442212721  0.
1749.27207904775  0.
1750.71973596829  0.
1752.16739288882  0.
1753.61504980936  0.
1755.0627067299  0.
1756.51036365043  0.
1757.95802057097  0.
1759.40567749151  0.
1760.85333441205  0.
1762.30099133258  0.
1763.74864825312  0.
1765.19630517366  0.
1766.64396209419  0.
1768.09161901473  0.
1769.53927593527  0.
1770.9869328558  0.
1772.43458977634  0.
1773.88224669688  0.
1775.32990361741  0.
1776.77756053795  0.
1778.22521745849  0.
1779.67287437902  0.
1781.12053129956  0.
1782.5681882201  0.
1784.01584514063  0.
1785.46350206117  0.
1786.91115898171  0.
1788.35881590224  0.
1789.80647282278  0.
1791.25412974332  0.
1792.70178666385  0.
1794.14944358439  0.
1795.59710050493  0.
1797.04475742547  0.
1798.492414346  0.
1799.94007126654  0.
1801.38772818708  0.
1802.83538510761  0.
1804.28304202815  0.
1805.73069894869  0.
1807.17835586922  0.
1808.62601278976  0.
1810.0736697103  0.
1811.52132663083  0.
1812.96898355137  0.
1814.41664047191  0.
1815.86429739244  0.
1817.31195431298  0.
1818.75961123352  0.
1820.20726815405  0.
1821.65492507459  0.
1823.10258199513  0.
1824.55023891566  0.
1825.9978958362  0.
1827.44555275674  0.
1828.89320967727  0.
1830.34086659781  0.
1831.78852351835  0.
