906.735751295338  0.
908.183408215875  0.
909.631065136412  0.
911.078722056949  0.
912.526378977485  0.
913.974035898022  0.
915.421692818559  0.
916.869349739096  0.
918.317006659633  0.
919.764663580169  0.
921.212320500706  0.
922.659977421243  0.
924.10763434178  0.
925.555291262316  0.
927.002948182853  0.
928.45060510339  0.
929.898262023927  0.
931.345918944464  0.
932.793575865  0.
934.241232785537  0.
935.688889706074  0.
937.136546626611  0.
938.584203547148  0.
940.031860467684  0.
941.479517388221  0.
942.927174308758  0.
944.374831229295  0.
945.822488149832  0.
947.270145070369  0.
948.717801990905  0.
950.165458911442  0.
951.613115831979  0.
953.060772752515  0.
954.508429673052  0.
955.956086593589  0.
957.403743514126  0.
958.851400434663  0.
960.2990573552  0.
961.746714275736  0.
963.194371196273  0.
964.64202811681  0.
966.089685037347  0.
967.537341957883  0.
968.98499887842  0.
970.432655798957  0.
971.880312719494  0.
973.327969640031  0.
974.775626560567  0.
976.223283481104  0.
977.670940401641  0.
979.118597322178  0.
980.566254242715  0.
982.013911163251  0.
983.461568083788  0.
984.909225004325  0.
986.356881924862  0.
987.804538845399  0.
989.252195765935  0.
990.699852686472  0.
992.147509607009  0.
993.595166527546  4.903207E-13
995.042823448082  4.077022E-13
996.490480368619  6.074595E-13
997.938137289156  3.673767E-13
999.385794209693  4.005072E-13
1000.83345113023  6.355040E-13
1002.28110805077  6.708661E-13
1003.7287649713  6.589178E-13
1005.17642189184  6.551697E-13
1006.62407881238  5.266165E-13
1008.07173573291  5.047303E-13
1009.51939265345  5.219735E-13
1010.96704957399  5.340138E-13
1012.41470649452  5.568903E-13
1013.86236341506  5.960032E-13
1015.3100203356  5.802618E-13
1016.75767725613  5.555796E-13
1018.20533417667  5.546096E-13
1019.65299109721  4.162035E-13
1021.10064801775  5.221993E-13
1022.54830493828  4.429669E-13
1023.99596185882  5.374427E-13
1025.44361877936  6.525703E-13
1026.89127569989  5.086801E-13
1028.33893262043  4.505009E-13
1029.78658954097  5.158447E-13
1031.2342464615  5.829757E-13
1032.68190338204  5.345814E-13
1034.12956030258  5.554862E-13
1035.57721722311  4.816797E-13
1037.02487414365  4.102447E-13
1038.47253106419  4.038559E-13
1039.92018798472  5.033359E-13
1041.36784490526  4.638500E-13
1042.8155018258  4.374588E-13
1044.26315874633  4.924241E-13
1045.71081566687  6.503973E-13
1047.15847258741  5.897028E-13
1048.60612950794  5.089423E-13
1050.05378642848  3.700791E-13
1051.50144334902  4.462819E-13
1052.94910026955  5.126902E-13
1054.39675719009  4.617773E-13
1055.84441411063  4.123126E-13
1057.29207103116  3.849755E-13
1058.7397279517  3.553180E-13
1060.18738487224  4.229785E-13
1061.63504179277  4.317089E-13
1063.08269871331  4.023210E-13
1064.53035563385  4.294931E-13
1065.97801255439  4.515325E-13
1067.42566947492  4.925503E-13
1068.87332639546  4.339875E-13
1070.320983316  4.518935E-13
1071.76864023653  4.179315E-13
1073.21629715707  4.257205E-13
1074.66395407761  4.815781E-13
1076.11161099814  4.248040E-13
1077.55926791868  3.965293E-13
1079.00692483922  4.204396E-13
1080.45458175975  3.797895E-13
1081.90223868029  4.137848E-13
1083.34989560083  3.916145E-13
1084.79755252136  3.739145E-13
1086.2452094419  4.163784E-13
1087.69286636244  3.741292E-13
1089.14052328297  3.122664E-13
1090.58818020351  3.268439E-13
1092.03583712405  4.049916E-13
1093.48349404458  3.799814E-13
1094.93115096512  4.195813E-13
1096.37880788566  4.417073E-13
1097.82646480619  3.605064E-13
1099.27412172673  4.208265E-13
1100.72177864727  3.867802E-13
1102.1694355678  3.700850E-13
1103.61709248834  3.898412E-13
1105.06474940888  4.475808E-13
1106.51240632942  3.685229E-13
1107.96006324995  3.880597E-13
1109.40772017049  3.965239E-13
1110.85537709103  4.257953E-13
1112.30303401156  3.914247E-13
1113.7506909321  3.815964E-13
1115.19834785264  3.810043E-13
1116.64600477317  3.611235E-13
1118.09366169371  3.925333E-13
1119.54131861425  3.226836E-13
1120.98897553478  4.294040E-13
1122.43663245532  3.782621E-13
1123.88428937586  4.452261E-13
1125.33194629639  3.203545E-13
1126.77960321693  3.120891E-13
1128.22726013747  3.360863E-13
1129.674917058  4.402266E-13
1131.12257397854  4.048038E-13
1132.57023089908  3.459577E-13
1134.01788781961  3.555429E-13
1135.46554474015  4.320452E-13
1136.91320166069  4.317405E-13
1138.36085858122  3.290035E-13
1139.80851550176  3.743489E-13
1141.2561724223  3.939749E-13
1142.70382934284  3.692826E-13
1144.15148626337  3.914640E-13
1145.59914318391  3.888351E-13
1147.04680010445  3.758670E-13
1148.49445702498  4.276929E-13
1149.94211394552  4.095592E-13
1151.38977086606  3.717928E-13
1152.83742778659  3.514299E-13
1154.28508470713  2.709012E-13
1155.73274162767  3.225176E-13
1157.1803985482  3.751627E-13
1158.62805546874  3.690939E-13
1160.07571238928  3.744734E-13
1161.52336930981  3.641851E-13
1162.97102623035  4.055118E-13
1164.41868315089  4.116794E-13
1165.86634007142  3.353248E-13
1167.31399699196  3.728966E-13
1168.7616539125  3.677214E-13
1170.20931083303  3.924449E-13
1171.65696775357  4.637403E-13
1173.10462467411  3.997318E-13
1174.55228159464  3.982749E-13
1175.99993851518  4.010087E-13
1177.44759543572  4.036923E-13
1178.89525235625  4.354529E-13
1180.34290927679  4.055642E-13
1181.79056619733  4.260774E-13
1183.23822311787  4.006647E-13
1184.6858800384  4.174672E-13
1186.13353695894  4.160843E-13
1187.58119387948  4.613346E-13
1189.02885080001  4.278489E-13
1190.47650772055  4.122931E-13
1191.92416464109  5.075985E-13
1193.37182156162  5.331445E-13
1194.81947848216  4.396711E-13
1196.2671354027  4.813755E-13
1197.71479232323  4.542915E-13
1199.16244924377  5.353628E-13
1200.61010616431  5.421680E-13
1202.05776308484  5.545272E-13
1203.50542000538  5.090554E-13
1204.95307692592  5.941223E-13
1206.40073384645  6.151386E-13
1207.84839076699  7.335589E-13
1209.29604768753  7.806504E-13
1210.74370460806  7.866737E-13
1212.1913615286  8.772518E-13
1213.63901844914  1.084169E-12
1215.08667536967  1.086236E-12
1216.53433229021  1.147363E-12
1217.98198921075  1.115893E-12
1219.42964613129  9.485955E-13
1220.87730305182  7.961735E-13
1222.32495997236  8.010761E-13
1223.7726168929  6.826087E-13
1225.22027381343  6.688347E-13
1226.66793073397  6.105939E-13
1228.11558765451  6.411058E-13
1229.56324457504  5.176287E-13
1231.01090149558  5.536325E-13
1232.45855841612  5.226962E-13
1233.90621533665  5.668209E-13
1235.35387225719  5.364079E-13
1236.80152917773  5.669144E-13
1238.24918609826  5.796190E-13
1239.6968430188  5.725617E-13
1241.14449993934  5.058367E-13
1242.59215685987  5.036270E-13
1244.03981378041  5.513653E-13
1245.48747070095  4.729574E-13
1246.93512762148  4.228250E-13
1248.38278454202  4.659744E-13
1249.83044146256  4.899926E-13
1251.27809838309  4.011285E-13
1252.72575530363  4.358186E-13
1254.17341222417  4.381234E-13
1255.62106914471  3.898670E-13
1257.06872606524  3.969275E-13
1258.51638298578  3.741334E-13
1259.96403990632  3.478727E-13
1261.41169682685  3.714863E-13
1262.85935374739  4.229579E-13
1264.30701066793  3.992335E-13
1265.75466758846  3.938358E-13
1267.202324509  3.366872E-13
1268.64998142954  3.620137E-13
1270.09763835007  3.819903E-13
1271.54529527061  3.454072E-13
1272.99295219115  3.186176E-13
1274.44060911168  3.390629E-13
1275.88826603222  3.511973E-13
1277.33592295276  3.394566E-13
1278.78357987329  3.546824E-13
1280.23123679383  3.491988E-13
1281.67889371437  2.954392E-13
1283.1265506349  3.206670E-13
1284.57420755544  3.133092E-13
1286.02186447598  3.296875E-13
1287.46952139651  3.715219E-13
1288.91717831705  3.388875E-13
1290.36483523759  3.305293E-13
1291.81249215812  3.211513E-13
1293.26014907866  3.303678E-13
1294.7078059992  2.891453E-13
1296.15546291974  3.365481E-13
1297.60311984027  3.007907E-13
1299.05077676081  3.130224E-13
1300.49843368135  3.733481E-13
1301.94609060188  3.570502E-13
1303.39374752242  3.337375E-13
1304.84140444296  3.082126E-13
1306.28906136349  3.178448E-13
1307.73671828403  3.167594E-13
1309.18437520457  3.390292E-13
1310.6320321251  3.231647E-13
1312.07968904564  3.386148E-13
1313.52734596618  3.130117E-13
1314.97500288671  3.484307E-13
1316.42265980725  3.470415E-13
1317.87031672779  2.934365E-13
1319.31797364832  3.078769E-13
1320.76563056886  3.275909E-13
1322.2132874894  3.119645E-13
1323.66094440993  3.122091E-13
1325.10860133047  2.966397E-13
1326.55625825101  3.137544E-13
1328.00391517154  3.045561E-13
1329.45157209208  3.546927E-13
1330.89922901262  3.066710E-13
1332.34688593315  3.177378E-13
1333.79454285369  2.938994E-13
1335.24219977423  3.033929E-13
1336.68985669477  2.806153E-13
1338.1375136153  3.031255E-13
1339.58517053584  2.704515E-13
1341.03282745638  2.846096E-13
1342.48048437691  2.885708E-13
1343.92814129745  2.575811E-13
1345.37579821799  2.639935E-13
1346.82345513852  2.482341E-13
1348.27111205906  2.882204E-13
1349.7187689796  3.183094E-13
1351.16642590013  3.547486E-13
1352.61408282067  3.395360E-13
1354.06173974121  2.784007E-13
1355.50939666174  3.363511E-13
1356.95705358228  2.766855E-13
1358.40471050282  3.037389E-13
1359.85236742335  2.887586E-13
1361.30002434389  3.182481E-13
1362.74768126443  3.320788E-13
1364.19533818496  3.109684E-13
1365.6429951055  2.827324E-13
1367.09065202604  2.906621E-13
1368.53830894657  3.305598E-13
1369.98596586711  3.043135E-13
1371.43362278765  2.516380E-13
1372.88127970819  2.866939E-13
1374.32893662872  2.618993E-13
1375.77659354926  2.874701E-13
1377.2242504698  2.812532E-13
1378.67190739033  2.947593E-13
1380.11956431087  2.919169E-13
1381.56722123141  2.737203E-13
1383.01487815194  2.551953E-13
1384.46253507248  3.379533E-13
1385.91019199302  3.335370E-13
1387.35784891355  3.248646E-13
1388.80550583409  3.023160E-13
1390.25316275463  3.042732E-13
1391.70081967516  2.835057E-13
1393.1484765957  3.100176E-13
1394.59613351624  3.424457E-13
1396.04379043677  3.518018E-13
1397.49144735731  3.372565E-13
1398.93910427785  3.342651E-13
1400.38676119838  3.182453E-13
1401.83441811892  3.531857E-13
1403.28207503946  3.120679E-13
1404.72973195999  3.409377E-13
1406.17738888053  3.180775E-13
1407.62504580107  3.067607E-13
1409.0727027216  3.249813E-13
1410.52035964214  2.980753E-13
1411.96801656268  3.711612E-13
1413.41567348322  3.146107E-13
1414.86333040375  3.008409E-13
1416.31098732429  3.208982E-13
1417.75864424483  2.884348E-13
1419.20630116536  3.124454E-13
1420.6539580859  2.921890E-13
1422.10161500644  2.998212E-13
1423.54927192697  2.789601E-13
1424.99692884751  2.868381E-13
1426.44458576805  2.820634E-13
1427.89224268858  3.420960E-13
1429.33989960912  3.097342E-13
1430.78755652966  2.761719E-13
1432.23521345019  2.870956E-13
1433.68287037073  3.338579E-13
1435.13052729127  2.891826E-13
1436.5781842118  2.589646E-13
1438.02584113234  2.669148E-13
1439.47349805288  3.102251E-13
1440.92115497341  2.897133E-13
1442.36881189395  2.273773E-13
1443.81646881449  2.625405E-13
1445.26412573502  2.819504E-13
1446.71178265556  2.805332E-13
1448.1594395761  2.796846E-13
1449.60709649664  2.679957E-13
1451.05475341717  2.585658E-13
1452.50241033771  2.573366E-13
1453.95006725825  2.560489E-13
1455.39772417878  2.577095E-13
1456.84538109932  2.690891E-13
1458.29303801986  2.813158E-13
1459.74069494039  2.876661E-13
1461.18835186093  2.826502E-13
1462.63600878147  2.570090E-13
1464.083665702  2.541696E-13
1465.53132262254  2.656700E-13
1466.97897954308  2.897123E-13
1468.42663646361  2.753521E-13
1469.87429338415  2.893192E-13
1471.32195030469  2.769681E-13
1472.76960722522  2.735850E-13
1474.21726414576  2.577963E-13
1475.6649210663  2.637998E-13
1477.11257798683  2.570985E-13
1478.56023490737  2.737845E-13
1480.00789182791  2.524300E-13
1481.45554874844  2.682694E-13
1482.90320566898  2.654965E-13
1484.35086258952  2.796219E-13
1485.79851951005  2.629953E-13
1487.24617643059  2.434534E-13
1488.69383335113  2.334745E-13
1490.14149027167  2.359822E-13
1491.5891471922  2.253052E-13
1493.03680411274  2.452479E-13
1494.48446103328  2.661530E-13
1495.93211795381  2.496768E-13
1497.37977487435  2.664827E-13
1498.82743179489  2.616798E-13
1500.27508871542  2.537584E-13
1501.72274563596  2.630852E-13
1503.1704025565  2.769840E-13
1504.61805947703  2.803885E-13
1506.06571639757  2.799954E-13
1507.51337331811  3.022485E-13
1508.96103023864  2.658735E-13
1510.40868715918  2.769649E-13
1511.85634407972  3.104777E-13
1513.30400100025  2.874637E-13
1514.75165792079  2.602061E-13
1516.19931484133  2.736443E-13
1517.64697176186  2.707925E-13
1519.0946286824  2.824362E-13
1520.54228560294  2.914521E-13
1521.98994252347  3.070744E-13
1523.43759944401  2.961228E-13
1524.88525636455  3.075669E-13
1526.33291328509  3.077936E-13
1527.78057020562  3.118089E-13
1529.22822712616  3.085953E-13
1530.6758840467  3.178128E-13
1532.12354096723  3.446262E-13
1533.57119788777  3.476153E-13
1535.01885480831  3.299128E-13
1536.46651172884  3.710242E-13
1537.91416864938  3.815202E-13
1539.36182556992  4.031000E-13
1540.80948249045  4.437943E-13
1542.25713941099  4.638002E-13
1543.70479633153  4.753491E-13
1545.15245325206  4.914997E-13
1546.6001101726  5.081017E-13
1548.04776709314  4.827502E-13
1549.49542401367  4.810079E-13
1550.94308093421  4.964109E-13
1552.39073785475  4.423591E-13
1553.83839477528  4.348669E-13
1555.28605169582  3.978044E-13
1556.73370861636  3.704209E-13
1558.18136553689  3.387376E-13
1559.62902245743  3.230660E-13
1561.07667937797  2.986779E-13
1562.5243362985  3.218039E-13
1563.97199321904  3.012636E-13
1565.41965013958  3.103035E-13
1566.86730706012  3.100190E-13
1568.31496398065  3.407267E-13
1569.76262090119  3.385643E-13
1571.21027782173  3.094480E-13
1572.65793474226  3.298218E-13
1574.1055916628  3.159181E-13
1575.55324858334  3.053725E-13
1577.00090550387  2.686234E-13
1578.44856242441  2.837176E-13
1579.89621934495  2.921735E-13
1581.34387626548  2.771630E-13
1582.79153318602  2.779423E-13
1584.23919010656  2.711042E-13
1585.68684702709  2.668918E-13
1587.13450394763  2.566980E-13
1588.58216086817  2.554531E-13
1590.0298177887  2.591035E-13
1591.47747470924  2.684354E-13
1592.92513162978  2.731574E-13
1594.37278855031  2.695236E-13
1595.82044547085  2.705855E-13
1597.26810239139  2.501289E-13
1598.71575931192  2.612556E-13
1600.16341623246  2.630024E-13
1601.611073153  2.277747E-13
1603.05873007354  2.340483E-13
1604.50638699407  2.339410E-13
1605.95404391461  2.457960E-13
1607.40170083515  2.533456E-13
1608.84935775568  2.414466E-13
1610.29701467622  2.516254E-13
1611.74467159676  2.396623E-13
1613.19232851729  2.417555E-13
1614.63998543783  2.404700E-13
1616.08764235837  2.422914E-13
1617.5352992789  2.465142E-13
1618.98295619944  2.591000E-13
1620.43061311998  2.722690E-13
1621.87827004051  2.763746E-13
1623.32592696105  2.690189E-13
1624.77358388159  2.679486E-13
1626.22124080212  2.656693E-13
1627.66889772266  2.616518E-13
1629.1165546432  2.640995E-13
1630.56421156373  2.595664E-13
1632.01186848427  2.596376E-13
1633.45952540481  2.579068E-13
1634.90718232534  2.672326E-13
1636.35483924588  2.824886E-13
1637.80249616642  2.630381E-13
1639.25015308695  2.591369E-13
1640.69781000749  2.518971E-13
1642.14546692803  2.389711E-13
1643.59312384857  2.506416E-13
1645.0407807691  2.532368E-13
1646.48843768964  2.439719E-13
1647.93609461018  2.495351E-13
1649.38375153071  2.558242E-13
1650.83140845125  2.599689E-13
1652.27906537179  2.568097E-13
1653.72672229232  2.368487E-13
1655.17437921286  2.371492E-13
1656.6220361334  2.543736E-13
1658.06969305393  2.574082E-13
1659.51734997447  2.594251E-13
1660.96500689501  2.494010E-13
1662.41266381554  2.413236E-13
1663.86032073608  2.499515E-13
1665.30797765662  2.514963E-13
1666.75563457715  2.472297E-13
1668.20329149769  2.649080E-13
1669.65094841823  2.539004E-13
1671.09860533876  2.624984E-13
1672.5462622593  2.688644E-13
1673.99391917984  2.568017E-13
1675.44157610038  2.581938E-13
1676.88923302091  2.456335E-13
1678.33688994145  2.378036E-13
1679.78454686199  2.275631E-13
1681.23220378252  2.195666E-13
1682.67986070306  2.098188E-13
1684.1275176236  2.256951E-13
1685.57517454413  2.259768E-13
1687.02283146467  2.284088E-13
1688.47048838521  2.343163E-13
1689.91814530574  2.441982E-13
1691.36580222628  2.482709E-13
1692.81345914682  2.478059E-13
1694.26111606735  2.381110E-13
1695.70877298789  2.366812E-13
1697.15642990843  2.328077E-13
1698.60408682896  2.423721E-13
1700.0517437495  2.433919E-13
1701.49940067004  2.293874E-13
1702.94705759057  2.346641E-13
1704.39471451111  2.439017E-13
1705.84237143165  2.303470E-13
1707.29002835218  2.370600E-13
1708.73768527272  2.293414E-13
1710.18534219326  0.
1711.63299911379  0.
1713.08065603433  0.
1714.52831295487  0.
1715.97596987541  0.
1717.42362679594  0.
1718.87128371648  0.
1720.31894063702  0.
1721.76659755755  0.
1723.21425447809  0.
1724.66191139863  0.
1726.10956831916  0.
1727.5572252397  0.
1729.00488216024  0.
1730.45253908077  0.
1731.90019600131  0.
1733.34785292185  0.
1734.79550984238  0.
1736.24316676292  0.
1737.69082368346  0.
1739.13848060399  0.
1740.58613752453  0.
1742.03379444507  0.
1743.4814513656  0.
1744.92910828614  0.
1746.37676520668  0.
1747.82442212721  0.
1749.27207904775  0.
1750.71973596829  0.
1752.16739288882  0.
1753.61504980936  0.
1755.0627067299  0.
1756.51036365043  0.
1757.95802057097  0.
1759.40567749151  0.
1760.85333441205  0.
1762.30099133258  0.
1763.74864825312  0.
1765.19630517366  0.
1766.64396209419  0.
1768.09161901473  0.
1769.53927593527  0.
1770.9869328558  0.
1772.43458977634  0.
1773.88224669688  0.
1775.32990361741  0.
1776.77756053795  0.
1778.22521745849  0.
1779.67287437902  0.
1781.12053129956  0.
1782.5681882201  0.
1784.01584514063  0.
1785.46350206117  0.
1786.91115898171  0.
1788.35881590224  0.
1789.80647282278  0.
1791.25412974332  0.
1792.70178666385  0.
1794.14944358439  0.
1795.59710050493  0.
1797.04475742547  0.
1798.492414346  0.
1799.94007126654  0.
1801.38772818708  0.
1802.83538510761  0.
1804.28304202815  0.
1805.73069894869  0.
1807.17835586922  0.
1808.62601278976  0.
1810.0736697103  0.
1811.52132663083  0.
1812.96898355137  0.
1814.41664047191  0.
1815.86429739244  0.
1817.31195431298  0.
1818.75961123352  0.
1820.20726815405  0.
1821.65492507459  0.
1823.10258199513  0.
1824.55023891566  0.
1825.9978958362  0.
1827.44555275674  0.
1828.89320967727  0.
1830.34086659781  0.
1831.78852351835  0.
