906.735751295338  0.
908.183408215875  0.
909.631065136412  0.
911.078722056949  0.
912.526378977485  0.
913.974035898022  0.
915.421692818559  0.
916.869349739096  0.
918.317006659633  0.
919.764663580169  0.
921.212320500706  0.
922.659977421243  0.
924.10763434178  0.
925.555291262316  0.
927.002948182853  0.
928.45060510339  0.
929.898262023927  0.
931.345918944464  0.
932.793575865  0.
934.241232785537  0.
935.688889706074  0.
937.136546626611  0.
938.584203547148  0.
940.031860467684  0.
941.479517388221  0.
942.927174308758  0.
944.374831229295  0.
945.822488149832  0.
947.270145070369  0.
948.717801990905  0.
950.165458911442  0.
951.613115831979  0.
953.060772752515  0.
954.508429673052  0.
955.956086593589  0.
957.403743514126  0.
958.851400434663  0.
960.2990573552  0.
961.746714275736  0.
963.194371196273  0.
964.64202811681  0.
966.089685037347  0.
967.537341957883  0.
968.98499887842  0.
970.432655798957  0.
971.880312719494  0.
973.327969640031  0.
974.775626560567  0.
976.223283481104  0.
977.670940401641  0.
979.118597322178  0.
980.566254242715  0.
982.013911163251  0.
983.461568083788  0.
984.909225004325  0.
986.356881924862  0.
987.804538845399  0.
989.252195765935  0.
990.699852686472  0.
992.147509607009  0.
993.595166527546  3.304287E-13
995.042823448082  2.527130E-13
996.490480368619  2.384718E-13
997.938137289156  2.760257E-13
999.385794209693  2.165996E-13
1000.83345113023  2.207947E-13
1002.28110805077  3.277089E-13
1003.7287649713  3.691874E-13
1005.17642189184  3.751201E-13
1006.62407881238  3.163250E-13
1008.07173573291  2.528499E-13
1009.51939265345  2.688479E-13
1010.96704957399  2.921576E-13
1012.41470649452  3.592841E-13
1013.86236341506  3.653870E-13
1015.3100203356  3.049752E-13
1016.75767725613  2.933058E-13
1018.20533417667  2.976918E-13
1019.65299109721  3.720306E-13
1021.10064801775  4.592722E-13
1022.54830493828  4.033412E-13
1023.99596185882  3.509802E-13
1025.44361877936  4.705520E-13
1026.89127569989  4.281179E-13
1028.33893262043  3.859337E-13
1029.78658954097  3.975322E-13
1031.2342464615  3.380971E-13
1032.68190338204  2.773019E-13
1034.12956030258  2.912237E-13
1035.57721722311  3.365548E-13
1037.02487414365  3.647842E-13
1038.47253106419  3.022884E-13
1039.92018798472  3.079818E-13
1041.36784490526  2.473627E-13
1042.8155018258  2.022133E-13
1044.26315874633  2.422470E-13
1045.71081566687  2.451268E-13
1047.15847258741  2.597685E-13
1048.60612950794  4.045788E-13
1050.05378642848  4.618274E-13
1051.50144334902  4.386775E-13
1052.94910026955  4.626506E-13
1054.39675719009  3.672546E-13
1055.84441411063  4.210080E-13
1057.29207103116  2.803001E-13
1058.7397279517  2.654033E-13
1060.18738487224  2.675320E-13
1061.63504179277  2.716334E-13
1063.08269871331  2.529916E-13
1064.53035563385  3.720825E-13
1065.97801255439  3.147405E-13
1067.42566947492  3.169912E-13
1068.87332639546  2.236553E-13
1070.320983316  2.582246E-13
1071.76864023653  2.557717E-13
1073.21629715707  2.869814E-13
1074.66395407761  2.778320E-13
1076.11161099814  2.925523E-13
1077.55926791868  2.558206E-13
1079.00692483922  2.215463E-13
1080.45458175975  2.235963E-13
1081.90223868029  2.563965E-13
1083.34989560083  1.923037E-13
1084.79755252136  2.192629E-13
1086.2452094419  2.357766E-13
1087.69286636244  2.012677E-13
1089.14052328297  2.099562E-13
1090.58818020351  2.457275E-13
1092.03583712405  3.034551E-13
1093.48349404458  2.299508E-13
1094.93115096512  2.331445E-13
1096.37880788566  2.231871E-13
1097.82646480619  2.524068E-13
1099.27412172673  2.003075E-13
1100.72177864727  2.595052E-13
1102.1694355678  2.457169E-13
1103.61709248834  2.417867E-13
1105.06474940888  2.545732E-13
1106.51240632942  2.836754E-13
1107.96006324995  2.558883E-13
1109.40772017049  3.073202E-13
1110.85537709103  2.264422E-13
1112.30303401156  2.095989E-13
1113.7506909321  2.464789E-13
1115.19834785264  2.499887E-13
1116.64600477317  2.582534E-13
1118.09366169371  2.689885E-13
1119.54131861425  2.064801E-13
1120.98897553478  1.888122E-13
1122.43663245532  2.491229E-13
1123.88428937586  2.190089E-13
1125.33194629639  1.928309E-13
1126.77960321693  2.026365E-13
1128.22726013747  2.223372E-13
1129.674917058  2.367859E-13
1131.12257397854  2.637650E-13
1132.57023089908  2.349799E-13
1134.01788781961  2.860658E-13
1135.46554474015  2.424521E-13
1136.91320166069  2.297708E-13
1138.36085858122  2.274754E-13
1139.80851550176  2.383151E-13
1141.2561724223  2.043724E-13
1142.70382934284  2.294402E-13
1144.15148626337  2.182280E-13
1145.59914318391  2.387979E-13
1147.04680010445  2.469290E-13
1148.49445702498  2.276301E-13
1149.94211394552  2.283706E-13
1151.38977086606  2.292161E-13
1152.83742778659  2.151391E-13
1154.28508470713  2.123608E-13
1155.73274162767  2.731012E-13
1157.1803985482  2.443378E-13
1158.62805546874  2.371425E-13
1160.07571238928  2.484895E-13
1161.52336930981  1.935327E-13
1162.97102623035  3.118204E-13
1164.41868315089  2.788591E-13
1165.86634007142  2.598054E-13
1167.31399699196  2.874243E-13
1168.7616539125  2.537151E-13
1170.20931083303  2.343771E-13
1171.65696775357  2.489708E-13
1173.10462467411  2.037721E-13
1174.55228159464  3.264407E-13
1175.99993851518  3.005566E-13
1177.44759543572  2.952657E-13
1178.89525235625  2.937861E-13
1180.34290927679  3.109517E-13
1181.79056619733  2.743867E-13
1183.23822311787  2.620422E-13
1184.6858800384  2.870582E-13
1186.13353695894  3.246007E-13
1187.58119387948  3.744283E-13
1189.02885080001  2.887319E-13
1190.47650772055  3.204764E-13
1191.92416464109  3.158941E-13
1193.37182156162  3.322981E-13
1194.81947848216  3.801640E-13
1196.2671354027  3.864911E-13
1197.71479232323  3.835606E-13
1199.16244924377  3.748202E-13
1200.61010616431  3.720590E-13
1202.05776308484  4.323520E-13
1203.50542000538  4.320586E-13
1204.95307692592  5.912563E-13
1206.40073384645  5.971068E-13
1207.84839076699  6.102087E-13
1209.29604768753  8.236181E-13
1210.74370460806  7.015175E-13
1212.1913615286  7.897940E-13
1213.63901844914  9.909408E-13
1215.08667536967  7.961148E-13
1216.53433229021  7.050108E-13
1217.98198921075  7.147204E-13
1219.42964613129  5.609464E-13
1220.87730305182  4.860044E-13
1222.32495997236  4.196597E-13
1223.7726168929  4.489361E-13
1225.22027381343  3.631594E-13
1226.66793073397  3.683161E-13
1228.11558765451  3.717313E-13
1229.56324457504  3.152611E-13
1231.01090149558  3.944094E-13
1232.45855841612  3.709932E-13
1233.90621533665  3.221605E-13
1235.35387225719  3.764197E-13
1236.80152917773  4.105181E-13
1238.24918609826  3.486953E-13
1239.6968430188  3.700212E-13
1241.14449993934  3.739220E-13
1242.59215685987  3.603940E-13
1244.03981378041  3.448118E-13
1245.48747070095  2.817576E-13
1246.93512762148  2.696931E-13
1248.38278454202  2.820786E-13
1249.83044146256  2.582067E-13
1251.27809838309  2.629030E-13
1252.72575530363  2.528234E-13
1254.17341222417  2.768338E-13
1255.62106914471  2.400850E-13
1257.06872606524  2.164870E-13
1258.51638298578  2.462738E-13
1259.96403990632  2.099658E-13
1261.41169682685  2.514182E-13
1262.85935374739  3.136691E-13
1264.30701066793  2.617804E-13
1265.75466758846  3.051457E-13
1267.202324509  2.773899E-13
1268.64998142954  2.851756E-13
1270.09763835007  2.337849E-13
1271.54529527061  2.358070E-13
1272.99295219115  2.325737E-13
1274.44060911168  2.336839E-13
1275.88826603222  2.264860E-13
1277.33592295276  2.443514E-13
1278.78357987329  2.462272E-13
1280.23123679383  2.398994E-13
1281.67889371437  1.827919E-13
1283.1265506349  2.170484E-13
1284.57420755544  1.699462E-13
1286.02186447598  2.261492E-13
1287.46952139651  2.317636E-13
1288.91717831705  2.256354E-13
1290.36483523759  1.580607E-13
1291.81249215812  1.857823E-13
1293.26014907866  2.194160E-13
1294.7078059992  2.152657E-13
1296.15546291974  2.533810E-13
1297.60311984027  2.154069E-13
1299.05077676081  2.583135E-13
1300.49843368135  2.359954E-13
1301.94609060188  2.071624E-13
1303.39374752242  1.904148E-13
1304.84140444296  2.112037E-13
1306.28906136349  2.045537E-13
1307.73671828403  1.701314E-13
1309.18437520457  1.763161E-13
1310.6320321251  2.428930E-13
1312.07968904564  1.842583E-13
1313.52734596618  2.052841E-13
1314.97500288671  1.868458E-13
1316.42265980725  2.012527E-13
1317.87031672779  1.815112E-13
1319.31797364832  1.935385E-13
1320.76563056886  1.848901E-13
1322.2132874894  1.907828E-13
1323.66094440993  2.458955E-13
1325.10860133047  2.563044E-13
1326.55625825101  2.268105E-13
1328.00391517154  2.193818E-13
1329.45157209208  2.240098E-13
1330.89922901262  1.822134E-13
1332.34688593315  2.118662E-13
1333.79454285369  1.601598E-13
1335.24219977423  1.829201E-13
1336.68985669477  1.653349E-13
1338.1375136153  2.046221E-13
1339.58517053584  1.766794E-13
1341.03282745638  1.586688E-13
1342.48048437691  1.768877E-13
1343.92814129745  2.191571E-13
1345.37579821799  2.239040E-13
1346.82345513852  2.101373E-13
1348.27111205906  1.696716E-13
1349.7187689796  1.998346E-13
1351.16642590013  2.236357E-13
1352.61408282067  1.849978E-13
1354.06173974121  1.884355E-13
1355.50939666174  2.502847E-13
1356.95705358228  2.002383E-13
1358.40471050282  2.336990E-13
1359.85236742335  1.996500E-13
1361.30002434389  2.143537E-13
1362.74768126443  2.430147E-13
1364.19533818496  2.198285E-13
1365.6429951055  1.799364E-13
1367.09065202604  2.125483E-13
1368.53830894657  2.521297E-13
1369.98596586711  1.885630E-13
1371.43362278765  1.710634E-13
1372.88127970819  1.845488E-13
1374.32893662872  2.232431E-13
1375.77659354926  2.323280E-13
1377.2242504698  1.950971E-13
1378.67190739033  2.115355E-13
1380.11956431087  2.058164E-13
1381.56722123141  2.040097E-13
1383.01487815194  1.909634E-13
1384.46253507248  2.296346E-13
1385.91019199302  1.948030E-13
1387.35784891355  1.959128E-13
1388.80550583409  2.406705E-13
1390.25316275463  2.640457E-13
1391.70081967516  2.403179E-13
1393.1484765957  2.525374E-13
1394.59613351624  2.027752E-13
1396.04379043677  2.114922E-13
1397.49144735731  2.430355E-13
1398.93910427785  2.196157E-13
1400.38676119838  1.970451E-13
1401.83441811892  2.361103E-13
1403.28207503946  2.380749E-13
1404.72973195999  2.439359E-13
1406.17738888053  1.993523E-13
1407.62504580107  2.428594E-13
1409.0727027216  2.320213E-13
1410.52035964214  2.084571E-13
1411.96801656268  1.942034E-13
1413.41567348322  2.296830E-13
1414.86333040375  2.103975E-13
1416.31098732429  2.056947E-13
1417.75864424483  2.330786E-13
1419.20630116536  2.150017E-13
1420.6539580859  2.310559E-13
1422.10161500644  1.858938E-13
1423.54927192697  2.169736E-13
1424.99692884751  2.123231E-13
1426.44458576805  1.689631E-13
1427.89224268858  1.566584E-13
1429.33989960912  1.910682E-13
1430.78755652966  2.011981E-13
1432.23521345019  1.815656E-13
1433.68287037073  1.632632E-13
1435.13052729127  1.722221E-13
1436.5781842118  1.994711E-13
1438.02584113234  2.205808E-13
1439.47349805288  1.925310E-13
1440.92115497341  1.835325E-13
1442.36881189395  2.010465E-13
1443.81646881449  2.205162E-13
1445.26412573502  1.933995E-13
1446.71178265556  2.038636E-13
1448.1594395761  1.755648E-13
1449.60709649664  1.653271E-13
1451.05475341717  1.671858E-13
1452.50241033771  1.800382E-13
1453.95006725825  1.997429E-13
1455.39772417878  1.970227E-13
1456.84538109932  1.767953E-13
1458.29303801986  2.011374E-13
1459.74069494039  2.047768E-13
1461.18835186093  1.866004E-13
1462.63600878147  1.846291E-13
1464.083665702  1.804873E-13
1465.53132262254  1.717131E-13
1466.97897954308  2.077886E-13
1468.42663646361  1.965567E-13
1469.87429338415  1.725341E-13
1471.32195030469  1.839144E-13
1472.76960722522  1.908774E-13
1474.21726414576  1.697118E-13
1475.6649210663  1.654570E-13
1477.11257798683  1.741717E-13
1478.56023490737  1.704131E-13
1480.00789182791  1.743210E-13
1481.45554874844  2.002234E-13
1482.90320566898  1.635734E-13
1484.35086258952  2.084680E-13
1485.79851951005  2.151575E-13
1487.24617643059  1.671985E-13
1488.69383335113  1.624125E-13
1490.14149027167  1.736123E-13
1491.5891471922  1.400290E-13
1493.03680411274  1.625472E-13
1494.48446103328  1.717231E-13
1495.93211795381  1.769914E-13
1497.37977487435  1.764967E-13
1498.82743179489  1.788610E-13
1500.27508871542  1.983583E-13
1501.72274563596  2.031173E-13
1503.1704025565  1.960699E-13
1504.61805947703  2.193165E-13
1506.06571639757  1.994159E-13
1507.51337331811  2.111972E-13
1508.96103023864  2.037307E-13
1510.40868715918  2.073899E-13
1511.85634407972  1.888053E-13
1513.30400100025  1.848984E-13
1514.75165792079  1.855221E-13
1516.19931484133  1.804953E-13
1517.64697176186  1.920093E-13
1519.0946286824  2.046007E-13
1520.54228560294  2.262582E-13
1521.98994252347  2.168187E-13
1523.43759944401  2.188716E-13
1524.88525636455  2.167596E-13
1526.33291328509  2.479126E-13
1527.78057020562  2.383855E-13
1529.22822712616  2.392598E-13
1530.6758840467  2.338980E-13
1532.12354096723  2.422867E-13
1533.57119788777  2.495612E-13
1535.01885480831  2.617877E-13
1536.46651172884  2.985168E-13
1537.91416864938  3.036297E-13
1539.36182556992  3.346571E-13
1540.80948249045  3.544127E-13
1542.25713941099  3.467471E-13
1543.70479633153  3.568709E-13
1545.15245325206  3.681625E-13
1546.6001101726  3.844524E-13
1548.04776709314  3.380516E-13
1549.49542401367  3.266585E-13
1550.94308093421  2.686515E-13
1552.39073785475  2.696427E-13
1553.83839477528  2.906822E-13
1555.28605169582  2.526969E-13
1556.73370861636  2.396803E-13
1558.18136553689  2.325475E-13
1559.62902245743  2.191097E-13
1561.07667937797  2.241675E-13
1562.5243362985  2.079994E-13
1563.97199321904  2.193393E-13
1565.41965013958  2.090706E-13
1566.86730706012  2.165121E-13
1568.31496398065  1.977403E-13
1569.76262090119  1.937211E-13
1571.21027782173  1.880633E-13
1572.65793474226  1.889413E-13
1574.1055916628  1.956034E-13
1575.55324858334  1.768275E-13
1577.00090550387  1.776630E-13
1578.44856242441  1.904531E-13
1579.89621934495  1.986184E-13
1581.34387626548  1.977030E-13
1582.79153318602  1.822002E-13
1584.23919010656  1.930350E-13
1585.68684702709  2.008533E-13
1587.13450394763  1.806928E-13
1588.58216086817  1.684071E-13
1590.0298177887  1.831011E-13
1591.47747470924  1.846861E-13
1592.92513162978  1.876806E-13
1594.37278855031  1.802991E-13
1595.82044547085  1.717727E-13
1597.26810239139  1.633232E-13
1598.71575931192  1.704978E-13
1600.16341623246  1.833677E-13
1601.611073153  1.814836E-13
1603.05873007354  1.831495E-13
1604.50638699407  1.740812E-13
1605.95404391461  1.687959E-13
1607.40170083515  1.819229E-13
1608.84935775568  1.832849E-13
1610.29701467622  1.687671E-13
1611.74467159676  1.729432E-13
1613.19232851729  1.857954E-13
1614.63998543783  1.809431E-13
1616.08764235837  1.753837E-13
1617.5352992789  1.780450E-13
1618.98295619944  1.817843E-13
1620.43061311998  1.822646E-13
1621.87827004051  1.698121E-13
1623.32592696105  1.703720E-13
1624.77358388159  1.723921E-13
1626.22124080212  1.722047E-13
1627.66889772266  1.704990E-13
1629.1165546432  1.782514E-13
1630.56421156373  1.889993E-13
1632.01186848427  1.892647E-13
1633.45952540481  1.800153E-13
1634.90718232534  1.896715E-13
1636.35483924588  1.945159E-13
1637.80249616642  1.875471E-13
1639.25015308695  1.805906E-13
1640.69781000749  1.843556E-13
1642.14546692803  1.954513E-13
1643.59312384857  1.931236E-13
1645.0407807691  1.897572E-13
1646.48843768964  1.759773E-13
1647.93609461018  1.649433E-13
1649.38375153071  1.604001E-13
1650.83140845125  1.582861E-13
1652.27906537179  1.796733E-13
1653.72672229232  1.719794E-13
1655.17437921286  1.672710E-13
1656.6220361334  1.799566E-13
1658.06969305393  1.758564E-13
1659.51734997447  1.869040E-13
1660.96500689501  1.887133E-13
1662.41266381554  2.062115E-13
1663.86032073608  1.932437E-13
1665.30797765662  1.863305E-13
1666.75563457715  1.759447E-13
1668.20329149769  1.688630E-13
1669.65094841823  1.618200E-13
1671.09860533876  1.760533E-13
1672.5462622593  1.805331E-13
1673.99391917984  1.609205E-13
1675.44157610038  1.588057E-13
1676.88923302091  1.563347E-13
1678.33688994145  1.682411E-13
1679.78454686199  1.711084E-13
1681.23220378252  1.703733E-13
1682.67986070306  1.723811E-13
1684.1275176236  1.722976E-13
1685.57517454413  1.676440E-13
1687.02283146467  1.676041E-13
1688.47048838521  1.673181E-13
1689.91814530574  1.729585E-13
1691.36580222628  1.737897E-13
1692.81345914682  1.684714E-13
1694.26111606735  1.647780E-13
1695.70877298789  1.654757E-13
1697.15642990843  1.817857E-13
1698.60408682896  1.907809E-13
1700.0517437495  1.836732E-13
1701.49940067004  1.795467E-13
1702.94705759057  1.735303E-13
1704.39471451111  1.794918E-13
1705.84237143165  1.736747E-13
1707.29002835218  1.672585E-13
1708.73768527272  1.673923E-13
1710.18534219326  0.
1711.63299911379  0.
1713.08065603433  0.
1714.52831295487  0.
1715.97596987541  0.
1717.42362679594  0.
1718.87128371648  0.
1720.31894063702  0.
1721.76659755755  0.
1723.21425447809  0.
1724.66191139863  0.
1726.10956831916  0.
1727.5572252397  0.
1729.00488216024  0.
1730.45253908077  0.
1731.90019600131  0.
1733.34785292185  0.
1734.79550984238  0.
1736.24316676292  0.
1737.69082368346  0.
1739.13848060399  0.
1740.58613752453  0.
1742.03379444507  0.
1743.4814513656  0.
1744.92910828614  0.
1746.37676520668  0.
1747.82442212721  0.
1749.27207904775  0.
1750.71973596829  0.
1752.16739288882  0.
1753.61504980936  0.
1755.0627067299  0.
1756.51036365043  0.
1757.95802057097  0.
1759.40567749151  0.
1760.85333441205  0.
1762.30099133258  0.
1763.74864825312  0.
1765.19630517366  0.
1766.64396209419  0.
1768.09161901473  0.
1769.53927593527  0.
1770.9869328558  0.
1772.43458977634  0.
1773.88224669688  0.
1775.32990361741  0.
1776.77756053795  0.
1778.22521745849  0.
1779.67287437902  0.
1781.12053129956  0.
1782.5681882201  0.
1784.01584514063  0.
1785.46350206117  0.
1786.91115898171  0.
1788.35881590224  0.
1789.80647282278  0.
1791.25412974332  0.
1792.70178666385  0.
1794.14944358439  0.
1795.59710050493  0.
1797.04475742547  0.
1798.492414346  0.
1799.94007126654  0.
1801.38772818708  0.
1802.83538510761  0.
1804.28304202815  0.
1805.73069894869  0.
1807.17835586922  0.
1808.62601278976  0.
1810.0736697103  0.
1811.52132663083  0.
1812.96898355137  0.
1814.41664047191  0.
1815.86429739244  0.
1817.31195431298  0.
1818.75961123352  0.
1820.20726815405  0.
1821.65492507459  0.
1823.10258199513  0.
1824.55023891566  0.
1825.9978958362  0.
1827.44555275674  0.
1828.89320967727  0.
1830.34086659781  0.
1831.78852351835  0.
