906.735751295338  0.
908.183365802898  0.
909.630980310458  0.
911.078594818018  0.
912.526209325578  0.
913.973823833137  0.
915.421438340697  0.
916.869052848257  0.
918.316667355817  0.
919.764281863377  0.
921.211896370937  0.
922.659510878497  0.
924.107125386056  0.
925.554739893616  0.
927.002354401176  0.
928.449968908736  0.
929.897583416296  0.
931.345197923856  0.
932.792812431415  0.
934.240426938975  0.
935.688041446535  0.
937.135655954095  0.
938.583270461655  0.
940.030884969215  0.
941.478499476774  0.
942.926113984334  0.
944.373728491894  0.
945.821342999454  0.
947.268957507014  0.
948.716572014574  0.
950.164186522133  0.
951.611801029693  0.
953.059415537253  0.
954.507030044813  0.
955.954644552373  0.
957.402259059933  0.
958.849873567493  0.
960.297488075052  0.
961.745102582612  0.
963.192717090172  0.
964.640331597732  0.
966.087946105292  0.
967.535560612852  0.
968.983175120411  0.
970.430789627971  0.
971.878404135531  0.
973.326018643091  0.
974.773633150651  0.
976.221247658211  0.
977.668862165771  0.
979.11647667333  0.
980.56409118089  0.
982.01170568845  0.
983.45932019601  0.
984.90693470357  0.
986.35454921113  0.
987.802163718689  0.
989.249778226249  0.
990.697392733809  0.
992.145007241369  0.
993.592621748929  2.889288E-13
995.040236256489  5.280455E-13
996.487850764048  2.781252E-13
997.935465271608  6.223243E-13
999.383079779168  5.380904E-13
1000.83069428673  6.051512E-13
1002.27830879429  8.071303E-13
1003.72592330185  8.508682E-13
1005.17353780941  6.238085E-13
1006.62115231697  5.208584E-13
1008.06876682453  6.706918E-13
1009.51638133209  5.763328E-13
1010.96399583965  5.377264E-13
1012.41161034721  7.744221E-13
1013.85922485477  6.124838E-13
1015.30683936233  5.897397E-13
1016.75445386989  6.474396E-13
1018.20206837745  5.663155E-13
1019.64968288501  5.716368E-13
1021.09729739257  5.535664E-13
1022.54491190013  5.558344E-13
1023.99252640769  5.442096E-13
1025.44014091525  5.785341E-13
1026.8877554228  5.604737E-13
1028.33536993037  6.115096E-13
1029.78298443792  6.131528E-13
1031.23059894548  5.552119E-13
1032.67821345304  5.729825E-13
1034.1258279606  6.104054E-13
1035.57344246816  5.605053E-13
1037.02105697572  5.803117E-13
1038.46867148328  5.548541E-13
1039.91628599084  5.957795E-13
1041.3639004984  5.011168E-13
1042.81151500596  5.899074E-13
1044.25912951352  3.086274E-13
1045.70674402108  4.321735E-13
1047.15435852864  5.366449E-13
1048.6019730362  5.421523E-13
1050.04958754376  6.979051E-13
1051.49720205132  4.332162E-13
1052.94481655888  5.135389E-13
1054.39243106644  5.161668E-13
1055.840045574  4.961910E-13
1057.28766008156  3.924673E-13
1058.73527458912  4.574490E-13
1060.18288909668  4.909349E-13
1061.63050360424  4.617289E-13
1063.0781181118  4.322089E-13
1064.52573261936  4.970490E-13
1065.97334712692  4.705753E-13
1067.42096163448  5.188184E-13
1068.86857614204  4.500902E-13
1070.3161906496  4.125609E-13
1071.76380515716  5.615157E-13
1073.21141966472  4.966525E-13
1074.65903417228  5.338941E-13
1076.10664867984  4.947704E-13
1077.5542631874  4.495476E-13
1079.00187769496  4.751621E-13
1080.44949220252  4.286703E-13
1081.89710671008  4.103408E-13
1083.34472121764  4.533999E-13
1084.7923357252  4.168745E-13
1086.23995023276  4.773992E-13
1087.68756474032  4.060668E-13
1089.13517924788  3.766832E-13
1090.58279375544  3.911677E-13
1092.030408263  4.045358E-13
1093.47802277056  4.407236E-13
1094.92563727812  4.235047E-13
1096.37325178568  4.611911E-13
1097.82086629324  4.256495E-13
1099.2684808008  3.345751E-13
1100.71609530836  4.513440E-13
1102.16370981592  4.086105E-13
1103.61132432348  3.869162E-13
1105.05893883104  4.513186E-13
1106.5065533386  4.030425E-13
1107.95416784616  4.696743E-13
1109.40178235372  4.353956E-13
1110.84939686128  4.585742E-13
1112.29701136884  4.117973E-13
1113.7446258764  4.329356E-13
1115.19224038396  4.271526E-13
1116.63985489152  4.877654E-13
1118.08746939908  3.730255E-13
1119.53508390664  4.706744E-13
1120.98269841419  4.184217E-13
1122.43031292175  4.105471E-13
1123.87792742931  4.086614E-13
1125.32554193687  3.967451E-13
1126.77315644443  4.479877E-13
1128.22077095199  3.745211E-13
1129.66838545955  4.309394E-13
1131.11599996711  4.324207E-13
1132.56361447467  4.834032E-13
1134.01122898223  4.276469E-13
1135.45884348979  4.205212E-13
1136.90645799735  4.063098E-13
1138.35407250491  3.949678E-13
1139.80168701247  3.922076E-13
1141.24930152003  4.228637E-13
1142.69691602759  4.062182E-13
1144.14453053515  3.700682E-13
1145.59214504271  4.158150E-13
1147.03975955027  3.463253E-13
1148.48737405783  4.541318E-13
1149.93498856539  4.202841E-13
1151.38260307295  3.702227E-13
1152.83021758051  3.759924E-13
1154.27783208807  3.860718E-13
1155.72544659563  4.977969E-13
1157.17306110319  3.925288E-13
1158.62067561075  4.241822E-13
1160.06829011831  4.508379E-13
1161.51590462587  4.409922E-13
1162.96351913343  3.904518E-13
1164.41113364099  4.129252E-13
1165.85874814855  3.868121E-13
1167.30636265611  4.930538E-13
1168.75397716367  4.325359E-13
1170.20159167123  4.147442E-13
1171.64920617879  4.986187E-13
1173.09682068635  4.246501E-13
1174.54443519391  4.591327E-13
1175.99204970147  4.533151E-13
1177.43966420903  4.511324E-13
1178.88727871659  4.187834E-13
1180.33489322415  4.596288E-13
1181.78250773171  4.184875E-13
1183.23012223927  4.818087E-13
1184.67773674683  4.759004E-13
1186.12535125439  4.173371E-13
1187.57296576195  5.083223E-13
1189.02058026951  4.967680E-13
1190.46819477707  4.862437E-13
1191.91580928463  5.338524E-13
1193.36342379219  6.192263E-13
1194.81103829975  5.459017E-13
1196.25865280731  5.404444E-13
1197.70626731487  4.761460E-13
1199.15388182243  5.977806E-13
1200.60149632999  5.940639E-13
1202.04911083755  5.562319E-13
1203.49672534511  5.584951E-13
1204.94433985267  6.707070E-13
1206.39195436023  7.253413E-13
1207.83956886779  9.088971E-13
1209.28718337535  9.538020E-13
1210.7347978829  1.092112E-12
1212.18241239046  1.077460E-12
1213.63002689802  1.058431E-12
1215.07764140558  1.245953E-12
1216.52525591314  1.180120E-12
1217.9728704207  1.121353E-12
1219.42048492826  1.050631E-12
1220.86809943582  8.214060E-13
1222.31571394338  7.385891E-13
1223.76332845094  7.505424E-13
1225.2109429585  6.498679E-13
1226.65855746606  6.165772E-13
1228.10617197362  6.084048E-13
1229.55378648118  6.878953E-13
1231.00140098874  5.838140E-13
1232.4490154963  5.272092E-13
1233.89663000386  5.995473E-13
1235.34424451142  5.217333E-13
1236.79185901898  5.515924E-13
1238.23947352654  6.493319E-13
1239.6870880341  5.787255E-13
1241.13470254166  6.458127E-13
1242.58231704922  5.183970E-13
1244.02993155678  5.190197E-13
1245.47754606434  5.455809E-13
1246.9251605719  5.207878E-13
1248.37277507946  5.919120E-13
1249.82038958702  5.224477E-13
1251.26800409458  4.035776E-13
1252.71561860214  5.259817E-13
1254.1632331097  5.084699E-13
1255.61084761726  4.736260E-13
1257.05846212482  5.070599E-13
1258.50607663238  4.321256E-13
1259.95369113994  4.205433E-13
1261.4013056475  4.288368E-13
1262.84892015506  4.615802E-13
1264.29653466262  4.658626E-13
1265.74414917018  4.224743E-13
1267.19176367774  4.535674E-13
1268.6393781853  4.411812E-13
1270.08699269286  4.775814E-13
1271.53460720042  4.269469E-13
1272.98222170798  4.319497E-13
1274.42983621554  4.316506E-13
1275.8774507231  3.980410E-13
1277.32506523066  4.157388E-13
1278.77267973822  3.707154E-13
1280.22029424578  4.954310E-13
1281.66790875334  4.023895E-13
1283.1155232609  3.789019E-13
1284.56313776846  3.146054E-13
1286.01075227602  3.776302E-13
1287.45836678358  3.719174E-13
1288.90598129114  4.339255E-13
1290.3535957987  4.395280E-13
1291.80121030626  3.827430E-13
1293.24882481382  4.224979E-13
1294.69643932138  3.782116E-13
1296.14405382894  3.324193E-13
1297.5916683365  3.571367E-13
1299.03928284406  4.004842E-13
1300.48689735162  3.514438E-13
1301.93451185917  4.552678E-13
1303.38212636674  4.353086E-13
1304.82974087429  3.948513E-13
1306.27735538185  3.423241E-13
1307.72496988941  3.983931E-13
1309.17258439697  3.807274E-13
1310.62019890453  3.096705E-13
1312.06781341209  4.133896E-13
1313.51542791965  4.325079E-13
1314.96304242721  3.631179E-13
1316.41065693477  3.177045E-13
1317.85827144233  2.582535E-13
1319.30588594989  2.735648E-13
1320.75350045745  3.405687E-13
1322.20111496501  4.025258E-13
1323.64872947257  4.314155E-13
1325.09634398013  3.277347E-13
1326.54395848769  3.868727E-13
1327.99157299525  3.961845E-13
1329.43918750281  3.332377E-13
1330.88680201037  3.872173E-13
1332.33441651793  3.698371E-13
1333.78203102549  3.677784E-13
1335.22964553305  3.749580E-13
1336.67726004061  3.903800E-13
1338.12487454817  3.143283E-13
1339.57248905573  2.759872E-13
1341.02010356329  3.501589E-13
1342.46771807085  3.698239E-13
1343.91533257841  3.987998E-13
1345.36294708597  3.623378E-13
1346.81056159353  3.885809E-13
1348.25817610109  3.495693E-13
1349.70579060865  3.692719E-13
1351.15340511621  3.636952E-13
1352.60101962377  3.499908E-13
1354.04863413133  3.384549E-13
1355.49624863889  3.861734E-13
1356.94386314645  3.233570E-13
1358.39147765401  2.598151E-13
1359.83909216157  3.453582E-13
1361.28670666913  3.721044E-13
1362.73432117669  3.443459E-13
1364.18193568425  3.934190E-13
1365.62955019181  4.396079E-13
1367.07716469937  4.300289E-13
1368.52477920693  3.636021E-13
1369.97239371449  3.787494E-13
1371.42000822205  3.623343E-13
1372.86762272961  4.111167E-13
1374.31523723717  3.895879E-13
1375.76285174473  3.868432E-13
1377.21046625229  4.188107E-13
1378.65808075985  3.234585E-13
1380.10569526741  3.394781E-13
1381.55330977497  3.377451E-13
1383.00092428253  3.888750E-13
1384.44853879009  3.629017E-13
1385.89615329765  3.818822E-13
1387.34376780521  4.072744E-13
1388.79138231277  3.035079E-13
1390.23899682033  3.810355E-13
1391.68661132789  3.642630E-13
1393.13422583545  4.080996E-13
1394.581840343  4.459079E-13
1396.02945485057  4.184143E-13
1397.47706935812  3.355006E-13
1398.92468386568  4.141644E-13
1400.37229837324  4.208773E-13
1401.8199128808  4.532846E-13
1403.26752738836  3.745847E-13
1404.71514189592  3.627027E-13
1406.16275640348  3.804248E-13
1407.61037091104  3.530830E-13
1409.0579854186  3.916470E-13
1410.50559992616  4.572822E-13
1411.95321443372  3.939424E-13
1413.40082894128  3.852966E-13
1414.84844344884  3.298084E-13
1416.2960579564  3.528505E-13
1417.74367246396  3.356615E-13
1419.19128697152  3.572806E-13
1420.63890147908  3.223391E-13
1422.08651598664  4.273000E-13
1423.5341304942  3.989835E-13
1424.98174500176  3.451824E-13
1426.42935950932  2.981956E-13
1427.87697401688  3.347405E-13
1429.32458852444  3.357208E-13
1430.772203032  3.216731E-13
1432.21981753956  3.528829E-13
1433.66743204712  3.613346E-13
1435.11504655468  3.207876E-13
1436.56266106224  3.479154E-13
1438.0102755698  3.568416E-13
1439.45789007736  3.361604E-13
1440.90550458492  3.195410E-13
1442.35311909248  2.997314E-13
1443.80073360004  3.299617E-13
1445.2483481076  3.271101E-13
1446.69596261516  3.636073E-13
1448.14357712272  3.380064E-13
1449.59119163028  3.087923E-13
1451.03880613784  3.512358E-13
1452.4864206454  3.692947E-13
1453.93403515296  3.631355E-13
1455.38164966052  3.080702E-13
1456.82926416808  3.016511E-13
1458.27687867564  3.081966E-13
1459.7244931832  3.465055E-13
1461.17210769076  2.958976E-13
1462.61972219832  2.987114E-13
1464.06733670588  3.016174E-13
1465.51495121344  2.971448E-13
1466.962565721  3.017135E-13
1468.41018022856  2.873184E-13
1469.85779473612  3.267727E-13
1471.30540924368  3.009022E-13
1472.75302375124  2.842865E-13
1474.2006382588  3.043979E-13
1475.64825276636  2.838872E-13
1477.09586727392  2.930002E-13
1478.54348178148  3.023229E-13
1479.99109628904  3.237088E-13
1481.4387107966  3.153932E-13
1482.88632530416  2.937880E-13
1484.33393981172  3.153861E-13
1485.78155431928  3.032985E-13
1487.22916882683  3.262653E-13
1488.67678333439  3.315238E-13
1490.12439784195  3.008777E-13
1491.57201234951  3.138170E-13
1493.01962685707  2.893947E-13
1494.46724136463  2.671894E-13
1495.91485587219  2.988568E-13
1497.36247037975  3.030233E-13
1498.81008488731  3.050643E-13
1500.25769939487  3.133741E-13
1501.70531390243  3.016023E-13
1503.15292840999  2.843976E-13
1504.60054291755  2.763599E-13
1506.04815742511  3.073498E-13
1507.49577193267  2.959223E-13
1508.94338644023  3.395531E-13
1510.39100094779  2.985872E-13
1511.83861545535  3.194321E-13
1513.28622996291  3.287387E-13
1514.73384447047  3.108258E-13
1516.18145897803  3.129080E-13
1517.62907348559  3.272201E-13
1519.07668799315  3.197772E-13
1520.52430250071  3.250950E-13
1521.97191700827  3.576272E-13
1523.41953151583  3.346275E-13
1524.86714602339  3.464779E-13
1526.31476053095  3.260588E-13
1527.76237503851  3.234164E-13
1529.20998954607  3.311086E-13
1530.65760405363  3.577026E-13
1532.10521856119  3.490120E-13
1533.55283306875  3.676453E-13
1535.00044757631  4.032183E-13
1536.44806208387  4.073824E-13
1537.89567659143  4.696204E-13
1539.34329109899  4.511878E-13
1540.79090560655  4.532734E-13
1542.23852011411  4.704686E-13
1543.68613462167  4.973956E-13
1545.13374912923  4.972268E-13
1546.58136363679  4.881770E-13
1548.02897814435  5.195173E-13
1549.47659265191  5.150760E-13
1550.92420715947  5.044920E-13
1552.37182166703  4.867249E-13
1553.81943617459  4.683331E-13
1555.26705068215  4.396102E-13
1556.71466518971  4.023868E-13
1558.16227969727  4.119921E-13
1559.60989420483  3.977969E-13
1561.05750871239  3.520728E-13
1562.50512321995  3.396300E-13
1563.95273772751  3.244964E-13
1565.40035223507  3.398103E-13
1566.84796674263  3.407733E-13
1568.29558125019  3.232202E-13
1569.74319575775  3.449321E-13
1571.19081026531  3.168601E-13
1572.63842477287  3.288018E-13
1574.08603928043  3.237785E-13
1575.53365378799  3.113713E-13
1576.98126829555  3.251204E-13
1578.4288828031  3.084490E-13
1579.87649731066  3.108944E-13
1581.32411181822  3.214858E-13
1582.77172632578  3.140457E-13
1584.21934083334  3.087054E-13
1585.6669553409  2.864591E-13
1587.11456984846  2.941374E-13
1588.56218435602  3.245078E-13
1590.00979886358  2.998936E-13
1591.45741337114  2.974649E-13
1592.9050278787  2.950299E-13
1594.35264238626  3.072627E-13
1595.80025689382  2.941875E-13
1597.24787140138  2.968464E-13
1598.69548590894  2.840720E-13
1600.1431004165  2.787025E-13
1601.59071492406  3.063033E-13
1603.03832943162  2.780713E-13
1604.48594393918  2.709600E-13
1605.93355844674  2.721443E-13
1607.3811729543  2.923299E-13
1608.82878746186  3.098233E-13
1610.27640196942  2.881224E-13
1611.72401647698  2.957917E-13
1613.17163098454  2.952738E-13
1614.6192454921  3.183513E-13
1616.06685999966  3.231387E-13
1617.51447450722  3.183982E-13
1618.96208901478  3.280471E-13
1620.40970352234  2.981968E-13
1621.8573180299  2.770480E-13
1623.30493253746  2.772430E-13
1624.75254704502  2.861669E-13
1626.20016155258  2.959061E-13
1627.64777606014  3.007444E-13
1629.0953905677  2.981115E-13
1630.54300507526  3.085378E-13
1631.99061958282  2.971662E-13
1633.43823409038  3.009923E-13
1634.88584859794  2.889128E-13
1636.3334631055  2.892074E-13
1637.78107761306  2.918687E-13
1639.22869212062  2.856877E-13
1640.67630662818  2.877433E-13
1642.12392113574  2.959006E-13
1643.5715356433  2.913752E-13
1645.01915015086  2.978975E-13
1646.46676465842  2.916129E-13
1647.91437916598  2.976610E-13
1649.36199367354  3.037309E-13
1650.8096081811  2.974870E-13
1652.25722268866  2.925841E-13
1653.70483719622  2.884897E-13
1655.15245170378  2.980305E-13
1656.60006621134  3.000163E-13
1658.0476807189  3.072929E-13
1659.49529522646  3.342085E-13
1660.94290973402  3.351855E-13
1662.39052424158  3.114383E-13
1663.83813874914  2.713952E-13
1665.2857532567  2.538507E-13
1666.73336776426  2.522072E-13
1668.18098227181  2.699988E-13
1669.62859677938  2.837854E-13
1671.07621128693  2.858740E-13
1672.52382579449  2.899985E-13
1673.97144030205  2.855765E-13
1675.41905480961  2.771181E-13
1676.86666931717  2.784370E-13
1678.31428382473  2.752717E-13
1679.76189833229  2.709143E-13
1681.20951283985  2.759988E-13
1682.65712734741  2.697122E-13
1684.10474185497  2.696376E-13
1685.55235636253  2.728398E-13
1686.99997087009  2.774139E-13
1688.44758537765  2.766769E-13
1689.89519988521  2.629259E-13
1691.34281439277  2.545268E-13
1692.79042890033  2.537743E-13
1694.23804340789  2.685733E-13
1695.68565791545  2.711963E-13
1697.13327242301  2.665282E-13
1698.58088693057  2.616364E-13
1700.02850143813  2.702649E-13
1701.47611594569  2.634244E-13
1702.92373045325  2.668724E-13
1704.37134496081  2.610365E-13
1705.81895946837  2.577896E-13
1707.26657397593  2.603595E-13
1708.71418848349  2.604169E-13
1710.16180299105  0.
1711.60941749861  0.
1713.05703200617  0.
1714.50464651373  0.
1715.95226102129  0.
1717.39987552885  0.
1718.84749003641  0.
1720.29510454397  0.
1721.74271905153  0.
1723.19033355909  0.
1724.63794806665  0.
1726.08556257421  0.
1727.53317708177  0.
1728.98079158933  0.
1730.42840609689  0.
1731.87602060445  0.
1733.32363511201  0.
1734.77124961957  0.
1736.21886412713  0.
1737.66647863469  0.
1739.11409314225  0.
1740.56170764981  0.
1742.00932215737  0.
1743.45693666493  0.
1744.90455117249  0.
1746.35216568005  0.
1747.79978018761  0.
1749.24739469517  0.
1750.69500920273  0.
1752.14262371029  0.
1753.59023821785  0.
1755.03785272541  0.
1756.48546723297  0.
1757.93308174053  0.
1759.38069624809  0.
1760.82831075565  0.
1762.27592526321  0.
1763.72353977076  0.
1765.17115427832  0.
1766.61876878588  0.
1768.06638329344  0.
1769.513997801  0.
1770.96161230856  0.
1772.40922681612  0.
1773.85684132368  0.
1775.30445583124  0.
1776.7520703388  0.
1778.19968484636  0.
1779.64729935392  0.
1781.09491386148  0.
1782.54252836904  0.
1783.9901428766  0.
1785.43775738416  0.
1786.88537189172  0.
1788.33298639928  0.
1789.78060090684  0.
1791.2282154144  0.
1792.67582992196  0.
1794.12344442952  0.
1795.57105893708  0.
1797.01867344464  0.
1798.4662879522  0.
1799.91390245976  0.
1801.36151696732  0.
1802.80913147488  0.
1804.25674598244  0.
1805.70436049  0.
1807.15197499756  0.
1808.59958950512  0.
1810.04720401268  0.
1811.49481852024  0.
1812.9424330278  0.
1814.39004753536  0.
1815.83766204292  0.
1817.28527655048  0.
1818.73289105804  0.
1820.1805055656  0.
1821.62812007316  0.
1823.07573458072  0.
1824.52334908828  0.
1825.97096359584  0.
1827.4185781034  0.
1828.86619261096  0.
1830.31380711852  0.
1831.76142162608  0.
