906.735751295338  0.
908.183408215875  0.
909.631065136412  0.
911.078722056949  0.
912.526378977485  0.
913.974035898022  0.
915.421692818559  0.
916.869349739096  0.
918.317006659633  0.
919.764663580169  0.
921.212320500706  0.
922.659977421243  0.
924.10763434178  0.
925.555291262316  0.
927.002948182853  0.
928.45060510339  0.
929.898262023927  0.
931.345918944464  0.
932.793575865  0.
934.241232785537  0.
935.688889706074  0.
937.136546626611  0.
938.584203547148  0.
940.031860467684  0.
941.479517388221  0.
942.927174308758  0.
944.374831229295  0.
945.822488149832  0.
947.270145070369  0.
948.717801990905  0.
950.165458911442  0.
951.613115831979  0.
953.060772752515  0.
954.508429673052  0.
955.956086593589  0.
957.403743514126  0.
958.851400434663  0.
960.2990573552  0.
961.746714275736  0.
963.194371196273  0.
964.64202811681  0.
966.089685037347  0.
967.537341957883  0.
968.98499887842  0.
970.432655798957  0.
971.880312719494  0.
973.327969640031  0.
974.775626560567  0.
976.223283481104  0.
977.670940401641  0.
979.118597322178  0.
980.566254242715  0.
982.013911163251  0.
983.461568083788  0.
984.909225004325  0.
986.356881924862  0.
987.804538845399  0.
989.252195765935  0.
990.699852686472  0.
992.147509607009  0.
993.595166527546  3.284527E-13
995.042823448082  2.211968E-13
996.490480368619  3.293800E-13
997.938137289156  2.567574E-13
999.385794209693  3.665989E-13
1000.83345113023  2.767762E-13
1002.28110805077  3.019646E-13
1003.7287649713  2.970434E-13
1005.17642189184  3.637168E-13
1006.62407881238  3.728083E-13
1008.07173573291  2.605721E-13
1009.51939265345  2.929412E-13
1010.96704957399  2.693479E-13
1012.41470649452  3.074941E-13
1013.86236341506  3.577092E-13
1015.3100203356  3.692264E-13
1016.75767725613  3.663132E-13
1018.20533417667  3.259245E-13
1019.65299109721  3.756812E-13
1021.10064801775  3.999552E-13
1022.54830493828  4.137257E-13
1023.99596185882  3.836788E-13
1025.44361877936  5.119793E-13
1026.89127569989  3.783700E-13
1028.33893262043  3.712306E-13
1029.78658954097  3.978861E-13
1031.2342464615  4.074884E-13
1032.68190338204  3.309586E-13
1034.12956030258  3.210354E-13
1035.57721722311  3.987029E-13
1037.02487414365  3.375956E-13
1038.47253106419  2.773701E-13
1039.92018798472  2.931902E-13
1041.36784490526  2.593712E-13
1042.8155018258  2.406137E-13
1044.26315874633  2.705096E-13
1045.71081566687  3.583184E-13
1047.15847258741  2.523900E-13
1048.60612950794  3.564217E-13
1050.05378642848  7.112954E-13
1051.50144334902  4.641690E-13
1052.94910026955  5.037951E-13
1054.39675719009  4.320645E-13
1055.84441411063  4.175025E-13
1057.29207103116  3.016711E-13
1058.7397279517  2.564006E-13
1060.18738487224  2.603777E-13
1061.63504179277  2.989711E-13
1063.08269871331  2.728621E-13
1064.53035563385  3.328156E-13
1065.97801255439  2.638433E-13
1067.42566947492  2.901887E-13
1068.87332639546  2.480006E-13
1070.320983316  2.949561E-13
1071.76864023653  2.606213E-13
1073.21629715707  2.959520E-13
1074.66395407761  2.782301E-13
1076.11161099814  2.788532E-13
1077.55926791868  2.861524E-13
1079.00692483922  2.801791E-13
1080.45458175975  2.406087E-13
1081.90223868029  2.707869E-13
1083.34989560083  2.146907E-13
1084.79755252136  2.181715E-13
1086.2452094419  2.518649E-13
1087.69286636244  2.168153E-13
1089.14052328297  2.270333E-13
1090.58818020351  2.761272E-13
1092.03583712405  3.031534E-13
1093.48349404458  2.381553E-13
1094.93115096512  2.069281E-13
1096.37880788566  2.248918E-13
1097.82646480619  2.307438E-13
1099.27412172673  2.336592E-13
1100.72177864727  2.743528E-13
1102.1694355678  2.210174E-13
1103.61709248834  2.413680E-13
1105.06474940888  2.476854E-13
1106.51240632942  2.385212E-13
1107.96006324995  2.729842E-13
1109.40772017049  3.502561E-13
1110.85537709103  2.169383E-13
1112.30303401156  1.988483E-13
1113.7506909321  2.441066E-13
1115.19834785264  2.711361E-13
1116.64600477317  2.587151E-13
1118.09366169371  2.298392E-13
1119.54131861425  2.244432E-13
1120.98897553478  2.816147E-13
1122.43663245532  2.413310E-13
1123.88428937586  2.174284E-13
1125.33194629639  2.052570E-13
1126.77960321693  2.017856E-13
1128.22726013747  2.389352E-13
1129.674917058  2.354987E-13
1131.12257397854  2.580538E-13
1132.57023089908  2.712787E-13
1134.01788781961  2.753679E-13
1135.46554474015  2.231696E-13
1136.91320166069  2.209873E-13
1138.36085858122  2.088850E-13
1139.80851550176  2.010707E-13
1141.2561724223  2.030684E-13
1142.70382934284  2.318300E-13
1144.15148626337  2.285961E-13
1145.59914318391  2.534375E-13
1147.04680010445  2.091256E-13
1148.49445702498  2.207299E-13
1149.94211394552  1.986013E-13
1151.38977086606  2.394305E-13
1152.83742778659  2.600407E-13
1154.28508470713  2.164765E-13
1155.73274162767  2.474834E-13
1157.1803985482  2.333888E-13
1158.62805546874  2.479616E-13
1160.07571238928  2.542058E-13
1161.52336930981  2.184560E-13
1162.97102623035  2.740275E-13
1164.41868315089  2.669801E-13
1165.86634007142  2.125430E-13
1167.31399699196  2.919620E-13
1168.7616539125  2.359612E-13
1170.20931083303  2.510102E-13
1171.65696775357  2.638248E-13
1173.10462467411  2.338485E-13
1174.55228159464  3.025259E-13
1175.99993851518  2.744515E-13
1177.44759543572  2.889709E-13
1178.89525235625  2.465732E-13
1180.34290927679  2.876259E-13
1181.79056619733  2.919433E-13
1183.23822311787  3.060007E-13
1184.6858800384  2.557508E-13
1186.13353695894  2.690904E-13
1187.58119387948  3.138432E-13
1189.02885080001  2.908763E-13
1190.47650772055  3.293527E-13
1191.92416464109  3.170096E-13
1193.37182156162  3.467308E-13
1194.81947848216  4.054258E-13
1196.2671354027  3.908452E-13
1197.71479232323  3.633114E-13
1199.16244924377  3.681169E-13
1200.61010616431  3.887065E-13
1202.05776308484  4.083909E-13
1203.50542000538  4.854880E-13
1204.95307692592  5.763048E-13
1206.40073384645  5.979647E-13
1207.84839076699  6.437031E-13
1209.29604768753  9.553348E-13
1210.74370460806  7.461138E-13
1212.1913615286  9.163474E-13
1213.63901844914  8.213038E-13
1215.08667536967  7.491447E-13
1216.53433229021  7.411061E-13
1217.98198921075  6.640673E-13
1219.42964613129  6.045285E-13
1220.87730305182  5.026428E-13
1222.32495997236  4.292527E-13
1223.7726168929  4.667879E-13
1225.22027381343  4.087481E-13
1226.66793073397  4.163759E-13
1228.11558765451  4.473866E-13
1229.56324457504  3.809456E-13
1231.01090149558  4.305261E-13
1232.45855841612  3.421133E-13
1233.90621533665  3.889125E-13
1235.35387225719  4.004961E-13
1236.80152917773  4.087273E-13
1238.24918609826  3.820771E-13
1239.6968430188  4.298950E-13
1241.14449993934  3.731408E-13
1242.59215685987  3.540945E-13
1244.03981378041  3.062208E-13
1245.48747070095  2.887632E-13
1246.93512762148  2.643578E-13
1248.38278454202  3.307726E-13
1249.83044146256  2.673316E-13
1251.27809838309  2.820228E-13
1252.72575530363  2.924213E-13
1254.17341222417  2.475714E-13
1255.62106914471  2.291267E-13
1257.06872606524  2.806915E-13
1258.51638298578  2.748207E-13
1259.96403990632  3.124340E-13
1261.41169682685  2.568301E-13
1262.85935374739  3.066098E-13
1264.30701066793  2.322414E-13
1265.75466758846  2.449111E-13
1267.202324509  2.519591E-13
1268.64998142954  2.615760E-13
1270.09763835007  2.128415E-13
1271.54529527061  1.972174E-13
1272.99295219115  2.123870E-13
1274.44060911168  2.375692E-13
1275.88826603222  2.092294E-13
1277.33592295276  2.490136E-13
1278.78357987329  2.338346E-13
1280.23123679383  2.106571E-13
1281.67889371437  2.115551E-13
1283.1265506349  2.587862E-13
1284.57420755544  1.808367E-13
1286.02186447598  2.167759E-13
1287.46952139651  2.310517E-13
1288.91717831705  2.344406E-13
1290.36483523759  1.962138E-13
1291.81249215812  2.066988E-13
1293.26014907866  2.063802E-13
1294.7078059992  1.896681E-13
1296.15546291974  2.347480E-13
1297.60311984027  2.122105E-13
1299.05077676081  2.421226E-13
1300.49843368135  2.239394E-13
1301.94609060188  2.519610E-13
1303.39374752242  2.085857E-13
1304.84140444296  2.104933E-13
1306.28906136349  1.947994E-13
1307.73671828403  1.769092E-13
1309.18437520457  1.890420E-13
1310.6320321251  2.189915E-13
1312.07968904564  1.960912E-13
1313.52734596618  1.972288E-13
1314.97500288671  1.980475E-13
1316.42265980725  2.142289E-13
1317.87031672779  2.182956E-13
1319.31797364832  2.398762E-13
1320.76563056886  2.111199E-13
1322.2132874894  1.903589E-13
1323.66094440993  2.206302E-13
1325.10860133047  2.224150E-13
1326.55625825101  2.067269E-13
1328.00391517154  1.842876E-13
1329.45157209208  2.048192E-13
1330.89922901262  1.910795E-13
1332.34688593315  2.049738E-13
1333.79454285369  2.041195E-13
1335.24219977423  2.130412E-13
1336.68985669477  2.000825E-13
1338.1375136153  2.263165E-13
1339.58517053584  2.105809E-13
1341.03282745638  2.084192E-13
1342.48048437691  2.065320E-13
1343.92814129745  1.872760E-13
1345.37579821799  2.010109E-13
1346.82345513852  2.121372E-13
1348.27111205906  2.071853E-13
1349.7187689796  2.048216E-13
1351.16642590013  2.299584E-13
1352.61408282067  1.835133E-13
1354.06173974121  1.878277E-13
1355.50939666174  2.322787E-13
1356.95705358228  2.094390E-13
1358.40471050282  2.664591E-13
1359.85236742335  2.066884E-13
1361.30002434389  2.406430E-13
1362.74768126443  2.189537E-13
1364.19533818496  2.353457E-13
1365.6429951055  1.863561E-13
1367.09065202604  2.005702E-13
1368.53830894657  2.550341E-13
1369.98596586711  2.327099E-13
1371.43362278765  2.124054E-13
1372.88127970819  2.082052E-13
1374.32893662872  2.133778E-13
1375.77659354926  2.215180E-13
1377.2242504698  2.149096E-13
1378.67190739033  2.283327E-13
1380.11956431087  2.145764E-13
1381.56722123141  2.150588E-13
1383.01487815194  2.085521E-13
1384.46253507248  2.327372E-13
1385.91019199302  2.136517E-13
1387.35784891355  2.364737E-13
1388.80550583409  2.204889E-13
1390.25316275463  2.274118E-13
1391.70081967516  2.356350E-13
1393.1484765957  2.586424E-13
1394.59613351624  2.304360E-13
1396.04379043677  2.159056E-13
1397.49144735731  2.508027E-13
1398.93910427785  2.065515E-13
1400.38676119838  2.376894E-13
1401.83441811892  2.769671E-13
1403.28207503946  2.376860E-13
1404.72973195999  2.411802E-13
1406.17738888053  1.993969E-13
1407.62504580107  2.356500E-13
1409.0727027216  2.161871E-13
1410.52035964214  2.110840E-13
1411.96801656268  1.926587E-13
1413.41567348322  1.852284E-13
1414.86333040375  1.990894E-13
1416.31098732429  1.946541E-13
1417.75864424483  1.989849E-13
1419.20630116536  1.919082E-13
1420.6539580859  2.057348E-13
1422.10161500644  1.930051E-13
1423.54927192697  2.093369E-13
1424.99692884751  2.178352E-13
1426.44458576805  1.933773E-13
1427.89224268858  1.948864E-13
1429.33989960912  1.794497E-13
1430.78755652966  1.721812E-13
1432.23521345019  1.856799E-13
1433.68287037073  1.971091E-13
1435.13052729127  1.841251E-13
1436.5781842118  1.906573E-13
1438.02584113234  2.239645E-13
1439.47349805288  1.997045E-13
1440.92115497341  1.661230E-13
1442.36881189395  1.691439E-13
1443.81646881449  1.842944E-13
1445.26412573502  1.665431E-13
1446.71178265556  1.762174E-13
1448.1594395761  1.812838E-13
1449.60709649664  1.733732E-13
1451.05475341717  1.814325E-13
1452.50241033771  1.702656E-13
1453.95006725825  1.730394E-13
1455.39772417878  1.820559E-13
1456.84538109932  1.862889E-13
1458.29303801986  1.670106E-13
1459.74069494039  1.830510E-13
1461.18835186093  1.862355E-13
1462.63600878147  2.015117E-13
1464.083665702  1.813155E-13
1465.53132262254  1.829632E-13
1466.97897954308  1.969247E-13
1468.42663646361  1.783973E-13
1469.87429338415  1.815520E-13
1471.32195030469  1.795497E-13
1472.76960722522  1.860870E-13
1474.21726414576  1.892607E-13
1475.6649210663  1.907381E-13
1477.11257798683  1.917394E-13
1478.56023490737  1.879848E-13
1480.00789182791  1.718155E-13
1481.45554874844  1.703310E-13
1482.90320566898  1.701575E-13
1484.35086258952  1.924916E-13
1485.79851951005  1.942785E-13
1487.24617643059  1.825487E-13
1488.69383335113  1.743355E-13
1490.14149027167  1.828394E-13
1491.5891471922  1.694003E-13
1493.03680411274  1.737870E-13
1494.48446103328  1.756904E-13
1495.93211795381  1.705579E-13
1497.37977487435  1.712431E-13
1498.82743179489  1.846031E-13
1500.27508871542  1.988899E-13
1501.72274563596  1.901922E-13
1503.1704025565  1.854849E-13
1504.61805947703  2.055734E-13
1506.06571639757  1.832660E-13
1507.51337331811  1.871963E-13
1508.96103023864  1.997727E-13
1510.40868715918  1.979917E-13
1511.85634407972  1.826223E-13
1513.30400100025  2.066375E-13
1514.75165792079  2.044504E-13
1516.19931484133  2.001252E-13
1517.64697176186  2.032297E-13
1519.0946286824  2.001431E-13
1520.54228560294  2.282490E-13
1521.98994252347  2.219566E-13
1523.43759944401  2.030366E-13
1524.88525636455  2.005164E-13
1526.33291328509  2.109159E-13
1527.78057020562  2.260678E-13
1529.22822712616  2.469429E-13
1530.6758840467  2.506737E-13
1532.12354096723  2.577333E-13
1533.57119788777  2.867630E-13
1535.01885480831  2.963191E-13
1536.46651172884  3.266247E-13
1537.91416864938  3.713963E-13
1539.36182556992  3.645355E-13
1540.80948249045  3.805898E-13
1542.25713941099  3.731031E-13
1543.70479633153  3.622668E-13
1545.15245325206  3.618008E-13
1546.6001101726  3.480298E-13
1548.04776709314  3.333924E-13
1549.49542401367  3.460528E-13
1550.94308093421  3.120395E-13
1552.39073785475  2.848644E-13
1553.83839477528  2.792770E-13
1555.28605169582  2.476939E-13
1556.73370861636  2.442301E-13
1558.18136553689  2.389362E-13
1559.62902245743  2.271674E-13
1561.07667937797  2.338601E-13
1562.5243362985  2.187908E-13
1563.97199321904  2.077067E-13
1565.41965013958  2.006873E-13
1566.86730706012  2.056681E-13
1568.31496398065  2.142791E-13
1569.76262090119  2.000003E-13
1571.21027782173  2.021250E-13
1572.65793474226  2.065119E-13
1574.1055916628  1.983189E-13
1575.55324858334  1.926807E-13
1577.00090550387  1.869451E-13
1578.44856242441  2.004738E-13
1579.89621934495  1.849379E-13
1581.34387626548  1.878566E-13
1582.79153318602  1.904645E-13
1584.23919010656  1.943195E-13
1585.68684702709  1.940314E-13
1587.13450394763  1.784576E-13
1588.58216086817  1.769170E-13
1590.0298177887  1.878155E-13
1591.47747470924  1.825616E-13
1592.92513162978  1.817870E-13
1594.37278855031  1.776501E-13
1595.82044547085  1.834496E-13
1597.26810239139  1.680750E-13
1598.71575931192  1.672125E-13
1600.16341623246  1.720406E-13
1601.611073153  1.725093E-13
1603.05873007354  1.703255E-13
1604.50638699407  1.711153E-13
1605.95404391461  1.792723E-13
1607.40170083515  1.838108E-13
1608.84935775568  1.784988E-13
1610.29701467622  1.732292E-13
1611.74467159676  1.845245E-13
1613.19232851729  1.823567E-13
1614.63998543783  1.758300E-13
1616.08764235837  1.857564E-13
1617.5352992789  1.883485E-13
1618.98295619944  1.847571E-13
1620.43061311998  1.936208E-13
1621.87827004051  1.926723E-13
1623.32592696105  1.830171E-13
1624.77358388159  1.825908E-13
1626.22124080212  1.879002E-13
1627.66889772266  1.808373E-13
1629.1165546432  1.827366E-13
1630.56421156373  1.917071E-13
1632.01186848427  1.883036E-13
1633.45952540481  1.857256E-13
1634.90718232534  1.911154E-13
1636.35483924588  1.866247E-13
1637.80249616642  1.909542E-13
1639.25015308695  1.769526E-13
1640.69781000749  1.717717E-13
1642.14546692803  1.660771E-13
1643.59312384857  1.726408E-13
1645.0407807691  1.785710E-13
1646.48843768964  1.711518E-13
1647.93609461018  1.653169E-13
1649.38375153071  1.732975E-13
1650.83140845125  1.725103E-13
1652.27906537179  1.852160E-13
1653.72672229232  1.817788E-13
1655.17437921286  1.761171E-13
1656.6220361334  1.899005E-13
1658.06969305393  1.805113E-13
1659.51734997447  1.799974E-13
1660.96500689501  1.817447E-13
1662.41266381554  1.956433E-13
1663.86032073608  1.806374E-13
1665.30797765662  1.881005E-13
1666.75563457715  1.815851E-13
1668.20329149769  1.747180E-13
1669.65094841823  1.606127E-13
1671.09860533876  1.659746E-13
1672.5462622593  1.624396E-13
1673.99391917984  1.623324E-13
1675.44157610038  1.730494E-13
1676.88923302091  1.709893E-13
1678.33688994145  1.705699E-13
1679.78454686199  1.543209E-13
1681.23220378252  1.646414E-13
1682.67986070306  1.699774E-13
1684.1275176236  1.616378E-13
1685.57517454413  1.635941E-13
1687.02283146467  1.661133E-13
1688.47048838521  1.546133E-13
1689.91814530574  1.598005E-13
1691.36580222628  1.620350E-13
1692.81345914682  1.650273E-13
1694.26111606735  1.640936E-13
1695.70877298789  1.605480E-13
1697.15642990843  1.639298E-13
1698.60408682896  1.660270E-13
1700.0517437495  1.654221E-13
1701.49940067004  1.644223E-13
1702.94705759057  1.625595E-13
1704.39471451111  1.572838E-13
1705.84237143165  1.537836E-13
1707.29002835218  1.490964E-13
1708.73768527272  1.535696E-13
1710.18534219326  0.
1711.63299911379  0.
1713.08065603433  0.
1714.52831295487  0.
1715.97596987541  0.
1717.42362679594  0.
1718.87128371648  0.
1720.31894063702  0.
1721.76659755755  0.
1723.21425447809  0.
1724.66191139863  0.
1726.10956831916  0.
1727.5572252397  0.
1729.00488216024  0.
1730.45253908077  0.
1731.90019600131  0.
1733.34785292185  0.
1734.79550984238  0.
1736.24316676292  0.
1737.69082368346  0.
1739.13848060399  0.
1740.58613752453  0.
1742.03379444507  0.
1743.4814513656  0.
1744.92910828614  0.
1746.37676520668  0.
1747.82442212721  0.
1749.27207904775  0.
1750.71973596829  0.
1752.16739288882  0.
1753.61504980936  0.
1755.0627067299  0.
1756.51036365043  0.
1757.95802057097  0.
1759.40567749151  0.
1760.85333441205  0.
1762.30099133258  0.
1763.74864825312  0.
1765.19630517366  0.
1766.64396209419  0.
1768.09161901473  0.
1769.53927593527  0.
1770.9869328558  0.
1772.43458977634  0.
1773.88224669688  0.
1775.32990361741  0.
1776.77756053795  0.
1778.22521745849  0.
1779.67287437902  0.
1781.12053129956  0.
1782.5681882201  0.
1784.01584514063  0.
1785.46350206117  0.
1786.91115898171  0.
1788.35881590224  0.
1789.80647282278  0.
1791.25412974332  0.
1792.70178666385  0.
1794.14944358439  0.
1795.59710050493  0.
1797.04475742547  0.
1798.492414346  0.
1799.94007126654  0.
1801.38772818708  0.
1802.83538510761  0.
1804.28304202815  0.
1805.73069894869  0.
1807.17835586922  0.
1808.62601278976  0.
1810.0736697103  0.
1811.52132663083  0.
1812.96898355137  0.
1814.41664047191  0.
1815.86429739244  0.
1817.31195431298  0.
1818.75961123352  0.
1820.20726815405  0.
1821.65492507459  0.
1823.10258199513  0.
1824.55023891566  0.
1825.9978958362  0.
1827.44555275674  0.
1828.89320967727  0.
1830.34086659781  0.
1831.78852351835  0.
