906.735751295338  0.
908.183408215875  0.
909.631065136412  0.
911.078722056949  0.
912.526378977485  0.
913.974035898022  0.
915.421692818559  0.
916.869349739096  0.
918.317006659633  0.
919.764663580169  0.
921.212320500706  0.
922.659977421243  0.
924.10763434178  0.
925.555291262316  0.
927.002948182853  0.
928.45060510339  0.
929.898262023927  0.
931.345918944464  0.
932.793575865  0.
934.241232785537  0.
935.688889706074  0.
937.136546626611  0.
938.584203547148  0.
940.031860467684  0.
941.479517388221  0.
942.927174308758  0.
944.374831229295  0.
945.822488149832  0.
947.270145070369  0.
948.717801990905  0.
950.165458911442  0.
951.613115831979  0.
953.060772752515  0.
954.508429673052  0.
955.956086593589  0.
957.403743514126  0.
958.851400434663  0.
960.2990573552  0.
961.746714275736  0.
963.194371196273  0.
964.64202811681  0.
966.089685037347  0.
967.537341957883  0.
968.98499887842  0.
970.432655798957  0.
971.880312719494  0.
973.327969640031  0.
974.775626560567  0.
976.223283481104  0.
977.670940401641  0.
979.118597322178  0.
980.566254242715  0.
982.013911163251  0.
983.461568083788  0.
984.909225004325  0.
986.356881924862  0.
987.804538845399  0.
989.252195765935  0.
990.699852686472  0.
992.147509607009  0.
993.595166527546  2.656829E-13
995.042823448082  3.194973E-13
996.490480368619  3.490886E-13
997.938137289156  3.511001E-13
999.385794209693  3.571682E-13
1000.83345113023  3.532041E-13
1002.28110805077  3.054984E-13
1003.7287649713  2.963537E-13
1005.17642189184  4.599687E-13
1006.62407881238  3.577875E-13
1008.07173573291  3.403616E-13
1009.51939265345  3.603765E-13
1010.96704957399  3.379735E-13
1012.41470649452  3.593003E-13
1013.86236341506  3.378467E-13
1015.3100203356  2.877293E-13
1016.75767725613  2.897458E-13
1018.20533417667  3.039904E-13
1019.65299109721  3.003153E-13
1021.10064801775  3.724228E-13
1022.54830493828  2.875046E-13
1023.99596185882  3.227264E-13
1025.44361877936  3.594086E-13
1026.89127569989  3.432381E-13
1028.33893262043  3.191737E-13
1029.78658954097  3.623477E-13
1031.2342464615  3.678954E-13
1032.68190338204  4.463656E-13
1034.12956030258  3.452934E-13
1035.57721722311  3.653252E-13
1037.02487414365  3.319222E-13
1038.47253106419  3.385052E-13
1039.92018798472  3.042141E-13
1041.36784490526  2.710801E-13
1042.8155018258  2.855501E-13
1044.26315874633  3.693732E-13
1045.71081566687  5.192883E-13
1047.15847258741  4.666613E-13
1048.60612950794  3.657789E-13
1050.05378642848  3.603332E-13
1051.50144334902  3.594841E-13
1052.94910026955  3.656381E-13
1054.39675719009  4.299020E-13
1055.84441411063  3.306925E-13
1057.29207103116  3.102623E-13
1058.7397279517  2.309156E-13
1060.18738487224  2.729550E-13
1061.63504179277  3.250849E-13
1063.08269871331  3.131383E-13
1064.53035563385  3.046952E-13
1065.97801255439  2.917371E-13
1067.42566947492  3.132051E-13
1068.87332639546  2.446645E-13
1070.320983316  2.673167E-13
1071.76864023653  2.841444E-13
1073.21629715707  2.856576E-13
1074.66395407761  3.268154E-13
1076.11161099814  3.075578E-13
1077.55926791868  3.011420E-13
1079.00692483922  2.651606E-13
1080.45458175975  2.313000E-13
1081.90223868029  2.583685E-13
1083.34989560083  2.573413E-13
1084.79755252136  2.143285E-13
1086.2452094419  2.388045E-13
1087.69286636244  2.219521E-13
1089.14052328297  2.322620E-13
1090.58818020351  2.617892E-13
1092.03583712405  2.685394E-13
1093.48349404458  2.409601E-13
1094.93115096512  2.490954E-13
1096.37880788566  2.352439E-13
1097.82646480619  2.566419E-13
1099.27412172673  2.534073E-13
1100.72177864727  2.311391E-13
1102.1694355678  2.291971E-13
1103.61709248834  2.402414E-13
1105.06474940888  2.827341E-13
1106.51240632942  2.766521E-13
1107.96006324995  2.487221E-13
1109.40772017049  2.440397E-13
1110.85537709103  2.366910E-13
1112.30303401156  2.524860E-13
1113.7506909321  2.405895E-13
1115.19834785264  2.150041E-13
1116.64600477317  2.246375E-13
1118.09366169371  2.732174E-13
1119.54131861425  2.194693E-13
1120.98897553478  2.366717E-13
1122.43663245532  2.257348E-13
1123.88428937586  2.248556E-13
1125.33194629639  2.056094E-13
1126.77960321693  2.068582E-13
1128.22726013747  2.016310E-13
1129.674917058  2.327798E-13
1131.12257397854  2.734674E-13
1132.57023089908  2.581536E-13
1134.01788781961  2.670645E-13
1135.46554474015  2.952132E-13
1136.91320166069  2.340647E-13
1138.36085858122  2.323669E-13
1139.80851550176  2.301972E-13
1141.2561724223  2.265774E-13
1142.70382934284  2.445404E-13
1144.15148626337  2.405661E-13
1145.59914318391  2.369364E-13
1147.04680010445  2.454858E-13
1148.49445702498  2.895163E-13
1149.94211394552  2.288332E-13
1151.38977086606  2.279193E-13
1152.83742778659  2.192909E-13
1154.28508470713  2.041577E-13
1155.73274162767  2.313996E-13
1157.1803985482  2.551134E-13
1158.62805546874  2.294125E-13
1160.07571238928  2.716066E-13
1161.52336930981  2.416678E-13
1162.97102623035  2.654913E-13
1164.41868315089  2.034932E-13
1165.86634007142  2.486809E-13
1167.31399699196  2.623368E-13
1168.7616539125  2.643224E-13
1170.20931083303  3.054835E-13
1171.65696775357  2.737757E-13
1173.10462467411  2.888137E-13
1174.55228159464  2.934275E-13
1175.99993851518  3.020396E-13
1177.44759543572  3.103251E-13
1178.89525235625  2.757570E-13
1180.34290927679  2.689053E-13
1181.79056619733  2.518455E-13
1183.23822311787  2.534634E-13
1184.6858800384  2.934988E-13
1186.13353695894  2.500729E-13
1187.58119387948  3.231571E-13
1189.02885080001  3.121038E-13
1190.47650772055  3.278207E-13
1191.92416464109  3.652474E-13
1193.37182156162  3.566503E-13
1194.81947848216  3.284918E-13
1196.2671354027  3.970578E-13
1197.71479232323  3.778942E-13
1199.16244924377  4.351063E-13
1200.61010616431  4.682425E-13
1202.05776308484  3.973639E-13
1203.50542000538  3.771487E-13
1204.95307692592  5.035182E-13
1206.40073384645  5.339553E-13
1207.84839076699  6.527786E-13
1209.29604768753  6.665702E-13
1210.74370460806  6.938075E-13
1212.1913615286  8.287010E-13
1213.63901844914  9.336802E-13
1215.08667536967  8.952925E-13
1216.53433229021  8.745536E-13
1217.98198921075  7.846058E-13
1219.42964613129  7.078044E-13
1220.87730305182  6.204282E-13
1222.32495997236  5.457849E-13
1223.7726168929  4.664229E-13
1225.22027381343  4.575918E-13
1226.66793073397  3.851628E-13
1228.11558765451  4.372177E-13
1229.56324457504  3.807277E-13
1231.01090149558  4.052267E-13
1232.45855841612  4.145017E-13
1233.90621533665  4.158124E-13
1235.35387225719  3.925368E-13
1236.80152917773  4.057323E-13
1238.24918609826  4.497618E-13
1239.6968430188  3.453723E-13
1241.14449993934  3.713416E-13
1242.59215685987  3.595975E-13
1244.03981378041  3.723867E-13
1245.48747070095  3.058885E-13
1246.93512762148  2.996020E-13
1248.38278454202  2.943022E-13
1249.83044146256  2.667581E-13
1251.27809838309  2.629896E-13
1252.72575530363  3.181936E-13
1254.17341222417  3.194088E-13
1255.62106914471  2.978687E-13
1257.06872606524  2.899086E-13
1258.51638298578  2.680029E-13
1259.96403990632  2.524631E-13
1261.41169682685  2.621686E-13
1262.85935374739  2.543954E-13
1264.30701066793  2.505867E-13
1265.75466758846  2.608918E-13
1267.202324509  2.612500E-13
1268.64998142954  2.455423E-13
1270.09763835007  2.241080E-13
1271.54529527061  2.266488E-13
1272.99295219115  2.312021E-13
1274.44060911168  2.242000E-13
1275.88826603222  2.148237E-13
1277.33592295276  2.165067E-13
1278.78357987329  2.148000E-13
1280.23123679383  2.154929E-13
1281.67889371437  2.024635E-13
1283.1265506349  2.131739E-13
1284.57420755544  2.167453E-13
1286.02186447598  2.186881E-13
1287.46952139651  2.215780E-13
1288.91717831705  2.111723E-13
1290.36483523759  2.175801E-13
1291.81249215812  2.073860E-13
1293.26014907866  2.647088E-13
1294.7078059992  2.276115E-13
1296.15546291974  1.959417E-13
1297.60311984027  1.835817E-13
1299.05077676081  2.027140E-13
1300.49843368135  1.983632E-13
1301.94609060188  2.398442E-13
1303.39374752242  2.188257E-13
1304.84140444296  2.257887E-13
1306.28906136349  2.157465E-13
1307.73671828403  2.253505E-13
1309.18437520457  2.087864E-13
1310.6320321251  2.069264E-13
1312.07968904564  2.489130E-13
1313.52734596618  2.409588E-13
1314.97500288671  2.541711E-13
1316.42265980725  2.140456E-13
1317.87031672779  1.890627E-13
1319.31797364832  1.768899E-13
1320.76563056886  2.198322E-13
1322.2132874894  2.025019E-13
1323.66094440993  2.515049E-13
1325.10860133047  2.077810E-13
1326.55625825101  2.134879E-13
1328.00391517154  2.022452E-13
1329.45157209208  2.183987E-13
1330.89922901262  1.983415E-13
1332.34688593315  2.648836E-13
1333.79454285369  2.250866E-13
1335.24219977423  2.225523E-13
1336.68985669477  2.002573E-13
1338.1375136153  2.478901E-13
1339.58517053584  2.173737E-13
1341.03282745638  2.103134E-13
1342.48048437691  1.898727E-13
1343.92814129745  2.261059E-13
1345.37579821799  2.195054E-13
1346.82345513852  2.288347E-13
1348.27111205906  2.342521E-13
1349.7187689796  2.080829E-13
1351.16642590013  2.321674E-13
1352.61408282067  2.120192E-13
1354.06173974121  1.911536E-13
1355.50939666174  2.341017E-13
1356.95705358228  2.279392E-13
1358.40471050282  2.259007E-13
1359.85236742335  2.187985E-13
1361.30002434389  2.398166E-13
1362.74768126443  2.373984E-13
1364.19533818496  2.399283E-13
1365.6429951055  2.139339E-13
1367.09065202604  2.015568E-13
1368.53830894657  2.275390E-13
1369.98596586711  1.927784E-13
1371.43362278765  1.843556E-13
1372.88127970819  2.411333E-13
1374.32893662872  2.116763E-13
1375.77659354926  1.963716E-13
1377.2242504698  2.047258E-13
1378.67190739033  2.332532E-13
1380.11956431087  2.354899E-13
1381.56722123141  2.315348E-13
1383.01487815194  1.958166E-13
1384.46253507248  2.166379E-13
1385.91019199302  2.266473E-13
1387.35784891355  2.544269E-13
1388.80550583409  2.364323E-13
1390.25316275463  2.345396E-13
1391.70081967516  2.195976E-13
1393.1484765957  2.562857E-13
1394.59613351624  2.440136E-13
1396.04379043677  2.486758E-13
1397.49144735731  2.374558E-13
1398.93910427785  2.321105E-13
1400.38676119838  2.277639E-13
1401.83441811892  2.835705E-13
1403.28207503946  2.092167E-13
1404.72973195999  2.197156E-13
1406.17738888053  2.121387E-13
1407.62504580107  2.169334E-13
1409.0727027216  2.153537E-13
1410.52035964214  2.225274E-13
1411.96801656268  2.508480E-13
1413.41567348322  2.154196E-13
1414.86333040375  1.950579E-13
1416.31098732429  1.879163E-13
1417.75864424483  1.879527E-13
1419.20630116536  2.039728E-13
1420.6539580859  1.959747E-13
1422.10161500644  2.108241E-13
1423.54927192697  2.017943E-13
1424.99692884751  1.808687E-13
1426.44458576805  1.761921E-13
1427.89224268858  1.803021E-13
1429.33989960912  2.023151E-13
1430.78755652966  1.794215E-13
1432.23521345019  1.865443E-13
1433.68287037073  2.101398E-13
1435.13052729127  1.855483E-13
1436.5781842118  1.842045E-13
1438.02584113234  2.075316E-13
1439.47349805288  2.084365E-13
1440.92115497341  1.910995E-13
1442.36881189395  1.641290E-13
1443.81646881449  1.713292E-13
1445.26412573502  1.967374E-13
1446.71178265556  1.813369E-13
1448.1594395761  2.025620E-13
1449.60709649664  2.139182E-13
1451.05475341717  2.067866E-13
1452.50241033771  2.355138E-13
1453.95006725825  2.024835E-13
1455.39772417878  2.053564E-13
1456.84538109932  2.002271E-13
1458.29303801986  2.134308E-13
1459.74069494039  2.164852E-13
1461.18835186093  2.462684E-13
1462.63600878147  2.067182E-13
1464.083665702  1.996601E-13
1465.53132262254  1.997928E-13
1466.97897954308  2.180306E-13
1468.42663646361  1.886778E-13
1469.87429338415  1.777500E-13
1471.32195030469  1.813654E-13
1472.76960722522  1.711432E-13
1474.21726414576  1.881784E-13
1475.6649210663  2.029056E-13
1477.11257798683  1.983358E-13
1478.56023490737  2.154832E-13
1480.00789182791  1.940108E-13
1481.45554874844  2.045183E-13
1482.90320566898  1.946947E-13
1484.35086258952  1.783128E-13
1485.79851951005  2.021334E-13
1487.24617643059  1.937664E-13
1488.69383335113  1.851615E-13
1490.14149027167  1.887533E-13
1491.5891471922  1.867376E-13
1493.03680411274  2.006638E-13
1494.48446103328  1.960995E-13
1495.93211795381  1.868700E-13
1497.37977487435  1.967495E-13
1498.82743179489  2.122005E-13
1500.27508871542  2.053838E-13
1501.72274563596  2.049446E-13
1503.1704025565  1.871074E-13
1504.61805947703  2.028718E-13
1506.06571639757  2.061310E-13
1507.51337331811  2.040603E-13
1508.96103023864  1.964587E-13
1510.40868715918  2.152661E-13
1511.85634407972  2.245122E-13
1513.30400100025  2.058915E-13
1514.75165792079  2.156651E-13
1516.19931484133  2.330417E-13
1517.64697176186  2.114388E-13
1519.0946286824  2.043303E-13
1520.54228560294  2.183815E-13
1521.98994252347  2.268489E-13
1523.43759944401  2.230523E-13
1524.88525636455  2.293010E-13
1526.33291328509  2.326167E-13
1527.78057020562  2.243451E-13
1529.22822712616  2.400489E-13
1530.6758840467  2.177359E-13
1532.12354096723  2.564115E-13
1533.57119788777  2.638523E-13
1535.01885480831  2.739626E-13
1536.46651172884  2.929562E-13
1537.91416864938  3.141156E-13
1539.36182556992  3.236351E-13
1540.80948249045  3.370167E-13
1542.25713941099  3.413296E-13
1543.70479633153  3.763560E-13
1545.15245325206  3.759712E-13
1546.6001101726  3.742343E-13
1548.04776709314  3.274594E-13
1549.49542401367  3.253496E-13
1550.94308093421  3.371183E-13
1552.39073785475  3.293857E-13
1553.83839477528  3.123690E-13
1555.28605169582  2.849056E-13
1556.73370861636  2.536594E-13
1558.18136553689  2.495649E-13
1559.62902245743  2.359620E-13
1561.07667937797  2.324538E-13
1562.5243362985  2.446707E-13
1563.97199321904  2.354973E-13
1565.41965013958  2.303608E-13
1566.86730706012  2.240202E-13
1568.31496398065  2.186121E-13
1569.76262090119  2.080578E-13
1571.21027782173  2.060762E-13
1572.65793474226  2.028609E-13
1574.1055916628  2.015278E-13
1575.55324858334  1.976561E-13
1577.00090550387  1.886934E-13
1578.44856242441  1.951755E-13
1579.89621934495  2.058469E-13
1581.34387626548  1.952423E-13
1582.79153318602  2.030259E-13
1584.23919010656  1.978920E-13
1585.68684702709  1.918805E-13
1587.13450394763  1.824103E-13
1588.58216086817  1.955430E-13
1590.0298177887  1.957891E-13
1591.47747470924  1.968342E-13
1592.92513162978  1.897034E-13
1594.37278855031  1.831006E-13
1595.82044547085  1.991321E-13
1597.26810239139  1.767898E-13
1598.71575931192  1.847379E-13
1600.16341623246  1.793788E-13
1601.611073153  1.725056E-13
1603.05873007354  1.673133E-13
1604.50638699407  1.689070E-13
1605.95404391461  1.805075E-13
1607.40170083515  1.792134E-13
1608.84935775568  1.841987E-13
1610.29701467622  1.897869E-13
1611.74467159676  1.924267E-13
1613.19232851729  1.922848E-13
1614.63998543783  1.948636E-13
1616.08764235837  1.962405E-13
1617.5352992789  1.922847E-13
1618.98295619944  1.921856E-13
1620.43061311998  1.899171E-13
1621.87827004051  1.760642E-13
1623.32592696105  1.849358E-13
1624.77358388159  1.894009E-13
1626.22124080212  1.832206E-13
1627.66889772266  1.848150E-13
1629.1165546432  1.880503E-13
1630.56421156373  1.976018E-13
1632.01186848427  1.963365E-13
1633.45952540481  1.961068E-13
1634.90718232534  1.938248E-13
1636.35483924588  1.965674E-13
1637.80249616642  1.921204E-13
1639.25015308695  1.943013E-13
1640.69781000749  1.857946E-13
1642.14546692803  1.816059E-13
1643.59312384857  1.795160E-13
1645.0407807691  1.881589E-13
1646.48843768964  1.856846E-13
1647.93609461018  1.787727E-13
1649.38375153071  1.882534E-13
1650.83140845125  1.851386E-13
1652.27906537179  1.848698E-13
1653.72672229232  1.791389E-13
1655.17437921286  1.851518E-13
1656.6220361334  1.950966E-13
1658.06969305393  1.917729E-13
1659.51734997447  1.946735E-13
1660.96500689501  1.923213E-13
1662.41266381554  1.928127E-13
1663.86032073608  1.977416E-13
1665.30797765662  1.874695E-13
1666.75563457715  1.676105E-13
1668.20329149769  1.753494E-13
1669.65094841823  1.669468E-13
1671.09860533876  1.716335E-13
1672.5462622593  1.764717E-13
1673.99391917984  1.701868E-13
1675.44157610038  1.738610E-13
1676.88923302091  1.714716E-13
1678.33688994145  1.690936E-13
1679.78454686199  1.707379E-13
1681.23220378252  1.685522E-13
1682.67986070306  1.618383E-13
1684.1275176236  1.707034E-13
1685.57517454413  1.660289E-13
1687.02283146467  1.703756E-13
1688.47048838521  1.666350E-13
1689.91814530574  1.708104E-13
1691.36580222628  1.732354E-13
1692.81345914682  1.711396E-13
1694.26111606735  1.681385E-13
1695.70877298789  1.726980E-13
1697.15642990843  1.841318E-13
1698.60408682896  1.822430E-13
1700.0517437495  1.686259E-13
1701.49940067004  1.625897E-13
1702.94705759057  1.601550E-13
1704.39471451111  1.618312E-13
1705.84237143165  1.679962E-13
1707.29002835218  1.601633E-13
1708.73768527272  1.637751E-13
1710.18534219326  0.
1711.63299911379  0.
1713.08065603433  0.
1714.52831295487  0.
1715.97596987541  0.
1717.42362679594  0.
1718.87128371648  0.
1720.31894063702  0.
1721.76659755755  0.
1723.21425447809  0.
1724.66191139863  0.
1726.10956831916  0.
1727.5572252397  0.
1729.00488216024  0.
1730.45253908077  0.
1731.90019600131  0.
1733.34785292185  0.
1734.79550984238  0.
1736.24316676292  0.
1737.69082368346  0.
1739.13848060399  0.
1740.58613752453  0.
1742.03379444507  0.
1743.4814513656  0.
1744.92910828614  0.
1746.37676520668  0.
1747.82442212721  0.
1749.27207904775  0.
1750.71973596829  0.
1752.16739288882  0.
1753.61504980936  0.
1755.0627067299  0.
1756.51036365043  0.
1757.95802057097  0.
1759.40567749151  0.
1760.85333441205  0.
1762.30099133258  0.
1763.74864825312  0.
1765.19630517366  0.
1766.64396209419  0.
1768.09161901473  0.
1769.53927593527  0.
1770.9869328558  0.
1772.43458977634  0.
1773.88224669688  0.
1775.32990361741  0.
1776.77756053795  0.
1778.22521745849  0.
1779.67287437902  0.
1781.12053129956  0.
1782.5681882201  0.
1784.01584514063  0.
1785.46350206117  0.
1786.91115898171  0.
1788.35881590224  0.
1789.80647282278  0.
1791.25412974332  0.
1792.70178666385  0.
1794.14944358439  0.
1795.59710050493  0.
1797.04475742547  0.
1798.492414346  0.
1799.94007126654  0.
1801.38772818708  0.
1802.83538510761  0.
1804.28304202815  0.
1805.73069894869  0.
1807.17835586922  0.
1808.62601278976  0.
1810.0736697103  0.
1811.52132663083  0.
1812.96898355137  0.
1814.41664047191  0.
1815.86429739244  0.
1817.31195431298  0.
1818.75961123352  0.
1820.20726815405  0.
1821.65492507459  0.
1823.10258199513  0.
1824.55023891566  0.
1825.9978958362  0.
1827.44555275674  0.
1828.89320967727  0.
1830.34086659781  0.
1831.78852351835  0.
