906.735751295338  0.
908.183408215875  0.
909.631065136412  0.
911.078722056949  0.
912.526378977485  0.
913.974035898022  0.
915.421692818559  0.
916.869349739096  0.
918.317006659633  0.
919.764663580169  0.
921.212320500706  0.
922.659977421243  0.
924.10763434178  0.
925.555291262316  0.
927.002948182853  0.
928.45060510339  0.
929.898262023927  0.
931.345918944464  0.
932.793575865  0.
934.241232785537  0.
935.688889706074  0.
937.136546626611  0.
938.584203547148  0.
940.031860467684  0.
941.479517388221  0.
942.927174308758  0.
944.374831229295  0.
945.822488149832  0.
947.270145070369  0.
948.717801990905  0.
950.165458911442  0.
951.613115831979  0.
953.060772752515  0.
954.508429673052  0.
955.956086593589  0.
957.403743514126  0.
958.851400434663  0.
960.2990573552  0.
961.746714275736  0.
963.194371196273  0.
964.64202811681  0.
966.089685037347  0.
967.537341957883  0.
968.98499887842  0.
970.432655798957  0.
971.880312719494  0.
973.327969640031  0.
974.775626560567  0.
976.223283481104  0.
977.670940401641  0.
979.118597322178  0.
980.566254242715  0.
982.013911163251  0.
983.461568083788  0.
984.909225004325  0.
986.356881924862  0.
987.804538845399  0.
989.252195765935  0.
990.699852686472  0.
992.147509607009  0.
993.595166527546  1.314286E-13
995.042823448082  2.349824E-13
996.490480368619  1.797099E-13
997.938137289156  2.004658E-13
999.385794209693  2.162311E-13
1000.83345113023  2.665892E-13
1002.28110805077  3.088043E-13
1003.7287649713  2.597004E-13
1005.17642189184  2.926707E-13
1006.62407881238  2.810352E-13
1008.07173573291  1.661423E-13
1009.51939265345  2.933002E-13
1010.96704957399  2.357525E-13
1012.41470649452  1.833093E-13
1013.86236341506  2.325549E-13
1015.3100203356  2.790083E-13
1016.75767725613  1.919687E-13
1018.20533417667  2.013956E-13
1019.65299109721  2.418111E-13
1021.10064801775  1.979658E-13
1022.54830493828  2.332740E-13
1023.99596185882  2.758729E-13
1025.44361877936  3.046424E-13
1026.89127569989  2.692809E-13
1028.33893262043  2.508081E-13
1029.78658954097  2.769915E-13
1031.2342464615  2.728502E-13
1032.68190338204  2.563587E-13
1034.12956030258  2.847400E-13
1035.57721722311  2.824789E-13
1037.02487414365  2.412422E-13
1038.47253106419  2.174298E-13
1039.92018798472  2.053228E-13
1041.36784490526  2.178842E-13
1042.8155018258  2.669822E-13
1044.26315874633  3.019146E-13
1045.71081566687  3.783944E-13
1047.15847258741  4.274371E-13
1048.60612950794  3.369606E-13
1050.05378642848  2.926489E-13
1051.50144334902  2.877204E-13
1052.94910026955  2.809057E-13
1054.39675719009  2.222993E-13
1055.84441411063  1.827981E-13
1057.29207103116  1.810750E-13
1058.7397279517  1.800129E-13
1060.18738487224  1.850913E-13
1061.63504179277  2.077846E-13
1063.08269871331  1.869045E-13
1064.53035563385  1.917052E-13
1065.97801255439  2.093585E-13
1067.42566947492  1.927976E-13
1068.87332639546  2.099035E-13
1070.320983316  2.166083E-13
1071.76864023653  1.780063E-13
1073.21629715707  2.153888E-13
1074.66395407761  2.081050E-13
1076.11161099814  2.099058E-13
1077.55926791868  2.035500E-13
1079.00692483922  2.168262E-13
1080.45458175975  2.232415E-13
1081.90223868029  1.858464E-13
1083.34989560083  1.832354E-13
1084.79755252136  1.740541E-13
1086.2452094419  1.764664E-13
1087.69286636244  1.806562E-13
1089.14052328297  1.982708E-13
1090.58818020351  1.667042E-13
1092.03583712405  1.806391E-13
1093.48349404458  1.909257E-13
1094.93115096512  1.924062E-13
1096.37880788566  1.721649E-13
1097.82646480619  2.072110E-13
1099.27412172673  1.828698E-13
1100.72177864727  1.847992E-13
1102.1694355678  1.828626E-13
1103.61709248834  1.738245E-13
1105.06474940888  1.800047E-13
1106.51240632942  1.941543E-13
1107.96006324995  1.775465E-13
1109.40772017049  1.841051E-13
1110.85537709103  2.103156E-13
1112.30303401156  2.061662E-13
1113.7506909321  1.896290E-13
1115.19834785264  1.905298E-13
1116.64600477317  2.000064E-13
1118.09366169371  1.990403E-13
1119.54131861425  1.906556E-13
1120.98897553478  1.849612E-13
1122.43663245532  2.179166E-13
1123.88428937586  1.911697E-13
1125.33194629639  1.634286E-13
1126.77960321693  1.670513E-13
1128.22726013747  1.551497E-13
1129.674917058  1.720809E-13
1131.12257397854  2.044793E-13
1132.57023089908  1.881255E-13
1134.01788781961  2.112924E-13
1135.46554474015  1.839280E-13
1136.91320166069  1.729627E-13
1138.36085858122  1.510054E-13
1139.80851550176  1.437228E-13
1141.2561724223  1.727570E-13
1142.70382934284  1.548858E-13
1144.15148626337  1.680835E-13
1145.59914318391  2.147506E-13
1147.04680010445  1.752978E-13
1148.49445702498  1.897255E-13
1149.94211394552  1.855482E-13
1151.38977086606  1.605541E-13
1152.83742778659  1.554101E-13
1154.28508470713  1.521412E-13
1155.73274162767  1.735961E-13
1157.1803985482  2.019180E-13
1158.62805546874  1.768952E-13
1160.07571238928  1.604021E-13
1161.52336930981  1.842328E-13
1162.97102623035  1.764605E-13
1164.41868315089  1.915668E-13
1165.86634007142  1.792353E-13
1167.31399699196  1.849262E-13
1168.7616539125  1.843533E-13
1170.20931083303  1.923603E-13
1171.65696775357  2.106331E-13
1173.10462467411  2.246977E-13
1174.55228159464  1.722146E-13
1175.99993851518  2.092596E-13
1177.44759543572  2.115856E-13
1178.89525235625  2.006338E-13
1180.34290927679  1.864010E-13
1181.79056619733  2.047189E-13
1183.23822311787  1.926814E-13
1184.6858800384  2.091641E-13
1186.13353695894  1.952895E-13
1187.58119387948  2.288072E-13
1189.02885080001  2.369451E-13
1190.47650772055  2.291338E-13
1191.92416464109  2.490972E-13
1193.37182156162  2.465850E-13
1194.81947848216  2.626383E-13
1196.2671354027  2.241829E-13
1197.71479232323  2.362583E-13
1199.16244924377  2.638592E-13
1200.61010616431  2.892891E-13
1202.05776308484  3.132222E-13
1203.50542000538  3.049686E-13
1204.95307692592  3.089746E-13
1206.40073384645  3.224779E-13
1207.84839076699  4.040874E-13
1209.29604768753  4.446038E-13
1210.74370460806  5.619371E-13
1212.1913615286  5.232982E-13
1213.63901844914  5.997097E-13
1215.08667536967  6.723629E-13
1216.53433229021  7.033632E-13
1217.98198921075  7.026677E-13
1219.42964613129  5.970183E-13
1220.87730305182  5.610890E-13
1222.32495997236  4.599906E-13
1223.7726168929  3.680184E-13
1225.22027381343  3.560027E-13
1226.66793073397  3.108382E-13
1228.11558765451  3.318779E-13
1229.56324457504  2.921435E-13
1231.01090149558  2.390471E-13
1232.45855841612  2.809042E-13
1233.90621533665  2.833919E-13
1235.35387225719  3.097454E-13
1236.80152917773  3.027802E-13
1238.24918609826  3.347238E-13
1239.6968430188  2.848543E-13
1241.14449993934  2.657919E-13
1242.59215685987  2.815203E-13
1244.03981378041  2.497007E-13
1245.48747070095  2.185741E-13
1246.93512762148  2.563308E-13
1248.38278454202  2.602148E-13
1249.83044146256  2.327872E-13
1251.27809838309  2.227193E-13
1252.72575530363  2.114686E-13
1254.17341222417  1.858559E-13
1255.62106914471  1.825976E-13
1257.06872606524  1.946103E-13
1258.51638298578  2.084411E-13
1259.96403990632  2.098874E-13
1261.41169682685  2.127989E-13
1262.85935374739  1.890322E-13
1264.30701066793  1.988809E-13
1265.75466758846  1.813486E-13
1267.202324509  1.674616E-13
1268.64998142954  1.588243E-13
1270.09763835007  1.756745E-13
1271.54529527061  1.889492E-13
1272.99295219115  1.792592E-13
1274.44060911168  1.665567E-13
1275.88826603222  1.839419E-13
1277.33592295276  1.643854E-13
1278.78357987329  1.694100E-13
1280.23123679383  1.550524E-13
1281.67889371437  1.616108E-13
1283.1265506349  1.733421E-13
1284.57420755544  1.584537E-13
1286.02186447598  1.697911E-13
1287.46952139651  1.780426E-13
1288.91717831705  1.860598E-13
1290.36483523759  1.591182E-13
1291.81249215812  1.621705E-13
1293.26014907866  1.560202E-13
1294.7078059992  1.786527E-13
1296.15546291974  1.773388E-13
1297.60311984027  1.744304E-13
1299.05077676081  1.540467E-13
1300.49843368135  1.682173E-13
1301.94609060188  1.801911E-13
1303.39374752242  1.461672E-13
1304.84140444296  1.503902E-13
1306.28906136349  1.502774E-13
1307.73671828403  1.702349E-13
1309.18437520457  1.649993E-13
1310.6320321251  1.528841E-13
1312.07968904564  1.476889E-13
1313.52734596618  1.741509E-13
1314.97500288671  1.841391E-13
1316.42265980725  1.686727E-13
1317.87031672779  1.540143E-13
1319.31797364832  1.208795E-13
1320.76563056886  1.560460E-13
1322.2132874894  1.611746E-13
1323.66094440993  1.485559E-13
1325.10860133047  1.518145E-13
1326.55625825101  1.627256E-13
1328.00391517154  1.536645E-13
1329.45157209208  1.478473E-13
1330.89922901262  1.568797E-13
1332.34688593315  1.570181E-13
1333.79454285369  1.762442E-13
1335.24219977423  1.615275E-13
1336.68985669477  1.404759E-13
1338.1375136153  1.343567E-13
1339.58517053584  1.477945E-13
1341.03282745638  1.576483E-13
1342.48048437691  1.404520E-13
1343.92814129745  1.559151E-13
1345.37579821799  1.552592E-13
1346.82345513852  1.680135E-13
1348.27111205906  1.574500E-13
1349.7187689796  1.434122E-13
1351.16642590013  1.615699E-13
1352.61408282067  1.683750E-13
1354.06173974121  1.479904E-13
1355.50939666174  1.442485E-13
1356.95705358228  1.615027E-13
1358.40471050282  1.381093E-13
1359.85236742335  1.340774E-13
1361.30002434389  1.462070E-13
1362.74768126443  1.608801E-13
1364.19533818496  1.616267E-13
1365.6429951055  1.362021E-13
1367.09065202604  1.372699E-13
1368.53830894657  1.733067E-13
1369.98596586711  1.538589E-13
1371.43362278765  1.372428E-13
1372.88127970819  1.355580E-13
1374.32893662872  1.421098E-13
1375.77659354926  1.530625E-13
1377.2242504698  1.640069E-13
1378.67190739033  1.786926E-13
1380.11956431087  1.818250E-13
1381.56722123141  1.801861E-13
1383.01487815194  1.751868E-13
1384.46253507248  1.600023E-13
1385.91019199302  1.522626E-13
1387.35784891355  1.585156E-13
1388.80550583409  1.719728E-13
1390.25316275463  1.636445E-13
1391.70081967516  1.709923E-13
1393.1484765957  1.708841E-13
1394.59613351624  1.815838E-13
1396.04379043677  2.196216E-13
1397.49144735731  1.898617E-13
1398.93910427785  1.974031E-13
1400.38676119838  2.033350E-13
1401.83441811892  2.002620E-13
1403.28207503946  1.748739E-13
1404.72973195999  1.636477E-13
1406.17738888053  1.572967E-13
1407.62504580107  1.323750E-13
1409.0727027216  1.452582E-13
1410.52035964214  1.663407E-13
1411.96801656268  1.701752E-13
1413.41567348322  1.653752E-13
1414.86333040375  1.532674E-13
1416.31098732429  1.437342E-13
1417.75864424483  1.525554E-13
1419.20630116536  1.525550E-13
1420.6539580859  1.380876E-13
1422.10161500644  1.557011E-13
1423.54927192697  1.557507E-13
1424.99692884751  1.397500E-13
1426.44458576805  1.666113E-13
1427.89224268858  1.645163E-13
1429.33989960912  1.438241E-13
1430.78755652966  1.516247E-13
1432.23521345019  1.605598E-13
1433.68287037073  1.731455E-13
1435.13052729127  1.417451E-13
1436.5781842118  1.392729E-13
1438.02584113234  1.429885E-13
1439.47349805288  1.498025E-13
1440.92115497341  1.597958E-13
1442.36881189395  1.325700E-13
1443.81646881449  1.282295E-13
1445.26412573502  1.180315E-13
1446.71178265556  1.157314E-13
1448.1594395761  1.233809E-13
1449.60709649664  1.315380E-13
1451.05475341717  1.362797E-13
1452.50241033771  1.320636E-13
1453.95006725825  1.280297E-13
1455.39772417878  1.306529E-13
1456.84538109932  1.318151E-13
1458.29303801986  1.334886E-13
1459.74069494039  1.475687E-13
1461.18835186093  1.510967E-13
1462.63600878147  1.369986E-13
1464.083665702  1.285571E-13
1465.53132262254  1.266332E-13
1466.97897954308  1.379523E-13
1468.42663646361  1.571971E-13
1469.87429338415  1.524078E-13
1471.32195030469  1.301619E-13
1472.76960722522  1.337083E-13
1474.21726414576  1.386535E-13
1475.6649210663  1.317992E-13
1477.11257798683  1.433015E-13
1478.56023490737  1.454964E-13
1480.00789182791  1.477961E-13
1481.45554874844  1.485389E-13
1482.90320566898  1.420141E-13
1484.35086258952  1.598324E-13
1485.79851951005  1.549847E-13
1487.24617643059  1.318056E-13
1488.69383335113  1.142639E-13
1490.14149027167  1.171335E-13
1491.5891471922  1.346006E-13
1493.03680411274  1.298019E-13
1494.48446103328  1.332816E-13
1495.93211795381  1.350663E-13
1497.37977487435  1.341977E-13
1498.82743179489  1.404168E-13
1500.27508871542  1.559986E-13
1501.72274563596  1.469240E-13
1503.1704025565  1.397325E-13
1504.61805947703  1.483746E-13
1506.06571639757  1.540712E-13
1507.51337331811  1.496397E-13
1508.96103023864  1.552511E-13
1510.40868715918  1.477459E-13
1511.85634407972  1.548182E-13
1513.30400100025  1.399900E-13
1514.75165792079  1.437674E-13
1516.19931484133  1.474755E-13
1517.64697176186  1.574533E-13
1519.0946286824  1.598782E-13
1520.54228560294  1.598390E-13
1521.98994252347  1.743282E-13
1523.43759944401  1.671971E-13
1524.88525636455  1.594506E-13
1526.33291328509  1.592884E-13
1527.78057020562  1.662269E-13
1529.22822712616  1.690515E-13
1530.6758840467  1.630154E-13
1532.12354096723  1.659578E-13
1533.57119788777  1.679403E-13
1535.01885480831  1.737889E-13
1536.46651172884  1.739084E-13
1537.91416864938  1.974301E-13
1539.36182556992  2.153879E-13
1540.80948249045  2.234870E-13
1542.25713941099  2.369082E-13
1543.70479633153  2.386239E-13
1545.15245325206  2.700903E-13
1546.6001101726  2.853781E-13
1548.04776709314  2.444431E-13
1549.49542401367  2.271972E-13
1550.94308093421  2.394369E-13
1552.39073785475  2.617922E-13
1553.83839477528  2.569851E-13
1555.28605169582  2.291606E-13
1556.73370861636  2.179379E-13
1558.18136553689  1.925654E-13
1559.62902245743  1.862339E-13
1561.07667937797  1.787593E-13
1562.5243362985  1.672568E-13
1563.97199321904  1.664450E-13
1565.41965013958  1.680219E-13
1566.86730706012  1.533887E-13
1568.31496398065  1.638827E-13
1569.76262090119  1.601113E-13
1571.21027782173  1.493885E-13
1572.65793474226  1.526955E-13
1574.1055916628  1.441776E-13
1575.55324858334  1.450768E-13
1577.00090550387  1.447771E-13
1578.44856242441  1.566764E-13
1579.89621934495  1.653090E-13
1581.34387626548  1.608541E-13
1582.79153318602  1.578035E-13
1584.23919010656  1.649437E-13
1585.68684702709  1.460663E-13
1587.13450394763  1.353729E-13
1588.58216086817  1.342779E-13
1590.0298177887  1.342246E-13
1591.47747470924  1.465511E-13
1592.92513162978  1.506008E-13
1594.37278855031  1.442483E-13
1595.82044547085  1.362389E-13
1597.26810239139  1.398547E-13
1598.71575931192  1.357448E-13
1600.16341623246  1.455816E-13
1601.611073153  1.410427E-13
1603.05873007354  1.404620E-13
1604.50638699407  1.367831E-13
1605.95404391461  1.326443E-13
1607.40170083515  1.457301E-13
1608.84935775568  1.426657E-13
1610.29701467622  1.351629E-13
1611.74467159676  1.335330E-13
1613.19232851729  1.389587E-13
1614.63998543783  1.403364E-13
1616.08764235837  1.245568E-13
1617.5352992789  1.222739E-13
1618.98295619944  1.299831E-13
1620.43061311998  1.385668E-13
1621.87827004051  1.388894E-13
1623.32592696105  1.382055E-13
1624.77358388159  1.402382E-13
1626.22124080212  1.370131E-13
1627.66889772266  1.403562E-13
1629.1165546432  1.414921E-13
1630.56421156373  1.452800E-13
1632.01186848427  1.383396E-13
1633.45952540481  1.393454E-13
1634.90718232534  1.560732E-13
1636.35483924588  1.505974E-13
1637.80249616642  1.446960E-13
1639.25015308695  1.430988E-13
1640.69781000749  1.357538E-13
1642.14546692803  1.329194E-13
1643.59312384857  1.312864E-13
1645.0407807691  1.332714E-13
1646.48843768964  1.327379E-13
1647.93609461018  1.345554E-13
1649.38375153071  1.303260E-13
1650.83140845125  1.304484E-13
1652.27906537179  1.392103E-13
1653.72672229232  1.431641E-13
1655.17437921286  1.430207E-13
1656.6220361334  1.448723E-13
1658.06969305393  1.400655E-13
1659.51734997447  1.438534E-13
1660.96500689501  1.393705E-13
1662.41266381554  1.394930E-13
1663.86032073608  1.354775E-13
1665.30797765662  1.342094E-13
1666.75563457715  1.346522E-13
1668.20329149769  1.286516E-13
1669.65094841823  1.282533E-13
1671.09860533876  1.253451E-13
1672.5462622593  1.239371E-13
1673.99391917984  1.209768E-13
1675.44157610038  1.247867E-13
1676.88923302091  1.185221E-13
1678.33688994145  1.167925E-13
1679.78454686199  1.236616E-13
1681.23220378252  1.223146E-13
1682.67986070306  1.205751E-13
1684.1275176236  1.272530E-13
1685.57517454413  1.295162E-13
1687.02283146467  1.321850E-13
1688.47048838521  1.320898E-13
1689.91814530574  1.272066E-13
1691.36580222628  1.249760E-13
1692.81345914682  1.232172E-13
1694.26111606735  1.226695E-13
1695.70877298789  1.248585E-13
1697.15642990843  1.235991E-13
1698.60408682896  1.261623E-13
1700.0517437495  1.248689E-13
1701.49940067004  1.201660E-13
1702.94705759057  1.177195E-13
1704.39471451111  1.197393E-13
1705.84237143165  1.224720E-13
1707.29002835218  1.187800E-13
1708.73768527272  1.147480E-13
1710.18534219326  0.
1711.63299911379  0.
1713.08065603433  0.
1714.52831295487  0.
1715.97596987541  0.
1717.42362679594  0.
1718.87128371648  0.
1720.31894063702  0.
1721.76659755755  0.
1723.21425447809  0.
1724.66191139863  0.
1726.10956831916  0.
1727.5572252397  0.
1729.00488216024  0.
1730.45253908077  0.
1731.90019600131  0.
1733.34785292185  0.
1734.79550984238  0.
1736.24316676292  0.
1737.69082368346  0.
1739.13848060399  0.
1740.58613752453  0.
1742.03379444507  0.
1743.4814513656  0.
1744.92910828614  0.
1746.37676520668  0.
1747.82442212721  0.
1749.27207904775  0.
1750.71973596829  0.
1752.16739288882  0.
1753.61504980936  0.
1755.0627067299  0.
1756.51036365043  0.
1757.95802057097  0.
1759.40567749151  0.
1760.85333441205  0.
1762.30099133258  0.
1763.74864825312  0.
1765.19630517366  0.
1766.64396209419  0.
1768.09161901473  0.
1769.53927593527  0.
1770.9869328558  0.
1772.43458977634  0.
1773.88224669688  0.
1775.32990361741  0.
1776.77756053795  0.
1778.22521745849  0.
1779.67287437902  0.
1781.12053129956  0.
1782.5681882201  0.
1784.01584514063  0.
1785.46350206117  0.
1786.91115898171  0.
1788.35881590224  0.
1789.80647282278  0.
1791.25412974332  0.
1792.70178666385  0.
1794.14944358439  0.
1795.59710050493  0.
1797.04475742547  0.
1798.492414346  0.
1799.94007126654  0.
1801.38772818708  0.
1802.83538510761  0.
1804.28304202815  0.
1805.73069894869  0.
1807.17835586922  0.
1808.62601278976  0.
1810.0736697103  0.
1811.52132663083  0.
1812.96898355137  0.
1814.41664047191  0.
1815.86429739244  0.
1817.31195431298  0.
1818.75961123352  0.
1820.20726815405  0.
1821.65492507459  0.
1823.10258199513  0.
1824.55023891566  0.
1825.9978958362  0.
1827.44555275674  0.
1828.89320967727  0.
1830.34086659781  0.
1831.78852351835  0.
