906.735751295338  0.
908.183408215875  0.
909.631065136412  0.
911.078722056949  0.
912.526378977485  0.
913.974035898022  0.
915.421692818559  0.
916.869349739096  0.
918.317006659633  0.
919.764663580169  0.
921.212320500706  0.
922.659977421243  0.
924.10763434178  0.
925.555291262316  0.
927.002948182853  0.
928.45060510339  0.
929.898262023927  0.
931.345918944464  0.
932.793575865  0.
934.241232785537  0.
935.688889706074  0.
937.136546626611  0.
938.584203547148  0.
940.031860467684  0.
941.479517388221  0.
942.927174308758  0.
944.374831229295  0.
945.822488149832  0.
947.270145070369  0.
948.717801990905  0.
950.165458911442  0.
951.613115831979  0.
953.060772752515  0.
954.508429673052  0.
955.956086593589  0.
957.403743514126  0.
958.851400434663  0.
960.2990573552  0.
961.746714275736  0.
963.194371196273  0.
964.64202811681  0.
966.089685037347  0.
967.537341957883  0.
968.98499887842  0.
970.432655798957  0.
971.880312719494  0.
973.327969640031  0.
974.775626560567  0.
976.223283481104  0.
977.670940401641  0.
979.118597322178  0.
980.566254242715  0.
982.013911163251  0.
983.461568083788  0.
984.909225004325  0.
986.356881924862  0.
987.804538845399  0.
989.252195765935  0.
990.699852686472  0.
992.147509607009  0.
993.595166527546  5.641128E-13
995.042823448082  7.578190E-13
996.490480368619  3.912515E-13
997.938137289156  3.083118E-13
999.385794209693  3.968661E-13
1000.83345113023  4.369538E-13
1002.28110805077  3.368230E-13
1003.7287649713  3.307453E-13
1005.17642189184  4.145232E-13
1006.62407881238  3.592736E-13
1008.07173573291  3.607453E-13
1009.51939265345  3.809262E-13
1010.96704957399  3.645892E-13
1012.41470649452  3.990031E-13
1013.86236341506  3.577413E-13
1015.3100203356  3.452543E-13
1016.75767725613  3.997270E-13
1018.20533417667  4.094906E-13
1019.65299109721  3.652935E-13
1021.10064801775  3.499315E-13
1022.54830493828  3.771345E-13
1023.99596185882  3.942597E-13
1025.44361877936  4.091070E-13
1026.89127569989  3.961323E-13
1028.33893262043  3.585156E-13
1029.78658954097  4.010338E-13
1031.2342464615  3.757071E-13
1032.68190338204  3.878324E-13
1034.12956030258  3.799163E-13
1035.57721722311  3.983166E-13
1037.02487414365  3.429875E-13
1038.47253106419  3.628191E-13
1039.92018798472  3.265298E-13
1041.36784490526  3.137151E-13
1042.8155018258  3.152194E-13
1044.26315874633  4.105644E-13
1045.71081566687  4.494866E-13
1047.15847258741  5.008263E-13
1048.60612950794  4.647755E-13
1050.05378642848  4.539293E-13
1051.50144334902  4.131537E-13
1052.94910026955  4.384864E-13
1054.39675719009  3.587116E-13
1055.84441411063  3.168673E-13
1057.29207103116  2.885442E-13
1058.7397279517  2.991228E-13
1060.18738487224  2.965557E-13
1061.63504179277  2.917258E-13
1063.08269871331  3.061056E-13
1064.53035563385  3.042922E-13
1065.97801255439  3.133393E-13
1067.42566947492  3.070383E-13
1068.87332639546  2.876929E-13
1070.320983316  2.667164E-13
1071.76864023653  2.822009E-13
1073.21629715707  2.770321E-13
1074.66395407761  2.767275E-13
1076.11161099814  2.943205E-13
1077.55926791868  2.605658E-13
1079.00692483922  2.478809E-13
1080.45458175975  2.632463E-13
1081.90223868029  2.731362E-13
1083.34989560083  2.828203E-13
1084.79755252136  2.447709E-13
1086.2452094419  2.539716E-13
1087.69286636244  2.335608E-13
1089.14052328297  2.355354E-13
1090.58818020351  2.511513E-13
1092.03583712405  2.752426E-13
1093.48349404458  2.498915E-13
1094.93115096512  2.449233E-13
1096.37880788566  2.521876E-13
1097.82646480619  2.464346E-13
1099.27412172673  2.228705E-13
1100.72177864727  2.301862E-13
1102.1694355678  2.996455E-13
1103.61709248834  2.687858E-13
1105.06474940888  2.569951E-13
1106.51240632942  2.645416E-13
1107.96006324995  2.554804E-13
1109.40772017049  2.577849E-13
1110.85537709103  2.903605E-13
1112.30303401156  2.710697E-13
1113.7506909321  2.582127E-13
1115.19834785264  2.928877E-13
1116.64600477317  3.117228E-13
1118.09366169371  2.497780E-13
1119.54131861425  2.705354E-13
1120.98897553478  2.473607E-13
1122.43663245532  2.740025E-13
1123.88428937586  2.127314E-13
1125.33194629639  2.131160E-13
1126.77960321693  2.058140E-13
1128.22726013747  2.271110E-13
1129.674917058  2.735066E-13
1131.12257397854  2.708082E-13
1132.57023089908  2.858491E-13
1134.01788781961  2.523257E-13
1135.46554474015  2.201207E-13
1136.91320166069  2.502335E-13
1138.36085858122  2.431163E-13
1139.80851550176  2.245608E-13
1141.2561724223  2.422256E-13
1142.70382934284  2.597538E-13
1144.15148626337  2.501450E-13
1145.59914318391  2.616575E-13
1147.04680010445  2.521221E-13
1148.49445702498  2.494764E-13
1149.94211394552  2.598437E-13
1151.38977086606  2.477321E-13
1152.83742778659  2.270897E-13
1154.28508470713  2.136923E-13
1155.73274162767  2.376751E-13
1157.1803985482  2.568540E-13
1158.62805546874  2.565516E-13
1160.07571238928  2.270649E-13
1161.52336930981  2.835378E-13
1162.97102623035  2.336407E-13
1164.41868315089  3.171263E-13
1165.86634007142  2.480583E-13
1167.31399699196  2.525844E-13
1168.7616539125  2.518856E-13
1170.20931083303  2.475413E-13
1171.65696775357  3.070583E-13
1173.10462467411  3.027781E-13
1174.55228159464  2.734682E-13
1175.99993851518  3.041621E-13
1177.44759543572  2.856848E-13
1178.89525235625  2.900045E-13
1180.34290927679  2.712210E-13
1181.79056619733  2.885424E-13
1183.23822311787  3.031729E-13
1184.6858800384  3.044160E-13
1186.13353695894  2.914532E-13
1187.58119387948  3.210293E-13
1189.02885080001  3.825135E-13
1190.47650772055  3.260308E-13
1191.92416464109  3.568162E-13
1193.37182156162  3.630775E-13
1194.81947848216  4.167645E-13
1196.2671354027  3.629880E-13
1197.71479232323  3.816259E-13
1199.16244924377  4.394940E-13
1200.61010616431  4.560620E-13
1202.05776308484  4.701120E-13
1203.50542000538  4.685164E-13
1204.95307692592  4.384465E-13
1206.40073384645  5.533926E-13
1207.84839076699  6.158654E-13
1209.29604768753  6.108754E-13
1210.74370460806  7.769574E-13
1212.1913615286  8.180415E-13
1213.63901844914  8.951137E-13
1215.08667536967  8.929395E-13
1216.53433229021  1.070583E-12
1217.98198921075  8.317299E-13
1219.42964613129  6.782806E-13
1220.87730305182  6.541965E-13
1222.32495997236  6.294484E-13
1223.7726168929  4.457821E-13
1225.22027381343  4.693635E-13
1226.66793073397  4.208934E-13
1228.11558765451  3.954907E-13
1229.56324457504  4.216465E-13
1231.01090149558  4.100898E-13
1232.45855841612  4.237865E-13
1233.90621533665  4.341500E-13
1235.35387225719  4.246600E-13
1236.80152917773  3.749045E-13
1238.24918609826  3.428240E-13
1239.6968430188  4.262421E-13
1241.14449993934  3.766043E-13
1242.59215685987  3.682955E-13
1244.03981378041  3.246737E-13
1245.48747070095  3.139223E-13
1246.93512762148  2.891927E-13
1248.38278454202  3.135490E-13
1249.83044146256  3.157673E-13
1251.27809838309  3.181295E-13
1252.72575530363  2.862183E-13
1254.17341222417  2.808044E-13
1255.62106914471  2.827448E-13
1257.06872606524  2.660369E-13
1258.51638298578  3.008534E-13
1259.96403990632  2.869345E-13
1261.41169682685  2.335091E-13
1262.85935374739  2.585200E-13
1264.30701066793  2.371056E-13
1265.75466758846  2.470524E-13
1267.202324509  2.494756E-13
1268.64998142954  2.487651E-13
1270.09763835007  2.501939E-13
1271.54529527061  2.463780E-13
1272.99295219115  2.244842E-13
1274.44060911168  2.318165E-13
1275.88826603222  2.332813E-13
1277.33592295276  2.061716E-13
1278.78357987329  2.430583E-13
1280.23123679383  2.287317E-13
1281.67889371437  2.358197E-13
1283.1265506349  2.162046E-13
1284.57420755544  1.983505E-13
1286.02186447598  2.057617E-13
1287.46952139651  2.112622E-13
1288.91717831705  2.152183E-13
1290.36483523759  2.362828E-13
1291.81249215812  2.234397E-13
1293.26014907866  2.163415E-13
1294.7078059992  2.257534E-13
1296.15546291974  2.328944E-13
1297.60311984027  2.404155E-13
1299.05077676081  2.192923E-13
1300.49843368135  2.214357E-13
1301.94609060188  2.399020E-13
1303.39374752242  2.288802E-13
1304.84140444296  2.135714E-13
1306.28906136349  2.423837E-13
1307.73671828403  2.107193E-13
1309.18437520457  2.164501E-13
1310.6320321251  2.147503E-13
1312.07968904564  2.285400E-13
1313.52734596618  2.324416E-13
1314.97500288671  2.179117E-13
1316.42265980725  2.214491E-13
1317.87031672779  2.063484E-13
1319.31797364832  1.835481E-13
1320.76563056886  1.934325E-13
1322.2132874894  1.939243E-13
1323.66094440993  2.093471E-13
1325.10860133047  2.259677E-13
1326.55625825101  2.311723E-13
1328.00391517154  2.423215E-13
1329.45157209208  2.398877E-13
1330.89922901262  2.251588E-13
1332.34688593315  2.273019E-13
1333.79454285369  2.159757E-13
1335.24219977423  2.064376E-13
1336.68985669477  2.078175E-13
1338.1375136153  1.898681E-13
1339.58517053584  2.010241E-13
1341.03282745638  2.116332E-13
1342.48048437691  2.049591E-13
1343.92814129745  2.172120E-13
1345.37579821799  2.047431E-13
1346.82345513852  2.177539E-13
1348.27111205906  2.284057E-13
1349.7187689796  2.323120E-13
1351.16642590013  2.401992E-13
1352.61408282067  2.342892E-13
1354.06173974121  2.074360E-13
1355.50939666174  1.951420E-13
1356.95705358228  1.823033E-13
1358.40471050282  2.086466E-13
1359.85236742335  2.074467E-13
1361.30002434389  2.096497E-13
1362.74768126443  2.032521E-13
1364.19533818496  2.159017E-13
1365.6429951055  2.015348E-13
1367.09065202604  2.223761E-13
1368.53830894657  2.470022E-13
1369.98596586711  2.280168E-13
1371.43362278765  2.129407E-13
1372.88127970819  2.110470E-13
1374.32893662872  2.191262E-13
1375.77659354926  2.011914E-13
1377.2242504698  2.136233E-13
1378.67190739033  2.286453E-13
1380.11956431087  2.243708E-13
1381.56722123141  2.145907E-13
1383.01487815194  1.889086E-13
1384.46253507248  2.171118E-13
1385.91019199302  2.187464E-13
1387.35784891355  2.188323E-13
1388.80550583409  2.311101E-13
1390.25316275463  2.269132E-13
1391.70081967516  2.172883E-13
1393.1484765957  2.258162E-13
1394.59613351624  2.423956E-13
1396.04379043677  2.323201E-13
1397.49144735731  2.454903E-13
1398.93910427785  2.661922E-13
1400.38676119838  2.793532E-13
1401.83441811892  2.512629E-13
1403.28207503946  2.711929E-13
1404.72973195999  2.183593E-13
1406.17738888053  2.191842E-13
1407.62504580107  2.396121E-13
1409.0727027216  2.228400E-13
1410.52035964214  2.315507E-13
1411.96801656268  2.324504E-13
1413.41567348322  2.295386E-13
1414.86333040375  2.039267E-13
1416.31098732429  2.225597E-13
1417.75864424483  2.006268E-13
1419.20630116536  1.881713E-13
1420.6539580859  1.990796E-13
1422.10161500644  2.032305E-13
1423.54927192697  2.148710E-13
1424.99692884751  2.060908E-13
1426.44458576805  1.983463E-13
1427.89224268858  2.121487E-13
1429.33989960912  2.024001E-13
1430.78755652966  1.791127E-13
1432.23521345019  1.869293E-13
1433.68287037073  2.132729E-13
1435.13052729127  2.008893E-13
1436.5781842118  1.779538E-13
1438.02584113234  1.915646E-13
1439.47349805288  1.798228E-13
1440.92115497341  1.968721E-13
1442.36881189395  1.656751E-13
1443.81646881449  1.774125E-13
1445.26412573502  1.768458E-13
1446.71178265556  1.903754E-13
1448.1594395761  1.902299E-13
1449.60709649664  1.903882E-13
1451.05475341717  1.871699E-13
1452.50241033771  1.949979E-13
1453.95006725825  2.096942E-13
1455.39772417878  2.079745E-13
1456.84538109932  2.004081E-13
1458.29303801986  1.830960E-13
1459.74069494039  1.926371E-13
1461.18835186093  1.799983E-13
1462.63600878147  1.655153E-13
1464.083665702  1.841975E-13
1465.53132262254  1.878029E-13
1466.97897954308  2.029239E-13
1468.42663646361  1.954685E-13
1469.87429338415  1.988447E-13
1471.32195030469  1.889487E-13
1472.76960722522  1.782073E-13
1474.21726414576  1.825638E-13
1475.6649210663  1.818153E-13
1477.11257798683  1.809355E-13
1478.56023490737  1.844745E-13
1480.00789182791  1.835967E-13
1481.45554874844  2.015959E-13
1482.90320566898  2.109049E-13
1484.35086258952  1.955004E-13
1485.79851951005  1.877841E-13
1487.24617643059  1.913898E-13
1488.69383335113  1.782206E-13
1490.14149027167  2.077169E-13
1491.5891471922  1.883612E-13
1493.03680411274  1.721921E-13
1494.48446103328  1.760033E-13
1495.93211795381  1.805822E-13
1497.37977487435  1.927918E-13
1498.82743179489  1.819487E-13
1500.27508871542  1.959087E-13
1501.72274563596  1.970440E-13
1503.1704025565  1.887340E-13
1504.61805947703  1.989618E-13
1506.06571639757  1.951556E-13
1507.51337331811  1.837148E-13
1508.96103023864  1.842120E-13
1510.40868715918  1.900769E-13
1511.85634407972  1.904360E-13
1513.30400100025  1.999121E-13
1514.75165792079  1.983878E-13
1516.19931484133  1.981484E-13
1517.64697176186  1.968771E-13
1519.0946286824  2.144562E-13
1520.54228560294  2.094466E-13
1521.98994252347  2.279548E-13
1523.43759944401  2.238564E-13
1524.88525636455  2.202645E-13
1526.33291328509  2.180228E-13
1527.78057020562  2.307877E-13
1529.22822712616  2.188576E-13
1530.6758840467  2.188938E-13
1532.12354096723  2.223750E-13
1533.57119788777  2.533353E-13
1535.01885480831  2.629318E-13
1536.46651172884  2.787811E-13
1537.91416864938  3.216659E-13
1539.36182556992  3.428965E-13
1540.80948249045  3.442152E-13
1542.25713941099  3.652011E-13
1543.70479633153  3.715413E-13
1545.15245325206  3.802340E-13
1546.6001101726  3.919423E-13
1548.04776709314  4.111029E-13
1549.49542401367  3.311208E-13
1550.94308093421  3.420431E-13
1552.39073785475  3.158943E-13
1553.83839477528  3.101466E-13
1555.28605169582  2.749559E-13
1556.73370861636  2.577421E-13
1558.18136553689  2.590004E-13
1559.62902245743  2.415318E-13
1561.07667937797  2.292262E-13
1562.5243362985  2.242548E-13
1563.97199321904  2.169795E-13
1565.41965013958  2.220298E-13
1566.86730706012  2.065386E-13
1568.31496398065  2.103146E-13
1569.76262090119  2.220511E-13
1571.21027782173  2.179817E-13
1572.65793474226  2.125952E-13
1574.1055916628  2.098334E-13
1575.55324858334  2.093955E-13
1577.00090550387  2.006496E-13
1578.44856242441  2.008279E-13
1579.89621934495  1.970874E-13
1581.34387626548  1.964683E-13
1582.79153318602  1.908461E-13
1584.23919010656  1.826017E-13
1585.68684702709  1.815521E-13
1587.13450394763  1.833120E-13
1588.58216086817  1.793739E-13
1590.0298177887  1.827273E-13
1591.47747470924  1.808632E-13
1592.92513162978  1.852903E-13
1594.37278855031  1.793003E-13
1595.82044547085  1.775696E-13
1597.26810239139  1.756774E-13
1598.71575931192  1.705944E-13
1600.16341623246  1.718003E-13
1601.611073153  1.797968E-13
1603.05873007354  1.750563E-13
1604.50638699407  1.742472E-13
1605.95404391461  1.812750E-13
1607.40170083515  1.729373E-13
1608.84935775568  1.816768E-13
1610.29701467622  1.808488E-13
1611.74467159676  1.937527E-13
1613.19232851729  1.923036E-13
1614.63998543783  1.867479E-13
1616.08764235837  1.881390E-13
1617.5352992789  1.833387E-13
1618.98295619944  1.843228E-13
1620.43061311998  1.873181E-13
1621.87827004051  1.851323E-13
1623.32592696105  1.783238E-13
1624.77358388159  1.799763E-13
1626.22124080212  1.786709E-13
1627.66889772266  1.764212E-13
1629.1165546432  1.801112E-13
1630.56421156373  1.901340E-13
1632.01186848427  1.913322E-13
1633.45952540481  1.897979E-13
1634.90718232534  1.913183E-13
1636.35483924588  1.873206E-13
1637.80249616642  1.814183E-13
1639.25015308695  1.789753E-13
1640.69781000749  1.804030E-13
1642.14546692803  1.834785E-13
1643.59312384857  1.787559E-13
1645.0407807691  1.834762E-13
1646.48843768964  1.782254E-13
1647.93609461018  1.778789E-13
1649.38375153071  1.818568E-13
1650.83140845125  1.835291E-13
1652.27906537179  1.853712E-13
1653.72672229232  1.822143E-13
1655.17437921286  1.836316E-13
1656.6220361334  1.870332E-13
1658.06969305393  1.825716E-13
1659.51734997447  1.912352E-13
1660.96500689501  1.795884E-13
1662.41266381554  1.776889E-13
1663.86032073608  1.808783E-13
1665.30797765662  1.797783E-13
1666.75563457715  1.807899E-13
1668.20329149769  1.819311E-13
1669.65094841823  1.722636E-13
1671.09860533876  1.781304E-13
1672.5462622593  1.700578E-13
1673.99391917984  1.695131E-13
1675.44157610038  1.715210E-13
1676.88923302091  1.690568E-13
1678.33688994145  1.719063E-13
1679.78454686199  1.703766E-13
1681.23220378252  1.732240E-13
1682.67986070306  1.745090E-13
1684.1275176236  1.776825E-13
1685.57517454413  1.728590E-13
1687.02283146467  1.720600E-13
1688.47048838521  1.686799E-13
1689.91814530574  1.641277E-13
1691.36580222628  1.589747E-13
1692.81345914682  1.535562E-13
1694.26111606735  1.551697E-13
1695.70877298789  1.518205E-13
1697.15642990843  1.582828E-13
1698.60408682896  1.612103E-13
1700.0517437495  1.630571E-13
1701.49940067004  1.657005E-13
1702.94705759057  1.647921E-13
1704.39471451111  1.648112E-13
1705.84237143165  1.585224E-13
1707.29002835218  1.567886E-13
1708.73768527272  1.539346E-13
1710.18534219326  0.
1711.63299911379  0.
1713.08065603433  0.
1714.52831295487  0.
1715.97596987541  0.
1717.42362679594  0.
1718.87128371648  0.
1720.31894063702  0.
1721.76659755755  0.
1723.21425447809  0.
1724.66191139863  0.
1726.10956831916  0.
1727.5572252397  0.
1729.00488216024  0.
1730.45253908077  0.
1731.90019600131  0.
1733.34785292185  0.
1734.79550984238  0.
1736.24316676292  0.
1737.69082368346  0.
1739.13848060399  0.
1740.58613752453  0.
1742.03379444507  0.
1743.4814513656  0.
1744.92910828614  0.
1746.37676520668  0.
1747.82442212721  0.
1749.27207904775  0.
1750.71973596829  0.
1752.16739288882  0.
1753.61504980936  0.
1755.0627067299  0.
1756.51036365043  0.
1757.95802057097  0.
1759.40567749151  0.
1760.85333441205  0.
1762.30099133258  0.
1763.74864825312  0.
1765.19630517366  0.
1766.64396209419  0.
1768.09161901473  0.
1769.53927593527  0.
1770.9869328558  0.
1772.43458977634  0.
1773.88224669688  0.
1775.32990361741  0.
1776.77756053795  0.
1778.22521745849  0.
1779.67287437902  0.
1781.12053129956  0.
1782.5681882201  0.
1784.01584514063  0.
1785.46350206117  0.
1786.91115898171  0.
1788.35881590224  0.
1789.80647282278  0.
1791.25412974332  0.
1792.70178666385  0.
1794.14944358439  0.
1795.59710050493  0.
1797.04475742547  0.
1798.492414346  0.
1799.94007126654  0.
1801.38772818708  0.
1802.83538510761  0.
1804.28304202815  0.
1805.73069894869  0.
1807.17835586922  0.
1808.62601278976  0.
1810.0736697103  0.
1811.52132663083  0.
1812.96898355137  0.
1814.41664047191  0.
1815.86429739244  0.
1817.31195431298  0.
1818.75961123352  0.
1820.20726815405  0.
1821.65492507459  0.
1823.10258199513  0.
1824.55023891566  0.
1825.9978958362  0.
1827.44555275674  0.
1828.89320967727  0.
1830.34086659781  0.
1831.78852351835  0.
