906.735751295338  0.
908.183408215875  0.
909.631065136412  0.
911.078722056949  0.
912.526378977485  0.
913.974035898022  0.
915.421692818559  0.
916.869349739096  0.
918.317006659633  0.
919.764663580169  0.
921.212320500706  0.
922.659977421243  0.
924.10763434178  0.
925.555291262316  0.
927.002948182853  0.
928.45060510339  0.
929.898262023927  0.
931.345918944464  0.
932.793575865  0.
934.241232785537  0.
935.688889706074  0.
937.136546626611  0.
938.584203547148  0.
940.031860467684  0.
941.479517388221  0.
942.927174308758  0.
944.374831229295  0.
945.822488149832  0.
947.270145070369  0.
948.717801990905  0.
950.165458911442  0.
951.613115831979  0.
953.060772752515  0.
954.508429673052  0.
955.956086593589  0.
957.403743514126  0.
958.851400434663  0.
960.2990573552  0.
961.746714275736  0.
963.194371196273  0.
964.64202811681  0.
966.089685037347  0.
967.537341957883  0.
968.98499887842  0.
970.432655798957  0.
971.880312719494  0.
973.327969640031  0.
974.775626560567  0.
976.223283481104  0.
977.670940401641  0.
979.118597322178  0.
980.566254242715  0.
982.013911163251  0.
983.461568083788  0.
984.909225004325  0.
986.356881924862  0.
987.804538845399  0.
989.252195765935  0.
990.699852686472  0.
992.147509607009  0.
993.595166527546  2.040315E-13
995.042823448082  3.101403E-13
996.490480368619  2.724621E-13
997.938137289156  3.920053E-13
999.385794209693  4.427118E-13
1000.83345113023  4.385640E-13
1002.28110805077  4.067823E-13
1003.7287649713  3.795240E-13
1005.17642189184  3.376476E-13
1006.62407881238  4.386842E-13
1008.07173573291  3.481779E-13
1009.51939265345  3.866573E-13
1010.96704957399  3.551444E-13
1012.41470649452  3.757811E-13
1013.86236341506  3.348984E-13
1015.3100203356  3.996446E-13
1016.75767725613  3.293130E-13
1018.20533417667  4.537973E-13
1019.65299109721  3.579823E-13
1021.10064801775  4.048959E-13
1022.54830493828  4.713529E-13
1023.99596185882  4.181885E-13
1025.44361877936  5.112640E-13
1026.89127569989  4.600006E-13
1028.33893262043  4.621340E-13
1029.78658954097  4.612832E-13
1031.2342464615  4.945572E-13
1032.68190338204  3.783671E-13
1034.12956030258  3.809327E-13
1035.57721722311  3.476466E-13
1037.02487414365  3.634810E-13
1038.47253106419  3.563371E-13
1039.92018798472  3.478582E-13
1041.36784490526  3.267399E-13
1042.8155018258  3.456236E-13
1044.26315874633  3.531429E-13
1045.71081566687  3.279671E-13
1047.15847258741  3.554734E-13
1048.60612950794  4.348841E-13
1050.05378642848  4.145517E-13
1051.50144334902  4.289081E-13
1052.94910026955  4.648871E-13
1054.39675719009  4.829468E-13
1055.84441411063  3.987662E-13
1057.29207103116  3.419282E-13
1058.7397279517  3.462529E-13
1060.18738487224  3.527079E-13
1061.63504179277  3.518738E-13
1063.08269871331  3.461572E-13
1064.53035563385  3.194581E-13
1065.97801255439  3.388316E-13
1067.42566947492  3.527811E-13
1068.87332639546  3.291250E-13
1070.320983316  3.370152E-13
1071.76864023653  3.133074E-13
1073.21629715707  3.413313E-13
1074.66395407761  3.103032E-13
1076.11161099814  3.439612E-13
1077.55926791868  3.312509E-13
1079.00692483922  2.953470E-13
1080.45458175975  2.942367E-13
1081.90223868029  3.119285E-13
1083.34989560083  3.329058E-13
1084.79755252136  2.889846E-13
1086.2452094419  2.532514E-13
1087.69286636244  2.473262E-13
1089.14052328297  3.209818E-13
1090.58818020351  3.064444E-13
1092.03583712405  2.684882E-13
1093.48349404458  2.877539E-13
1094.93115096512  3.291084E-13
1096.37880788566  2.657540E-13
1097.82646480619  2.771165E-13
1099.27412172673  2.787765E-13
1100.72177864727  2.668348E-13
1102.1694355678  2.705341E-13
1103.61709248834  2.897265E-13
1105.06474940888  3.028169E-13
1106.51240632942  2.792424E-13
1107.96006324995  2.935732E-13
1109.40772017049  3.013774E-13
1110.85537709103  3.079671E-13
1112.30303401156  2.897532E-13
1113.7506909321  2.976257E-13
1115.19834785264  2.772324E-13
1116.64600477317  2.970549E-13
1118.09366169371  2.980242E-13
1119.54131861425  2.583557E-13
1120.98897553478  2.430245E-13
1122.43663245532  2.742043E-13
1123.88428937586  2.574348E-13
1125.33194629639  2.802607E-13
1126.77960321693  2.734679E-13
1128.22726013747  2.769223E-13
1129.674917058  2.920870E-13
1131.12257397854  2.885227E-13
1132.57023089908  2.654939E-13
1134.01788781961  2.602039E-13
1135.46554474015  2.947818E-13
1136.91320166069  2.283193E-13
1138.36085858122  2.438542E-13
1139.80851550176  2.594946E-13
1141.2561724223  2.791873E-13
1142.70382934284  2.593960E-13
1144.15148626337  2.571749E-13
1145.59914318391  2.890200E-13
1147.04680010445  2.933543E-13
1148.49445702498  2.587557E-13
1149.94211394552  2.298885E-13
1151.38977086606  2.365280E-13
1152.83742778659  2.414708E-13
1154.28508470713  2.542320E-13
1155.73274162767  2.606134E-13
1157.1803985482  2.748740E-13
1158.62805546874  2.598217E-13
1160.07571238928  3.095951E-13
1161.52336930981  3.009159E-13
1162.97102623035  2.968766E-13
1164.41868315089  2.785622E-13
1165.86634007142  2.837753E-13
1167.31399699196  3.112778E-13
1168.7616539125  2.680352E-13
1170.20931083303  3.148373E-13
1171.65696775357  3.016983E-13
1173.10462467411  2.837570E-13
1174.55228159464  2.720377E-13
1175.99993851518  2.920380E-13
1177.44759543572  3.140904E-13
1178.89525235625  3.215587E-13
1180.34290927679  3.279244E-13
1181.79056619733  3.131705E-13
1183.23822311787  2.544444E-13
1184.6858800384  2.593802E-13
1186.13353695894  3.199213E-13
1187.58119387948  3.216274E-13
1189.02885080001  3.338052E-13
1190.47650772055  3.547930E-13
1191.92416464109  3.509163E-13
1193.37182156162  3.873892E-13
1194.81947848216  4.111974E-13
1196.2671354027  4.324494E-13
1197.71479232323  4.467854E-13
1199.16244924377  3.857904E-13
1200.61010616431  4.604596E-13
1202.05776308484  4.781747E-13
1203.50542000538  4.684168E-13
1204.95307692592  5.335868E-13
1206.40073384645  6.994535E-13
1207.84839076699  7.066670E-13
1209.29604768753  7.213349E-13
1210.74370460806  8.347300E-13
1212.1913615286  9.493315E-13
1213.63901844914  9.632326E-13
1215.08667536967  8.687537E-13
1216.53433229021  8.231478E-13
1217.98198921075  8.441353E-13
1219.42964613129  6.865403E-13
1220.87730305182  5.699768E-13
1222.32495997236  4.974200E-13
1223.7726168929  4.837956E-13
1225.22027381343  4.880733E-13
1226.66793073397  4.648862E-13
1228.11558765451  4.173446E-13
1229.56324457504  4.158292E-13
1231.01090149558  4.308683E-13
1232.45855841612  4.550535E-13
1233.90621533665  4.256271E-13
1235.35387225719  4.488244E-13
1236.80152917773  3.965423E-13
1238.24918609826  4.206495E-13
1239.6968430188  4.236604E-13
1241.14449993934  4.235978E-13
1242.59215685987  4.253840E-13
1244.03981378041  3.782548E-13
1245.48747070095  3.419866E-13
1246.93512762148  3.488436E-13
1248.38278454202  3.258259E-13
1249.83044146256  3.504957E-13
1251.27809838309  3.466481E-13
1252.72575530363  2.950622E-13
1254.17341222417  2.969140E-13
1255.62106914471  3.341358E-13
1257.06872606524  2.843123E-13
1258.51638298578  2.483446E-13
1259.96403990632  2.801366E-13
1261.41169682685  2.511044E-13
1262.85935374739  2.714628E-13
1264.30701066793  2.765516E-13
1265.75466758846  3.112747E-13
1267.202324509  3.003688E-13
1268.64998142954  2.935337E-13
1270.09763835007  2.483823E-13
1271.54529527061  2.395949E-13
1272.99295219115  2.539453E-13
1274.44060911168  2.711585E-13
1275.88826603222  2.448413E-13
1277.33592295276  2.194733E-13
1278.78357987329  2.594727E-13
1280.23123679383  2.629484E-13
1281.67889371437  2.558233E-13
1283.1265506349  2.681531E-13
1284.57420755544  2.452470E-13
1286.02186447598  2.350725E-13
1287.46952139651  2.102927E-13
1288.91717831705  2.267365E-13
1290.36483523759  2.467643E-13
1291.81249215812  2.618066E-13
1293.26014907866  2.576144E-13
1294.7078059992  2.587921E-13
1296.15546291974  2.201354E-13
1297.60311984027  2.636798E-13
1299.05077676081  2.760393E-13
1300.49843368135  2.857258E-13
1301.94609060188  2.697818E-13
1303.39374752242  2.743750E-13
1304.84140444296  2.979687E-13
1306.28906136349  2.429203E-13
1307.73671828403  2.572785E-13
1309.18437520457  2.534017E-13
1310.6320321251  2.295756E-13
1312.07968904564  2.168138E-13
1313.52734596618  2.532062E-13
1314.97500288671  2.489510E-13
1316.42265980725  2.335447E-13
1317.87031672779  2.381927E-13
1319.31797364832  2.293328E-13
1320.76563056886  2.272654E-13
1322.2132874894  2.569195E-13
1323.66094440993  2.458515E-13
1325.10860133047  2.548142E-13
1326.55625825101  2.311097E-13
1328.00391517154  2.206005E-13
1329.45157209208  2.027806E-13
1330.89922901262  2.384679E-13
1332.34688593315  2.646468E-13
1333.79454285369  2.403594E-13
1335.24219977423  2.225501E-13
1336.68985669477  2.230608E-13
1338.1375136153  2.480269E-13
1339.58517053584  2.578937E-13
1341.03282745638  2.457290E-13
1342.48048437691  2.528647E-13
1343.92814129745  2.072866E-13
1345.37579821799  2.039640E-13
1346.82345513852  2.303596E-13
1348.27111205906  2.377575E-13
1349.7187689796  2.290040E-13
1351.16642590013  2.577526E-13
1352.61408282067  2.536896E-13
1354.06173974121  2.321883E-13
1355.50939666174  2.344226E-13
1356.95705358228  2.221061E-13
1358.40471050282  2.152391E-13
1359.85236742335  2.170681E-13
1361.30002434389  2.487424E-13
1362.74768126443  2.701906E-13
1364.19533818496  2.504499E-13
1365.6429951055  2.313682E-13
1367.09065202604  2.406780E-13
1368.53830894657  2.983512E-13
1369.98596586711  2.464406E-13
1371.43362278765  2.582579E-13
1372.88127970819  2.766680E-13
1374.32893662872  2.700697E-13
1375.77659354926  2.618604E-13
1377.2242504698  2.324517E-13
1378.67190739033  2.377598E-13
1380.11956431087  2.383595E-13
1381.56722123141  2.473442E-13
1383.01487815194  2.568265E-13
1384.46253507248  2.619999E-13
1385.91019199302  2.490285E-13
1387.35784891355  2.107587E-13
1388.80550583409  2.366391E-13
1390.25316275463  2.704501E-13
1391.70081967516  2.778545E-13
1393.1484765957  2.797808E-13
1394.59613351624  3.012582E-13
1396.04379043677  2.718049E-13
1397.49144735731  2.604029E-13
1398.93910427785  2.844269E-13
1400.38676119838  2.466755E-13
1401.83441811892  2.901377E-13
1403.28207503946  2.927855E-13
1404.72973195999  2.521024E-13
1406.17738888053  2.212276E-13
1407.62504580107  2.339168E-13
1409.0727027216  2.532053E-13
1410.52035964214  2.637454E-13
1411.96801656268  2.470044E-13
1413.41567348322  2.478102E-13
1414.86333040375  2.415014E-13
1416.31098732429  2.215098E-13
1417.75864424483  2.173500E-13
1419.20630116536  2.233233E-13
1420.6539580859  2.113883E-13
1422.10161500644  2.318859E-13
1423.54927192697  2.248451E-13
1424.99692884751  2.368932E-13
1426.44458576805  2.237456E-13
1427.89224268858  1.978857E-13
1429.33989960912  2.208474E-13
1430.78755652966  2.442658E-13
1432.23521345019  2.284212E-13
1433.68287037073  2.520264E-13
1435.13052729127  2.307107E-13
1436.5781842118  2.266149E-13
1438.02584113234  2.223680E-13
1439.47349805288  2.106475E-13
1440.92115497341  2.130263E-13
1442.36881189395  1.876936E-13
1443.81646881449  1.874662E-13
1445.26412573502  1.977654E-13
1446.71178265556  1.951236E-13
1448.1594395761  2.063284E-13
1449.60709649664  1.961994E-13
1451.05475341717  1.999947E-13
1452.50241033771  2.106607E-13
1453.95006725825  2.058127E-13
1455.39772417878  2.297411E-13
1456.84538109932  2.007537E-13
1458.29303801986  1.911802E-13
1459.74069494039  2.031960E-13
1461.18835186093  1.977348E-13
1462.63600878147  1.968875E-13
1464.083665702  1.970239E-13
1465.53132262254  2.103124E-13
1466.97897954308  2.142047E-13
1468.42663646361  2.090995E-13
1469.87429338415  2.014438E-13
1471.32195030469  1.884755E-13
1472.76960722522  1.834864E-13
1474.21726414576  2.142480E-13
1475.6649210663  2.183512E-13
1477.11257798683  2.033823E-13
1478.56023490737  2.079282E-13
1480.00789182791  2.160376E-13
1481.45554874844  2.003799E-13
1482.90320566898  2.080683E-13
1484.35086258952  2.072838E-13
1485.79851951005  2.050614E-13
1487.24617643059  2.050297E-13
1488.69383335113  1.989808E-13
1490.14149027167  2.040999E-13
1491.5891471922  2.053402E-13
1493.03680411274  1.810038E-13
1494.48446103328  2.036619E-13
1495.93211795381  2.000722E-13
1497.37977487435  2.177757E-13
1498.82743179489  2.079383E-13
1500.27508871542  2.214175E-13
1501.72274563596  2.393758E-13
1503.1704025565  2.176629E-13
1504.61805947703  2.113931E-13
1506.06571639757  2.051257E-13
1507.51337331811  2.028145E-13
1508.96103023864  2.159836E-13
1510.40868715918  2.303355E-13
1511.85634407972  2.310492E-13
1513.30400100025  2.168399E-13
1514.75165792079  2.151481E-13
1516.19931484133  2.185399E-13
1517.64697176186  2.190713E-13
1519.0946286824  2.207210E-13
1520.54228560294  2.451498E-13
1521.98994252347  2.601756E-13
1523.43759944401  2.511457E-13
1524.88525636455  2.362542E-13
1526.33291328509  2.330820E-13
1527.78057020562  2.546034E-13
1529.22822712616  2.542367E-13
1530.6758840467  2.633266E-13
1532.12354096723  2.660296E-13
1533.57119788777  2.896970E-13
1535.01885480831  3.024275E-13
1536.46651172884  3.180928E-13
1537.91416864938  3.319061E-13
1539.36182556992  3.549105E-13
1540.80948249045  3.547583E-13
1542.25713941099  3.852038E-13
1543.70479633153  4.031618E-13
1545.15245325206  4.028377E-13
1546.6001101726  4.040974E-13
1548.04776709314  4.183741E-13
1549.49542401367  3.730722E-13
1550.94308093421  3.605090E-13
1552.39073785475  3.697775E-13
1553.83839477528  3.385109E-13
1555.28605169582  3.084326E-13
1556.73370861636  2.925960E-13
1558.18136553689  2.666561E-13
1559.62902245743  2.478311E-13
1561.07667937797  2.471525E-13
1562.5243362985  2.401014E-13
1563.97199321904  2.446785E-13
1565.41965013958  2.482718E-13
1566.86730706012  2.149475E-13
1568.31496398065  2.152691E-13
1569.76262090119  2.050317E-13
1571.21027782173  2.274106E-13
1572.65793474226  2.358026E-13
1574.1055916628  2.273422E-13
1575.55324858334  2.059475E-13
1577.00090550387  2.170844E-13
1578.44856242441  2.231349E-13
1579.89621934495  2.275818E-13
1581.34387626548  2.213388E-13
1582.79153318602  2.225946E-13
1584.23919010656  2.239226E-13
1585.68684702709  2.131060E-13
1587.13450394763  2.107948E-13
1588.58216086817  2.133116E-13
1590.0298177887  2.092398E-13
1591.47747470924  1.942504E-13
1592.92513162978  2.078753E-13
1594.37278855031  2.175042E-13
1595.82044547085  2.111026E-13
1597.26810239139  2.190102E-13
1598.71575931192  2.104201E-13
1600.16341623246  1.990803E-13
1601.611073153  1.960300E-13
1603.05873007354  1.983940E-13
1604.50638699407  2.186444E-13
1605.95404391461  2.086917E-13
1607.40170083515  2.035106E-13
1608.84935775568  1.986429E-13
1610.29701467622  2.066906E-13
1611.74467159676  2.120020E-13
1613.19232851729  2.030372E-13
1614.63998543783  2.000231E-13
1616.08764235837  1.881029E-13
1617.5352992789  1.910660E-13
1618.98295619944  1.983384E-13
1620.43061311998  2.059380E-13
1621.87827004051  2.176772E-13
1623.32592696105  2.114990E-13
1624.77358388159  2.026521E-13
1626.22124080212  2.178608E-13
1627.66889772266  2.157666E-13
1629.1165546432  2.090596E-13
1630.56421156373  2.172814E-13
1632.01186848427  2.082029E-13
1633.45952540481  2.031717E-13
1634.90718232534  2.093455E-13
1636.35483924588  2.120298E-13
1637.80249616642  2.069575E-13
1639.25015308695  2.003999E-13
1640.69781000749  1.920391E-13
1642.14546692803  1.959724E-13
1643.59312384857  2.016517E-13
1645.0407807691  2.084936E-13
1646.48843768964  2.025873E-13
1647.93609461018  1.986497E-13
1649.38375153071  1.920349E-13
1650.83140845125  1.883451E-13
1652.27906537179  1.902076E-13
1653.72672229232  1.916565E-13
1655.17437921286  1.831123E-13
1656.6220361334  1.941410E-13
1658.06969305393  2.000627E-13
1659.51734997447  2.065795E-13
1660.96500689501  2.247370E-13
1662.41266381554  2.281796E-13
1663.86032073608  2.135022E-13
1665.30797765662  1.997618E-13
1666.75563457715  1.960172E-13
1668.20329149769  2.033700E-13
1669.65094841823  1.984340E-13
1671.09860533876  1.947503E-13
1672.5462622593  1.928269E-13
1673.99391917984  1.759279E-13
1675.44157610038  1.738132E-13
1676.88923302091  1.727976E-13
1678.33688994145  1.775552E-13
1679.78454686199  1.885267E-13
1681.23220378252  1.824940E-13
1682.67986070306  1.893900E-13
1684.1275176236  1.994849E-13
1685.57517454413  1.922937E-13
1687.02283146467  1.866688E-13
1688.47048838521  1.796085E-13
1689.91814530574  1.863263E-13
1691.36580222628  1.941014E-13
1692.81345914682  1.944704E-13
1694.26111606735  2.016970E-13
1695.70877298789  1.886940E-13
1697.15642990843  1.831269E-13
1698.60408682896  1.889963E-13
1700.0517437495  1.910346E-13
1701.49940067004  1.889338E-13
1702.94705759057  1.884199E-13
1704.39471451111  1.847257E-13
1705.84237143165  1.866843E-13
1707.29002835218  1.959210E-13
1708.73768527272  1.922074E-13
1710.18534219326  0.
1711.63299911379  0.
1713.08065603433  0.
1714.52831295487  0.
1715.97596987541  0.
1717.42362679594  0.
1718.87128371648  0.
1720.31894063702  0.
1721.76659755755  0.
1723.21425447809  0.
1724.66191139863  0.
1726.10956831916  0.
1727.5572252397  0.
1729.00488216024  0.
1730.45253908077  0.
1731.90019600131  0.
1733.34785292185  0.
1734.79550984238  0.
1736.24316676292  0.
1737.69082368346  0.
1739.13848060399  0.
1740.58613752453  0.
1742.03379444507  0.
1743.4814513656  0.
1744.92910828614  0.
1746.37676520668  0.
1747.82442212721  0.
1749.27207904775  0.
1750.71973596829  0.
1752.16739288882  0.
1753.61504980936  0.
1755.0627067299  0.
1756.51036365043  0.
1757.95802057097  0.
1759.40567749151  0.
1760.85333441205  0.
1762.30099133258  0.
1763.74864825312  0.
1765.19630517366  0.
1766.64396209419  0.
1768.09161901473  0.
1769.53927593527  0.
1770.9869328558  0.
1772.43458977634  0.
1773.88224669688  0.
1775.32990361741  0.
1776.77756053795  0.
1778.22521745849  0.
1779.67287437902  0.
1781.12053129956  0.
1782.5681882201  0.
1784.01584514063  0.
1785.46350206117  0.
1786.91115898171  0.
1788.35881590224  0.
1789.80647282278  0.
1791.25412974332  0.
1792.70178666385  0.
1794.14944358439  0.
1795.59710050493  0.
1797.04475742547  0.
1798.492414346  0.
1799.94007126654  0.
1801.38772818708  0.
1802.83538510761  0.
1804.28304202815  0.
1805.73069894869  0.
1807.17835586922  0.
1808.62601278976  0.
1810.0736697103  0.
1811.52132663083  0.
1812.96898355137  0.
1814.41664047191  0.
1815.86429739244  0.
1817.31195431298  0.
1818.75961123352  0.
1820.20726815405  0.
1821.65492507459  0.
1823.10258199513  0.
1824.55023891566  0.
1825.9978958362  0.
1827.44555275674  0.
1828.89320967727  0.
1830.34086659781  0.
1831.78852351835  0.
