906.735751295338  0.
908.183408215875  0.
909.631065136412  0.
911.078722056949  0.
912.526378977485  0.
913.974035898022  0.
915.421692818559  0.
916.869349739096  0.
918.317006659633  0.
919.764663580169  0.
921.212320500706  0.
922.659977421243  0.
924.10763434178  0.
925.555291262316  0.
927.002948182853  0.
928.45060510339  0.
929.898262023927  0.
931.345918944464  0.
932.793575865  0.
934.241232785537  0.
935.688889706074  0.
937.136546626611  0.
938.584203547148  0.
940.031860467684  0.
941.479517388221  0.
942.927174308758  0.
944.374831229295  0.
945.822488149832  0.
947.270145070369  0.
948.717801990905  0.
950.165458911442  0.
951.613115831979  0.
953.060772752515  0.
954.508429673052  0.
955.956086593589  0.
957.403743514126  0.
958.851400434663  0.
960.2990573552  0.
961.746714275736  0.
963.194371196273  0.
964.64202811681  0.
966.089685037347  0.
967.537341957883  0.
968.98499887842  0.
970.432655798957  0.
971.880312719494  0.
973.327969640031  0.
974.775626560567  0.
976.223283481104  0.
977.670940401641  0.
979.118597322178  0.
980.566254242715  0.
982.013911163251  0.
983.461568083788  0.
984.909225004325  0.
986.356881924862  0.
987.804538845399  0.
989.252195765935  0.
990.699852686472  0.
992.147509607009  0.
993.595166527546  4.081845E-13
995.042823448082  5.414068E-13
996.490480368619  2.863134E-13
997.938137289156  3.406070E-13
999.385794209693  3.812605E-13
1000.83345113023  3.437573E-13
1002.28110805077  4.476325E-13
1003.7287649713  3.717951E-13
1005.17642189184  4.831450E-13
1006.62407881238  3.673691E-13
1008.07173573291  3.406500E-13
1009.51939265345  5.403896E-13
1010.96704957399  4.209457E-13
1012.41470649452  3.700058E-13
1013.86236341506  3.487923E-13
1015.3100203356  4.586231E-13
1016.75767725613  4.915153E-13
1018.20533417667  4.369047E-13
1019.65299109721  4.088761E-13
1021.10064801775  4.356889E-13
1022.54830493828  4.429277E-13
1023.99596185882  4.666360E-13
1025.44361877936  4.765808E-13
1026.89127569989  4.688743E-13
1028.33893262043  4.456516E-13
1029.78658954097  4.863821E-13
1031.2342464615  3.266980E-13
1032.68190338204  4.830356E-13
1034.12956030258  4.507596E-13
1035.57721722311  4.113615E-13
1037.02487414365  4.187268E-13
1038.47253106419  3.678080E-13
1039.92018798472  3.915629E-13
1041.36784490526  3.708632E-13
1042.8155018258  3.793834E-13
1044.26315874633  4.072784E-13
1045.71081566687  4.859655E-13
1047.15847258741  4.774775E-13
1048.60612950794  4.832834E-13
1050.05378642848  4.558424E-13
1051.50144334902  4.505507E-13
1052.94910026955  5.321068E-13
1054.39675719009  4.454586E-13
1055.84441411063  4.210828E-13
1057.29207103116  3.560522E-13
1058.7397279517  2.950342E-13
1060.18738487224  3.526868E-13
1061.63504179277  3.838456E-13
1063.08269871331  3.978005E-13
1064.53035563385  4.034723E-13
1065.97801255439  3.834598E-13
1067.42566947492  3.617046E-13
1068.87332639546  3.629208E-13
1070.320983316  3.240369E-13
1071.76864023653  3.586452E-13
1073.21629715707  3.361899E-13
1074.66395407761  3.433673E-13
1076.11161099814  3.879484E-13
1077.55926791868  3.479428E-13
1079.00692483922  3.427274E-13
1080.45458175975  3.320098E-13
1081.90223868029  3.196838E-13
1083.34989560083  3.311109E-13
1084.79755252136  3.073761E-13
1086.2452094419  3.024581E-13
1087.69286636244  3.065018E-13
1089.14052328297  3.148741E-13
1090.58818020351  3.459467E-13
1092.03583712405  3.350303E-13
1093.48349404458  2.924340E-13
1094.93115096512  3.131800E-13
1096.37880788566  3.167187E-13
1097.82646480619  2.922069E-13
1099.27412172673  3.266679E-13
1100.72177864727  3.158924E-13
1102.1694355678  3.013508E-13
1103.61709248834  3.098658E-13
1105.06474940888  2.913044E-13
1106.51240632942  2.870186E-13
1107.96006324995  3.109200E-13
1109.40772017049  2.906271E-13
1110.85537709103  2.932751E-13
1112.30303401156  2.914122E-13
1113.7506909321  3.076687E-13
1115.19834785264  3.270969E-13
1116.64600477317  3.389763E-13
1118.09366169371  3.026606E-13
1119.54131861425  2.894831E-13
1120.98897553478  2.870630E-13
1122.43663245532  2.909631E-13
1123.88428937586  2.716196E-13
1125.33194629639  2.756659E-13
1126.77960321693  2.672541E-13
1128.22726013747  3.068620E-13
1129.674917058  3.140027E-13
1131.12257397854  3.281553E-13
1132.57023089908  3.385384E-13
1134.01788781961  2.981696E-13
1135.46554474015  2.599405E-13
1136.91320166069  2.924325E-13
1138.36085858122  2.800153E-13
1139.80851550176  2.742392E-13
1141.2561724223  2.673759E-13
1142.70382934284  2.557641E-13
1144.15148626337  2.763374E-13
1145.59914318391  2.702167E-13
1147.04680010445  3.046818E-13
1148.49445702498  2.948529E-13
1149.94211394552  2.871555E-13
1151.38977086606  2.846424E-13
1152.83742778659  2.829124E-13
1154.28508470713  2.883533E-13
1155.73274162767  2.865474E-13
1157.1803985482  2.742456E-13
1158.62805546874  2.718668E-13
1160.07571238928  2.425003E-13
1161.52336930981  2.578618E-13
1162.97102623035  2.525848E-13
1164.41868315089  3.019119E-13
1165.86634007142  2.909911E-13
1167.31399699196  3.146632E-13
1168.7616539125  2.801066E-13
1170.20931083303  3.075514E-13
1171.65696775357  3.309933E-13
1173.10462467411  3.161925E-13
1174.55228159464  3.035707E-13
1175.99993851518  3.039992E-13
1177.44759543572  3.125498E-13
1178.89525235625  3.329975E-13
1180.34290927679  3.298938E-13
1181.79056619733  3.488858E-13
1183.23822311787  3.460217E-13
1184.6858800384  3.361986E-13
1186.13353695894  3.374292E-13
1187.58119387948  3.665904E-13
1189.02885080001  3.847242E-13
1190.47650772055  3.902480E-13
1191.92416464109  3.915210E-13
1193.37182156162  4.033868E-13
1194.81947848216  3.940017E-13
1196.2671354027  3.852629E-13
1197.71479232323  4.202152E-13
1199.16244924377  4.404179E-13
1200.61010616431  4.831151E-13
1202.05776308484  4.477257E-13
1203.50542000538  4.532525E-13
1204.95307692592  5.583710E-13
1206.40073384645  7.372498E-13
1207.84839076699  7.729353E-13
1209.29604768753  7.955251E-13
1210.74370460806  9.044236E-13
1212.1913615286  1.031965E-12
1213.63901844914  1.002576E-12
1215.08667536967  9.292771E-13
1216.53433229021  8.398074E-13
1217.98198921075  7.217157E-13
1219.42964613129  6.520961E-13
1220.87730305182  6.201413E-13
1222.32495997236  6.004277E-13
1223.7726168929  4.825643E-13
1225.22027381343  4.479471E-13
1226.66793073397  4.425599E-13
1228.11558765451  4.452797E-13
1229.56324457504  4.968868E-13
1231.01090149558  3.978184E-13
1232.45855841612  4.432162E-13
1233.90621533665  4.830616E-13
1235.35387225719  4.237487E-13
1236.80152917773  4.420336E-13
1238.24918609826  4.947072E-13
1239.6968430188  4.682733E-13
1241.14449993934  3.870448E-13
1242.59215685987  4.346317E-13
1244.03981378041  3.746557E-13
1245.48747070095  3.719869E-13
1246.93512762148  3.277990E-13
1248.38278454202  3.205043E-13
1249.83044146256  3.408577E-13
1251.27809838309  3.605510E-13
1252.72575530363  3.235728E-13
1254.17341222417  3.432516E-13
1255.62106914471  3.543187E-13
1257.06872606524  3.194814E-13
1258.51638298578  3.508541E-13
1259.96403990632  3.589293E-13
1261.41169682685  3.226228E-13
1262.85935374739  3.049897E-13
1264.30701066793  2.919941E-13
1265.75466758846  3.157576E-13
1267.202324509  3.300799E-13
1268.64998142954  2.889623E-13
1270.09763835007  2.824353E-13
1271.54529527061  2.862287E-13
1272.99295219115  2.693352E-13
1274.44060911168  2.631432E-13
1275.88826603222  2.906500E-13
1277.33592295276  2.527629E-13
1278.78357987329  2.797784E-13
1280.23123679383  2.753467E-13
1281.67889371437  3.151139E-13
1283.1265506349  2.866714E-13
1284.57420755544  2.423256E-13
1286.02186447598  2.830801E-13
1287.46952139651  2.939545E-13
1288.91717831705  2.531448E-13
1290.36483523759  2.875643E-13
1291.81249215812  2.605574E-13
1293.26014907866  2.731677E-13
1294.7078059992  2.751973E-13
1296.15546291974  2.904162E-13
1297.60311984027  2.835525E-13
1299.05077676081  2.874255E-13
1300.49843368135  2.980825E-13
1301.94609060188  2.959414E-13
1303.39374752242  2.857080E-13
1304.84140444296  2.952642E-13
1306.28906136349  3.069860E-13
1307.73671828403  2.565906E-13
1309.18437520457  2.560994E-13
1310.6320321251  2.449354E-13
1312.07968904564  2.639229E-13
1313.52734596618  2.595710E-13
1314.97500288671  2.481651E-13
1316.42265980725  2.144726E-13
1317.87031672779  2.624640E-13
1319.31797364832  2.332586E-13
1320.76563056886  2.324749E-13
1322.2132874894  2.353796E-13
1323.66094440993  2.664295E-13
1325.10860133047  2.390689E-13
1326.55625825101  2.184229E-13
1328.00391517154  2.176078E-13
1329.45157209208  2.671966E-13
1330.89922901262  2.557852E-13
1332.34688593315  2.245785E-13
1333.79454285369  2.376841E-13
1335.24219977423  2.452325E-13
1336.68985669477  2.341311E-13
1338.1375136153  2.310695E-13
1339.58517053584  2.353986E-13
1341.03282745638  2.445200E-13
1342.48048437691  2.600272E-13
1343.92814129745  2.974573E-13
1345.37579821799  2.621929E-13
1346.82345513852  2.316761E-13
1348.27111205906  2.503433E-13
1349.7187689796  2.445129E-13
1351.16642590013  2.481049E-13
1352.61408282067  2.409189E-13
1354.06173974121  2.535750E-13
1355.50939666174  2.682089E-13
1356.95705358228  2.509717E-13
1358.40471050282  2.412750E-13
1359.85236742335  2.576019E-13
1361.30002434389  2.786165E-13
1362.74768126443  2.736635E-13
1364.19533818496  2.534304E-13
1365.6429951055  2.462715E-13
1367.09065202604  2.412578E-13
1368.53830894657  2.666229E-13
1369.98596586711  2.587333E-13
1371.43362278765  2.519362E-13
1372.88127970819  2.459809E-13
1374.32893662872  2.433436E-13
1375.77659354926  2.398655E-13
1377.2242504698  2.588008E-13
1378.67190739033  2.408721E-13
1380.11956431087  2.233625E-13
1381.56722123141  2.481943E-13
1383.01487815194  2.545980E-13
1384.46253507248  2.516945E-13
1385.91019199302  2.278737E-13
1387.35784891355  2.595394E-13
1388.80550583409  2.631010E-13
1390.25316275463  2.864004E-13
1391.70081967516  2.614296E-13
1393.1484765957  2.368197E-13
1394.59613351624  2.861680E-13
1396.04379043677  2.731956E-13
1397.49144735731  2.648548E-13
1398.93910427785  3.102754E-13
1400.38676119838  2.658285E-13
1401.83441811892  2.487421E-13
1403.28207503946  2.405773E-13
1404.72973195999  2.458743E-13
1406.17738888053  2.530292E-13
1407.62504580107  2.438606E-13
1409.0727027216  2.387155E-13
1410.52035964214  2.586374E-13
1411.96801656268  2.604776E-13
1413.41567348322  2.510065E-13
1414.86333040375  2.369076E-13
1416.31098732429  2.303748E-13
1417.75864424483  2.208961E-13
1419.20630116536  2.222902E-13
1420.6539580859  2.591622E-13
1422.10161500644  2.347981E-13
1423.54927192697  2.230975E-13
1424.99692884751  2.630125E-13
1426.44458576805  2.451147E-13
1427.89224268858  2.385665E-13
1429.33989960912  2.342717E-13
1430.78755652966  2.112885E-13
1432.23521345019  2.194075E-13
1433.68287037073  2.718065E-13
1435.13052729127  2.333159E-13
1436.5781842118  2.230869E-13
1438.02584113234  2.454225E-13
1439.47349805288  2.350995E-13
1440.92115497341  2.326650E-13
1442.36881189395  2.326162E-13
1443.81646881449  2.418212E-13
1445.26412573502  2.198551E-13
1446.71178265556  2.082969E-13
1448.1594395761  2.415619E-13
1449.60709649664  2.354119E-13
1451.05475341717  2.353542E-13
1452.50241033771  2.667909E-13
1453.95006725825  2.251729E-13
1455.39772417878  2.128160E-13
1456.84538109932  2.263123E-13
1458.29303801986  2.160957E-13
1459.74069494039  2.233422E-13
1461.18835186093  2.255346E-13
1462.63600878147  2.227675E-13
1464.083665702  2.184548E-13
1465.53132262254  2.181321E-13
1466.97897954308  2.238073E-13
1468.42663646361  2.452206E-13
1469.87429338415  2.284984E-13
1471.32195030469  2.169064E-13
1472.76960722522  2.198215E-13
1474.21726414576  2.211137E-13
1475.6649210663  2.245205E-13
1477.11257798683  2.286781E-13
1478.56023490737  2.220517E-13
1480.00789182791  2.232220E-13
1481.45554874844  2.223101E-13
1482.90320566898  2.217296E-13
1484.35086258952  2.144489E-13
1485.79851951005  2.109198E-13
1487.24617643059  1.886536E-13
1488.69383335113  1.882437E-13
1490.14149027167  1.998669E-13
1491.5891471922  2.192516E-13
1493.03680411274  2.005028E-13
1494.48446103328  2.420354E-13
1495.93211795381  2.185588E-13
1497.37977487435  2.171783E-13
1498.82743179489  2.048202E-13
1500.27508871542  2.250903E-13
1501.72274563596  2.309074E-13
1503.1704025565  2.294963E-13
1504.61805947703  2.293518E-13
1506.06571639757  2.350218E-13
1507.51337331811  2.300669E-13
1508.96103023864  2.397544E-13
1510.40868715918  2.621465E-13
1511.85634407972  2.417948E-13
1513.30400100025  2.060334E-13
1514.75165792079  2.158842E-13
1516.19931484133  2.254853E-13
1517.64697176186  2.585043E-13
1519.0946286824  2.744115E-13
1520.54228560294  2.580372E-13
1521.98994252347  2.499699E-13
1523.43759944401  2.567924E-13
1524.88525636455  2.511405E-13
1526.33291328509  2.649672E-13
1527.78057020562  2.931753E-13
1529.22822712616  2.590270E-13
1530.6758840467  2.673356E-13
1532.12354096723  2.623839E-13
1533.57119788777  2.927429E-13
1535.01885480831  3.257700E-13
1536.46651172884  3.110652E-13
1537.91416864938  3.261502E-13
1539.36182556992  3.460810E-13
1540.80948249045  3.631151E-13
1542.25713941099  3.939343E-13
1543.70479633153  3.994182E-13
1545.15245325206  4.012666E-13
1546.6001101726  3.809511E-13
1548.04776709314  2.944309E-13
1549.49542401367  3.117276E-13
1550.94308093421  3.481784E-13
1552.39073785475  3.186852E-13
1553.83839477528  3.302558E-13
1555.28605169582  2.938857E-13
1556.73370861636  2.883982E-13
1558.18136553689  3.016415E-13
1559.62902245743  2.913136E-13
1561.07667937797  2.753334E-13
1562.5243362985  2.782067E-13
1563.97199321904  2.738333E-13
1565.41965013958  2.631372E-13
1566.86730706012  2.311296E-13
1568.31496398065  2.336765E-13
1569.76262090119  2.197154E-13
1571.21027782173  2.186286E-13
1572.65793474226  2.345342E-13
1574.1055916628  2.396096E-13
1575.55324858334  2.420174E-13
1577.00090550387  2.357721E-13
1578.44856242441  2.401849E-13
1579.89621934495  2.298332E-13
1581.34387626548  2.168559E-13
1582.79153318602  2.124687E-13
1584.23919010656  2.192740E-13
1585.68684702709  2.201877E-13
1587.13450394763  2.082001E-13
1588.58216086817  2.079831E-13
1590.0298177887  2.115279E-13
1591.47747470924  2.176761E-13
1592.92513162978  2.213037E-13
1594.37278855031  2.080198E-13
1595.82044547085  2.014886E-13
1597.26810239139  2.005252E-13
1598.71575931192  2.112710E-13
1600.16341623246  2.073760E-13
1601.611073153  2.024917E-13
1603.05873007354  2.173050E-13
1604.50638699407  2.269201E-13
1605.95404391461  2.176788E-13
1607.40170083515  2.101196E-13
1608.84935775568  1.988608E-13
1610.29701467622  2.030475E-13
1611.74467159676  2.084239E-13
1613.19232851729  2.111767E-13
1614.63998543783  2.169832E-13
1616.08764235837  2.232663E-13
1617.5352992789  2.125153E-13
1618.98295619944  2.014087E-13
1620.43061311998  2.084803E-13
1621.87827004051  2.281604E-13
1623.32592696105  2.264192E-13
1624.77358388159  2.203066E-13
1626.22124080212  2.232535E-13
1627.66889772266  2.185715E-13
1629.1165546432  2.287987E-13
1630.56421156373  2.296912E-13
1632.01186848427  2.250612E-13
1633.45952540481  2.085389E-13
1634.90718232534  2.031161E-13
1636.35483924588  2.066700E-13
1637.80249616642  2.077208E-13
1639.25015308695  2.012595E-13
1640.69781000749  2.115930E-13
1642.14546692803  2.114896E-13
1643.59312384857  2.193187E-13
1645.0407807691  2.180434E-13
1646.48843768964  2.133047E-13
1647.93609461018  2.233669E-13
1649.38375153071  2.229153E-13
1650.83140845125  2.179458E-13
1652.27906537179  2.153712E-13
1653.72672229232  2.077190E-13
1655.17437921286  2.127471E-13
1656.6220361334  2.173266E-13
1658.06969305393  2.105693E-13
1659.51734997447  2.147150E-13
1660.96500689501  2.167489E-13
1662.41266381554  2.203759E-13
1663.86032073608  2.112027E-13
1665.30797765662  2.014048E-13
1666.75563457715  1.957642E-13
1668.20329149769  1.938587E-13
1669.65094841823  1.915099E-13
1671.09860533876  2.039843E-13
1672.5462622593  2.037820E-13
1673.99391917984  1.905524E-13
1675.44157610038  1.882143E-13
1676.88923302091  1.948781E-13
1678.33688994145  1.967371E-13
1679.78454686199  1.865138E-13
1681.23220378252  1.976494E-13
1682.67986070306  1.930182E-13
1684.1275176236  1.924386E-13
1685.57517454413  1.797635E-13
1687.02283146467  1.800007E-13
1688.47048838521  1.820219E-13
1689.91814530574  1.889732E-13
1691.36580222628  1.952999E-13
1692.81345914682  2.041632E-13
1694.26111606735  2.010051E-13
1695.70877298789  1.947840E-13
1697.15642990843  1.971726E-13
1698.60408682896  1.925584E-13
1700.0517437495  1.917161E-13
1701.49940067004  1.946967E-13
1702.94705759057  1.912609E-13
1704.39471451111  1.959042E-13
1705.84237143165  1.958232E-13
1707.29002835218  1.932756E-13
1708.73768527272  1.944083E-13
1710.18534219326  0.
1711.63299911379  0.
1713.08065603433  0.
1714.52831295487  0.
1715.97596987541  0.
1717.42362679594  0.
1718.87128371648  0.
1720.31894063702  0.
1721.76659755755  0.
1723.21425447809  0.
1724.66191139863  0.
1726.10956831916  0.
1727.5572252397  0.
1729.00488216024  0.
1730.45253908077  0.
1731.90019600131  0.
1733.34785292185  0.
1734.79550984238  0.
1736.24316676292  0.
1737.69082368346  0.
1739.13848060399  0.
1740.58613752453  0.
1742.03379444507  0.
1743.4814513656  0.
1744.92910828614  0.
1746.37676520668  0.
1747.82442212721  0.
1749.27207904775  0.
1750.71973596829  0.
1752.16739288882  0.
1753.61504980936  0.
1755.0627067299  0.
1756.51036365043  0.
1757.95802057097  0.
1759.40567749151  0.
1760.85333441205  0.
1762.30099133258  0.
1763.74864825312  0.
1765.19630517366  0.
1766.64396209419  0.
1768.09161901473  0.
1769.53927593527  0.
1770.9869328558  0.
1772.43458977634  0.
1773.88224669688  0.
1775.32990361741  0.
1776.77756053795  0.
1778.22521745849  0.
1779.67287437902  0.
1781.12053129956  0.
1782.5681882201  0.
1784.01584514063  0.
1785.46350206117  0.
1786.91115898171  0.
1788.35881590224  0.
1789.80647282278  0.
1791.25412974332  0.
1792.70178666385  0.
1794.14944358439  0.
1795.59710050493  0.
1797.04475742547  0.
1798.492414346  0.
1799.94007126654  0.
1801.38772818708  0.
1802.83538510761  0.
1804.28304202815  0.
1805.73069894869  0.
1807.17835586922  0.
1808.62601278976  0.
1810.0736697103  0.
1811.52132663083  0.
1812.96898355137  0.
1814.41664047191  0.
1815.86429739244  0.
1817.31195431298  0.
1818.75961123352  0.
1820.20726815405  0.
1821.65492507459  0.
1823.10258199513  0.
1824.55023891566  0.
1825.9978958362  0.
1827.44555275674  0.
1828.89320967727  0.
1830.34086659781  0.
1831.78852351835  0.
