906.735751295338  0.
908.183408215875  0.
909.631065136412  0.
911.078722056949  0.
912.526378977485  0.
913.974035898022  0.
915.421692818559  0.
916.869349739096  0.
918.317006659633  0.
919.764663580169  0.
921.212320500706  0.
922.659977421243  0.
924.10763434178  0.
925.555291262316  0.
927.002948182853  0.
928.45060510339  0.
929.898262023927  0.
931.345918944464  0.
932.793575865  0.
934.241232785537  0.
935.688889706074  0.
937.136546626611  0.
938.584203547148  0.
940.031860467684  0.
941.479517388221  0.
942.927174308758  0.
944.374831229295  0.
945.822488149832  0.
947.270145070369  0.
948.717801990905  0.
950.165458911442  0.
951.613115831979  0.
953.060772752515  0.
954.508429673052  0.
955.956086593589  0.
957.403743514126  0.
958.851400434663  0.
960.2990573552  0.
961.746714275736  0.
963.194371196273  0.
964.64202811681  0.
966.089685037347  0.
967.537341957883  0.
968.98499887842  0.
970.432655798957  0.
971.880312719494  0.
973.327969640031  0.
974.775626560567  0.
976.223283481104  0.
977.670940401641  0.
979.118597322178  0.
980.566254242715  0.
982.013911163251  0.
983.461568083788  0.
984.909225004325  0.
986.356881924862  0.
987.804538845399  0.
989.252195765935  0.
990.699852686472  0.
992.147509607009  0.
993.595166527546  2.727197E-13
995.042823448082  5.002033E-13
996.490480368619  3.212265E-13
997.938137289156  4.211210E-13
999.385794209693  5.631920E-13
1000.83345113023  4.757539E-13
1002.28110805077  4.034203E-13
1003.7287649713  3.043319E-13
1005.17642189184  5.123017E-13
1006.62407881238  5.441571E-13
1008.07173573291  5.039388E-13
1009.51939265345  5.778502E-13
1010.96704957399  5.144161E-13
1012.41470649452  5.155732E-13
1013.86236341506  4.827177E-13
1015.3100203356  4.935085E-13
1016.75767725613  4.700088E-13
1018.20533417667  5.176106E-13
1019.65299109721  4.278894E-13
1021.10064801775  4.597823E-13
1022.54830493828  4.889966E-13
1023.99596185882  5.450581E-13
1025.44361877936  5.182509E-13
1026.89127569989  4.594243E-13
1028.33893262043  5.043279E-13
1029.78658954097  5.728762E-13
1031.2342464615  4.909194E-13
1032.68190338204  4.661705E-13
1034.12956030258  4.493801E-13
1035.57721722311  4.435526E-13
1037.02487414365  4.261663E-13
1038.47253106419  3.999367E-13
1039.92018798472  3.512727E-13
1041.36784490526  3.267190E-13
1042.8155018258  3.759749E-13
1044.26315874633  3.993060E-13
1045.71081566687  4.409893E-13
1047.15847258741  5.154974E-13
1048.60612950794  5.852102E-13
1050.05378642848  6.625415E-13
1051.50144334902  6.323087E-13
1052.94910026955  5.919821E-13
1054.39675719009  4.784591E-13
1055.84441411063  4.184525E-13
1057.29207103116  4.034835E-13
1058.7397279517  3.622773E-13
1060.18738487224  3.611970E-13
1061.63504179277  3.710724E-13
1063.08269871331  3.409752E-13
1064.53035563385  3.721816E-13
1065.97801255439  3.390361E-13
1067.42566947492  3.255196E-13
1068.87332639546  3.497880E-13
1070.320983316  3.300535E-13
1071.76864023653  3.396247E-13
1073.21629715707  3.283128E-13
1074.66395407761  3.194283E-13
1076.11161099814  3.601883E-13
1077.55926791868  3.513908E-13
1079.00692483922  3.517012E-13
1080.45458175975  3.043647E-13
1081.90223868029  3.082117E-13
1083.34989560083  3.319982E-13
1084.79755252136  2.998666E-13
1086.2452094419  2.807782E-13
1087.69286636244  3.297771E-13
1089.14052328297  3.316864E-13
1090.58818020351  3.149938E-13
1092.03583712405  3.072437E-13
1093.48349404458  2.865621E-13
1094.93115096512  3.020748E-13
1096.37880788566  3.029622E-13
1097.82646480619  3.030970E-13
1099.27412172673  2.872702E-13
1100.72177864727  2.685747E-13
1102.1694355678  2.933007E-13
1103.61709248834  3.016446E-13
1105.06474940888  3.228437E-13
1106.51240632942  3.181892E-13
1107.96006324995  3.235488E-13
1109.40772017049  2.981722E-13
1110.85537709103  3.055152E-13
1112.30303401156  2.799366E-13
1113.7506909321  2.822646E-13
1115.19834785264  3.019703E-13
1116.64600477317  3.149924E-13
1118.09366169371  2.930652E-13
1119.54131861425  3.066900E-13
1120.98897553478  2.773893E-13
1122.43663245532  2.596143E-13
1123.88428937586  2.458228E-13
1125.33194629639  2.749305E-13
1126.77960321693  2.795384E-13
1128.22726013747  3.002370E-13
1129.674917058  3.313627E-13
1131.12257397854  3.257575E-13
1132.57023089908  3.167457E-13
1134.01788781961  2.888163E-13
1135.46554474015  2.802168E-13
1136.91320166069  2.755639E-13
1138.36085858122  2.593028E-13
1139.80851550176  2.936351E-13
1141.2561724223  2.978177E-13
1142.70382934284  3.028292E-13
1144.15148626337  2.722021E-13
1145.59914318391  2.924557E-13
1147.04680010445  2.813813E-13
1148.49445702498  2.870610E-13
1149.94211394552  2.707158E-13
1151.38977086606  2.572028E-13
1152.83742778659  2.617867E-13
1154.28508470713  2.853410E-13
1155.73274162767  3.036812E-13
1157.1803985482  3.200126E-13
1158.62805546874  3.198683E-13
1160.07571238928  2.904500E-13
1161.52336930981  2.735645E-13
1162.97102623035  2.553891E-13
1164.41868315089  3.173428E-13
1165.86634007142  3.315927E-13
1167.31399699196  3.038239E-13
1168.7616539125  3.238468E-13
1170.20931083303  3.469267E-13
1171.65696775357  3.501181E-13
1173.10462467411  3.097323E-13
1174.55228159464  3.218908E-13
1175.99993851518  3.093472E-13
1177.44759543572  2.937218E-13
1178.89525235625  3.274742E-13
1180.34290927679  3.250318E-13
1181.79056619733  3.627830E-13
1183.23822311787  3.326913E-13
1184.6858800384  3.559675E-13
1186.13353695894  3.500130E-13
1187.58119387948  3.679708E-13
1189.02885080001  3.631023E-13
1190.47650772055  3.563641E-13
1191.92416464109  3.907275E-13
1193.37182156162  3.846282E-13
1194.81947848216  4.531645E-13
1196.2671354027  4.280555E-13
1197.71479232323  4.550833E-13
1199.16244924377  4.256709E-13
1200.61010616431  4.561125E-13
1202.05776308484  5.015227E-13
1203.50542000538  5.262639E-13
1204.95307692592  6.165757E-13
1206.40073384645  6.976085E-13
1207.84839076699  7.779113E-13
1209.29604768753  8.546878E-13
1210.74370460806  9.194110E-13
1212.1913615286  1.041549E-12
1213.63901844914  9.582037E-13
1215.08667536967  9.384586E-13
1216.53433229021  7.679405E-13
1217.98198921075  7.492633E-13
1219.42964613129  6.577109E-13
1220.87730305182  6.190484E-13
1222.32495997236  5.477590E-13
1223.7726168929  4.666608E-13
1225.22027381343  3.985967E-13
1226.66793073397  4.234182E-13
1228.11558765451  4.511524E-13
1229.56324457504  4.920515E-13
1231.01090149558  4.374179E-13
1232.45855841612  4.997872E-13
1233.90621533665  4.452514E-13
1235.35387225719  4.442798E-13
1236.80152917773  4.149112E-13
1238.24918609826  4.480296E-13
1239.6968430188  4.001982E-13
1241.14449993934  3.764437E-13
1242.59215685987  4.036950E-13
1244.03981378041  3.836137E-13
1245.48747070095  3.649777E-13
1246.93512762148  3.477153E-13
1248.38278454202  3.168214E-13
1249.83044146256  3.238071E-13
1251.27809838309  3.426588E-13
1252.72575530363  3.545827E-13
1254.17341222417  3.213285E-13
1255.62106914471  3.184799E-13
1257.06872606524  2.934456E-13
1258.51638298578  3.455672E-13
1259.96403990632  3.611534E-13
1261.41169682685  3.128459E-13
1262.85935374739  3.551745E-13
1264.30701066793  3.010952E-13
1265.75466758846  2.873910E-13
1267.202324509  3.137107E-13
1268.64998142954  2.849829E-13
1270.09763835007  2.842485E-13
1271.54529527061  2.880372E-13
1272.99295219115  3.047205E-13
1274.44060911168  2.826766E-13
1275.88826603222  2.802799E-13
1277.33592295276  2.475193E-13
1278.78357987329  2.760815E-13
1280.23123679383  2.513932E-13
1281.67889371437  2.662188E-13
1283.1265506349  2.801091E-13
1284.57420755544  2.630943E-13
1286.02186447598  2.673984E-13
1287.46952139651  2.553164E-13
1288.91717831705  2.252573E-13
1290.36483523759  2.598521E-13
1291.81249215812  2.267053E-13
1293.26014907866  2.538676E-13
1294.7078059992  2.546407E-13
1296.15546291974  2.776804E-13
1297.60311984027  3.153314E-13
1299.05077676081  2.971685E-13
1300.49843368135  3.112964E-13
1301.94609060188  3.144616E-13
1303.39374752242  2.911633E-13
1304.84140444296  2.984622E-13
1306.28906136349  2.678143E-13
1307.73671828403  2.409085E-13
1309.18437520457  2.487007E-13
1310.6320321251  2.638519E-13
1312.07968904564  2.576490E-13
1313.52734596618  2.741071E-13
1314.97500288671  2.244000E-13
1316.42265980725  2.011184E-13
1317.87031672779  2.444783E-13
1319.31797364832  2.590710E-13
1320.76563056886  2.615803E-13
1322.2132874894  2.510880E-13
1323.66094440993  2.614876E-13
1325.10860133047  2.636942E-13
1326.55625825101  2.700165E-13
1328.00391517154  2.748641E-13
1329.45157209208  2.801845E-13
1330.89922901262  2.647846E-13
1332.34688593315  2.596516E-13
1333.79454285369  2.409042E-13
1335.24219977423  2.367136E-13
1336.68985669477  2.496740E-13
1338.1375136153  2.543012E-13
1339.58517053584  2.558387E-13
1341.03282745638  2.714608E-13
1342.48048437691  2.697686E-13
1343.92814129745  2.526687E-13
1345.37579821799  2.639679E-13
1346.82345513852  2.577058E-13
1348.27111205906  2.610705E-13
1349.7187689796  2.422409E-13
1351.16642590013  2.778197E-13
1352.61408282067  2.730930E-13
1354.06173974121  2.380069E-13
1355.50939666174  2.532842E-13
1356.95705358228  2.576410E-13
1358.40471050282  2.464395E-13
1359.85236742335  2.379831E-13
1361.30002434389  2.268142E-13
1362.74768126443  2.487654E-13
1364.19533818496  2.454472E-13
1365.6429951055  2.439151E-13
1367.09065202604  2.331784E-13
1368.53830894657  2.541193E-13
1369.98596586711  2.499329E-13
1371.43362278765  2.241777E-13
1372.88127970819  2.225184E-13
1374.32893662872  2.252709E-13
1375.77659354926  2.446700E-13
1377.2242504698  2.456966E-13
1378.67190739033  2.617717E-13
1380.11956431087  2.940804E-13
1381.56722123141  2.645097E-13
1383.01487815194  2.737127E-13
1384.46253507248  2.795988E-13
1385.91019199302  2.652701E-13
1387.35784891355  2.715274E-13
1388.80550583409  2.960587E-13
1390.25316275463  2.924693E-13
1391.70081967516  2.690876E-13
1393.1484765957  2.648978E-13
1394.59613351624  2.604558E-13
1396.04379043677  2.923594E-13
1397.49144735731  3.188207E-13
1398.93910427785  3.136202E-13
1400.38676119838  2.875603E-13
1401.83441811892  2.950959E-13
1403.28207503946  2.828649E-13
1404.72973195999  2.396088E-13
1406.17738888053  2.370658E-13
1407.62504580107  2.677762E-13
1409.0727027216  2.473867E-13
1410.52035964214  2.436454E-13
1411.96801656268  2.657725E-13
1413.41567348322  2.588966E-13
1414.86333040375  2.277886E-13
1416.31098732429  2.286216E-13
1417.75864424483  2.506436E-13
1419.20630116536  2.332883E-13
1420.6539580859  2.342204E-13
1422.10161500644  2.349998E-13
1423.54927192697  2.370238E-13
1424.99692884751  2.219102E-13
1426.44458576805  2.162389E-13
1427.89224268858  2.391933E-13
1429.33989960912  2.358151E-13
1430.78755652966  2.191723E-13
1432.23521345019  2.344696E-13
1433.68287037073  2.474675E-13
1435.13052729127  2.218180E-13
1436.5781842118  2.213835E-13
1438.02584113234  2.161408E-13
1439.47349805288  2.117321E-13
1440.92115497341  2.487570E-13
1442.36881189395  2.154491E-13
1443.81646881449  2.039787E-13
1445.26412573502  1.985973E-13
1446.71178265556  2.034223E-13
1448.1594395761  2.005976E-13
1449.60709649664  2.122500E-13
1451.05475341717  1.961929E-13
1452.50241033771  2.165464E-13
1453.95006725825  2.160911E-13
1455.39772417878  2.220541E-13
1456.84538109932  2.222458E-13
1458.29303801986  2.046931E-13
1459.74069494039  2.055243E-13
1461.18835186093  2.258886E-13
1462.63600878147  2.067456E-13
1464.083665702  1.998534E-13
1465.53132262254  2.002249E-13
1466.97897954308  1.900286E-13
1468.42663646361  2.113253E-13
1469.87429338415  2.078768E-13
1471.32195030469  1.975242E-13
1472.76960722522  2.239336E-13
1474.21726414576  2.150018E-13
1475.6649210663  1.943737E-13
1477.11257798683  1.905479E-13
1478.56023490737  1.858294E-13
1480.00789182791  2.108785E-13
1481.45554874844  2.261961E-13
1482.90320566898  2.025459E-13
1484.35086258952  1.991628E-13
1485.79851951005  2.092903E-13
1487.24617643059  2.034253E-13
1488.69383335113  1.880859E-13
1490.14149027167  2.125351E-13
1491.5891471922  1.982562E-13
1493.03680411274  1.926483E-13
1494.48446103328  2.178802E-13
1495.93211795381  2.313807E-13
1497.37977487435  2.458702E-13
1498.82743179489  2.209448E-13
1500.27508871542  2.230534E-13
1501.72274563596  2.192605E-13
1503.1704025565  2.236314E-13
1504.61805947703  2.248709E-13
1506.06571639757  2.223338E-13
1507.51337331811  2.210261E-13
1508.96103023864  2.195295E-13
1510.40868715918  2.163194E-13
1511.85634407972  2.218517E-13
1513.30400100025  2.055779E-13
1514.75165792079  2.286190E-13
1516.19931484133  2.391344E-13
1517.64697176186  2.464451E-13
1519.0946286824  2.459086E-13
1520.54228560294  2.443227E-13
1521.98994252347  2.478467E-13
1523.43759944401  2.644058E-13
1524.88525636455  2.482593E-13
1526.33291328509  2.647717E-13
1527.78057020562  2.811367E-13
1529.22822712616  2.819133E-13
1530.6758840467  2.806868E-13
1532.12354096723  2.831455E-13
1533.57119788777  2.996335E-13
1535.01885480831  3.441931E-13
1536.46651172884  3.467329E-13
1537.91416864938  3.642231E-13
1539.36182556992  3.972284E-13
1540.80948249045  4.011633E-13
1542.25713941099  4.160295E-13
1543.70479633153  4.090870E-13
1545.15245325206  3.756056E-13
1546.6001101726  3.646114E-13
1548.04776709314  3.500831E-13
1549.49542401367  3.189838E-13
1550.94308093421  3.408645E-13
1552.39073785475  3.112461E-13
1553.83839477528  3.157604E-13
1555.28605169582  2.943659E-13
1556.73370861636  2.807328E-13
1558.18136553689  2.811822E-13
1559.62902245743  2.792499E-13
1561.07667937797  2.552535E-13
1562.5243362985  2.543088E-13
1563.97199321904  2.373390E-13
1565.41965013958  2.392705E-13
1566.86730706012  2.361375E-13
1568.31496398065  2.284768E-13
1569.76262090119  2.296985E-13
1571.21027782173  2.107873E-13
1572.65793474226  2.144286E-13
1574.1055916628  2.244460E-13
1575.55324858334  2.235941E-13
1577.00090550387  2.280553E-13
1578.44856242441  2.451151E-13
1579.89621934495  2.422250E-13
1581.34387626548  2.349196E-13
1582.79153318602  2.249470E-13
1584.23919010656  2.217604E-13
1585.68684702709  2.142649E-13
1587.13450394763  2.171127E-13
1588.58216086817  2.112090E-13
1590.0298177887  2.323109E-13
1591.47747470924  2.227812E-13
1592.92513162978  2.208490E-13
1594.37278855031  2.180173E-13
1595.82044547085  2.122216E-13
1597.26810239139  2.068979E-13
1598.71575931192  2.076630E-13
1600.16341623246  2.188597E-13
1601.611073153  2.190648E-13
1603.05873007354  2.206589E-13
1604.50638699407  2.135158E-13
1605.95404391461  2.045621E-13
1607.40170083515  2.011021E-13
1608.84935775568  1.963417E-13
1610.29701467622  1.979385E-13
1611.74467159676  1.967938E-13
1613.19232851729  1.869654E-13
1614.63998543783  2.052552E-13
1616.08764235837  2.099952E-13
1617.5352992789  2.136376E-13
1618.98295619944  2.178520E-13
1620.43061311998  2.141572E-13
1621.87827004051  2.238522E-13
1623.32592696105  2.239353E-13
1624.77358388159  2.263974E-13
1626.22124080212  2.260907E-13
1627.66889772266  2.215545E-13
1629.1165546432  2.242905E-13
1630.56421156373  2.195632E-13
1632.01186848427  2.277336E-13
1633.45952540481  2.472411E-13
1634.90718232534  2.430172E-13
1636.35483924588  2.713831E-13
1637.80249616642  2.620320E-13
1639.25015308695  2.691484E-13
1640.69781000749  2.305349E-13
1642.14546692803  1.887451E-13
1643.59312384857  1.903924E-13
1645.0407807691  1.951191E-13
1646.48843768964  1.931548E-13
1647.93609461018  1.857435E-13
1649.38375153071  1.949665E-13
1650.83140845125  2.088531E-13
1652.27906537179  2.056357E-13
1653.72672229232  2.000222E-13
1655.17437921286  2.016343E-13
1656.6220361334  2.018916E-13
1658.06969305393  1.948081E-13
1659.51734997447  2.038040E-13
1660.96500689501  2.004081E-13
1662.41266381554  2.023216E-13
1663.86032073608  2.021576E-13
1665.30797765662  2.052358E-13
1666.75563457715  2.005621E-13
1668.20329149769  1.905425E-13
1669.65094841823  1.881238E-13
1671.09860533876  1.998473E-13
1672.5462622593  1.985401E-13
1673.99391917984  1.899420E-13
1675.44157610038  1.822522E-13
1676.88923302091  1.882733E-13
1678.33688994145  1.923892E-13
1679.78454686199  1.901806E-13
1681.23220378252  1.983095E-13
1682.67986070306  1.953741E-13
1684.1275176236  1.957625E-13
1685.57517454413  1.929578E-13
1687.02283146467  1.964139E-13
1688.47048838521  1.939079E-13
1689.91814530574  1.959431E-13
1691.36580222628  1.959292E-13
1692.81345914682  1.904712E-13
1694.26111606735  1.811927E-13
1695.70877298789  1.794919E-13
1697.15642990843  1.865227E-13
1698.60408682896  1.798729E-13
1700.0517437495  1.810918E-13
1701.49940067004  1.890664E-13
1702.94705759057  1.874226E-13
1704.39471451111  1.881107E-13
1705.84237143165  1.815374E-13
1707.29002835218  1.834933E-13
1708.73768527272  1.834103E-13
1710.18534219326  0.
1711.63299911379  0.
1713.08065603433  0.
1714.52831295487  0.
1715.97596987541  0.
1717.42362679594  0.
1718.87128371648  0.
1720.31894063702  0.
1721.76659755755  0.
1723.21425447809  0.
1724.66191139863  0.
1726.10956831916  0.
1727.5572252397  0.
1729.00488216024  0.
1730.45253908077  0.
1731.90019600131  0.
1733.34785292185  0.
1734.79550984238  0.
1736.24316676292  0.
1737.69082368346  0.
1739.13848060399  0.
1740.58613752453  0.
1742.03379444507  0.
1743.4814513656  0.
1744.92910828614  0.
1746.37676520668  0.
1747.82442212721  0.
1749.27207904775  0.
1750.71973596829  0.
1752.16739288882  0.
1753.61504980936  0.
1755.0627067299  0.
1756.51036365043  0.
1757.95802057097  0.
1759.40567749151  0.
1760.85333441205  0.
1762.30099133258  0.
1763.74864825312  0.
1765.19630517366  0.
1766.64396209419  0.
1768.09161901473  0.
1769.53927593527  0.
1770.9869328558  0.
1772.43458977634  0.
1773.88224669688  0.
1775.32990361741  0.
1776.77756053795  0.
1778.22521745849  0.
1779.67287437902  0.
1781.12053129956  0.
1782.5681882201  0.
1784.01584514063  0.
1785.46350206117  0.
1786.91115898171  0.
1788.35881590224  0.
1789.80647282278  0.
1791.25412974332  0.
1792.70178666385  0.
1794.14944358439  0.
1795.59710050493  0.
1797.04475742547  0.
1798.492414346  0.
1799.94007126654  0.
1801.38772818708  0.
1802.83538510761  0.
1804.28304202815  0.
1805.73069894869  0.
1807.17835586922  0.
1808.62601278976  0.
1810.0736697103  0.
1811.52132663083  0.
1812.96898355137  0.
1814.41664047191  0.
1815.86429739244  0.
1817.31195431298  0.
1818.75961123352  0.
1820.20726815405  0.
1821.65492507459  0.
1823.10258199513  0.
1824.55023891566  0.
1825.9978958362  0.
1827.44555275674  0.
1828.89320967727  0.
1830.34086659781  0.
1831.78852351835  0.
