906.735751295338  0.
908.183408215875  0.
909.631065136412  0.
911.078722056949  0.
912.526378977485  0.
913.974035898022  0.
915.421692818559  0.
916.869349739096  0.
918.317006659633  0.
919.764663580169  0.
921.212320500706  0.
922.659977421243  0.
924.10763434178  0.
925.555291262316  0.
927.002948182853  0.
928.45060510339  0.
929.898262023927  0.
931.345918944464  0.
932.793575865  0.
934.241232785537  0.
935.688889706074  0.
937.136546626611  0.
938.584203547148  0.
940.031860467684  0.
941.479517388221  0.
942.927174308758  0.
944.374831229295  0.
945.822488149832  0.
947.270145070369  0.
948.717801990905  0.
950.165458911442  0.
951.613115831979  0.
953.060772752515  0.
954.508429673052  0.
955.956086593589  0.
957.403743514126  0.
958.851400434663  0.
960.2990573552  0.
961.746714275736  0.
963.194371196273  0.
964.64202811681  0.
966.089685037347  0.
967.537341957883  0.
968.98499887842  0.
970.432655798957  0.
971.880312719494  0.
973.327969640031  0.
974.775626560567  0.
976.223283481104  0.
977.670940401641  0.
979.118597322178  0.
980.566254242715  0.
982.013911163251  0.
983.461568083788  0.
984.909225004325  0.
986.356881924862  0.
987.804538845399  0.
989.252195765935  0.
990.699852686472  0.
992.147509607009  0.
993.595166527546  4.310864E-13
995.042823448082  5.696700E-13
996.490480368619  3.708425E-13
997.938137289156  4.917090E-13
999.385794209693  4.910674E-13
1000.83345113023  4.608280E-13
1002.28110805077  5.341024E-13
1003.7287649713  4.634046E-13
1005.17642189184  3.878716E-13
1006.62407881238  3.487494E-13
1008.07173573291  2.151601E-13
1009.51939265345  4.192179E-13
1010.96704957399  3.930219E-13
1012.41470649452  2.801400E-13
1013.86236341506  4.010671E-13
1015.3100203356  4.417649E-13
1016.75767725613  3.147413E-13
1018.20533417667  4.544765E-13
1019.65299109721  4.197636E-13
1021.10064801775  3.923567E-13
1022.54830493828  4.421516E-13
1023.99596185882  4.138043E-13
1025.44361877936  4.684022E-13
1026.89127569989  4.404485E-13
1028.33893262043  4.631268E-13
1029.78658954097  5.398158E-13
1031.2342464615  5.734678E-13
1032.68190338204  5.192079E-13
1034.12956030258  4.790402E-13
1035.57721722311  4.322008E-13
1037.02487414365  4.072112E-13
1038.47253106419  4.116827E-13
1039.92018798472  3.699294E-13
1041.36784490526  3.133651E-13
1042.8155018258  3.621143E-13
1044.26315874633  4.089461E-13
1045.71081566687  5.211319E-13
1047.15847258741  4.110676E-13
1048.60612950794  5.490128E-13
1050.05378642848  5.263558E-13
1051.50144334902  5.948330E-13
1052.94910026955  5.565101E-13
1054.39675719009  5.227904E-13
1055.84441411063  4.459801E-13
1057.29207103116  3.235371E-13
1058.7397279517  3.227053E-13
1060.18738487224  3.157524E-13
1061.63504179277  3.218394E-13
1063.08269871331  3.315865E-13
1064.53035563385  3.276421E-13
1065.97801255439  3.118268E-13
1067.42566947492  3.465380E-13
1068.87332639546  3.297994E-13
1070.320983316  3.274448E-13
1071.76864023653  3.095330E-13
1073.21629715707  3.393232E-13
1074.66395407761  3.386496E-13
1076.11161099814  3.408597E-13
1077.55926791868  3.077643E-13
1079.00692483922  3.057947E-13
1080.45458175975  3.305115E-13
1081.90223868029  3.366433E-13
1083.34989560083  3.146662E-13
1084.79755252136  3.247891E-13
1086.2452094419  3.036405E-13
1087.69286636244  2.983886E-13
1089.14052328297  3.004748E-13
1090.58818020351  3.153992E-13
1092.03583712405  2.955564E-13
1093.48349404458  2.947410E-13
1094.93115096512  2.899660E-13
1096.37880788566  2.632153E-13
1097.82646480619  2.706388E-13
1099.27412172673  2.966775E-13
1100.72177864727  2.874561E-13
1102.1694355678  2.857170E-13
1103.61709248834  3.164968E-13
1105.06474940888  3.232605E-13
1106.51240632942  2.663432E-13
1107.96006324995  2.948116E-13
1109.40772017049  2.750286E-13
1110.85537709103  3.283494E-13
1112.30303401156  2.985744E-13
1113.7506909321  2.997708E-13
1115.19834785264  2.941958E-13
1116.64600477317  2.956587E-13
1118.09366169371  2.987355E-13
1119.54131861425  2.883876E-13
1120.98897553478  2.897054E-13
1122.43663245532  3.067616E-13
1123.88428937586  2.364111E-13
1125.33194629639  2.662983E-13
1126.77960321693  2.685237E-13
1128.22726013747  2.864297E-13
1129.674917058  2.696930E-13
1131.12257397854  3.119245E-13
1132.57023089908  2.564329E-13
1134.01788781961  2.817485E-13
1135.46554474015  2.720688E-13
1136.91320166069  2.620416E-13
1138.36085858122  2.754978E-13
1139.80851550176  2.605916E-13
1141.2561724223  2.523874E-13
1142.70382934284  2.508307E-13
1144.15148626337  2.754118E-13
1145.59914318391  3.312761E-13
1147.04680010445  3.125410E-13
1148.49445702498  3.029906E-13
1149.94211394552  2.676791E-13
1151.38977086606  2.158348E-13
1152.83742778659  2.227302E-13
1154.28508470713  2.691348E-13
1155.73274162767  2.784622E-13
1157.1803985482  2.993361E-13
1158.62805546874  2.725136E-13
1160.07571238928  3.121381E-13
1161.52336930981  2.886907E-13
1162.97102623035  2.978761E-13
1164.41868315089  3.118930E-13
1165.86634007142  3.141412E-13
1167.31399699196  3.052262E-13
1168.7616539125  2.971820E-13
1170.20931083303  2.986619E-13
1171.65696775357  3.544997E-13
1173.10462467411  3.553491E-13
1174.55228159464  3.204455E-13
1175.99993851518  3.130510E-13
1177.44759543572  3.290834E-13
1178.89525235625  3.333272E-13
1180.34290927679  3.134850E-13
1181.79056619733  3.189041E-13
1183.23822311787  3.170192E-13
1184.6858800384  3.236077E-13
1186.13353695894  3.171591E-13
1187.58119387948  3.399681E-13
1189.02885080001  3.770256E-13
1190.47650772055  3.676399E-13
1191.92416464109  3.855157E-13
1193.37182156162  3.706470E-13
1194.81947848216  4.266072E-13
1196.2671354027  4.260631E-13
1197.71479232323  4.021474E-13
1199.16244924377  4.153154E-13
1200.61010616431  4.491277E-13
1202.05776308484  4.476108E-13
1203.50542000538  4.667855E-13
1204.95307692592  5.022342E-13
1206.40073384645  5.922350E-13
1207.84839076699  7.097097E-13
1209.29604768753  8.145825E-13
1210.74370460806  8.740361E-13
1212.1913615286  8.823922E-13
1213.63901844914  1.006046E-12
1215.08667536967  8.579975E-13
1216.53433229021  9.073362E-13
1217.98198921075  7.896006E-13
1219.42964613129  7.612619E-13
1220.87730305182  6.381105E-13
1222.32495997236  5.852157E-13
1223.7726168929  4.904014E-13
1225.22027381343  4.864737E-13
1226.66793073397  4.700813E-13
1228.11558765451  4.682626E-13
1229.56324457504  4.758557E-13
1231.01090149558  3.770215E-13
1232.45855841612  4.495404E-13
1233.90621533665  4.113420E-13
1235.35387225719  5.162921E-13
1236.80152917773  4.420422E-13
1238.24918609826  4.490513E-13
1239.6968430188  4.195091E-13
1241.14449993934  3.769384E-13
1242.59215685987  4.345918E-13
1244.03981378041  4.263803E-13
1245.48747070095  3.357705E-13
1246.93512762148  3.276063E-13
1248.38278454202  3.163347E-13
1249.83044146256  3.066216E-13
1251.27809838309  3.207798E-13
1252.72575530363  3.249031E-13
1254.17341222417  3.167674E-13
1255.62106914471  2.907348E-13
1257.06872606524  2.869409E-13
1258.51638298578  2.774780E-13
1259.96403990632  2.946724E-13
1261.41169682685  3.197439E-13
1262.85935374739  2.944637E-13
1264.30701066793  2.787576E-13
1265.75466758846  2.756999E-13
1267.202324509  3.128822E-13
1268.64998142954  2.706339E-13
1270.09763835007  2.656786E-13
1271.54529527061  2.979815E-13
1272.99295219115  3.150025E-13
1274.44060911168  2.774321E-13
1275.88826603222  2.920119E-13
1277.33592295276  2.446819E-13
1278.78357987329  2.397066E-13
1280.23123679383  2.570385E-13
1281.67889371437  2.599855E-13
1283.1265506349  2.460768E-13
1284.57420755544  2.735063E-13
1286.02186447598  2.898749E-13
1287.46952139651  2.840156E-13
1288.91717831705  3.088118E-13
1290.36483523759  2.607703E-13
1291.81249215812  2.440009E-13
1293.26014907866  2.664037E-13
1294.7078059992  2.688583E-13
1296.15546291974  2.616111E-13
1297.60311984027  2.739069E-13
1299.05077676081  2.683984E-13
1300.49843368135  2.590610E-13
1301.94609060188  2.831696E-13
1303.39374752242  2.643281E-13
1304.84140444296  2.555460E-13
1306.28906136349  2.628347E-13
1307.73671828403  2.409142E-13
1309.18437520457  2.456490E-13
1310.6320321251  2.295324E-13
1312.07968904564  2.878024E-13
1313.52734596618  2.782155E-13
1314.97500288671  2.162476E-13
1316.42265980725  2.388624E-13
1317.87031672779  2.470377E-13
1319.31797364832  2.508240E-13
1320.76563056886  2.323186E-13
1322.2132874894  2.158353E-13
1323.66094440993  2.307831E-13
1325.10860133047  2.718856E-13
1326.55625825101  2.296174E-13
1328.00391517154  2.210357E-13
1329.45157209208  2.602880E-13
1330.89922901262  2.498014E-13
1332.34688593315  2.345944E-13
1333.79454285369  2.751564E-13
1335.24219977423  2.047284E-13
1336.68985669477  2.062406E-13
1338.1375136153  2.464887E-13
1339.58517053584  2.617780E-13
1341.03282745638  2.471176E-13
1342.48048437691  2.381632E-13
1343.92814129745  2.488358E-13
1345.37579821799  2.374205E-13
1346.82345513852  2.550175E-13
1348.27111205906  2.447544E-13
1349.7187689796  2.504404E-13
1351.16642590013  2.748999E-13
1352.61408282067  2.471866E-13
1354.06173974121  2.351061E-13
1355.50939666174  2.591481E-13
1356.95705358228  2.613104E-13
1358.40471050282  2.268932E-13
1359.85236742335  2.366451E-13
1361.30002434389  2.689271E-13
1362.74768126443  3.021761E-13
1364.19533818496  2.316237E-13
1365.6429951055  2.289258E-13
1367.09065202604  2.278989E-13
1368.53830894657  2.790428E-13
1369.98596586711  2.448982E-13
1371.43362278765  2.225606E-13
1372.88127970819  2.178527E-13
1374.32893662872  2.263803E-13
1375.77659354926  2.507009E-13
1377.2242504698  2.362524E-13
1378.67190739033  2.357134E-13
1380.11956431087  2.261087E-13
1381.56722123141  2.481597E-13
1383.01487815194  2.453748E-13
1384.46253507248  2.544800E-13
1385.91019199302  2.334095E-13
1387.35784891355  2.581317E-13
1388.80550583409  2.782875E-13
1390.25316275463  2.750788E-13
1391.70081967516  2.885821E-13
1393.1484765957  2.772181E-13
1394.59613351624  2.872494E-13
1396.04379043677  2.762365E-13
1397.49144735731  3.038584E-13
1398.93910427785  2.841714E-13
1400.38676119838  2.979601E-13
1401.83441811892  2.741006E-13
1403.28207503946  2.735804E-13
1404.72973195999  2.656757E-13
1406.17738888053  2.394551E-13
1407.62504580107  2.362637E-13
1409.0727027216  2.460650E-13
1410.52035964214  2.651682E-13
1411.96801656268  2.524855E-13
1413.41567348322  2.462625E-13
1414.86333040375  2.633596E-13
1416.31098732429  2.818431E-13
1417.75864424483  2.539170E-13
1419.20630116536  2.168878E-13
1420.6539580859  2.229937E-13
1422.10161500644  2.231579E-13
1423.54927192697  2.149649E-13
1424.99692884751  1.996114E-13
1426.44458576805  2.278804E-13
1427.89224268858  2.258781E-13
1429.33989960912  2.581522E-13
1430.78755652966  2.425064E-13
1432.23521345019  2.410142E-13
1433.68287037073  2.496857E-13
1435.13052729127  2.321090E-13
1436.5781842118  2.307532E-13
1438.02584113234  2.463091E-13
1439.47349805288  2.350123E-13
1440.92115497341  2.086682E-13
1442.36881189395  2.010400E-13
1443.81646881449  2.061315E-13
1445.26412573502  2.080905E-13
1446.71178265556  2.027344E-13
1448.1594395761  2.364764E-13
1449.60709649664  2.210044E-13
1451.05475341717  2.105444E-13
1452.50241033771  2.290614E-13
1453.95006725825  2.151052E-13
1455.39772417878  2.209813E-13
1456.84538109932  2.444709E-13
1458.29303801986  2.091163E-13
1459.74069494039  2.320367E-13
1461.18835186093  2.357388E-13
1462.63600878147  2.077871E-13
1464.083665702  2.227618E-13
1465.53132262254  2.182964E-13
1466.97897954308  2.171693E-13
1468.42663646361  2.413187E-13
1469.87429338415  2.378831E-13
1471.32195030469  2.234977E-13
1472.76960722522  2.103321E-13
1474.21726414576  2.197168E-13
1475.6649210663  2.153565E-13
1477.11257798683  1.969360E-13
1478.56023490737  1.923052E-13
1480.00789182791  2.250990E-13
1481.45554874844  2.026144E-13
1482.90320566898  2.004673E-13
1484.35086258952  2.264869E-13
1485.79851951005  2.166548E-13
1487.24617643059  2.041700E-13
1488.69383335113  1.993302E-13
1490.14149027167  1.985033E-13
1491.5891471922  2.206794E-13
1493.03680411274  2.162463E-13
1494.48446103328  2.036886E-13
1495.93211795381  2.033849E-13
1497.37977487435  2.156258E-13
1498.82743179489  2.067603E-13
1500.27508871542  2.278329E-13
1501.72274563596  2.364911E-13
1503.1704025565  2.156456E-13
1504.61805947703  2.112727E-13
1506.06571639757  2.374339E-13
1507.51337331811  2.317753E-13
1508.96103023864  2.263766E-13
1510.40868715918  2.405120E-13
1511.85634407972  2.236455E-13
1513.30400100025  2.410107E-13
1514.75165792079  2.214681E-13
1516.19931484133  2.325211E-13
1517.64697176186  2.521877E-13
1519.0946286824  2.457496E-13
1520.54228560294  2.325370E-13
1521.98994252347  2.396321E-13
1523.43759944401  2.551922E-13
1524.88525636455  2.726509E-13
1526.33291328509  2.585583E-13
1527.78057020562  2.670890E-13
1529.22822712616  2.610529E-13
1530.6758840467  2.712089E-13
1532.12354096723  2.684206E-13
1533.57119788777  3.076586E-13
1535.01885480831  3.108211E-13
1536.46651172884  3.116733E-13
1537.91416864938  3.555678E-13
1539.36182556992  3.944837E-13
1540.80948249045  3.887077E-13
1542.25713941099  4.213810E-13
1543.70479633153  4.028477E-13
1545.15245325206  3.805646E-13
1546.6001101726  4.028269E-13
1548.04776709314  3.907662E-13
1549.49542401367  3.512004E-13
1550.94308093421  3.495105E-13
1552.39073785475  3.566816E-13
1553.83839477528  3.571736E-13
1555.28605169582  3.291558E-13
1556.73370861636  3.020982E-13
1558.18136553689  2.774390E-13
1559.62902245743  2.481054E-13
1561.07667937797  2.422804E-13
1562.5243362985  2.451857E-13
1563.97199321904  2.642779E-13
1565.41965013958  2.547459E-13
1566.86730706012  2.363901E-13
1568.31496398065  2.370271E-13
1569.76262090119  2.245664E-13
1571.21027782173  2.195824E-13
1572.65793474226  2.267357E-13
1574.1055916628  2.135551E-13
1575.55324858334  2.198367E-13
1577.00090550387  2.147771E-13
1578.44856242441  2.124953E-13
1579.89621934495  2.159865E-13
1581.34387626548  2.239432E-13
1582.79153318602  2.191308E-13
1584.23919010656  2.230694E-13
1585.68684702709  2.168469E-13
1587.13450394763  2.061774E-13
1588.58216086817  2.036565E-13
1590.0298177887  2.093427E-13
1591.47747470924  2.151392E-13
1592.92513162978  2.266168E-13
1594.37278855031  2.188168E-13
1595.82044547085  2.136350E-13
1597.26810239139  2.155371E-13
1598.71575931192  2.074827E-13
1600.16341623246  2.271053E-13
1601.611073153  2.244594E-13
1603.05873007354  2.103765E-13
1604.50638699407  2.148076E-13
1605.95404391461  2.013720E-13
1607.40170083515  2.093505E-13
1608.84935775568  2.226316E-13
1610.29701467622  2.231347E-13
1611.74467159676  2.179396E-13
1613.19232851729  2.170681E-13
1614.63998543783  2.198319E-13
1616.08764235837  2.149243E-13
1617.5352992789  2.075751E-13
1618.98295619944  2.103863E-13
1620.43061311998  2.083289E-13
1621.87827004051  2.109193E-13
1623.32592696105  2.270024E-13
1624.77358388159  2.349143E-13
1626.22124080212  2.203812E-13
1627.66889772266  2.163728E-13
1629.1165546432  2.089148E-13
1630.56421156373  2.249737E-13
1632.01186848427  2.161434E-13
1633.45952540481  2.073826E-13
1634.90718232534  2.242952E-13
1636.35483924588  2.384165E-13
1637.80249616642  2.229828E-13
1639.25015308695  2.241232E-13
1640.69781000749  2.146262E-13
1642.14546692803  2.070680E-13
1643.59312384857  2.105860E-13
1645.0407807691  2.114939E-13
1646.48843768964  2.098701E-13
1647.93609461018  2.025483E-13
1649.38375153071  2.071087E-13
1650.83140845125  2.123006E-13
1652.27906537179  2.160724E-13
1653.72672229232  2.170006E-13
1655.17437921286  2.116486E-13
1656.6220361334  2.122491E-13
1658.06969305393  2.118033E-13
1659.51734997447  2.237302E-13
1660.96500689501  2.163682E-13
1662.41266381554  2.314715E-13
1663.86032073608  2.227781E-13
1665.30797765662  2.171279E-13
1666.75563457715  2.021839E-13
1668.20329149769  2.059325E-13
1669.65094841823  2.018843E-13
1671.09860533876  2.063943E-13
1672.5462622593  2.019015E-13
1673.99391917984  1.963367E-13
1675.44157610038  1.903928E-13
1676.88923302091  1.934290E-13
1678.33688994145  1.933808E-13
1679.78454686199  1.921809E-13
1681.23220378252  1.841736E-13
1682.67986070306  1.723928E-13
1684.1275176236  1.807677E-13
1685.57517454413  1.849720E-13
1687.02283146467  1.844021E-13
1688.47048838521  1.728469E-13
1689.91814530574  1.783267E-13
1691.36580222628  1.770697E-13
1692.81345914682  1.780600E-13
1694.26111606735  1.800243E-13
1695.70877298789  1.908196E-13
1697.15642990843  2.063012E-13
1698.60408682896  2.037366E-13
1700.0517437495  1.964316E-13
1701.49940067004  2.005177E-13
1702.94705759057  2.020567E-13
1704.39471451111  1.859705E-13
1705.84237143165  1.860141E-13
1707.29002835218  1.908832E-13
1708.73768527272  1.855306E-13
1710.18534219326  0.
1711.63299911379  0.
1713.08065603433  0.
1714.52831295487  0.
1715.97596987541  0.
1717.42362679594  0.
1718.87128371648  0.
1720.31894063702  0.
1721.76659755755  0.
1723.21425447809  0.
1724.66191139863  0.
1726.10956831916  0.
1727.5572252397  0.
1729.00488216024  0.
1730.45253908077  0.
1731.90019600131  0.
1733.34785292185  0.
1734.79550984238  0.
1736.24316676292  0.
1737.69082368346  0.
1739.13848060399  0.
1740.58613752453  0.
1742.03379444507  0.
1743.4814513656  0.
1744.92910828614  0.
1746.37676520668  0.
1747.82442212721  0.
1749.27207904775  0.
1750.71973596829  0.
1752.16739288882  0.
1753.61504980936  0.
1755.0627067299  0.
1756.51036365043  0.
1757.95802057097  0.
1759.40567749151  0.
1760.85333441205  0.
1762.30099133258  0.
1763.74864825312  0.
1765.19630517366  0.
1766.64396209419  0.
1768.09161901473  0.
1769.53927593527  0.
1770.9869328558  0.
1772.43458977634  0.
1773.88224669688  0.
1775.32990361741  0.
1776.77756053795  0.
1778.22521745849  0.
1779.67287437902  0.
1781.12053129956  0.
1782.5681882201  0.
1784.01584514063  0.
1785.46350206117  0.
1786.91115898171  0.
1788.35881590224  0.
1789.80647282278  0.
1791.25412974332  0.
1792.70178666385  0.
1794.14944358439  0.
1795.59710050493  0.
1797.04475742547  0.
1798.492414346  0.
1799.94007126654  0.
1801.38772818708  0.
1802.83538510761  0.
1804.28304202815  0.
1805.73069894869  0.
1807.17835586922  0.
1808.62601278976  0.
1810.0736697103  0.
1811.52132663083  0.
1812.96898355137  0.
1814.41664047191  0.
1815.86429739244  0.
1817.31195431298  0.
1818.75961123352  0.
1820.20726815405  0.
1821.65492507459  0.
1823.10258199513  0.
1824.55023891566  0.
1825.9978958362  0.
1827.44555275674  0.
1828.89320967727  0.
1830.34086659781  0.
1831.78852351835  0.
