906.735751295338  0.
908.183408215875  0.
909.631065136412  0.
911.078722056949  0.
912.526378977485  0.
913.974035898022  0.
915.421692818559  0.
916.869349739096  0.
918.317006659633  0.
919.764663580169  0.
921.212320500706  0.
922.659977421243  0.
924.10763434178  0.
925.555291262316  0.
927.002948182853  0.
928.45060510339  0.
929.898262023927  0.
931.345918944464  0.
932.793575865  0.
934.241232785537  0.
935.688889706074  0.
937.136546626611  0.
938.584203547148  0.
940.031860467684  0.
941.479517388221  0.
942.927174308758  0.
944.374831229295  0.
945.822488149832  0.
947.270145070369  0.
948.717801990905  0.
950.165458911442  0.
951.613115831979  0.
953.060772752515  0.
954.508429673052  0.
955.956086593589  0.
957.403743514126  0.
958.851400434663  0.
960.2990573552  0.
961.746714275736  0.
963.194371196273  0.
964.64202811681  0.
966.089685037347  0.
967.537341957883  0.
968.98499887842  0.
970.432655798957  0.
971.880312719494  0.
973.327969640031  0.
974.775626560567  0.
976.223283481104  0.
977.670940401641  0.
979.118597322178  0.
980.566254242715  0.
982.013911163251  0.
983.461568083788  0.
984.909225004325  0.
986.356881924862  0.
987.804538845399  0.
989.252195765935  0.
990.699852686472  0.
992.147509607009  0.
993.595166527546  6.752136E-13
995.042823448082  5.577710E-13
996.490480368619  6.637130E-13
997.938137289156  5.599565E-13
999.385794209693  4.766872E-13
1000.83345113023  6.492304E-13
1002.28110805077  5.961176E-13
1003.7287649713  6.236941E-13
1005.17642189184  7.334782E-13
1006.62407881238  6.091748E-13
1008.07173573291  3.798337E-13
1009.51939265345  3.875992E-13
1010.96704957399  5.563444E-13
1012.41470649452  6.098340E-13
1013.86236341506  5.355259E-13
1015.3100203356  5.186401E-13
1016.75767725613  5.503478E-13
1018.20533417667  6.394542E-13
1019.65299109721  5.684670E-13
1021.10064801775  6.416529E-13
1022.54830493828  5.199531E-13
1023.99596185882  6.122855E-13
1025.44361877936  6.817536E-13
1026.89127569989  6.193943E-13
1028.33893262043  5.349406E-13
1029.78658954097  5.088768E-13
1031.2342464615  5.614528E-13
1032.68190338204  5.129584E-13
1034.12956030258  4.288434E-13
1035.57721722311  4.498361E-13
1037.02487414365  4.683743E-13
1038.47253106419  4.688444E-13
1039.92018798472  5.094089E-13
1041.36784490526  4.585287E-13
1042.8155018258  4.909124E-13
1044.26315874633  5.312699E-13
1045.71081566687  5.927400E-13
1047.15847258741  5.406065E-13
1048.60612950794  3.923975E-13
1050.05378642848  3.514390E-13
1051.50144334902  5.081910E-13
1052.94910026955  6.191981E-13
1054.39675719009  5.327577E-13
1055.84441411063  4.862089E-13
1057.29207103116  4.591340E-13
1058.7397279517  4.471507E-13
1060.18738487224  4.833413E-13
1061.63504179277  4.538556E-13
1063.08269871331  4.457497E-13
1064.53035563385  4.577698E-13
1065.97801255439  4.138032E-13
1067.42566947492  4.484773E-13
1068.87332639546  4.909401E-13
1070.320983316  4.890668E-13
1071.76864023653  4.431713E-13
1073.21629715707  4.221927E-13
1074.66395407761  4.770904E-13
1076.11161099814  4.962811E-13
1077.55926791868  4.413954E-13
1079.00692483922  4.531754E-13
1080.45458175975  3.697994E-13
1081.90223868029  3.933018E-13
1083.34989560083  4.142968E-13
1084.79755252136  3.751928E-13
1086.2452094419  4.015502E-13
1087.69286636244  3.284613E-13
1089.14052328297  3.850258E-13
1090.58818020351  3.686951E-13
1092.03583712405  4.256603E-13
1093.48349404458  4.117366E-13
1094.93115096512  4.103920E-13
1096.37880788566  3.726725E-13
1097.82646480619  4.305381E-13
1099.27412172673  4.091610E-13
1100.72177864727  3.761863E-13
1102.1694355678  3.777175E-13
1103.61709248834  3.835724E-13
1105.06474940888  3.809477E-13
1106.51240632942  3.657721E-13
1107.96006324995  3.923096E-13
1109.40772017049  3.964562E-13
1110.85537709103  4.323995E-13
1112.30303401156  4.208260E-13
1113.7506909321  3.785616E-13
1115.19834785264  4.137738E-13
1116.64600477317  3.945740E-13
1118.09366169371  3.965445E-13
1119.54131861425  4.207025E-13
1120.98897553478  4.097883E-13
1122.43663245532  4.251446E-13
1123.88428937586  3.996030E-13
1125.33194629639  3.250359E-13
1126.77960321693  3.601496E-13
1128.22726013747  3.665833E-13
1129.674917058  4.121335E-13
1131.12257397854  4.063710E-13
1132.57023089908  3.902483E-13
1134.01788781961  3.716827E-13
1135.46554474015  4.340598E-13
1136.91320166069  4.309893E-13
1138.36085858122  3.439635E-13
1139.80851550176  3.243860E-13
1141.2561724223  3.743605E-13
1142.70382934284  3.877922E-13
1144.15148626337  3.880648E-13
1145.59914318391  4.580043E-13
1147.04680010445  4.364823E-13
1148.49445702498  4.257279E-13
1149.94211394552  4.019830E-13
1151.38977086606  3.702051E-13
1152.83742778659  3.749368E-13
1154.28508470713  3.464298E-13
1155.73274162767  3.862171E-13
1157.1803985482  4.291085E-13
1158.62805546874  4.044997E-13
1160.07571238928  4.023522E-13
1161.52336930981  4.458331E-13
1162.97102623035  4.221017E-13
1164.41868315089  4.103922E-13
1165.86634007142  4.094800E-13
1167.31399699196  4.921433E-13
1168.7616539125  4.515037E-13
1170.20931083303  4.610580E-13
1171.65696775357  5.616043E-13
1173.10462467411  4.626763E-13
1174.55228159464  4.227640E-13
1175.99993851518  4.003183E-13
1177.44759543572  4.276626E-13
1178.89525235625  4.596206E-13
1180.34290927679  4.183353E-13
1181.79056619733  4.647601E-13
1183.23822311787  4.041927E-13
1184.6858800384  4.698381E-13
1186.13353695894  4.580010E-13
1187.58119387948  4.660807E-13
1189.02885080001  4.959973E-13
1190.47650772055  4.915139E-13
1191.92416464109  5.850031E-13
1193.37182156162  6.279652E-13
1194.81947848216  5.271865E-13
1196.2671354027  5.192545E-13
1197.71479232323  4.932671E-13
1199.16244924377  5.416232E-13
1200.61010616431  5.081447E-13
1202.05776308484  5.414359E-13
1203.50542000538  5.477847E-13
1204.95307692592  6.805589E-13
1206.40073384645  7.036718E-13
1207.84839076699  7.947949E-13
1209.29604768753  8.308401E-13
1210.74370460806  9.486693E-13
1212.1913615286  9.840137E-13
1213.63901844914  1.049264E-12
1215.08667536967  1.017166E-12
1216.53433229021  9.633690E-13
1217.98198921075  9.919871E-13
1219.42964613129  8.726737E-13
1220.87730305182  7.469242E-13
1222.32495997236  8.047582E-13
1223.7726168929  5.965704E-13
1225.22027381343  7.159095E-13
1226.66793073397  5.524497E-13
1228.11558765451  5.882937E-13
1229.56324457504  5.761264E-13
1231.01090149558  5.769686E-13
1232.45855841612  5.249058E-13
1233.90621533665  5.205971E-13
1235.35387225719  5.567754E-13
1236.80152917773  5.218253E-13
1238.24918609826  5.992064E-13
1239.6968430188  5.466545E-13
1241.14449993934  5.415322E-13
1242.59215685987  5.422664E-13
1244.03981378041  5.046815E-13
1245.48747070095  4.464738E-13
1246.93512762148  4.421159E-13
1248.38278454202  4.617767E-13
1249.83044146256  4.343763E-13
1251.27809838309  4.275026E-13
1252.72575530363  4.358332E-13
1254.17341222417  4.235735E-13
1255.62106914471  4.175041E-13
1257.06872606524  4.077356E-13
1258.51638298578  4.194719E-13
1259.96403990632  3.776650E-13
1261.41169682685  3.782290E-13
1262.85935374739  3.867958E-13
1264.30701066793  3.676246E-13
1265.75466758846  3.725157E-13
1267.202324509  3.639026E-13
1268.64998142954  3.361219E-13
1270.09763835007  3.452022E-13
1271.54529527061  3.382006E-13
1272.99295219115  3.325097E-13
1274.44060911168  3.279619E-13
1275.88826603222  3.691960E-13
1277.33592295276  3.561707E-13
1278.78357987329  3.462877E-13
1280.23123679383  3.753433E-13
1281.67889371437  3.913186E-13
1283.1265506349  3.786845E-13
1284.57420755544  3.573117E-13
1286.02186447598  3.607195E-13
1287.46952139651  3.924250E-13
1288.91717831705  3.392294E-13
1290.36483523759  3.563147E-13
1291.81249215812  3.508491E-13
1293.26014907866  4.291665E-13
1294.7078059992  3.890450E-13
1296.15546291974  3.401119E-13
1297.60311984027  3.444043E-13
1299.05077676081  3.904891E-13
1300.49843368135  3.490571E-13
1301.94609060188  3.783045E-13
1303.39374752242  3.430528E-13
1304.84140444296  3.196323E-13
1306.28906136349  3.495006E-13
1307.73671828403  3.339028E-13
1309.18437520457  3.482760E-13
1310.6320321251  2.841895E-13
1312.07968904564  3.280836E-13
1313.52734596618  3.108462E-13
1314.97500288671  3.478671E-13
1316.42265980725  3.187725E-13
1317.87031672779  2.821718E-13
1319.31797364832  2.981235E-13
1320.76563056886  3.152325E-13
1322.2132874894  2.998326E-13
1323.66094440993  3.216466E-13
1325.10860133047  3.041849E-13
1326.55625825101  3.078097E-13
1328.00391517154  3.106399E-13
1329.45157209208  3.332280E-13
1330.89922901262  3.477120E-13
1332.34688593315  3.353204E-13
1333.79454285369  3.420235E-13
1335.24219977423  3.271249E-13
1336.68985669477  2.797384E-13
1338.1375136153  3.041859E-13
1339.58517053584  3.539635E-13
1341.03282745638  3.814337E-13
1342.48048437691  3.682255E-13
1343.92814129745  3.619659E-13
1345.37579821799  3.124502E-13
1346.82345513852  3.140312E-13
1348.27111205906  3.031463E-13
1349.7187689796  2.787719E-13
1351.16642590013  3.313886E-13
1352.61408282067  3.610837E-13
1354.06173974121  3.090370E-13
1355.50939666174  3.396426E-13
1356.95705358228  3.340224E-13
1358.40471050282  3.226438E-13
1359.85236742335  3.632504E-13
1361.30002434389  3.413940E-13
1362.74768126443  3.047843E-13
1364.19533818496  3.154510E-13
1365.6429951055  3.075607E-13
1367.09065202604  2.744843E-13
1368.53830894657  3.246301E-13
1369.98596586711  3.033720E-13
1371.43362278765  3.135553E-13
1372.88127970819  2.690999E-13
1374.32893662872  2.944913E-13
1375.77659354926  3.292241E-13
1377.2242504698  3.090556E-13
1378.67190739033  3.634129E-13
1380.11956431087  3.383894E-13
1381.56722123141  3.596523E-13
1383.01487815194  3.026605E-13
1384.46253507248  3.259523E-13
1385.91019199302  3.417318E-13
1387.35784891355  3.250442E-13
1388.80550583409  3.376280E-13
1390.25316275463  3.297749E-13
1391.70081967516  3.042272E-13
1393.1484765957  3.442796E-13
1394.59613351624  3.572617E-13
1396.04379043677  3.791087E-13
1397.49144735731  3.657315E-13
1398.93910427785  3.972124E-13
1400.38676119838  3.821084E-13
1401.83441811892  4.027965E-13
1403.28207503946  3.612735E-13
1404.72973195999  3.495402E-13
1406.17738888053  3.364842E-13
1407.62504580107  3.220101E-13
1409.0727027216  3.223942E-13
1410.52035964214  2.934237E-13
1411.96801656268  3.661537E-13
1413.41567348322  3.402903E-13
1414.86333040375  3.211881E-13
1416.31098732429  3.437302E-13
1417.75864424483  3.250978E-13
1419.20630116536  2.995977E-13
1420.6539580859  3.055441E-13
1422.10161500644  3.374838E-13
1423.54927192697  3.142333E-13
1424.99692884751  3.160985E-13
1426.44458576805  2.874161E-13
1427.89224268858  3.093860E-13
1429.33989960912  3.169674E-13
1430.78755652966  2.629248E-13
1432.23521345019  2.962439E-13
1433.68287037073  3.249923E-13
1435.13052729127  2.889229E-13
1436.5781842118  3.016087E-13
1438.02584113234  3.046970E-13
1439.47349805288  3.129633E-13
1440.92115497341  3.092686E-13
1442.36881189395  2.533003E-13
1443.81646881449  3.020991E-13
1445.26412573502  2.975905E-13
1446.71178265556  2.817821E-13
1448.1594395761  3.085894E-13
1449.60709649664  3.029354E-13
1451.05475341717  2.777856E-13
1452.50241033771  3.140234E-13
1453.95006725825  2.973042E-13
1455.39772417878  2.844989E-13
1456.84538109932  2.878413E-13
1458.29303801986  2.815427E-13
1459.74069494039  2.862255E-13
1461.18835186093  3.074375E-13
1462.63600878147  2.741892E-13
1464.083665702  2.845221E-13
1465.53132262254  2.768481E-13
1466.97897954308  2.935593E-13
1468.42663646361  3.083267E-13
1469.87429338415  2.967697E-13
1471.32195030469  2.558034E-13
1472.76960722522  2.697711E-13
1474.21726414576  2.832296E-13
1475.6649210663  2.784961E-13
1477.11257798683  2.492746E-13
1478.56023490737  2.720962E-13
1480.00789182791  2.610179E-13
1481.45554874844  2.785805E-13
1482.90320566898  2.968871E-13
1484.35086258952  3.183181E-13
1485.79851951005  2.852429E-13
1487.24617643059  2.861498E-13
1488.69383335113  2.696353E-13
1490.14149027167  2.695768E-13
1491.5891471922  2.665920E-13
1493.03680411274  2.625241E-13
1494.48446103328  2.810934E-13
1495.93211795381  2.594377E-13
1497.37977487435  2.764552E-13
1498.82743179489  3.132943E-13
1500.27508871542  3.099030E-13
1501.72274563596  2.863016E-13
1503.1704025565  2.746566E-13
1504.61805947703  2.805563E-13
1506.06571639757  2.973168E-13
1507.51337331811  3.240135E-13
1508.96103023864  3.061930E-13
1510.40868715918  3.018898E-13
1511.85634407972  3.199417E-13
1513.30400100025  2.943007E-13
1514.75165792079  2.964212E-13
1516.19931484133  3.061821E-13
1517.64697176186  2.858544E-13
1519.0946286824  2.879451E-13
1520.54228560294  3.067172E-13
1521.98994252347  3.192810E-13
1523.43759944401  3.181949E-13
1524.88525636455  3.057155E-13
1526.33291328509  3.038930E-13
1527.78057020562  3.097684E-13
1529.22822712616  3.283474E-13
1530.6758840467  3.136346E-13
1532.12354096723  3.206079E-13
1533.57119788777  3.494298E-13
1535.01885480831  3.780209E-13
1536.46651172884  4.157354E-13
1537.91416864938  4.456223E-13
1539.36182556992  4.302857E-13
1540.80948249045  4.334886E-13
1542.25713941099  4.808945E-13
1543.70479633153  4.641980E-13
1545.15245325206  4.573082E-13
1546.6001101726  4.756707E-13
1548.04776709314  4.593805E-13
1549.49542401367  4.464471E-13
1550.94308093421  4.444622E-13
1552.39073785475  4.084528E-13
1553.83839477528  4.004652E-13
1555.28605169582  3.774747E-13
1556.73370861636  3.672548E-13
1558.18136553689  3.269745E-13
1559.62902245743  3.232625E-13
1561.07667937797  3.200598E-13
1562.5243362985  3.304142E-13
1563.97199321904  3.167510E-13
1565.41965013958  3.187481E-13
1566.86730706012  2.991614E-13
1568.31496398065  3.001536E-13
1569.76262090119  2.920120E-13
1571.21027782173  2.965923E-13
1572.65793474226  2.927204E-13
1574.1055916628  2.866415E-13
1575.55324858334  2.691737E-13
1577.00090550387  2.711818E-13
1578.44856242441  2.987925E-13
1579.89621934495  2.980427E-13
1581.34387626548  2.777757E-13
1582.79153318602  2.647862E-13
1584.23919010656  2.645948E-13
1585.68684702709  2.575707E-13
1587.13450394763  2.650762E-13
1588.58216086817  2.835707E-13
1590.0298177887  2.960057E-13
1591.47747470924  2.980518E-13
1592.92513162978  2.972704E-13
1594.37278855031  2.927688E-13
1595.82044547085  2.842124E-13
1597.26810239139  2.679605E-13
1598.71575931192  2.677596E-13
1600.16341623246  2.699440E-13
1601.611073153  2.615339E-13
1603.05873007354  2.612581E-13
1604.50638699407  2.681876E-13
1605.95404391461  2.705359E-13
1607.40170083515  2.788227E-13
1608.84935775568  2.718069E-13
1610.29701467622  2.772114E-13
1611.74467159676  2.565908E-13
1613.19232851729  2.705893E-13
1614.63998543783  2.809443E-13
1616.08764235837  2.885424E-13
1617.5352992789  2.864659E-13
1618.98295619944  2.808251E-13
1620.43061311998  2.706771E-13
1621.87827004051  2.737440E-13
1623.32592696105  2.791288E-13
1624.77358388159  2.888296E-13
1626.22124080212  2.791425E-13
1627.66889772266  2.890637E-13
1629.1165546432  2.895720E-13
1630.56421156373  2.806512E-13
1632.01186848427  2.780270E-13
1633.45952540481  2.807905E-13
1634.90718232534  2.774713E-13
1636.35483924588  2.737058E-13
1637.80249616642  2.642262E-13
1639.25015308695  2.612171E-13
1640.69781000749  2.661455E-13
1642.14546692803  2.719950E-13
1643.59312384857  2.860237E-13
1645.0407807691  2.879205E-13
1646.48843768964  2.850483E-13
1647.93609461018  2.680362E-13
1649.38375153071  2.520926E-13
1650.83140845125  2.561691E-13
1652.27906537179  2.659300E-13
1653.72672229232  2.672342E-13
1655.17437921286  2.605514E-13
1656.6220361334  2.646322E-13
1658.06969305393  2.613254E-13
1659.51734997447  2.649391E-13
1660.96500689501  2.610515E-13
1662.41266381554  2.718656E-13
1663.86032073608  2.686903E-13
1665.30797765662  2.739151E-13
1666.75563457715  2.730998E-13
1668.20329149769  2.824191E-13
1669.65094841823  2.667087E-13
1671.09860533876  2.678069E-13
1672.5462622593  2.805882E-13
1673.99391917984  2.850923E-13
1675.44157610038  2.845371E-13
1676.88923302091  2.730995E-13
1678.33688994145  2.650975E-13
1679.78454686199  2.549182E-13
1681.23220378252  2.502058E-13
1682.67986070306  2.438331E-13
1684.1275176236  2.520492E-13
1685.57517454413  2.440649E-13
1687.02283146467  2.469150E-13
1688.47048838521  2.444535E-13
1689.91814530574  2.436270E-13
1691.36580222628  2.458063E-13
1692.81345914682  2.536543E-13
1694.26111606735  2.457358E-13
1695.70877298789  2.381871E-13
1697.15642990843  2.421238E-13
1698.60408682896  2.394297E-13
1700.0517437495  2.423328E-13
1701.49940067004  2.397417E-13
1702.94705759057  2.354816E-13
1704.39471451111  2.335035E-13
1705.84237143165  2.328889E-13
1707.29002835218  2.241182E-13
1708.73768527272  2.327018E-13
1710.18534219326  0.
1711.63299911379  0.
1713.08065603433  0.
1714.52831295487  0.
1715.97596987541  0.
1717.42362679594  0.
1718.87128371648  0.
1720.31894063702  0.
1721.76659755755  0.
1723.21425447809  0.
1724.66191139863  0.
1726.10956831916  0.
1727.5572252397  0.
1729.00488216024  0.
1730.45253908077  0.
1731.90019600131  0.
1733.34785292185  0.
1734.79550984238  0.
1736.24316676292  0.
1737.69082368346  0.
1739.13848060399  0.
1740.58613752453  0.
1742.03379444507  0.
1743.4814513656  0.
1744.92910828614  0.
1746.37676520668  0.
1747.82442212721  0.
1749.27207904775  0.
1750.71973596829  0.
1752.16739288882  0.
1753.61504980936  0.
1755.0627067299  0.
1756.51036365043  0.
1757.95802057097  0.
1759.40567749151  0.
1760.85333441205  0.
1762.30099133258  0.
1763.74864825312  0.
1765.19630517366  0.
1766.64396209419  0.
1768.09161901473  0.
1769.53927593527  0.
1770.9869328558  0.
1772.43458977634  0.
1773.88224669688  0.
1775.32990361741  0.
1776.77756053795  0.
1778.22521745849  0.
1779.67287437902  0.
1781.12053129956  0.
1782.5681882201  0.
1784.01584514063  0.
1785.46350206117  0.
1786.91115898171  0.
1788.35881590224  0.
1789.80647282278  0.
1791.25412974332  0.
1792.70178666385  0.
1794.14944358439  0.
1795.59710050493  0.
1797.04475742547  0.
1798.492414346  0.
1799.94007126654  0.
1801.38772818708  0.
1802.83538510761  0.
1804.28304202815  0.
1805.73069894869  0.
1807.17835586922  0.
1808.62601278976  0.
1810.0736697103  0.
1811.52132663083  0.
1812.96898355137  0.
1814.41664047191  0.
1815.86429739244  0.
1817.31195431298  0.
1818.75961123352  0.
1820.20726815405  0.
1821.65492507459  0.
1823.10258199513  0.
1824.55023891566  0.
1825.9978958362  0.
1827.44555275674  0.
1828.89320967727  0.
1830.34086659781  0.
1831.78852351835  0.
