906.735751295338  0.
908.183365802898  0.
909.630980310458  0.
911.078594818018  0.
912.526209325578  0.
913.973823833137  0.
915.421438340697  0.
916.869052848257  0.
918.316667355817  0.
919.764281863377  0.
921.211896370937  0.
922.659510878497  0.
924.107125386056  0.
925.554739893616  0.
927.002354401176  0.
928.449968908736  0.
929.897583416296  0.
931.345197923856  0.
932.792812431415  0.
934.240426938975  0.
935.688041446535  0.
937.135655954095  0.
938.583270461655  0.
940.030884969215  0.
941.478499476774  0.
942.926113984334  0.
944.373728491894  0.
945.821342999454  0.
947.268957507014  0.
948.716572014574  0.
950.164186522133  0.
951.611801029693  0.
953.059415537253  0.
954.507030044813  0.
955.954644552373  0.
957.402259059933  0.
958.849873567493  0.
960.297488075052  0.
961.745102582612  0.
963.192717090172  0.
964.640331597732  0.
966.087946105292  0.
967.535560612852  0.
968.983175120411  0.
970.430789627971  0.
971.878404135531  0.
973.326018643091  0.
974.773633150651  0.
976.221247658211  0.
977.668862165771  0.
979.11647667333  0.
980.56409118089  0.
982.01170568845  0.
983.45932019601  0.
984.90693470357  0.
986.35454921113  0.
987.802163718689  0.
989.249778226249  0.
990.697392733809  0.
992.145007241369  0.
993.592621748929  5.447664E-13
995.040236256489  6.104828E-13
996.487850764048  4.739567E-13
997.935465271608  5.996207E-13
999.383079779168  5.526572E-13
1000.83069428673  5.242005E-13
1002.27830879429  6.671446E-13
1003.72592330185  7.568011E-13
1005.17353780941  6.525108E-13
1006.62115231697  6.110619E-13
1008.06876682453  6.468466E-13
1009.51638133209  4.652395E-13
1010.96399583965  4.393547E-13
1012.41161034721  5.964797E-13
1013.85922485477  6.251052E-13
1015.30683936233  5.569054E-13
1016.75445386989  5.906964E-13
1018.20206837745  5.427680E-13
1019.64968288501  5.725239E-13
1021.09729739257  6.150177E-13
1022.54491190013  6.713362E-13
1023.99252640769  6.140168E-13
1025.44014091525  5.360317E-13
1026.8877554228  5.325332E-13
1028.33536993037  5.444904E-13
1029.78298443792  5.368692E-13
1031.23059894548  5.216888E-13
1032.67821345304  6.545671E-13
1034.1258279606  6.659876E-13
1035.57344246816  6.142677E-13
1037.02105697572  5.327121E-13
1038.46867148328  5.348291E-13
1039.91628599084  6.216664E-13
1041.3639004984  4.781457E-13
1042.81151500596  6.076076E-13
1044.25912951352  4.506889E-13
1045.70674402108  4.849040E-13
1047.15435852864  5.031221E-13
1048.6019730362  5.461881E-13
1050.04958754376  4.450576E-13
1051.49720205132  4.264238E-13
1052.94481655888  5.293953E-13
1054.39243106644  5.857580E-13
1055.840045574  5.567814E-13
1057.28766008156  3.997552E-13
1058.73527458912  4.205166E-13
1060.18288909668  4.325786E-13
1061.63050360424  4.872982E-13
1063.0781181118  4.835045E-13
1064.52573261936  5.693282E-13
1065.97334712692  4.802337E-13
1067.42096163448  5.231024E-13
1068.86857614204  4.357124E-13
1070.3161906496  4.596136E-13
1071.76380515716  5.563397E-13
1073.21141966472  4.599058E-13
1074.65903417228  4.944247E-13
1076.10664867984  4.603451E-13
1077.5542631874  4.711854E-13
1079.00187769496  4.642533E-13
1080.44949220252  4.110398E-13
1081.89710671008  4.234651E-13
1083.34472121764  4.415767E-13
1084.7923357252  4.128587E-13
1086.23995023276  4.181764E-13
1087.68756474032  3.991026E-13
1089.13517924788  3.440631E-13
1090.58279375544  4.363184E-13
1092.030408263  4.415186E-13
1093.47802277056  4.650053E-13
1094.92563727812  4.586834E-13
1096.37325178568  4.550710E-13
1097.82086629324  4.455772E-13
1099.2684808008  4.242236E-13
1100.71609530836  4.421406E-13
1102.16370981592  3.980767E-13
1103.61132432348  4.251837E-13
1105.05893883104  4.250756E-13
1106.5065533386  4.289253E-13
1107.95416784616  5.025243E-13
1109.40178235372  4.534182E-13
1110.84939686128  4.667842E-13
1112.29701136884  4.553637E-13
1113.7446258764  4.729297E-13
1115.19224038396  3.888486E-13
1116.63985489152  4.691727E-13
1118.08746939908  4.278693E-13
1119.53508390664  4.053461E-13
1120.98269841419  4.328729E-13
1122.43031292175  4.243245E-13
1123.87792742931  3.987840E-13
1125.32554193687  3.841388E-13
1126.77315644443  4.990074E-13
1128.22077095199  3.716920E-13
1129.66838545955  4.003971E-13
1131.11599996711  4.410186E-13
1132.56361447467  4.285349E-13
1134.01122898223  4.528489E-13
1135.45884348979  4.466235E-13
1136.90645799735  4.168503E-13
1138.35407250491  4.178166E-13
1139.80168701247  4.212533E-13
1141.24930152003  3.926321E-13
1142.69691602759  3.804630E-13
1144.14453053515  4.028864E-13
1145.59214504271  4.025864E-13
1147.03975955027  3.441930E-13
1148.48737405783  4.047486E-13
1149.93498856539  4.452287E-13
1151.38260307295  3.613597E-13
1152.83021758051  3.525193E-13
1154.27783208807  3.522749E-13
1155.72544659563  4.607736E-13
1157.17306110319  3.842791E-13
1158.62067561075  3.716724E-13
1160.06829011831  4.170423E-13
1161.51590462587  4.133167E-13
1162.96351913343  4.054000E-13
1164.41113364099  4.176751E-13
1165.85874814855  3.838522E-13
1167.30636265611  4.226647E-13
1168.75397716367  4.406562E-13
1170.20159167123  4.343648E-13
1171.64920617879  4.621944E-13
1173.09682068635  4.699322E-13
1174.54443519391  4.746816E-13
1175.99204970147  4.273752E-13
1177.43966420903  4.925282E-13
1178.88727871659  4.434852E-13
1180.33489322415  4.984021E-13
1181.78250773171  4.278133E-13
1183.23012223927  4.750665E-13
1184.67773674683  5.529270E-13
1186.12535125439  4.494595E-13
1187.57296576195  4.882347E-13
1189.02058026951  5.256110E-13
1190.46819477707  5.009691E-13
1191.91580928463  5.507911E-13
1193.36342379219  6.073913E-13
1194.81103829975  5.513512E-13
1196.25865280731  5.192483E-13
1197.70626731487  5.570462E-13
1199.15388182243  5.991397E-13
1200.60149632999  6.049953E-13
1202.04911083755  6.198907E-13
1203.49672534511  5.728645E-13
1204.94433985267  6.648840E-13
1206.39195436023  7.781501E-13
1207.83956886779  8.237341E-13
1209.28718337535  9.074793E-13
1210.7347978829  1.007139E-12
1212.18241239046  1.034976E-12
1213.63002689802  1.134390E-12
1215.07764140558  1.098655E-12
1216.52525591314  1.171902E-12
1217.9728704207  1.029034E-12
1219.42048492826  9.749202E-13
1220.86809943582  8.778711E-13
1222.31571394338  7.761152E-13
1223.76332845094  7.801574E-13
1225.2109429585  6.707798E-13
1226.65855746606  6.242207E-13
1228.10617197362  5.782199E-13
1229.55378648118  6.052975E-13
1231.00140098874  6.104376E-13
1232.4490154963  5.755606E-13
1233.89663000386  5.981266E-13
1235.34424451142  5.624606E-13
1236.79185901898  5.061584E-13
1238.23947352654  5.847334E-13
1239.6870880341  5.245582E-13
1241.13470254166  5.962033E-13
1242.58231704922  5.245979E-13
1244.02993155678  5.154005E-13
1245.47754606434  5.397798E-13
1246.9251605719  4.556070E-13
1248.37277507946  4.688645E-13
1249.82038958702  4.787207E-13
1251.26800409458  4.825368E-13
1252.71561860214  4.618382E-13
1254.1632331097  5.233428E-13
1255.61084761726  4.473621E-13
1257.05846212482  4.227058E-13
1258.50607663238  4.759993E-13
1259.95369113994  4.369057E-13
1261.4013056475  3.763837E-13
1262.84892015506  4.445295E-13
1264.29653466262  4.908195E-13
1265.74414917018  4.049116E-13
1267.19176367774  3.843990E-13
1268.6393781853  3.437796E-13
1270.08699269286  4.526995E-13
1271.53460720042  4.064518E-13
1272.98222170798  4.342959E-13
1274.42983621554  4.260765E-13
1275.8774507231  3.890285E-13
1277.32506523066  3.889921E-13
1278.77267973822  4.046185E-13
1280.22029424578  4.574112E-13
1281.66790875334  3.705914E-13
1283.1155232609  3.644929E-13
1284.56313776846  3.915250E-13
1286.01075227602  3.629990E-13
1287.45836678358  3.408412E-13
1288.90598129114  4.219517E-13
1290.3535957987  4.553277E-13
1291.80121030626  4.252384E-13
1293.24882481382  4.066659E-13
1294.69643932138  3.837051E-13
1296.14405382894  3.905417E-13
1297.5916683365  4.008500E-13
1299.03928284406  4.253937E-13
1300.48689735162  3.775187E-13
1301.93451185917  3.804538E-13
1303.38212636674  3.692560E-13
1304.82974087429  3.910009E-13
1306.27735538185  3.918980E-13
1307.72496988941  3.809629E-13
1309.17258439697  3.874144E-13
1310.62019890453  3.617532E-13
1312.06781341209  3.550027E-13
1313.51542791965  3.803789E-13
1314.96304242721  3.884504E-13
1316.41065693477  3.660170E-13
1317.85827144233  3.137982E-13
1319.30588594989  2.985842E-13
1320.75350045745  3.571735E-13
1322.20111496501  4.232559E-13
1323.64872947257  3.951568E-13
1325.09634398013  3.587654E-13
1326.54395848769  3.559280E-13
1327.99157299525  3.712977E-13
1329.43918750281  3.405595E-13
1330.88680201037  3.591483E-13
1332.33441651793  3.994073E-13
1333.78203102549  3.641908E-13
1335.22964553305  3.641538E-13
1336.67726004061  3.201808E-13
1338.12487454817  3.364899E-13
1339.57248905573  3.340899E-13
1341.02010356329  3.309285E-13
1342.46771807085  3.622122E-13
1343.91533257841  3.508171E-13
1345.36294708597  3.071121E-13
1346.81056159353  3.284812E-13
1348.25817610109  3.189153E-13
1349.70579060865  3.486442E-13
1351.15340511621  3.741558E-13
1352.60101962377  3.726264E-13
1354.04863413133  3.529414E-13
1355.49624863889  3.779452E-13
1356.94386314645  3.435437E-13
1358.39147765401  3.318834E-13
1359.83909216157  3.217557E-13
1361.28670666913  3.375589E-13
1362.73432117669  3.440390E-13
1364.18193568425  3.462705E-13
1365.62955019181  3.597152E-13
1367.07716469937  3.406703E-13
1368.52477920693  3.525393E-13
1369.97239371449  3.500714E-13
1371.42000822205  3.021785E-13
1372.86762272961  3.307138E-13
1374.31523723717  3.435069E-13
1375.76285174473  3.403584E-13
1377.21046625229  3.323377E-13
1378.65808075985  3.560703E-13
1380.10569526741  3.819247E-13
1381.55330977497  3.294261E-13
1383.00092428253  3.245848E-13
1384.44853879009  3.310166E-13
1385.89615329765  3.567166E-13
1387.34376780521  3.909248E-13
1388.79138231277  3.274556E-13
1390.23899682033  3.498478E-13
1391.68661132789  3.687679E-13
1393.13422583545  3.602247E-13
1394.581840343  3.649359E-13
1396.02945485057  3.483242E-13
1397.47706935812  3.322941E-13
1398.92468386568  3.888403E-13
1400.37229837324  3.839990E-13
1401.8199128808  4.375190E-13
1403.26752738836  3.972299E-13
1404.71514189592  3.680446E-13
1406.16275640348  3.742233E-13
1407.61037091104  3.815439E-13
1409.0579854186  4.414526E-13
1410.50559992616  4.144234E-13
1411.95321443372  3.764008E-13
1413.40082894128  3.848948E-13
1414.84844344884  3.535697E-13
1416.2960579564  3.507822E-13
1417.74367246396  3.692845E-13
1419.19128697152  3.755403E-13
1420.63890147908  3.393173E-13
1422.08651598664  3.329666E-13
1423.5341304942  3.616388E-13
1424.98174500176  3.424260E-13
1426.42935950932  3.326015E-13
1427.87697401688  3.762806E-13
1429.32458852444  3.036457E-13
1430.772203032  3.304643E-13
1432.21981753956  3.559903E-13
1433.66743204712  3.433740E-13
1435.11504655468  3.570950E-13
1436.56266106224  3.362661E-13
1438.0102755698  2.895368E-13
1439.45789007736  3.174164E-13
1440.90550458492  3.033660E-13
1442.35311909248  3.059721E-13
1443.80073360004  2.978146E-13
1445.2483481076  3.104338E-13
1446.69596261516  3.160170E-13
1448.14357712272  3.148244E-13
1449.59119163028  3.212199E-13
1451.03880613784  3.103468E-13
1452.4864206454  2.944924E-13
1453.93403515296  3.172907E-13
1455.38164966052  3.058808E-13
1456.82926416808  3.167854E-13
1458.27687867564  3.117218E-13
1459.7244931832  3.186112E-13
1461.17210769076  3.169530E-13
1462.61972219832  3.388699E-13
1464.06733670588  3.049714E-13
1465.51495121344  3.007586E-13
1466.962565721  3.226273E-13
1468.41018022856  3.116885E-13
1469.85779473612  3.354059E-13
1471.30540924368  2.950527E-13
1472.75302375124  3.061463E-13
1474.2006382588  3.141284E-13
1475.64825276636  2.884958E-13
1477.09586727392  2.641301E-13
1478.54348178148  2.883314E-13
1479.99109628904  3.298040E-13
1481.4387107966  3.446336E-13
1482.88632530416  3.230025E-13
1484.33393981172  3.108926E-13
1485.78155431928  3.029759E-13
1487.22916882683  3.307551E-13
1488.67678333439  3.266396E-13
1490.12439784195  2.973230E-13
1491.57201234951  3.011225E-13
1493.01962685707  2.748035E-13
1494.46724136463  2.882652E-13
1495.91485587219  3.212528E-13
1497.36247037975  3.499559E-13
1498.81008488731  3.573681E-13
1500.25769939487  3.246351E-13
1501.70531390243  2.966944E-13
1503.15292840999  3.375772E-13
1504.60054291755  3.174002E-13
1506.04815742511  3.041000E-13
1507.49577193267  3.063996E-13
1508.94338644023  3.221552E-13
1510.39100094779  3.169645E-13
1511.83861545535  3.339522E-13
1513.28622996291  3.211099E-13
1514.73384447047  3.052963E-13
1516.18145897803  3.273202E-13
1517.62907348559  3.263332E-13
1519.07668799315  3.212235E-13
1520.52430250071  3.323717E-13
1521.97191700827  3.245258E-13
1523.41953151583  3.252041E-13
1524.86714602339  3.326555E-13
1526.31476053095  3.417988E-13
1527.76237503851  3.435188E-13
1529.20998954607  3.584113E-13
1530.65760405363  3.626668E-13
1532.10521856119  3.721950E-13
1533.55283306875  3.682926E-13
1535.00044757631  4.078135E-13
1536.44806208387  3.820347E-13
1537.89567659143  4.043520E-13
1539.34329109899  4.415931E-13
1540.79090560655  4.532679E-13
1542.23852011411  4.772303E-13
1543.68613462167  5.121717E-13
1545.13374912923  5.122792E-13
1546.58136363679  5.316872E-13
1548.02897814435  5.120618E-13
1549.47659265191  5.226986E-13
1550.92420715947  5.052868E-13
1552.37182166703  4.868022E-13
1553.81943617459  4.437079E-13
1555.26705068215  4.381023E-13
1556.71466518971  4.108065E-13
1558.16227969727  3.917439E-13
1559.60989420483  3.652992E-13
1561.05750871239  3.717323E-13
1562.50512321995  3.825249E-13
1563.95273772751  3.610824E-13
1565.40035223507  3.569004E-13
1566.84796674263  3.462522E-13
1568.29558125019  3.333441E-13
1569.74319575775  3.269843E-13
1571.19081026531  3.130790E-13
1572.63842477287  3.265965E-13
1574.08603928043  3.109463E-13
1575.53365378799  3.081085E-13
1576.98126829555  3.110056E-13
1578.4288828031  3.102285E-13
1579.87649731066  3.273686E-13
1581.32411181822  3.239376E-13
1582.77172632578  3.328882E-13
1584.21934083334  3.310168E-13
1585.6669553409  3.183621E-13
1587.11456984846  3.164936E-13
1588.56218435602  3.047486E-13
1590.00979886358  3.054434E-13
1591.45741337114  3.048084E-13
1592.9050278787  3.100759E-13
1594.35264238626  3.061766E-13
1595.80025689382  2.883518E-13
1597.24787140138  2.894508E-13
1598.69548590894  2.785716E-13
1600.1431004165  2.679717E-13
1601.59071492406  2.811060E-13
1603.03832943162  2.955438E-13
1604.48594393918  3.157469E-13
1605.93355844674  3.074444E-13
1607.3811729543  2.976776E-13
1608.82878746186  2.933308E-13
1610.27640196942  2.779435E-13
1611.72401647698  2.819147E-13
1613.17163098454  2.779986E-13
1614.6192454921  2.884181E-13
1616.06685999966  2.920905E-13
1617.51447450722  2.883528E-13
1618.96208901478  2.980814E-13
1620.40970352234  2.879106E-13
1621.8573180299  2.950872E-13
1623.30493253746  2.985872E-13
1624.75254704502  3.009310E-13
1626.20016155258  3.142326E-13
1627.64777606014  3.163133E-13
1629.0953905677  2.937037E-13
1630.54300507526  2.930678E-13
1631.99061958282  2.776747E-13
1633.43823409038  3.039305E-13
1634.88584859794  3.161864E-13
1636.3334631055  3.001013E-13
1637.78107761306  3.027329E-13
1639.22869212062  2.916482E-13
1640.67630662818  2.844839E-13
1642.12392113574  2.974225E-13
1643.5715356433  2.955145E-13
1645.01915015086  2.801506E-13
1646.46676465842  2.722111E-13
1647.91437916598  2.845911E-13
1649.36199367354  2.974684E-13
1650.8096081811  2.950432E-13
1652.25722268866  2.864133E-13
1653.70483719622  2.831991E-13
1655.15245170378  2.971131E-13
1656.60006621134  3.063889E-13
1658.0476807189  3.113392E-13
1659.49529522646  3.243755E-13
1660.94290973402  3.274346E-13
1662.39052424158  3.075920E-13
1663.83813874914  3.084364E-13
1665.2857532567  3.179479E-13
1666.73336776426  2.958092E-13
1668.18098227181  2.877551E-13
1669.62859677938  3.045306E-13
1671.07621128693  2.858786E-13
1672.52382579449  2.758139E-13
1673.97144030205  2.716050E-13
1675.41905480961  2.660423E-13
1676.86666931717  2.678287E-13
1678.31428382473  2.636100E-13
1679.76189833229  2.615576E-13
1681.20951283985  2.673936E-13
1682.65712734741  2.601123E-13
1684.10474185497  2.551074E-13
1685.55235636253  2.576953E-13
1686.99997087009  2.478357E-13
1688.44758537765  2.503627E-13
1689.89519988521  2.572730E-13
1691.34281439277  2.456318E-13
1692.79042890033  2.481526E-13
1694.23804340789  2.538361E-13
1695.68565791545  2.543938E-13
1697.13327242301  2.606357E-13
1698.58088693057  2.690306E-13
1700.02850143813  2.742631E-13
1701.47611594569  2.756898E-13
1702.92373045325  2.685683E-13
1704.37134496081  2.578127E-13
1705.81895946837  2.650137E-13
1707.26657397593  2.659786E-13
1708.71418848349  2.587499E-13
1710.16180299105  0.
1711.60941749861  0.
1713.05703200617  0.
1714.50464651373  0.
1715.95226102129  0.
1717.39987552885  0.
1718.84749003641  0.
1720.29510454397  0.
1721.74271905153  0.
1723.19033355909  0.
1724.63794806665  0.
1726.08556257421  0.
1727.53317708177  0.
1728.98079158933  0.
1730.42840609689  0.
1731.87602060445  0.
1733.32363511201  0.
1734.77124961957  0.
1736.21886412713  0.
1737.66647863469  0.
1739.11409314225  0.
1740.56170764981  0.
1742.00932215737  0.
1743.45693666493  0.
1744.90455117249  0.
1746.35216568005  0.
1747.79978018761  0.
1749.24739469517  0.
1750.69500920273  0.
1752.14262371029  0.
1753.59023821785  0.
1755.03785272541  0.
1756.48546723297  0.
1757.93308174053  0.
1759.38069624809  0.
1760.82831075565  0.
1762.27592526321  0.
1763.72353977076  0.
1765.17115427832  0.
1766.61876878588  0.
1768.06638329344  0.
1769.513997801  0.
1770.96161230856  0.
1772.40922681612  0.
1773.85684132368  0.
1775.30445583124  0.
1776.7520703388  0.
1778.19968484636  0.
1779.64729935392  0.
1781.09491386148  0.
1782.54252836904  0.
1783.9901428766  0.
1785.43775738416  0.
1786.88537189172  0.
1788.33298639928  0.
1789.78060090684  0.
1791.2282154144  0.
1792.67582992196  0.
1794.12344442952  0.
1795.57105893708  0.
1797.01867344464  0.
1798.4662879522  0.
1799.91390245976  0.
1801.36151696732  0.
1802.80913147488  0.
1804.25674598244  0.
1805.70436049  0.
1807.15197499756  0.
1808.59958950512  0.
1810.04720401268  0.
1811.49481852024  0.
1812.9424330278  0.
1814.39004753536  0.
1815.83766204292  0.
1817.28527655048  0.
1818.73289105804  0.
1820.1805055656  0.
1821.62812007316  0.
1823.07573458072  0.
1824.52334908828  0.
1825.97096359584  0.
1827.4185781034  0.
1828.86619261096  0.
1830.31380711852  0.
1831.76142162608  0.
