906.735751295338  0.
908.183408215875  0.
909.631065136412  0.
911.078722056949  0.
912.526378977485  0.
913.974035898022  0.
915.421692818559  0.
916.869349739096  0.
918.317006659633  0.
919.764663580169  0.
921.212320500706  0.
922.659977421243  0.
924.10763434178  0.
925.555291262316  0.
927.002948182853  0.
928.45060510339  0.
929.898262023927  0.
931.345918944464  0.
932.793575865  0.
934.241232785537  0.
935.688889706074  0.
937.136546626611  0.
938.584203547148  0.
940.031860467684  0.
941.479517388221  0.
942.927174308758  0.
944.374831229295  0.
945.822488149832  0.
947.270145070369  0.
948.717801990905  0.
950.165458911442  0.
951.613115831979  0.
953.060772752515  0.
954.508429673052  0.
955.956086593589  0.
957.403743514126  0.
958.851400434663  0.
960.2990573552  0.
961.746714275736  0.
963.194371196273  0.
964.64202811681  0.
966.089685037347  0.
967.537341957883  0.
968.98499887842  0.
970.432655798957  0.
971.880312719494  0.
973.327969640031  0.
974.775626560567  0.
976.223283481104  0.
977.670940401641  0.
979.118597322178  0.
980.566254242715  0.
982.013911163251  0.
983.461568083788  0.
984.909225004325  0.
986.356881924862  0.
987.804538845399  0.
989.252195765935  0.
990.699852686472  0.
992.147509607009  0.
993.595166527546  5.811780E-13
995.042823448082  6.534626E-13
996.490480368619  7.034793E-13
997.938137289156  6.704361E-13
999.385794209693  8.169223E-13
1000.83345113023  7.279060E-13
1002.28110805077  5.870144E-13
1003.7287649713  6.235024E-13
1005.17642189184  7.224665E-13
1006.62407881238  6.020460E-13
1008.07173573291  6.127719E-13
1009.51939265345  5.863608E-13
1010.96704957399  5.566862E-13
1012.41470649452  6.351916E-13
1013.86236341506  5.182268E-13
1015.3100203356  4.878087E-13
1016.75767725613  5.022159E-13
1018.20533417667  5.611306E-13
1019.65299109721  4.519444E-13
1021.10064801775  5.259205E-13
1022.54830493828  4.817462E-13
1023.99596185882  5.209841E-13
1025.44361877936  5.692635E-13
1026.89127569989  5.735089E-13
1028.33893262043  5.439770E-13
1029.78658954097  4.847364E-13
1031.2342464615  4.885271E-13
1032.68190338204  5.650348E-13
1034.12956030258  5.879216E-13
1035.57721722311  5.367934E-13
1037.02487414365  4.866704E-13
1038.47253106419  5.060012E-13
1039.92018798472  5.107393E-13
1041.36784490526  5.162282E-13
1042.8155018258  5.679200E-13
1044.26315874633  6.570040E-13
1045.71081566687  6.950702E-13
1047.15847258741  7.906068E-13
1048.60612950794  4.818859E-13
1050.05378642848  4.701460E-13
1051.50144334902  4.265244E-13
1052.94910026955  4.263130E-13
1054.39675719009  4.538643E-13
1055.84441411063  3.732166E-13
1057.29207103116  3.554576E-13
1058.7397279517  3.853741E-13
1060.18738487224  4.263793E-13
1061.63504179277  4.193694E-13
1063.08269871331  4.463124E-13
1064.53035563385  4.674038E-13
1065.97801255439  4.749933E-13
1067.42566947492  4.544401E-13
1068.87332639546  4.295681E-13
1070.320983316  4.017818E-13
1071.76864023653  4.433357E-13
1073.21629715707  4.266178E-13
1074.66395407761  4.684725E-13
1076.11161099814  4.701751E-13
1077.55926791868  4.410588E-13
1079.00692483922  4.542018E-13
1080.45458175975  4.203603E-13
1081.90223868029  4.041817E-13
1083.34989560083  4.379752E-13
1084.79755252136  3.630757E-13
1086.2452094419  3.740346E-13
1087.69286636244  3.803311E-13
1089.14052328297  4.048828E-13
1090.58818020351  3.816143E-13
1092.03583712405  4.631134E-13
1093.48349404458  3.925826E-13
1094.93115096512  4.236384E-13
1096.37880788566  4.298275E-13
1097.82646480619  3.881898E-13
1099.27412172673  3.721930E-13
1100.72177864727  4.254626E-13
1102.1694355678  4.134885E-13
1103.61709248834  4.347800E-13
1105.06474940888  4.553076E-13
1106.51240632942  4.131712E-13
1107.96006324995  4.114053E-13
1109.40772017049  4.011159E-13
1110.85537709103  4.160379E-13
1112.30303401156  4.454816E-13
1113.7506909321  3.990936E-13
1115.19834785264  3.999434E-13
1116.64600477317  4.646314E-13
1118.09366169371  4.305193E-13
1119.54131861425  4.321569E-13
1120.98897553478  4.091061E-13
1122.43663245532  4.230792E-13
1123.88428937586  3.994653E-13
1125.33194629639  3.525204E-13
1126.77960321693  3.490040E-13
1128.22726013747  3.573568E-13
1129.674917058  4.884570E-13
1131.12257397854  4.274731E-13
1132.57023089908  4.676580E-13
1134.01788781961  4.232289E-13
1135.46554474015  4.078765E-13
1136.91320166069  4.422228E-13
1138.36085858122  4.224884E-13
1139.80851550176  3.683781E-13
1141.2561724223  3.328584E-13
1142.70382934284  4.314753E-13
1144.15148626337  4.144994E-13
1145.59914318391  4.126310E-13
1147.04680010445  4.881754E-13
1148.49445702498  3.947696E-13
1149.94211394552  5.319186E-13
1151.38977086606  4.466240E-13
1152.83742778659  3.897575E-13
1154.28508470713  3.531303E-13
1155.73274162767  3.739243E-13
1157.1803985482  3.935405E-13
1158.62805546874  4.585834E-13
1160.07571238928  3.895453E-13
1161.52336930981  4.210039E-13
1162.97102623035  3.553562E-13
1164.41868315089  5.338219E-13
1165.86634007142  3.796317E-13
1167.31399699196  4.062629E-13
1168.7616539125  4.262605E-13
1170.20931083303  4.231191E-13
1171.65696775357  4.878207E-13
1173.10462467411  4.146254E-13
1174.55228159464  4.106036E-13
1175.99993851518  4.193882E-13
1177.44759543572  4.367249E-13
1178.89525235625  4.898222E-13
1180.34290927679  4.375923E-13
1181.79056619733  5.105709E-13
1183.23822311787  4.398051E-13
1184.6858800384  4.330468E-13
1186.13353695894  4.590324E-13
1187.58119387948  4.864401E-13
1189.02885080001  4.819280E-13
1190.47650772055  4.565612E-13
1191.92416464109  5.180339E-13
1193.37182156162  5.480087E-13
1194.81947848216  5.575004E-13
1196.2671354027  5.196351E-13
1197.71479232323  5.074668E-13
1199.16244924377  5.295017E-13
1200.61010616431  5.770190E-13
1202.05776308484  6.576616E-13
1203.50542000538  6.711338E-13
1204.95307692592  5.938225E-13
1206.40073384645  6.173665E-13
1207.84839076699  7.068025E-13
1209.29604768753  6.611063E-13
1210.74370460806  8.032188E-13
1212.1913615286  8.515815E-13
1213.63901844914  1.018486E-12
1215.08667536967  1.103938E-12
1216.53433229021  1.102465E-12
1217.98198921075  9.518510E-13
1219.42964613129  1.002020E-12
1220.87730305182  9.495964E-13
1222.32495997236  8.600404E-13
1223.7726168929  7.887325E-13
1225.22027381343  7.646087E-13
1226.66793073397  6.323373E-13
1228.11558765451  6.038318E-13
1229.56324457504  5.832365E-13
1231.01090149558  6.282354E-13
1232.45855841612  6.001840E-13
1233.90621533665  6.106133E-13
1235.35387225719  6.291979E-13
1236.80152917773  5.653677E-13
1238.24918609826  5.147064E-13
1239.6968430188  6.425565E-13
1241.14449993934  6.178468E-13
1242.59215685987  4.630019E-13
1244.03981378041  4.916944E-13
1245.48747070095  5.095019E-13
1246.93512762148  4.462307E-13
1248.38278454202  4.910924E-13
1249.83044146256  5.106528E-13
1251.27809838309  4.500072E-13
1252.72575530363  4.797183E-13
1254.17341222417  4.318442E-13
1255.62106914471  4.228406E-13
1257.06872606524  4.137304E-13
1258.51638298578  4.672753E-13
1259.96403990632  4.699440E-13
1261.41169682685  4.078774E-13
1262.85935374739  4.191128E-13
1264.30701066793  3.831232E-13
1265.75466758846  3.600525E-13
1267.202324509  3.741959E-13
1268.64998142954  3.363828E-13
1270.09763835007  3.730215E-13
1271.54529527061  3.671920E-13
1272.99295219115  3.573559E-13
1274.44060911168  3.635677E-13
1275.88826603222  3.657937E-13
1277.33592295276  3.294964E-13
1278.78357987329  3.689041E-13
1280.23123679383  3.784434E-13
1281.67889371437  3.492099E-13
1283.1265506349  3.163712E-13
1284.57420755544  3.309063E-13
1286.02186447598  3.285916E-13
1287.46952139651  3.867147E-13
1288.91717831705  3.514255E-13
1290.36483523759  3.407412E-13
1291.81249215812  3.167409E-13
1293.26014907866  3.711212E-13
1294.7078059992  3.492759E-13
1296.15546291974  3.598011E-13
1297.60311984027  3.379367E-13
1299.05077676081  3.465697E-13
1300.49843368135  3.565619E-13
1301.94609060188  3.786780E-13
1303.39374752242  3.461856E-13
1304.84140444296  3.321492E-13
1306.28906136349  3.158953E-13
1307.73671828403  2.919294E-13
1309.18437520457  3.521228E-13
1310.6320321251  3.382950E-13
1312.07968904564  3.729460E-13
1313.52734596618  3.433078E-13
1314.97500288671  3.630277E-13
1316.42265980725  3.600558E-13
1317.87031672779  3.108088E-13
1319.31797364832  3.051199E-13
1320.76563056886  3.439122E-13
1322.2132874894  3.081973E-13
1323.66094440993  3.178094E-13
1325.10860133047  3.235487E-13
1326.55625825101  3.080762E-13
1328.00391517154  3.330494E-13
1329.45157209208  3.851508E-13
1330.89922901262  3.263297E-13
1332.34688593315  3.272885E-13
1333.79454285369  3.185953E-13
1335.24219977423  3.496532E-13
1336.68985669477  3.530082E-13
1338.1375136153  2.988227E-13
1339.58517053584  2.688776E-13
1341.03282745638  3.168375E-13
1342.48048437691  3.199474E-13
1343.92814129745  3.105779E-13
1345.37579821799  2.839264E-13
1346.82345513852  3.082752E-13
1348.27111205906  3.216462E-13
1349.7187689796  3.075749E-13
1351.16642590013  3.630833E-13
1352.61408282067  3.527698E-13
1354.06173974121  3.292651E-13
1355.50939666174  3.237570E-13
1356.95705358228  3.256916E-13
1358.40471050282  3.323567E-13
1359.85236742335  3.402718E-13
1361.30002434389  3.453871E-13
1362.74768126443  2.978256E-13
1364.19533818496  3.596176E-13
1365.6429951055  3.227119E-13
1367.09065202604  3.176413E-13
1368.53830894657  3.348941E-13
1369.98596586711  3.257139E-13
1371.43362278765  3.208505E-13
1372.88127970819  3.175242E-13
1374.32893662872  3.129370E-13
1375.77659354926  3.315479E-13
1377.2242504698  3.299248E-13
1378.67190739033  3.224348E-13
1380.11956431087  3.395938E-13
1381.56722123141  3.475880E-13
1383.01487815194  2.961732E-13
1384.46253507248  3.078262E-13
1385.91019199302  3.151257E-13
1387.35784891355  3.097003E-13
1388.80550583409  3.160324E-13
1390.25316275463  3.162694E-13
1391.70081967516  3.086415E-13
1393.1484765957  3.097511E-13
1394.59613351624  3.340604E-13
1396.04379043677  3.695536E-13
1397.49144735731  3.328565E-13
1398.93910427785  3.751282E-13
1400.38676119838  3.644266E-13
1401.83441811892  3.619574E-13
1403.28207503946  3.612102E-13
1404.72973195999  3.176478E-13
1406.17738888053  3.160113E-13
1407.62504580107  3.228828E-13
1409.0727027216  3.501258E-13
1410.52035964214  3.114717E-13
1411.96801656268  3.683456E-13
1413.41567348322  3.354027E-13
1414.86333040375  2.976606E-13
1416.31098732429  3.392859E-13
1417.75864424483  2.849191E-13
1419.20630116536  2.848349E-13
1420.6539580859  3.012956E-13
1422.10161500644  3.093404E-13
1423.54927192697  2.970973E-13
1424.99692884751  2.999734E-13
1426.44458576805  2.821417E-13
1427.89224268858  3.560475E-13
1429.33989960912  3.286613E-13
1430.78755652966  2.771249E-13
1432.23521345019  2.666941E-13
1433.68287037073  3.143347E-13
1435.13052729127  2.997041E-13
1436.5781842118  2.796035E-13
1438.02584113234  3.098429E-13
1439.47349805288  2.948888E-13
1440.92115497341  3.362523E-13
1442.36881189395  2.901149E-13
1443.81646881449  2.928267E-13
1445.26412573502  2.586540E-13
1446.71178265556  2.815858E-13
1448.1594395761  2.749453E-13
1449.60709649664  2.761395E-13
1451.05475341717  2.838308E-13
1452.50241033771  2.877830E-13
1453.95006725825  2.754620E-13
1455.39772417878  2.744064E-13
1456.84538109932  2.842094E-13
1458.29303801986  2.935691E-13
1459.74069494039  2.769567E-13
1461.18835186093  2.771151E-13
1462.63600878147  2.773656E-13
1464.083665702  2.902824E-13
1465.53132262254  2.691074E-13
1466.97897954308  2.909501E-13
1468.42663646361  2.925047E-13
1469.87429338415  2.868639E-13
1471.32195030469  2.480447E-13
1472.76960722522  2.567915E-13
1474.21726414576  2.837004E-13
1475.6649210663  2.834743E-13
1477.11257798683  2.783036E-13
1478.56023490737  2.975001E-13
1480.00789182791  2.750185E-13
1481.45554874844  2.709856E-13
1482.90320566898  3.090061E-13
1484.35086258952  2.945252E-13
1485.79851951005  2.792784E-13
1487.24617643059  2.756844E-13
1488.69383335113  2.496389E-13
1490.14149027167  2.515995E-13
1491.5891471922  2.722991E-13
1493.03680411274  2.569583E-13
1494.48446103328  2.796971E-13
1495.93211795381  2.723511E-13
1497.37977487435  2.856624E-13
1498.82743179489  2.989858E-13
1500.27508871542  2.972346E-13
1501.72274563596  2.877568E-13
1503.1704025565  2.766208E-13
1504.61805947703  2.794457E-13
1506.06571639757  2.714789E-13
1507.51337331811  3.039818E-13
1508.96103023864  2.927291E-13
1510.40868715918  2.931028E-13
1511.85634407972  3.112447E-13
1513.30400100025  3.003231E-13
1514.75165792079  3.015409E-13
1516.19931484133  2.933180E-13
1517.64697176186  2.752187E-13
1519.0946286824  2.944496E-13
1520.54228560294  3.009564E-13
1521.98994252347  3.168982E-13
1523.43759944401  3.024745E-13
1524.88525636455  3.152679E-13
1526.33291328509  3.221011E-13
1527.78057020562  3.401607E-13
1529.22822712616  3.167061E-13
1530.6758840467  3.288529E-13
1532.12354096723  3.187747E-13
1533.57119788777  3.272225E-13
1535.01885480831  3.513139E-13
1536.46651172884  3.772662E-13
1537.91416864938  3.916318E-13
1539.36182556992  4.084398E-13
1540.80948249045  4.343728E-13
1542.25713941099  4.638628E-13
1543.70479633153  4.500315E-13
1545.15245325206  4.674791E-13
1546.6001101726  4.683520E-13
1548.04776709314  4.109099E-13
1549.49542401367  4.449197E-13
1550.94308093421  4.246556E-13
1552.39073785475  4.359403E-13
1553.83839477528  4.146691E-13
1555.28605169582  3.923882E-13
1556.73370861636  3.571661E-13
1558.18136553689  3.672895E-13
1559.62902245743  3.591130E-13
1561.07667937797  3.366646E-13
1562.5243362985  3.465012E-13
1563.97199321904  3.187832E-13
1565.41965013958  3.186551E-13
1566.86730706012  3.201808E-13
1568.31496398065  3.316949E-13
1569.76262090119  2.999183E-13
1571.21027782173  2.911370E-13
1572.65793474226  3.020607E-13
1574.1055916628  2.933105E-13
1575.55324858334  3.057489E-13
1577.00090550387  2.896726E-13
1578.44856242441  2.882218E-13
1579.89621934495  2.900903E-13
1581.34387626548  2.830283E-13
1582.79153318602  2.865929E-13
1584.23919010656  2.869679E-13
1585.68684702709  2.875271E-13
1587.13450394763  2.766306E-13
1588.58216086817  2.761824E-13
1590.0298177887  2.758157E-13
1591.47747470924  2.705792E-13
1592.92513162978  2.825085E-13
1594.37278855031  2.811353E-13
1595.82044547085  2.840401E-13
1597.26810239139  2.818887E-13
1598.71575931192  2.860867E-13
1600.16341623246  2.784121E-13
1601.611073153  2.595360E-13
1603.05873007354  2.602606E-13
1604.50638699407  2.633830E-13
1605.95404391461  2.692529E-13
1607.40170083515  2.750425E-13
1608.84935775568  2.581430E-13
1610.29701467622  2.662237E-13
1611.74467159676  2.901452E-13
1613.19232851729  2.803827E-13
1614.63998543783  2.744703E-13
1616.08764235837  2.734517E-13
1617.5352992789  2.657407E-13
1618.98295619944  2.651030E-13
1620.43061311998  2.713263E-13
1621.87827004051  2.690530E-13
1623.32592696105  2.717602E-13
1624.77358388159  2.732936E-13
1626.22124080212  2.760886E-13
1627.66889772266  2.743864E-13
1629.1165546432  2.764514E-13
1630.56421156373  2.731729E-13
1632.01186848427  2.725036E-13
1633.45952540481  2.784001E-13
1634.90718232534  2.775791E-13
1636.35483924588  2.824572E-13
1637.80249616642  2.761815E-13
1639.25015308695  2.616656E-13
1640.69781000749  2.544875E-13
1642.14546692803  2.542842E-13
1643.59312384857  2.575929E-13
1645.0407807691  2.587842E-13
1646.48843768964  2.487326E-13
1647.93609461018  2.480124E-13
1649.38375153071  2.496045E-13
1650.83140845125  2.597225E-13
1652.27906537179  2.720024E-13
1653.72672229232  2.651116E-13
1655.17437921286  2.696963E-13
1656.6220361334  2.752916E-13
1658.06969305393  2.618906E-13
1659.51734997447  2.643148E-13
1660.96500689501  2.480075E-13
1662.41266381554  2.624702E-13
1663.86032073608  2.701650E-13
1665.30797765662  2.650346E-13
1666.75563457715  2.672397E-13
1668.20329149769  2.645326E-13
1669.65094841823  2.538950E-13
1671.09860533876  2.646848E-13
1672.5462622593  2.639441E-13
1673.99391917984  2.521493E-13
1675.44157610038  2.399908E-13
1676.88923302091  2.267486E-13
1678.33688994145  2.332962E-13
1679.78454686199  2.333290E-13
1681.23220378252  2.381035E-13
1682.67986070306  2.510652E-13
1684.1275176236  2.522922E-13
1685.57517454413  2.425030E-13
1687.02283146467  2.417413E-13
1688.47048838521  2.352308E-13
1689.91814530574  2.379922E-13
1691.36580222628  2.305942E-13
1692.81345914682  2.250217E-13
1694.26111606735  2.220489E-13
1695.70877298789  2.179600E-13
1697.15642990843  2.285703E-13
1698.60408682896  2.298286E-13
1700.0517437495  2.370498E-13
1701.49940067004  2.362157E-13
1702.94705759057  2.268482E-13
1704.39471451111  2.362533E-13
1705.84237143165  2.314721E-13
1707.29002835218  2.266212E-13
1708.73768527272  2.286190E-13
1710.18534219326  0.
1711.63299911379  0.
1713.08065603433  0.
1714.52831295487  0.
1715.97596987541  0.
1717.42362679594  0.
1718.87128371648  0.
1720.31894063702  0.
1721.76659755755  0.
1723.21425447809  0.
1724.66191139863  0.
1726.10956831916  0.
1727.5572252397  0.
1729.00488216024  0.
1730.45253908077  0.
1731.90019600131  0.
1733.34785292185  0.
1734.79550984238  0.
1736.24316676292  0.
1737.69082368346  0.
1739.13848060399  0.
1740.58613752453  0.
1742.03379444507  0.
1743.4814513656  0.
1744.92910828614  0.
1746.37676520668  0.
1747.82442212721  0.
1749.27207904775  0.
1750.71973596829  0.
1752.16739288882  0.
1753.61504980936  0.
1755.0627067299  0.
1756.51036365043  0.
1757.95802057097  0.
1759.40567749151  0.
1760.85333441205  0.
1762.30099133258  0.
1763.74864825312  0.
1765.19630517366  0.
1766.64396209419  0.
1768.09161901473  0.
1769.53927593527  0.
1770.9869328558  0.
1772.43458977634  0.
1773.88224669688  0.
1775.32990361741  0.
1776.77756053795  0.
1778.22521745849  0.
1779.67287437902  0.
1781.12053129956  0.
1782.5681882201  0.
1784.01584514063  0.
1785.46350206117  0.
1786.91115898171  0.
1788.35881590224  0.
1789.80647282278  0.
1791.25412974332  0.
1792.70178666385  0.
1794.14944358439  0.
1795.59710050493  0.
1797.04475742547  0.
1798.492414346  0.
1799.94007126654  0.
1801.38772818708  0.
1802.83538510761  0.
1804.28304202815  0.
1805.73069894869  0.
1807.17835586922  0.
1808.62601278976  0.
1810.0736697103  0.
1811.52132663083  0.
1812.96898355137  0.
1814.41664047191  0.
1815.86429739244  0.
1817.31195431298  0.
1818.75961123352  0.
1820.20726815405  0.
1821.65492507459  0.
1823.10258199513  0.
1824.55023891566  0.
1825.9978958362  0.
1827.44555275674  0.
1828.89320967727  0.
1830.34086659781  0.
1831.78852351835  0.
