906.735751295338  0.
908.183408215875  0.
909.631065136412  0.
911.078722056949  0.
912.526378977485  0.
913.974035898022  0.
915.421692818559  0.
916.869349739096  0.
918.317006659633  0.
919.764663580169  0.
921.212320500706  0.
922.659977421243  0.
924.10763434178  0.
925.555291262316  0.
927.002948182853  0.
928.45060510339  0.
929.898262023927  0.
931.345918944464  0.
932.793575865  0.
934.241232785537  0.
935.688889706074  0.
937.136546626611  0.
938.584203547148  0.
940.031860467684  0.
941.479517388221  0.
942.927174308758  0.
944.374831229295  0.
945.822488149832  0.
947.270145070369  0.
948.717801990905  0.
950.165458911442  0.
951.613115831979  0.
953.060772752515  0.
954.508429673052  0.
955.956086593589  0.
957.403743514126  0.
958.851400434663  0.
960.2990573552  0.
961.746714275736  0.
963.194371196273  0.
964.64202811681  0.
966.089685037347  0.
967.537341957883  0.
968.98499887842  0.
970.432655798957  0.
971.880312719494  0.
973.327969640031  0.
974.775626560567  0.
976.223283481104  0.
977.670940401641  0.
979.118597322178  0.
980.566254242715  0.
982.013911163251  0.
983.461568083788  0.
984.909225004325  0.
986.356881924862  0.
987.804538845399  0.
989.252195765935  0.
990.699852686472  0.
992.147509607009  0.
993.595166527546  8.103578E-13
995.042823448082  6.023718E-13
996.490480368619  6.509051E-13
997.938137289156  5.170970E-13
999.385794209693  6.713901E-13
1000.83345113023  6.200402E-13
1002.28110805077  8.432874E-13
1003.7287649713  5.058377E-13
1005.17642189184  4.979140E-13
1006.62407881238  6.577961E-13
1008.07173573291  5.238877E-13
1009.51939265345  5.704219E-13
1010.96704957399  6.369248E-13
1012.41470649452  4.266378E-13
1013.86236341506  4.747277E-13
1015.3100203356  5.495343E-13
1016.75767725613  3.969094E-13
1018.20533417667  6.079724E-13
1019.65299109721  5.554954E-13
1021.10064801775  6.346261E-13
1022.54830493828  5.542463E-13
1023.99596185882  5.209855E-13
1025.44361877936  6.146588E-13
1026.89127569989  4.941051E-13
1028.33893262043  5.421058E-13
1029.78658954097  5.973361E-13
1031.2342464615  6.142184E-13
1032.68190338204  6.818539E-13
1034.12956030258  6.436649E-13
1035.57721722311  6.446654E-13
1037.02487414365  5.582349E-13
1038.47253106419  5.613804E-13
1039.92018798472  5.701206E-13
1041.36784490526  4.897854E-13
1042.8155018258  5.091726E-13
1044.26315874633  5.072392E-13
1045.71081566687  7.242051E-13
1047.15847258741  5.633578E-13
1048.60612950794  5.368251E-13
1050.05378642848  4.005062E-13
1051.50144334902  6.235287E-13
1052.94910026955  5.396424E-13
1054.39675719009  5.927089E-13
1055.84441411063  4.922464E-13
1057.29207103116  4.824526E-13
1058.7397279517  4.740883E-13
1060.18738487224  4.208214E-13
1061.63504179277  4.999300E-13
1063.08269871331  5.141512E-13
1064.53035563385  5.295685E-13
1065.97801255439  5.541113E-13
1067.42566947492  5.583632E-13
1068.87332639546  5.017542E-13
1070.320983316  5.401815E-13
1071.76864023653  4.577808E-13
1073.21629715707  4.513616E-13
1074.66395407761  4.864720E-13
1076.11161099814  5.034117E-13
1077.55926791868  5.045953E-13
1079.00692483922  5.109178E-13
1080.45458175975  4.573217E-13
1081.90223868029  4.546208E-13
1083.34989560083  4.588076E-13
1084.79755252136  4.697883E-13
1086.2452094419  4.120869E-13
1087.69286636244  4.085692E-13
1089.14052328297  3.926610E-13
1090.58818020351  4.760545E-13
1092.03583712405  4.548607E-13
1093.48349404458  4.568702E-13
1094.93115096512  4.778042E-13
1096.37880788566  4.410879E-13
1097.82646480619  4.563774E-13
1099.27412172673  4.370016E-13
1100.72177864727  3.740994E-13
1102.1694355678  4.227729E-13
1103.61709248834  4.378114E-13
1105.06474940888  4.668923E-13
1106.51240632942  4.235958E-13
1107.96006324995  4.184267E-13
1109.40772017049  4.595458E-13
1110.85537709103  4.455442E-13
1112.30303401156  4.634548E-13
1113.7506909321  5.025781E-13
1115.19834785264  4.819590E-13
1116.64600477317  4.803736E-13
1118.09366169371  4.770335E-13
1119.54131861425  4.766798E-13
1120.98897553478  4.382637E-13
1122.43663245532  4.340319E-13
1123.88428937586  4.227346E-13
1125.33194629639  3.783630E-13
1126.77960321693  3.822738E-13
1128.22726013747  4.514041E-13
1129.674917058  4.276918E-13
1131.12257397854  5.095835E-13
1132.57023089908  4.244828E-13
1134.01788781961  4.474758E-13
1135.46554474015  4.240961E-13
1136.91320166069  3.940395E-13
1138.36085858122  3.800151E-13
1139.80851550176  4.124259E-13
1141.2561724223  4.246193E-13
1142.70382934284  4.163610E-13
1144.15148626337  4.310577E-13
1145.59914318391  4.098389E-13
1147.04680010445  4.271014E-13
1148.49445702498  3.692762E-13
1149.94211394552  3.588830E-13
1151.38977086606  3.818535E-13
1152.83742778659  3.556255E-13
1154.28508470713  3.801200E-13
1155.73274162767  3.676963E-13
1157.1803985482  3.869932E-13
1158.62805546874  4.669060E-13
1160.07571238928  4.204240E-13
1161.52336930981  3.966853E-13
1162.97102623035  4.057396E-13
1164.41868315089  3.998614E-13
1165.86634007142  4.192049E-13
1167.31399699196  4.440279E-13
1168.7616539125  4.043884E-13
1170.20931083303  4.647776E-13
1171.65696775357  4.635239E-13
1173.10462467411  5.026652E-13
1174.55228159464  4.247958E-13
1175.99993851518  4.427558E-13
1177.44759543572  4.443867E-13
1178.89525235625  4.370609E-13
1180.34290927679  4.451515E-13
1181.79056619733  4.949302E-13
1183.23822311787  4.781101E-13
1184.6858800384  4.746887E-13
1186.13353695894  4.982522E-13
1187.58119387948  5.328983E-13
1189.02885080001  5.195690E-13
1190.47650772055  5.827742E-13
1191.92416464109  5.522223E-13
1193.37182156162  5.681141E-13
1194.81947848216  5.833297E-13
1196.2671354027  5.876926E-13
1197.71479232323  5.991087E-13
1199.16244924377  5.898160E-13
1200.61010616431  5.821759E-13
1202.05776308484  6.206590E-13
1203.50542000538  5.706390E-13
1204.95307692592  6.618387E-13
1206.40073384645  6.925725E-13
1207.84839076699  7.693159E-13
1209.29604768753  9.441419E-13
1210.74370460806  1.138998E-12
1212.1913615286  1.026000E-12
1213.63901844914  1.064341E-12
1215.08667536967  1.120331E-12
1216.53433229021  8.886785E-13
1217.98198921075  8.927040E-13
1219.42964613129  9.690985E-13
1220.87730305182  8.574899E-13
1222.32495997236  6.868055E-13
1223.7726168929  6.596863E-13
1225.22027381343  6.185397E-13
1226.66793073397  5.886230E-13
1228.11558765451  5.744626E-13
1229.56324457504  5.745049E-13
1231.01090149558  5.717947E-13
1232.45855841612  6.999559E-13
1233.90621533665  6.315524E-13
1235.35387225719  6.102028E-13
1236.80152917773  6.192325E-13
1238.24918609826  6.082734E-13
1239.6968430188  6.450269E-13
1241.14449993934  6.054351E-13
1242.59215685987  5.700855E-13
1244.03981378041  5.769003E-13
1245.48747070095  5.342393E-13
1246.93512762148  5.643590E-13
1248.38278454202  5.162580E-13
1249.83044146256  4.374639E-13
1251.27809838309  5.316581E-13
1252.72575530363  4.803161E-13
1254.17341222417  4.438955E-13
1255.62106914471  4.545376E-13
1257.06872606524  4.443905E-13
1258.51638298578  3.972500E-13
1259.96403990632  3.938796E-13
1261.41169682685  4.341054E-13
1262.85935374739  4.182268E-13
1264.30701066793  3.877026E-13
1265.75466758846  4.485211E-13
1267.202324509  4.111102E-13
1268.64998142954  4.117974E-13
1270.09763835007  3.875695E-13
1271.54529527061  3.972904E-13
1272.99295219115  3.794048E-13
1274.44060911168  3.899276E-13
1275.88826603222  3.825689E-13
1277.33592295276  3.805533E-13
1278.78357987329  3.846792E-13
1280.23123679383  3.617938E-13
1281.67889371437  4.354786E-13
1283.1265506349  4.215961E-13
1284.57420755544  3.666783E-13
1286.02186447598  3.375474E-13
1287.46952139651  3.462101E-13
1288.91717831705  3.769930E-13
1290.36483523759  3.783181E-13
1291.81249215812  3.998863E-13
1293.26014907866  3.601482E-13
1294.7078059992  3.866635E-13
1296.15546291974  3.944809E-13
1297.60311984027  3.604312E-13
1299.05077676081  3.943563E-13
1300.49843368135  4.062040E-13
1301.94609060188  3.727976E-13
1303.39374752242  3.404135E-13
1304.84140444296  3.172709E-13
1306.28906136349  3.382122E-13
1307.73671828403  3.865106E-13
1309.18437520457  3.620595E-13
1310.6320321251  3.607679E-13
1312.07968904564  3.681230E-13
1313.52734596618  3.753671E-13
1314.97500288671  4.120389E-13
1316.42265980725  3.608266E-13
1317.87031672779  3.439506E-13
1319.31797364832  3.543466E-13
1320.76563056886  3.054644E-13
1322.2132874894  3.405706E-13
1323.66094440993  3.935733E-13
1325.10860133047  3.882880E-13
1326.55625825101  3.567615E-13
1328.00391517154  3.450401E-13
1329.45157209208  3.740800E-13
1330.89922901262  3.879989E-13
1332.34688593315  3.606771E-13
1333.79454285369  3.484689E-13
1335.24219977423  3.424643E-13
1336.68985669477  3.209126E-13
1338.1375136153  3.373537E-13
1339.58517053584  3.482873E-13
1341.03282745638  3.586908E-13
1342.48048437691  3.357837E-13
1343.92814129745  3.420241E-13
1345.37579821799  3.315672E-13
1346.82345513852  3.576292E-13
1348.27111205906  3.976187E-13
1349.7187689796  3.827818E-13
1351.16642590013  3.617222E-13
1352.61408282067  3.230365E-13
1354.06173974121  2.901568E-13
1355.50939666174  3.286855E-13
1356.95705358228  3.497574E-13
1358.40471050282  3.397131E-13
1359.85236742335  3.373027E-13
1361.30002434389  3.504561E-13
1362.74768126443  3.883789E-13
1364.19533818496  3.968542E-13
1365.6429951055  3.726759E-13
1367.09065202604  3.280006E-13
1368.53830894657  3.071040E-13
1369.98596586711  3.192136E-13
1371.43362278765  3.336226E-13
1372.88127970819  3.603461E-13
1374.32893662872  3.539227E-13
1375.77659354926  3.595504E-13
1377.2242504698  3.829780E-13
1378.67190739033  3.638656E-13
1380.11956431087  3.200244E-13
1381.56722123141  3.597972E-13
1383.01487815194  3.546207E-13
1384.46253507248  3.197753E-13
1385.91019199302  3.332194E-13
1387.35784891355  3.546321E-13
1388.80550583409  3.457582E-13
1390.25316275463  3.882641E-13
1391.70081967516  3.623270E-13
1393.1484765957  3.725607E-13
1394.59613351624  4.008902E-13
1396.04379043677  4.448945E-13
1397.49144735731  3.804396E-13
1398.93910427785  3.631908E-13
1400.38676119838  3.931514E-13
1401.83441811892  4.147252E-13
1403.28207503946  3.900328E-13
1404.72973195999  3.885073E-13
1406.17738888053  3.636497E-13
1407.62504580107  3.493750E-13
1409.0727027216  3.340436E-13
1410.52035964214  3.754208E-13
1411.96801656268  3.214462E-13
1413.41567348322  3.492462E-13
1414.86333040375  3.411868E-13
1416.31098732429  3.379272E-13
1417.75864424483  3.474189E-13
1419.20630116536  3.170003E-13
1420.6539580859  2.948766E-13
1422.10161500644  3.371705E-13
1423.54927192697  3.328252E-13
1424.99692884751  3.302886E-13
1426.44458576805  3.173603E-13
1427.89224268858  2.996468E-13
1429.33989960912  3.244818E-13
1430.78755652966  3.201778E-13
1432.23521345019  3.359886E-13
1433.68287037073  3.405525E-13
1435.13052729127  3.148417E-13
1436.5781842118  3.222130E-13
1438.02584113234  3.062983E-13
1439.47349805288  3.330249E-13
1440.92115497341  3.158723E-13
1442.36881189395  2.739963E-13
1443.81646881449  3.074684E-13
1445.26412573502  3.086334E-13
1446.71178265556  2.715347E-13
1448.1594395761  3.087507E-13
1449.60709649664  3.116501E-13
1451.05475341717  3.036151E-13
1452.50241033771  3.331043E-13
1453.95006725825  3.416841E-13
1455.39772417878  3.488321E-13
1456.84538109932  3.149412E-13
1458.29303801986  2.955840E-13
1459.74069494039  3.136996E-13
1461.18835186093  3.302773E-13
1462.63600878147  2.962199E-13
1464.083665702  3.142109E-13
1465.53132262254  2.838999E-13
1466.97897954308  3.172388E-13
1468.42663646361  3.422858E-13
1469.87429338415  3.369123E-13
1471.32195030469  3.003156E-13
1472.76960722522  3.031933E-13
1474.21726414576  3.199588E-13
1475.6649210663  2.937170E-13
1477.11257798683  2.766002E-13
1478.56023490737  2.918379E-13
1480.00789182791  3.190252E-13
1481.45554874844  3.148092E-13
1482.90320566898  3.060051E-13
1484.35086258952  3.068953E-13
1485.79851951005  2.987726E-13
1487.24617643059  3.188968E-13
1488.69383335113  3.195493E-13
1490.14149027167  2.995963E-13
1491.5891471922  2.960132E-13
1493.03680411274  2.869770E-13
1494.48446103328  2.632652E-13
1495.93211795381  2.955807E-13
1497.37977487435  3.023131E-13
1498.82743179489  3.245592E-13
1500.27508871542  3.114016E-13
1501.72274563596  3.178791E-13
1503.1704025565  3.278663E-13
1504.61805947703  3.198021E-13
1506.06571639757  3.244952E-13
1507.51337331811  3.070301E-13
1508.96103023864  3.075113E-13
1510.40868715918  3.079241E-13
1511.85634407972  3.239677E-13
1513.30400100025  3.126298E-13
1514.75165792079  2.903765E-13
1516.19931484133  3.081436E-13
1517.64697176186  3.344554E-13
1519.0946286824  3.149303E-13
1520.54228560294  3.193449E-13
1521.98994252347  3.532747E-13
1523.43759944401  3.717378E-13
1524.88525636455  3.310384E-13
1526.33291328509  3.098979E-13
1527.78057020562  3.376795E-13
1529.22822712616  3.465849E-13
1530.6758840467  3.576993E-13
1532.12354096723  3.574974E-13
1533.57119788777  3.907204E-13
1535.01885480831  4.010250E-13
1536.46651172884  4.183836E-13
1537.91416864938  4.562007E-13
1539.36182556992  4.624097E-13
1540.80948249045  4.699957E-13
1542.25713941099  4.740759E-13
1543.70479633153  4.802080E-13
1545.15245325206  4.943454E-13
1546.6001101726  5.056121E-13
1548.04776709314  4.858568E-13
1549.49542401367  4.503290E-13
1550.94308093421  4.405916E-13
1552.39073785475  4.256124E-13
1553.83839477528  4.177414E-13
1555.28605169582  3.888202E-13
1556.73370861636  3.818891E-13
1558.18136553689  3.734023E-13
1559.62902245743  3.400877E-13
1561.07667937797  3.178645E-13
1562.5243362985  3.281904E-13
1563.97199321904  3.195640E-13
1565.41965013958  3.254565E-13
1566.86730706012  3.234287E-13
1568.31496398065  3.301576E-13
1569.76262090119  3.346318E-13
1571.21027782173  3.285399E-13
1572.65793474226  3.245472E-13
1574.1055916628  3.235383E-13
1575.55324858334  3.089849E-13
1577.00090550387  3.275989E-13
1578.44856242441  3.173803E-13
1579.89621934495  3.268409E-13
1581.34387626548  3.139625E-13
1582.79153318602  3.034211E-13
1584.23919010656  2.957305E-13
1585.68684702709  2.851849E-13
1587.13450394763  2.991762E-13
1588.58216086817  3.147820E-13
1590.0298177887  3.052474E-13
1591.47747470924  3.164666E-13
1592.92513162978  3.216871E-13
1594.37278855031  3.157413E-13
1595.82044547085  3.053195E-13
1597.26810239139  2.856103E-13
1598.71575931192  2.680787E-13
1600.16341623246  2.952416E-13
1601.611073153  2.983899E-13
1603.05873007354  2.863646E-13
1604.50638699407  2.915510E-13
1605.95404391461  2.839125E-13
1607.40170083515  2.923355E-13
1608.84935775568  2.867956E-13
1610.29701467622  2.778277E-13
1611.74467159676  2.961455E-13
1613.19232851729  3.155375E-13
1614.63998543783  3.183865E-13
1616.08764235837  3.021784E-13
1617.5352992789  2.887125E-13
1618.98295619944  2.832891E-13
1620.43061311998  2.811989E-13
1621.87827004051  2.997756E-13
1623.32592696105  2.939551E-13
1624.77358388159  2.898001E-13
1626.22124080212  2.906661E-13
1627.66889772266  2.931274E-13
1629.1165546432  3.028980E-13
1630.56421156373  3.128979E-13
1632.01186848427  3.034345E-13
1633.45952540481  2.965972E-13
1634.90718232534  3.002974E-13
1636.35483924588  3.038079E-13
1637.80249616642  2.863317E-13
1639.25015308695  2.768281E-13
1640.69781000749  2.726460E-13
1642.14546692803  2.656310E-13
1643.59312384857  2.852500E-13
1645.0407807691  2.890473E-13
1646.48843768964  2.809391E-13
1647.93609461018  2.725460E-13
1649.38375153071  2.804781E-13
1650.83140845125  2.871857E-13
1652.27906537179  2.799949E-13
1653.72672229232  2.673150E-13
1655.17437921286  2.692409E-13
1656.6220361334  2.885721E-13
1658.06969305393  2.877364E-13
1659.51734997447  2.917488E-13
1660.96500689501  2.802994E-13
1662.41266381554  2.835883E-13
1663.86032073608  2.837251E-13
1665.30797765662  2.983658E-13
1666.75563457715  2.881546E-13
1668.20329149769  2.849125E-13
1669.65094841823  2.798619E-13
1671.09860533876  2.780651E-13
1672.5462622593  2.749113E-13
1673.99391917984  2.719340E-13
1675.44157610038  2.732329E-13
1676.88923302091  2.717264E-13
1678.33688994145  2.507043E-13
1679.78454686199  2.443962E-13
1681.23220378252  2.440805E-13
1682.67986070306  2.454347E-13
1684.1275176236  2.430284E-13
1685.57517454413  2.371271E-13
1687.02283146467  2.439322E-13
1688.47048838521  2.470234E-13
1689.91814530574  2.489964E-13
1691.36580222628  2.418748E-13
1692.81345914682  2.371711E-13
1694.26111606735  2.472082E-13
1695.70877298789  2.506907E-13
1697.15642990843  2.595117E-13
1698.60408682896  2.548883E-13
1700.0517437495  2.506133E-13
1701.49940067004  2.524564E-13
1702.94705759057  2.444688E-13
1704.39471451111  2.448943E-13
1705.84237143165  2.535733E-13
1707.29002835218  2.576848E-13
1708.73768527272  2.495455E-13
1710.18534219326  0.
1711.63299911379  0.
1713.08065603433  0.
1714.52831295487  0.
1715.97596987541  0.
1717.42362679594  0.
1718.87128371648  0.
1720.31894063702  0.
1721.76659755755  0.
1723.21425447809  0.
1724.66191139863  0.
1726.10956831916  0.
1727.5572252397  0.
1729.00488216024  0.
1730.45253908077  0.
1731.90019600131  0.
1733.34785292185  0.
1734.79550984238  0.
1736.24316676292  0.
1737.69082368346  0.
1739.13848060399  0.
1740.58613752453  0.
1742.03379444507  0.
1743.4814513656  0.
1744.92910828614  0.
1746.37676520668  0.
1747.82442212721  0.
1749.27207904775  0.
1750.71973596829  0.
1752.16739288882  0.
1753.61504980936  0.
1755.0627067299  0.
1756.51036365043  0.
1757.95802057097  0.
1759.40567749151  0.
1760.85333441205  0.
1762.30099133258  0.
1763.74864825312  0.
1765.19630517366  0.
1766.64396209419  0.
1768.09161901473  0.
1769.53927593527  0.
1770.9869328558  0.
1772.43458977634  0.
1773.88224669688  0.
1775.32990361741  0.
1776.77756053795  0.
1778.22521745849  0.
1779.67287437902  0.
1781.12053129956  0.
1782.5681882201  0.
1784.01584514063  0.
1785.46350206117  0.
1786.91115898171  0.
1788.35881590224  0.
1789.80647282278  0.
1791.25412974332  0.
1792.70178666385  0.
1794.14944358439  0.
1795.59710050493  0.
1797.04475742547  0.
1798.492414346  0.
1799.94007126654  0.
1801.38772818708  0.
1802.83538510761  0.
1804.28304202815  0.
1805.73069894869  0.
1807.17835586922  0.
1808.62601278976  0.
1810.0736697103  0.
1811.52132663083  0.
1812.96898355137  0.
1814.41664047191  0.
1815.86429739244  0.
1817.31195431298  0.
1818.75961123352  0.
1820.20726815405  0.
1821.65492507459  0.
1823.10258199513  0.
1824.55023891566  0.
1825.9978958362  0.
1827.44555275674  0.
1828.89320967727  0.
1830.34086659781  0.
1831.78852351835  0.
