906.735751295338  0.
908.183408215875  0.
909.631065136412  0.
911.078722056949  0.
912.526378977485  0.
913.974035898022  0.
915.421692818559  0.
916.869349739096  0.
918.317006659633  0.
919.764663580169  0.
921.212320500706  0.
922.659977421243  0.
924.10763434178  0.
925.555291262316  0.
927.002948182853  0.
928.45060510339  0.
929.898262023927  0.
931.345918944464  0.
932.793575865  0.
934.241232785537  0.
935.688889706074  0.
937.136546626611  0.
938.584203547148  0.
940.031860467684  0.
941.479517388221  0.
942.927174308758  0.
944.374831229295  0.
945.822488149832  0.
947.270145070369  0.
948.717801990905  0.
950.165458911442  0.
951.613115831979  0.
953.060772752515  0.
954.508429673052  0.
955.956086593589  0.
957.403743514126  0.
958.851400434663  0.
960.2990573552  0.
961.746714275736  0.
963.194371196273  0.
964.64202811681  0.
966.089685037347  0.
967.537341957883  0.
968.98499887842  0.
970.432655798957  0.
971.880312719494  0.
973.327969640031  0.
974.775626560567  0.
976.223283481104  0.
977.670940401641  0.
979.118597322178  0.
980.566254242715  0.
982.013911163251  0.
983.461568083788  0.
984.909225004325  0.
986.356881924862  0.
987.804538845399  0.
989.252195765935  0.
990.699852686472  0.
992.147509607009  0.
993.595166527546  2.817348E-13
995.042823448082  3.674905E-13
996.490480368619  3.984468E-13
997.938137289156  2.075659E-13
999.385794209693  2.423432E-13
1000.83345113023  4.515047E-13
1002.28110805077  4.336968E-13
1003.7287649713  4.667548E-13
1005.17642189184  5.207138E-13
1006.62407881238  4.832275E-13
1008.07173573291  5.659817E-13
1009.51939265345  4.814169E-13
1010.96704957399  4.020966E-13
1012.41470649452  4.493217E-13
1013.86236341506  4.576093E-13
1015.3100203356  3.472872E-13
1016.75767725613  3.297080E-13
1018.20533417667  4.696704E-13
1019.65299109721  3.612806E-13
1021.10064801775  3.331693E-13
1022.54830493828  3.471957E-13
1023.99596185882  4.624433E-13
1025.44361877936  4.871028E-13
1026.89127569989  5.314199E-13
1028.33893262043  4.302095E-13
1029.78658954097  4.214394E-13
1031.2342464615  3.680035E-13
1032.68190338204  3.581280E-13
1034.12956030258  3.630305E-13
1035.57721722311  4.738939E-13
1037.02487414365  4.488673E-13
1038.47253106419  3.783601E-13
1039.92018798472  3.866627E-13
1041.36784490526  4.861065E-13
1042.8155018258  5.581244E-13
1044.26315874633  5.840745E-13
1045.71081566687  7.312847E-13
1047.15847258741  7.376173E-13
1048.60612950794  7.351832E-13
1050.05378642848  4.881562E-13
1051.50144334902  3.665651E-13
1052.94910026955  3.115223E-13
1054.39675719009  2.183139E-13
1055.84441411063  2.559887E-13
1057.29207103116  2.767024E-13
1058.7397279517  2.956635E-13
1060.18738487224  3.397439E-13
1061.63504179277  3.199060E-13
1063.08269871331  3.616289E-13
1064.53035563385  3.369825E-13
1065.97801255439  3.444088E-13
1067.42566947492  3.563826E-13
1068.87332639546  3.603239E-13
1070.320983316  3.798687E-13
1071.76864023653  3.972531E-13
1073.21629715707  3.376224E-13
1074.66395407761  3.738496E-13
1076.11161099814  3.784136E-13
1077.55926791868  3.190287E-13
1079.00692483922  3.726977E-13
1080.45458175975  3.665444E-13
1081.90223868029  3.500922E-13
1083.34989560083  3.448700E-13
1084.79755252136  3.394749E-13
1086.2452094419  3.483520E-13
1087.69286636244  3.724215E-13
1089.14052328297  3.438987E-13
1090.58818020351  3.302779E-13
1092.03583712405  3.114982E-13
1093.48349404458  3.287386E-13
1094.93115096512  3.399104E-13
1096.37880788566  3.233293E-13
1097.82646480619  3.649898E-13
1099.27412172673  3.434523E-13
1100.72177864727  3.533867E-13
1102.1694355678  3.219693E-13
1103.61709248834  3.325265E-13
1105.06474940888  3.590195E-13
1106.51240632942  3.360056E-13
1107.96006324995  3.301474E-13
1109.40772017049  3.244864E-13
1110.85537709103  3.155884E-13
1112.30303401156  3.370737E-13
1113.7506909321  3.533840E-13
1115.19834785264  3.912106E-13
1116.64600477317  3.643408E-13
1118.09366169371  3.639697E-13
1119.54131861425  3.576253E-13
1120.98897553478  3.500312E-13
1122.43663245532  3.393701E-13
1123.88428937586  3.189991E-13
1125.33194629639  3.288635E-13
1126.77960321693  3.406815E-13
1128.22726013747  3.080360E-13
1129.674917058  3.368191E-13
1131.12257397854  3.524476E-13
1132.57023089908  3.672464E-13
1134.01788781961  3.301902E-13
1135.46554474015  3.523311E-13
1136.91320166069  3.332028E-13
1138.36085858122  3.264772E-13
1139.80851550176  3.192606E-13
1141.2561724223  3.186421E-13
1142.70382934284  3.820981E-13
1144.15148626337  3.530872E-13
1145.59914318391  3.442218E-13
1147.04680010445  2.975900E-13
1148.49445702498  3.463728E-13
1149.94211394552  3.471760E-13
1151.38977086606  3.741925E-13
1152.83742778659  3.341547E-13
1154.28508470713  2.632468E-13
1155.73274162767  2.692745E-13
1157.1803985482  3.296264E-13
1158.62805546874  3.204534E-13
1160.07571238928  3.436981E-13
1161.52336930981  3.838772E-13
1162.97102623035  3.449198E-13
1164.41868315089  4.036168E-13
1165.86634007142  3.280962E-13
1167.31399699196  3.348581E-13
1168.7616539125  3.384937E-13
1170.20931083303  3.987331E-13
1171.65696775357  3.586985E-13
1173.10462467411  3.566587E-13
1174.55228159464  3.943154E-13
1175.99993851518  3.817012E-13
1177.44759543572  3.752981E-13
1178.89525235625  3.750226E-13
1180.34290927679  3.647008E-13
1181.79056619733  3.514971E-13
1183.23822311787  3.733335E-13
1184.6858800384  3.869452E-13
1186.13353695894  3.868183E-13
1187.58119387948  4.311144E-13
1189.02885080001  3.645656E-13
1190.47650772055  3.593737E-13
1191.92416464109  3.715755E-13
1193.37182156162  4.240040E-13
1194.81947848216  4.564106E-13
1196.2671354027  4.171280E-13
1197.71479232323  4.089613E-13
1199.16244924377  4.523344E-13
1200.61010616431  4.870449E-13
1202.05776308484  4.973278E-13
1203.50542000538  4.611023E-13
1204.95307692592  4.937229E-13
1206.40073384645  4.680096E-13
1207.84839076699  5.596448E-13
1209.29604768753  5.941490E-13
1210.74370460806  5.782070E-13
1212.1913615286  7.356684E-13
1213.63901844914  7.945462E-13
1215.08667536967  8.528938E-13
1216.53433229021  8.821641E-13
1217.98198921075  8.600112E-13
1219.42964613129  8.558780E-13
1220.87730305182  8.008254E-13
1222.32495997236  7.673755E-13
1223.7726168929  6.310875E-13
1225.22027381343  5.887060E-13
1226.66793073397  5.731639E-13
1228.11558765451  5.411814E-13
1229.56324457504  5.647990E-13
1231.01090149558  4.592801E-13
1232.45855841612  4.570615E-13
1233.90621533665  4.906601E-13
1235.35387225719  4.736368E-13
1236.80152917773  4.792735E-13
1238.24918609826  4.816532E-13
1239.6968430188  4.195716E-13
1241.14449993934  4.008275E-13
1242.59215685987  4.388775E-13
1244.03981378041  4.708321E-13
1245.48747070095  4.321354E-13
1246.93512762148  4.329413E-13
1248.38278454202  3.842303E-13
1249.83044146256  3.977361E-13
1251.27809838309  3.664948E-13
1252.72575530363  3.830477E-13
1254.17341222417  3.724738E-13
1255.62106914471  3.821134E-13
1257.06872606524  3.124863E-13
1258.51638298578  3.873213E-13
1259.96403990632  3.906055E-13
1261.41169682685  3.412552E-13
1262.85935374739  3.311170E-13
1264.30701066793  3.120210E-13
1265.75466758846  3.310415E-13
1267.202324509  3.504695E-13
1268.64998142954  3.231038E-13
1270.09763835007  3.031250E-13
1271.54529527061  3.231647E-13
1272.99295219115  3.001441E-13
1274.44060911168  2.865829E-13
1275.88826603222  3.220285E-13
1277.33592295276  2.974414E-13
1278.78357987329  2.840432E-13
1280.23123679383  2.938771E-13
1281.67889371437  2.993856E-13
1283.1265506349  2.738863E-13
1284.57420755544  3.058339E-13
1286.02186447598  3.121093E-13
1287.46952139651  2.566246E-13
1288.91717831705  2.867794E-13
1290.36483523759  3.419952E-13
1291.81249215812  2.954978E-13
1293.26014907866  2.798510E-13
1294.7078059992  2.832340E-13
1296.15546291974  3.400358E-13
1297.60311984027  3.098610E-13
1299.05077676081  2.909551E-13
1300.49843368135  3.019868E-13
1301.94609060188  3.665098E-13
1303.39374752242  3.118998E-13
1304.84140444296  3.119928E-13
1306.28906136349  3.278224E-13
1307.73671828403  3.078506E-13
1309.18437520457  2.829460E-13
1310.6320321251  2.650315E-13
1312.07968904564  3.143002E-13
1313.52734596618  3.039733E-13
1314.97500288671  3.304791E-13
1316.42265980725  2.858875E-13
1317.87031672779  2.861462E-13
1319.31797364832  2.805402E-13
1320.76563056886  2.341601E-13
1322.2132874894  2.269029E-13
1323.66094440993  2.866375E-13
1325.10860133047  2.686017E-13
1326.55625825101  2.709274E-13
1328.00391517154  2.932096E-13
1329.45157209208  3.534174E-13
1330.89922901262  3.105335E-13
1332.34688593315  3.023576E-13
1333.79454285369  2.686522E-13
1335.24219977423  2.890683E-13
1336.68985669477  2.553980E-13
1338.1375136153  3.132248E-13
1339.58517053584  2.542709E-13
1341.03282745638  2.278531E-13
1342.48048437691  2.402526E-13
1343.92814129745  2.865124E-13
1345.37579821799  2.953156E-13
1346.82345513852  2.967433E-13
1348.27111205906  2.853937E-13
1349.7187689796  2.698555E-13
1351.16642590013  2.952480E-13
1352.61408282067  2.940767E-13
1354.06173974121  2.643315E-13
1355.50939666174  2.792905E-13
1356.95705358228  2.501120E-13
1358.40471050282  2.508454E-13
1359.85236742335  2.742037E-13
1361.30002434389  2.835494E-13
1362.74768126443  2.928785E-13
1364.19533818496  2.953629E-13
1365.6429951055  2.711079E-13
1367.09065202604  2.152132E-13
1368.53830894657  2.700779E-13
1369.98596586711  2.876211E-13
1371.43362278765  2.214828E-13
1372.88127970819  2.756025E-13
1374.32893662872  2.487083E-13
1375.77659354926  2.566442E-13
1377.2242504698  2.868315E-13
1378.67190739033  2.981114E-13
1380.11956431087  2.820119E-13
1381.56722123141  2.915600E-13
1383.01487815194  2.477095E-13
1384.46253507248  2.692470E-13
1385.91019199302  2.753229E-13
1387.35784891355  3.137003E-13
1388.80550583409  2.939164E-13
1390.25316275463  3.150576E-13
1391.70081967516  2.382814E-13
1393.1484765957  2.510805E-13
1394.59613351624  2.944684E-13
1396.04379043677  2.920773E-13
1397.49144735731  2.929297E-13
1398.93910427785  3.101534E-13
1400.38676119838  2.894725E-13
1401.83441811892  2.694827E-13
1403.28207503946  2.241845E-13
1404.72973195999  2.663388E-13
1406.17738888053  2.772651E-13
1407.62504580107  2.697641E-13
1409.0727027216  2.736286E-13
1410.52035964214  2.973627E-13
1411.96801656268  3.042250E-13
1413.41567348322  2.811717E-13
1414.86333040375  2.962711E-13
1416.31098732429  2.500794E-13
1417.75864424483  2.595012E-13
1419.20630116536  2.444900E-13
1420.6539580859  2.692146E-13
1422.10161500644  2.554660E-13
1423.54927192697  2.377015E-13
1424.99692884751  2.523501E-13
1426.44458576805  2.527498E-13
1427.89224268858  2.677751E-13
1429.33989960912  2.624789E-13
1430.78755652966  2.495877E-13
1432.23521345019  2.610196E-13
1433.68287037073  2.843245E-13
1435.13052729127  2.298521E-13
1436.5781842118  2.141767E-13
1438.02584113234  2.548950E-13
1439.47349805288  2.632963E-13
1440.92115497341  2.486616E-13
1442.36881189395  2.093630E-13
1443.81646881449  2.210195E-13
1445.26412573502  2.079350E-13
1446.71178265556  2.234082E-13
1448.1594395761  2.433682E-13
1449.60709649664  2.509216E-13
1451.05475341717  2.245625E-13
1452.50241033771  2.480787E-13
1453.95006725825  2.266382E-13
1455.39772417878  2.468588E-13
1456.84538109932  2.591458E-13
1458.29303801986  2.460167E-13
1459.74069494039  2.241750E-13
1461.18835186093  2.330542E-13
1462.63600878147  2.209604E-13
1464.083665702  2.515755E-13
1465.53132262254  2.428111E-13
1466.97897954308  2.381536E-13
1468.42663646361  2.387549E-13
1469.87429338415  2.393350E-13
1471.32195030469  2.262522E-13
1472.76960722522  2.321405E-13
1474.21726414576  2.511871E-13
1475.6649210663  2.590544E-13
1477.11257798683  2.417371E-13
1478.56023490737  2.457142E-13
1480.00789182791  2.655502E-13
1481.45554874844  2.410375E-13
1482.90320566898  2.378027E-13
1484.35086258952  2.496985E-13
1485.79851951005  2.567420E-13
1487.24617643059  2.539369E-13
1488.69383335113  2.503487E-13
1490.14149027167  2.671245E-13
1491.5891471922  2.616696E-13
1493.03680411274  2.778481E-13
1494.48446103328  2.928686E-13
1495.93211795381  2.604961E-13
1497.37977487435  2.777663E-13
1498.82743179489  2.719402E-13
1500.27508871542  2.949791E-13
1501.72274563596  3.020651E-13
1503.1704025565  2.823253E-13
1504.61805947703  2.813506E-13
1506.06571639757  2.786223E-13
1507.51337331811  2.561257E-13
1508.96103023864  2.534356E-13
1510.40868715918  2.389600E-13
1511.85634407972  2.779356E-13
1513.30400100025  2.702643E-13
1514.75165792079  2.619125E-13
1516.19931484133  2.355577E-13
1517.64697176186  2.405271E-13
1519.0946286824  2.587172E-13
1520.54228560294  2.739375E-13
1521.98994252347  2.924282E-13
1523.43759944401  2.740561E-13
1524.88525636455  2.794714E-13
1526.33291328509  3.011027E-13
1527.78057020562  2.901512E-13
1529.22822712616  2.543058E-13
1530.6758840467  2.524817E-13
1532.12354096723  2.794910E-13
1533.57119788777  2.815737E-13
1535.01885480831  2.686440E-13
1536.46651172884  2.784168E-13
1537.91416864938  2.973606E-13
1539.36182556992  3.364468E-13
1540.80948249045  3.721153E-13
1542.25713941099  3.524842E-13
1543.70479633153  3.264635E-13
1545.15245325206  3.808235E-13
1546.6001101726  3.784587E-13
1548.04776709314  3.410415E-13
1549.49542401367  3.642048E-13
1550.94308093421  3.780584E-13
1552.39073785475  3.637521E-13
1553.83839477528  3.566902E-13
1555.28605169582  3.383635E-13
1556.73370861636  3.275190E-13
1558.18136553689  3.261501E-13
1559.62902245743  3.107990E-13
1561.07667937797  2.982203E-13
1562.5243362985  2.913381E-13
1563.97199321904  2.683237E-13
1565.41965013958  2.520401E-13
1566.86730706012  2.502940E-13
1568.31496398065  2.440967E-13
1569.76262090119  2.552184E-13
1571.21027782173  2.632269E-13
1572.65793474226  2.504048E-13
1574.1055916628  2.470823E-13
1575.55324858334  2.520154E-13
1577.00090550387  2.543696E-13
1578.44856242441  2.713522E-13
1579.89621934495  2.684012E-13
1581.34387626548  2.493687E-13
1582.79153318602  2.331948E-13
1584.23919010656  2.346140E-13
1585.68684702709  2.356677E-13
1587.13450394763  2.331981E-13
1588.58216086817  2.463414E-13
1590.0298177887  2.491288E-13
1591.47747470924  2.382019E-13
1592.92513162978  2.437547E-13
1594.37278855031  2.318010E-13
1595.82044547085  2.220101E-13
1597.26810239139  2.164145E-13
1598.71575931192  2.298217E-13
1600.16341623246  2.286161E-13
1601.611073153  2.306510E-13
1603.05873007354  2.355075E-13
1604.50638699407  2.348086E-13
1605.95404391461  2.312899E-13
1607.40170083515  2.409059E-13
1608.84935775568  2.222769E-13
1610.29701467622  2.175407E-13
1611.74467159676  2.313661E-13
1613.19232851729  2.609758E-13
1614.63998543783  2.608618E-13
1616.08764235837  2.660908E-13
1617.5352992789  2.644592E-13
1618.98295619944  2.392934E-13
1620.43061311998  2.383905E-13
1621.87827004051  2.496078E-13
1623.32592696105  2.565786E-13
1624.77358388159  2.467054E-13
1626.22124080212  2.414366E-13
1627.66889772266  2.545249E-13
1629.1165546432  2.644776E-13
1630.56421156373  2.595778E-13
1632.01186848427  2.629656E-13
1633.45952540481  2.598977E-13
1634.90718232534  2.633465E-13
1636.35483924588  2.581291E-13
1637.80249616642  2.612665E-13
1639.25015308695  2.574227E-13
1640.69781000749  2.463024E-13
1642.14546692803  2.472778E-13
1643.59312384857  2.607319E-13
1645.0407807691  2.534527E-13
1646.48843768964  2.403228E-13
1647.93609461018  2.361295E-13
1649.38375153071  2.392868E-13
1650.83140845125  2.358933E-13
1652.27906537179  2.340809E-13
1653.72672229232  2.398331E-13
1655.17437921286  2.421625E-13
1656.6220361334  2.426131E-13
1658.06969305393  2.322081E-13
1659.51734997447  2.425479E-13
1660.96500689501  2.280996E-13
1662.41266381554  2.270598E-13
1663.86032073608  2.321662E-13
1665.30797765662  2.459557E-13
1666.75563457715  2.394700E-13
1668.20329149769  2.376036E-13
1669.65094841823  2.487192E-13
1671.09860533876  2.444998E-13
1672.5462622593  2.416450E-13
1673.99391917984  2.430574E-13
1675.44157610038  2.529426E-13
1676.88923302091  2.441589E-13
1678.33688994145  2.374784E-13
1679.78454686199  2.352486E-13
1681.23220378252  2.300377E-13
1682.67986070306  2.175559E-13
1684.1275176236  2.227352E-13
1685.57517454413  2.197345E-13
1687.02283146467  2.201454E-13
1688.47048838521  2.213199E-13
1689.91814530574  2.279329E-13
1691.36580222628  2.271166E-13
1692.81345914682  2.110280E-13
1694.26111606735  2.107055E-13
1695.70877298789  2.233813E-13
1697.15642990843  2.309107E-13
1698.60408682896  2.278864E-13
1700.0517437495  2.199954E-13
1701.49940067004  2.317089E-13
1702.94705759057  2.276491E-13
1704.39471451111  2.262020E-13
1705.84237143165  2.273740E-13
1707.29002835218  2.270173E-13
1708.73768527272  2.157737E-13
1710.18534219326  0.
1711.63299911379  0.
1713.08065603433  0.
1714.52831295487  0.
1715.97596987541  0.
1717.42362679594  0.
1718.87128371648  0.
1720.31894063702  0.
1721.76659755755  0.
1723.21425447809  0.
1724.66191139863  0.
1726.10956831916  0.
1727.5572252397  0.
1729.00488216024  0.
1730.45253908077  0.
1731.90019600131  0.
1733.34785292185  0.
1734.79550984238  0.
1736.24316676292  0.
1737.69082368346  0.
1739.13848060399  0.
1740.58613752453  0.
1742.03379444507  0.
1743.4814513656  0.
1744.92910828614  0.
1746.37676520668  0.
1747.82442212721  0.
1749.27207904775  0.
1750.71973596829  0.
1752.16739288882  0.
1753.61504980936  0.
1755.0627067299  0.
1756.51036365043  0.
1757.95802057097  0.
1759.40567749151  0.
1760.85333441205  0.
1762.30099133258  0.
1763.74864825312  0.
1765.19630517366  0.
1766.64396209419  0.
1768.09161901473  0.
1769.53927593527  0.
1770.9869328558  0.
1772.43458977634  0.
1773.88224669688  0.
1775.32990361741  0.
1776.77756053795  0.
1778.22521745849  0.
1779.67287437902  0.
1781.12053129956  0.
1782.5681882201  0.
1784.01584514063  0.
1785.46350206117  0.
1786.91115898171  0.
1788.35881590224  0.
1789.80647282278  0.
1791.25412974332  0.
1792.70178666385  0.
1794.14944358439  0.
1795.59710050493  0.
1797.04475742547  0.
1798.492414346  0.
1799.94007126654  0.
1801.38772818708  0.
1802.83538510761  0.
1804.28304202815  0.
1805.73069894869  0.
1807.17835586922  0.
1808.62601278976  0.
1810.0736697103  0.
1811.52132663083  0.
1812.96898355137  0.
1814.41664047191  0.
1815.86429739244  0.
1817.31195431298  0.
1818.75961123352  0.
1820.20726815405  0.
1821.65492507459  0.
1823.10258199513  0.
1824.55023891566  0.
1825.9978958362  0.
1827.44555275674  0.
1828.89320967727  0.
1830.34086659781  0.
1831.78852351835  0.
