906.735751295338  0.
908.183408215875  0.
909.631065136412  0.
911.078722056949  0.
912.526378977485  0.
913.974035898022  0.
915.421692818559  0.
916.869349739096  0.
918.317006659633  0.
919.764663580169  0.
921.212320500706  0.
922.659977421243  0.
924.10763434178  0.
925.555291262316  0.
927.002948182853  0.
928.45060510339  0.
929.898262023927  0.
931.345918944464  0.
932.793575865  0.
934.241232785537  0.
935.688889706074  0.
937.136546626611  0.
938.584203547148  0.
940.031860467684  0.
941.479517388221  0.
942.927174308758  0.
944.374831229295  0.
945.822488149832  0.
947.270145070369  0.
948.717801990905  0.
950.165458911442  0.
951.613115831979  0.
953.060772752515  0.
954.508429673052  0.
955.956086593589  0.
957.403743514126  0.
958.851400434663  0.
960.2990573552  0.
961.746714275736  0.
963.194371196273  0.
964.64202811681  0.
966.089685037347  0.
967.537341957883  0.
968.98499887842  0.
970.432655798957  0.
971.880312719494  0.
973.327969640031  0.
974.775626560567  0.
976.223283481104  0.
977.670940401641  0.
979.118597322178  0.
980.566254242715  0.
982.013911163251  0.
983.461568083788  0.
984.909225004325  0.
986.356881924862  0.
987.804538845399  0.
989.252195765935  0.
990.699852686472  0.
992.147509607009  0.
993.595166527546  2.075929E-13
995.042823448082  1.745977E-13
996.490480368619  2.877793E-13
997.938137289156  2.504193E-13
999.385794209693  2.860555E-13
1000.83345113023  3.109602E-13
1002.28110805077  2.263192E-13
1003.7287649713  2.499995E-13
1005.17642189184  3.596777E-13
1006.62407881238  3.691441E-13
1008.07173573291  3.325234E-13
1009.51939265345  3.161269E-13
1010.96704957399  2.827897E-13
1012.41470649452  3.236217E-13
1013.86236341506  2.447918E-13
1015.3100203356  2.883320E-13
1016.75767725613  2.843431E-13
1018.20533417667  3.473265E-13
1019.65299109721  2.975458E-13
1021.10064801775  2.847147E-13
1022.54830493828  2.758002E-13
1023.99596185882  2.910497E-13
1025.44361877936  2.844542E-13
1026.89127569989  2.808971E-13
1028.33893262043  3.060378E-13
1029.78658954097  3.309295E-13
1031.2342464615  2.398619E-13
1032.68190338204  3.241481E-13
1034.12956030258  3.335592E-13
1035.57721722311  3.022756E-13
1037.02487414365  3.119562E-13
1038.47253106419  2.835709E-13
1039.92018798472  2.809165E-13
1041.36784490526  3.082772E-13
1042.8155018258  3.821819E-13
1044.26315874633  5.002946E-13
1045.71081566687  5.933941E-13
1047.15847258741  7.146304E-13
1048.60612950794  7.466908E-13
1050.05378642848  6.053204E-13
1051.50144334902  4.666197E-13
1052.94910026955  3.459280E-13
1054.39675719009  2.372110E-13
1055.84441411063  1.927175E-13
1057.29207103116  1.977518E-13
1058.7397279517  1.927895E-13
1060.18738487224  2.284126E-13
1061.63504179277  2.583533E-13
1063.08269871331  2.770132E-13
1064.53035563385  2.583741E-13
1065.97801255439  2.437856E-13
1067.42566947492  2.816033E-13
1068.87332639546  2.643462E-13
1070.320983316  2.630313E-13
1071.76864023653  2.647306E-13
1073.21629715707  2.328452E-13
1074.66395407761  2.596885E-13
1076.11161099814  2.716754E-13
1077.55926791868  2.731289E-13
1079.00692483922  2.987771E-13
1080.45458175975  2.394803E-13
1081.90223868029  2.490752E-13
1083.34989560083  2.516808E-13
1084.79755252136  2.218978E-13
1086.2452094419  2.307767E-13
1087.69286636244  2.592674E-13
1089.14052328297  2.457873E-13
1090.58818020351  2.125362E-13
1092.03583712405  2.116311E-13
1093.48349404458  2.311285E-13
1094.93115096512  2.549150E-13
1096.37880788566  2.523694E-13
1097.82646480619  2.307383E-13
1099.27412172673  2.299289E-13
1100.72177864727  2.472439E-13
1102.1694355678  2.351854E-13
1103.61709248834  2.294863E-13
1105.06474940888  2.214167E-13
1106.51240632942  2.183252E-13
1107.96006324995  2.285918E-13
1109.40772017049  2.247803E-13
1110.85537709103  2.606813E-13
1112.30303401156  2.436705E-13
1113.7506909321  2.383035E-13
1115.19834785264  2.582679E-13
1116.64600477317  2.476684E-13
1118.09366169371  2.397907E-13
1119.54131861425  2.412064E-13
1120.98897553478  2.340505E-13
1122.43663245532  2.402008E-13
1123.88428937586  2.121531E-13
1125.33194629639  2.188887E-13
1126.77960321693  2.039505E-13
1128.22726013747  2.003594E-13
1129.674917058  2.223511E-13
1131.12257397854  2.332048E-13
1132.57023089908  2.718356E-13
1134.01788781961  2.452405E-13
1135.46554474015  2.354934E-13
1136.91320166069  2.279653E-13
1138.36085858122  2.210352E-13
1139.80851550176  2.277249E-13
1141.2561724223  2.224609E-13
1142.70382934284  2.332933E-13
1144.15148626337  2.292297E-13
1145.59914318391  2.529318E-13
1147.04680010445  2.280660E-13
1148.49445702498  2.411128E-13
1149.94211394552  2.544289E-13
1151.38977086606  2.462645E-13
1152.83742778659  2.331610E-13
1154.28508470713  2.037574E-13
1155.73274162767  1.942047E-13
1157.1803985482  2.134185E-13
1158.62805546874  2.028894E-13
1160.07571238928  2.062998E-13
1161.52336930981  2.156731E-13
1162.97102623035  2.099956E-13
1164.41868315089  2.592989E-13
1165.86634007142  2.313666E-13
1167.31399699196  2.303012E-13
1168.7616539125  2.319925E-13
1170.20931083303  2.545226E-13
1171.65696775357  2.784063E-13
1173.10462467411  2.359512E-13
1174.55228159464  2.432748E-13
1175.99993851518  2.534746E-13
1177.44759543572  2.541904E-13
1178.89525235625  2.539514E-13
1180.34290927679  2.309302E-13
1181.79056619733  2.688323E-13
1183.23822311787  2.521530E-13
1184.6858800384  2.728465E-13
1186.13353695894  2.844028E-13
1187.58119387948  2.858491E-13
1189.02885080001  2.521088E-13
1190.47650772055  2.566035E-13
1191.92416464109  2.850323E-13
1193.37182156162  2.976627E-13
1194.81947848216  3.094139E-13
1196.2671354027  2.829459E-13
1197.71479232323  2.947678E-13
1199.16244924377  3.050857E-13
1200.61010616431  3.430958E-13
1202.05776308484  3.677867E-13
1203.50542000538  3.385559E-13
1204.95307692592  3.811655E-13
1206.40073384645  3.169734E-13
1207.84839076699  3.479198E-13
1209.29604768753  3.916816E-13
1210.74370460806  4.300533E-13
1212.1913615286  5.126477E-13
1213.63901844914  5.275558E-13
1215.08667536967  6.104506E-13
1216.53433229021  6.252590E-13
1217.98198921075  6.821095E-13
1219.42964613129  5.955090E-13
1220.87730305182  5.850875E-13
1222.32495997236  6.166134E-13
1223.7726168929  4.252012E-13
1225.22027381343  4.158346E-13
1226.66793073397  3.858398E-13
1228.11558765451  3.936578E-13
1229.56324457504  3.579335E-13
1231.01090149558  3.327051E-13
1232.45855841612  3.507217E-13
1233.90621533665  3.779955E-13
1235.35387225719  3.341003E-13
1236.80152917773  3.560923E-13
1238.24918609826  3.240660E-13
1239.6968430188  3.810459E-13
1241.14449993934  3.547128E-13
1242.59215685987  3.224556E-13
1244.03981378041  2.850804E-13
1245.48747070095  3.021004E-13
1246.93512762148  2.675402E-13
1248.38278454202  2.754292E-13
1249.83044146256  2.675380E-13
1251.27809838309  2.601453E-13
1252.72575530363  2.595016E-13
1254.17341222417  2.451487E-13
1255.62106914471  2.318796E-13
1257.06872606524  2.233385E-13
1258.51638298578  2.422423E-13
1259.96403990632  2.484671E-13
1261.41169682685  2.485306E-13
1262.85935374739  2.389873E-13
1264.30701066793  2.396800E-13
1265.75466758846  2.313551E-13
1267.202324509  2.372281E-13
1268.64998142954  2.411266E-13
1270.09763835007  2.267679E-13
1271.54529527061  2.116830E-13
1272.99295219115  2.076211E-13
1274.44060911168  1.949541E-13
1275.88826603222  1.986562E-13
1277.33592295276  2.246513E-13
1278.78357987329  2.060529E-13
1280.23123679383  2.123576E-13
1281.67889371437  1.859969E-13
1283.1265506349  1.916525E-13
1284.57420755544  2.008285E-13
1286.02186447598  2.021836E-13
1287.46952139651  2.022904E-13
1288.91717831705  1.943083E-13
1290.36483523759  2.189298E-13
1291.81249215812  1.976798E-13
1293.26014907866  1.939578E-13
1294.7078059992  1.971807E-13
1296.15546291974  2.087127E-13
1297.60311984027  1.829685E-13
1299.05077676081  2.001929E-13
1300.49843368135  2.086452E-13
1301.94609060188  2.094104E-13
1303.39374752242  2.043925E-13
1304.84140444296  2.173431E-13
1306.28906136349  2.067826E-13
1307.73671828403  1.820836E-13
1309.18437520457  1.955026E-13
1310.6320321251  1.865320E-13
1312.07968904564  2.136864E-13
1313.52734596618  2.133007E-13
1314.97500288671  2.158194E-13
1316.42265980725  1.844077E-13
1317.87031672779  1.816785E-13
1319.31797364832  1.639366E-13
1320.76563056886  1.716617E-13
1322.2132874894  1.422904E-13
1323.66094440993  1.827796E-13
1325.10860133047  1.894343E-13
1326.55625825101  1.872511E-13
1328.00391517154  1.963708E-13
1329.45157209208  2.158683E-13
1330.89922901262  1.807777E-13
1332.34688593315  1.958225E-13
1333.79454285369  2.166089E-13
1335.24219977423  2.200530E-13
1336.68985669477  2.017406E-13
1338.1375136153  1.923955E-13
1339.58517053584  1.665890E-13
1341.03282745638  1.918114E-13
1342.48048437691  1.942300E-13
1343.92814129745  1.916963E-13
1345.37579821799  1.791047E-13
1346.82345513852  1.835719E-13
1348.27111205906  1.876242E-13
1349.7187689796  1.719001E-13
1351.16642590013  2.307573E-13
1352.61408282067  2.170052E-13
1354.06173974121  1.784745E-13
1355.50939666174  2.002256E-13
1356.95705358228  1.592422E-13
1358.40471050282  1.876438E-13
1359.85236742335  1.933635E-13
1361.30002434389  2.056941E-13
1362.74768126443  2.058506E-13
1364.19533818496  2.180813E-13
1365.6429951055  1.796644E-13
1367.09065202604  1.516169E-13
1368.53830894657  1.804186E-13
1369.98596586711  1.878202E-13
1371.43362278765  1.796129E-13
1372.88127970819  1.928659E-13
1374.32893662872  1.896912E-13
1375.77659354926  1.820589E-13
1377.2242504698  1.914472E-13
1378.67190739033  1.743348E-13
1380.11956431087  1.942580E-13
1381.56722123141  1.872297E-13
1383.01487815194  1.678805E-13
1384.46253507248  1.788776E-13
1385.91019199302  1.798247E-13
1387.35784891355  1.930536E-13
1388.80550583409  1.905814E-13
1390.25316275463  2.108330E-13
1391.70081967516  1.867394E-13
1393.1484765957  1.944572E-13
1394.59613351624  2.160702E-13
1396.04379043677  2.231767E-13
1397.49144735731  2.062357E-13
1398.93910427785  2.320787E-13
1400.38676119838  1.972365E-13
1401.83441811892  2.007466E-13
1403.28207503946  2.007972E-13
1404.72973195999  1.854890E-13
1406.17738888053  1.835718E-13
1407.62504580107  2.018781E-13
1409.0727027216  2.055397E-13
1410.52035964214  1.866274E-13
1411.96801656268  1.801934E-13
1413.41567348322  1.625843E-13
1414.86333040375  1.815835E-13
1416.31098732429  1.987766E-13
1417.75864424483  1.855370E-13
1419.20630116536  1.691161E-13
1420.6539580859  1.695185E-13
1422.10161500644  1.767005E-13
1423.54927192697  1.722031E-13
1424.99692884751  1.667060E-13
1426.44458576805  1.688631E-13
1427.89224268858  1.863369E-13
1429.33989960912  1.812090E-13
1430.78755652966  1.809139E-13
1432.23521345019  1.793297E-13
1433.68287037073  1.964838E-13
1435.13052729127  1.628499E-13
1436.5781842118  1.625432E-13
1438.02584113234  1.660076E-13
1439.47349805288  1.698227E-13
1440.92115497341  1.709908E-13
1442.36881189395  1.494215E-13
1443.81646881449  1.784332E-13
1445.26412573502  1.597847E-13
1446.71178265556  1.428866E-13
1448.1594395761  1.534908E-13
1449.60709649664  1.576945E-13
1451.05475341717  1.478532E-13
1452.50241033771  1.759993E-13
1453.95006725825  1.748520E-13
1455.39772417878  1.737446E-13
1456.84538109932  1.678999E-13
1458.29303801986  1.639603E-13
1459.74069494039  1.451707E-13
1461.18835186093  1.757746E-13
1462.63600878147  1.650021E-13
1464.083665702  1.546252E-13
1465.53132262254  1.483873E-13
1466.97897954308  1.536394E-13
1468.42663646361  1.550942E-13
1469.87429338415  1.559996E-13
1471.32195030469  1.578475E-13
1472.76960722522  1.530850E-13
1474.21726414576  1.487843E-13
1475.6649210663  1.556887E-13
1477.11257798683  1.669637E-13
1478.56023490737  1.557904E-13
1480.00789182791  1.579800E-13
1481.45554874844  1.638073E-13
1482.90320566898  1.782201E-13
1484.35086258952  1.758565E-13
1485.79851951005  1.577219E-13
1487.24617643059  1.623007E-13
1488.69383335113  1.599509E-13
1490.14149027167  1.602906E-13
1491.5891471922  1.476518E-13
1493.03680411274  1.478741E-13
1494.48446103328  1.641662E-13
1495.93211795381  1.655806E-13
1497.37977487435  1.628218E-13
1498.82743179489  1.609412E-13
1500.27508871542  1.683615E-13
1501.72274563596  1.695346E-13
1503.1704025565  1.739619E-13
1504.61805947703  1.620695E-13
1506.06571639757  1.714334E-13
1507.51337331811  1.706496E-13
1508.96103023864  1.705403E-13
1510.40868715918  1.648124E-13
1511.85634407972  1.782994E-13
1513.30400100025  1.479079E-13
1514.75165792079  1.564986E-13
1516.19931484133  1.784585E-13
1517.64697176186  1.791321E-13
1519.0946286824  1.713311E-13
1520.54228560294  1.629394E-13
1521.98994252347  1.721552E-13
1523.43759944401  1.759592E-13
1524.88525636455  1.816694E-13
1526.33291328509  1.723457E-13
1527.78057020562  1.822414E-13
1529.22822712616  1.778629E-13
1530.6758840467  1.777295E-13
1532.12354096723  1.725043E-13
1533.57119788777  1.834411E-13
1535.01885480831  1.947275E-13
1536.46651172884  1.987311E-13
1537.91416864938  2.029938E-13
1539.36182556992  2.147607E-13
1540.80948249045  2.227622E-13
1542.25713941099  2.252529E-13
1543.70479633153  2.326390E-13
1545.15245325206  2.335602E-13
1546.6001101726  2.450555E-13
1548.04776709314  2.285605E-13
1549.49542401367  2.417234E-13
1550.94308093421  2.391549E-13
1552.39073785475  2.534467E-13
1553.83839477528  2.572579E-13
1555.28605169582  2.409192E-13
1556.73370861636  2.346685E-13
1558.18136553689  2.166269E-13
1559.62902245743  2.024427E-13
1561.07667937797  1.978698E-13
1562.5243362985  1.938588E-13
1563.97199321904  1.854942E-13
1565.41965013958  1.854730E-13
1566.86730706012  1.819021E-13
1568.31496398065  1.863837E-13
1569.76262090119  1.800291E-13
1571.21027782173  1.668492E-13
1572.65793474226  1.726122E-13
1574.1055916628  1.656647E-13
1575.55324858334  1.750256E-13
1577.00090550387  1.828984E-13
1578.44856242441  1.895877E-13
1579.89621934495  1.780449E-13
1581.34387626548  1.657530E-13
1582.79153318602  1.609524E-13
1584.23919010656  1.586853E-13
1585.68684702709  1.652331E-13
1587.13450394763  1.573729E-13
1588.58216086817  1.573543E-13
1590.0298177887  1.570904E-13
1591.47747470924  1.563553E-13
1592.92513162978  1.533772E-13
1594.37278855031  1.593159E-13
1595.82044547085  1.597272E-13
1597.26810239139  1.566662E-13
1598.71575931192  1.586395E-13
1600.16341623246  1.579076E-13
1601.611073153  1.470299E-13
1603.05873007354  1.522005E-13
1604.50638699407  1.501475E-13
1605.95404391461  1.490342E-13
1607.40170083515  1.587666E-13
1608.84935775568  1.525536E-13
1610.29701467622  1.453285E-13
1611.74467159676  1.549341E-13
1613.19232851729  1.572805E-13
1614.63998543783  1.669633E-13
1616.08764235837  1.669450E-13
1617.5352992789  1.627810E-13
1618.98295619944  1.556800E-13
1620.43061311998  1.577864E-13
1621.87827004051  1.568850E-13
1623.32592696105  1.598325E-13
1624.77358388159  1.635495E-13
1626.22124080212  1.663402E-13
1627.66889772266  1.705338E-13
1629.1165546432  1.694464E-13
1630.56421156373  1.730269E-13
1632.01186848427  1.756488E-13
1633.45952540481  1.741815E-13
1634.90718232534  1.742483E-13
1636.35483924588  1.714813E-13
1637.80249616642  1.809082E-13
1639.25015308695  1.725293E-13
1640.69781000749  1.577831E-13
1642.14546692803  1.574590E-13
1643.59312384857  1.587366E-13
1645.0407807691  1.652900E-13
1646.48843768964  1.651565E-13
1647.93609461018  1.688313E-13
1649.38375153071  1.696851E-13
1650.83140845125  1.686443E-13
1652.27906537179  1.680039E-13
1653.72672229232  1.608188E-13
1655.17437921286  1.518304E-13
1656.6220361334  1.582033E-13
1658.06969305393  1.501112E-13
1659.51734997447  1.592092E-13
1660.96500689501  1.628324E-13
1662.41266381554  1.690651E-13
1663.86032073608  1.680034E-13
1665.30797765662  1.626495E-13
1666.75563457715  1.597430E-13
1668.20329149769  1.683768E-13
1669.65094841823  1.534705E-13
1671.09860533876  1.548300E-13
1672.5462622593  1.527767E-13
1673.99391917984  1.466548E-13
1675.44157610038  1.455514E-13
1676.88923302091  1.473820E-13
1678.33688994145  1.508837E-13
1679.78454686199  1.429367E-13
1681.23220378252  1.447720E-13
1682.67986070306  1.429431E-13
1684.1275176236  1.492869E-13
1685.57517454413  1.468936E-13
1687.02283146467  1.577808E-13
1688.47048838521  1.570272E-13
1689.91814530574  1.591620E-13
1691.36580222628  1.510063E-13
1692.81345914682  1.459686E-13
1694.26111606735  1.449249E-13
1695.70877298789  1.467325E-13
1697.15642990843  1.515517E-13
1698.60408682896  1.494689E-13
1700.0517437495  1.430485E-13
1701.49940067004  1.446570E-13
1702.94705759057  1.417092E-13
1704.39471451111  1.445793E-13
1705.84237143165  1.454818E-13
1707.29002835218  1.459172E-13
1708.73768527272  1.442678E-13
1710.18534219326  0.
1711.63299911379  0.
1713.08065603433  0.
1714.52831295487  0.
1715.97596987541  0.
1717.42362679594  0.
1718.87128371648  0.
1720.31894063702  0.
1721.76659755755  0.
1723.21425447809  0.
1724.66191139863  0.
1726.10956831916  0.
1727.5572252397  0.
1729.00488216024  0.
1730.45253908077  0.
1731.90019600131  0.
1733.34785292185  0.
1734.79550984238  0.
1736.24316676292  0.
1737.69082368346  0.
1739.13848060399  0.
1740.58613752453  0.
1742.03379444507  0.
1743.4814513656  0.
1744.92910828614  0.
1746.37676520668  0.
1747.82442212721  0.
1749.27207904775  0.
1750.71973596829  0.
1752.16739288882  0.
1753.61504980936  0.
1755.0627067299  0.
1756.51036365043  0.
1757.95802057097  0.
1759.40567749151  0.
1760.85333441205  0.
1762.30099133258  0.
1763.74864825312  0.
1765.19630517366  0.
1766.64396209419  0.
1768.09161901473  0.
1769.53927593527  0.
1770.9869328558  0.
1772.43458977634  0.
1773.88224669688  0.
1775.32990361741  0.
1776.77756053795  0.
1778.22521745849  0.
1779.67287437902  0.
1781.12053129956  0.
1782.5681882201  0.
1784.01584514063  0.
1785.46350206117  0.
1786.91115898171  0.
1788.35881590224  0.
1789.80647282278  0.
1791.25412974332  0.
1792.70178666385  0.
1794.14944358439  0.
1795.59710050493  0.
1797.04475742547  0.
1798.492414346  0.
1799.94007126654  0.
1801.38772818708  0.
1802.83538510761  0.
1804.28304202815  0.
1805.73069894869  0.
1807.17835586922  0.
1808.62601278976  0.
1810.0736697103  0.
1811.52132663083  0.
1812.96898355137  0.
1814.41664047191  0.
1815.86429739244  0.
1817.31195431298  0.
1818.75961123352  0.
1820.20726815405  0.
1821.65492507459  0.
1823.10258199513  0.
1824.55023891566  0.
1825.9978958362  0.
1827.44555275674  0.
1828.89320967727  0.
1830.34086659781  0.
1831.78852351835  0.
