906.735751295338  0.
908.183408215875  0.
909.631065136412  0.
911.078722056949  0.
912.526378977485  0.
913.974035898022  0.
915.421692818559  0.
916.869349739096  0.
918.317006659633  0.
919.764663580169  0.
921.212320500706  0.
922.659977421243  0.
924.10763434178  0.
925.555291262316  0.
927.002948182853  0.
928.45060510339  0.
929.898262023927  0.
931.345918944464  0.
932.793575865  0.
934.241232785537  0.
935.688889706074  0.
937.136546626611  0.
938.584203547148  0.
940.031860467684  0.
941.479517388221  0.
942.927174308758  0.
944.374831229295  0.
945.822488149832  0.
947.270145070369  0.
948.717801990905  0.
950.165458911442  0.
951.613115831979  0.
953.060772752515  0.
954.508429673052  0.
955.956086593589  0.
957.403743514126  0.
958.851400434663  0.
960.2990573552  0.
961.746714275736  0.
963.194371196273  0.
964.64202811681  0.
966.089685037347  0.
967.537341957883  0.
968.98499887842  0.
970.432655798957  0.
971.880312719494  0.
973.327969640031  0.
974.775626560567  0.
976.223283481104  0.
977.670940401641  0.
979.118597322178  0.
980.566254242715  0.
982.013911163251  0.
983.461568083788  0.
984.909225004325  0.
986.356881924862  0.
987.804538845399  0.
989.252195765935  0.
990.699852686472  0.
992.147509607009  0.
993.595166527546  6.582510E-13
995.042823448082  4.408764E-13
996.490480368619  5.343445E-13
997.938137289156  4.828002E-13
999.385794209693  5.813052E-13
1000.83345113023  7.525182E-13
1002.28110805077  6.605038E-13
1003.7287649713  6.621452E-13
1005.17642189184  7.147123E-13
1006.62407881238  7.091792E-13
1008.07173573291  6.796599E-13
1009.51939265345  7.352204E-13
1010.96704957399  6.819585E-13
1012.41470649452  7.375312E-13
1013.86236341506  6.826899E-13
1015.3100203356  6.146398E-13
1016.75767725613  6.065388E-13
1018.20533417667  6.328959E-13
1019.65299109721  5.614126E-13
1021.10064801775  7.286357E-13
1022.54830493828  6.500224E-13
1023.99596185882  7.239439E-13
1025.44361877936  6.695552E-13
1026.89127569989  6.124743E-13
1028.33893262043  5.695211E-13
1029.78658954097  6.215232E-13
1031.2342464615  6.029865E-13
1032.68190338204  6.602993E-13
1034.12956030258  6.225541E-13
1035.57721722311  5.459874E-13
1037.02487414365  5.571782E-13
1038.47253106419  5.510040E-13
1039.92018798472  5.531538E-13
1041.36784490526  4.966514E-13
1042.8155018258  4.668718E-13
1044.26315874633  5.779341E-13
1045.71081566687  6.968907E-13
1047.15847258741  5.121230E-13
1048.60612950794  4.217574E-13
1050.05378642848  3.561443E-13
1051.50144334902  4.281220E-13
1052.94910026955  4.472915E-13
1054.39675719009  4.829988E-13
1055.84441411063  4.924427E-13
1057.29207103116  5.253478E-13
1058.7397279517  5.129477E-13
1060.18738487224  5.008606E-13
1061.63504179277  4.960061E-13
1063.08269871331  5.161759E-13
1064.53035563385  4.771334E-13
1065.97801255439  4.794261E-13
1067.42566947492  5.349323E-13
1068.87332639546  5.010894E-13
1070.320983316  5.298438E-13
1071.76864023653  5.704199E-13
1073.21629715707  4.605929E-13
1074.66395407761  5.122088E-13
1076.11161099814  5.767978E-13
1077.55926791868  5.465208E-13
1079.00692483922  5.637439E-13
1080.45458175975  4.942392E-13
1081.90223868029  4.691953E-13
1083.34989560083  5.152252E-13
1084.79755252136  4.538086E-13
1086.2452094419  4.668964E-13
1087.69286636244  4.149914E-13
1089.14052328297  4.351840E-13
1090.58818020351  4.602781E-13
1092.03583712405  5.458124E-13
1093.48349404458  4.784429E-13
1094.93115096512  4.404723E-13
1096.37880788566  4.677453E-13
1097.82646480619  5.026655E-13
1099.27412172673  4.401526E-13
1100.72177864727  4.799258E-13
1102.1694355678  4.284064E-13
1103.61709248834  4.581328E-13
1105.06474940888  4.711989E-13
1106.51240632942  4.077940E-13
1107.96006324995  4.615582E-13
1109.40772017049  5.016168E-13
1110.85537709103  4.709981E-13
1112.30303401156  4.922540E-13
1113.7506909321  4.820679E-13
1115.19834785264  4.450696E-13
1116.64600477317  4.777452E-13
1118.09366169371  5.205773E-13
1119.54131861425  4.706865E-13
1120.98897553478  4.936335E-13
1122.43663245532  4.918483E-13
1123.88428937586  4.892808E-13
1125.33194629639  3.846540E-13
1126.77960321693  4.121636E-13
1128.22726013747  4.441268E-13
1129.674917058  5.456362E-13
1131.12257397854  4.661835E-13
1132.57023089908  4.788139E-13
1134.01788781961  4.586940E-13
1135.46554474015  5.000215E-13
1136.91320166069  5.847859E-13
1138.36085858122  4.589896E-13
1139.80851550176  4.401896E-13
1141.2561724223  4.646122E-13
1142.70382934284  4.213161E-13
1144.15148626337  4.703627E-13
1145.59914318391  5.317408E-13
1147.04680010445  4.850543E-13
1148.49445702498  4.936612E-13
1149.94211394552  4.286417E-13
1151.38977086606  3.843969E-13
1152.83742778659  3.893010E-13
1154.28508470713  3.975717E-13
1155.73274162767  4.399899E-13
1157.1803985482  4.727342E-13
1158.62805546874  4.180676E-13
1160.07571238928  4.043140E-13
1161.52336930981  4.418649E-13
1162.97102623035  4.672469E-13
1164.41868315089  4.956489E-13
1165.86634007142  4.422446E-13
1167.31399699196  4.648794E-13
1168.7616539125  4.667914E-13
1170.20931083303  5.633836E-13
1171.65696775357  5.934195E-13
1173.10462467411  4.942813E-13
1174.55228159464  4.729777E-13
1175.99993851518  4.881254E-13
1177.44759543572  4.818023E-13
1178.89525235625  5.121543E-13
1180.34290927679  4.705412E-13
1181.79056619733  4.926019E-13
1183.23822311787  4.563034E-13
1184.6858800384  4.934001E-13
1186.13353695894  4.895136E-13
1187.58119387948  6.069817E-13
1189.02885080001  5.475153E-13
1190.47650772055  5.573051E-13
1191.92416464109  5.917657E-13
1193.37182156162  6.882326E-13
1194.81947848216  6.801837E-13
1196.2671354027  6.532030E-13
1197.71479232323  5.851099E-13
1199.16244924377  6.118884E-13
1200.61010616431  5.963622E-13
1202.05776308484  6.813272E-13
1203.50542000538  5.645455E-13
1204.95307692592  6.967320E-13
1206.40073384645  7.907896E-13
1207.84839076699  9.217385E-13
1209.29604768753  8.818994E-13
1210.74370460806  9.722592E-13
1212.1913615286  9.967922E-13
1213.63901844914  1.236858E-12
1215.08667536967  1.246659E-12
1216.53433229021  1.100772E-12
1217.98198921075  1.051656E-12
1219.42964613129  9.785844E-13
1220.87730305182  9.251172E-13
1222.32495997236  8.484612E-13
1223.7726168929  7.205051E-13
1225.22027381343  8.177171E-13
1226.66793073397  7.326566E-13
1228.11558765451  7.224661E-13
1229.56324457504  6.375663E-13
1231.01090149558  6.636077E-13
1232.45855841612  6.828822E-13
1233.90621533665  6.935390E-13
1235.35387225719  6.012919E-13
1236.80152917773  6.251179E-13
1238.24918609826  6.441255E-13
1239.6968430188  6.943928E-13
1241.14449993934  6.817641E-13
1242.59215685987  5.721545E-13
1244.03981378041  5.617383E-13
1245.48747070095  5.787219E-13
1246.93512762148  5.298439E-13
1248.38278454202  5.346508E-13
1249.83044146256  5.207507E-13
1251.27809838309  5.023268E-13
1252.72575530363  5.068638E-13
1254.17341222417  5.196666E-13
1255.62106914471  5.332715E-13
1257.06872606524  4.815713E-13
1258.51638298578  5.297731E-13
1259.96403990632  4.964836E-13
1261.41169682685  4.620105E-13
1262.85935374739  4.918719E-13
1264.30701066793  4.835400E-13
1265.75466758846  4.721305E-13
1267.202324509  4.720882E-13
1268.64998142954  4.464809E-13
1270.09763835007  4.471944E-13
1271.54529527061  4.669399E-13
1272.99295219115  4.546155E-13
1274.44060911168  4.252559E-13
1275.88826603222  3.955996E-13
1277.33592295276  3.997263E-13
1278.78357987329  4.473617E-13
1280.23123679383  4.490863E-13
1281.67889371437  4.305513E-13
1283.1265506349  3.844349E-13
1284.57420755544  4.239315E-13
1286.02186447598  4.001983E-13
1287.46952139651  4.365766E-13
1288.91717831705  4.160671E-13
1290.36483523759  4.553797E-13
1291.81249215812  4.395166E-13
1293.26014907866  4.640782E-13
1294.7078059992  4.111585E-13
1296.15546291974  4.675717E-13
1297.60311984027  4.550146E-13
1299.05077676081  4.784551E-13
1300.49843368135  4.126563E-13
1301.94609060188  4.734387E-13
1303.39374752242  4.611657E-13
1304.84140444296  3.684711E-13
1306.28906136349  3.729980E-13
1307.73671828403  4.105387E-13
1309.18437520457  4.556669E-13
1310.6320321251  4.181618E-13
1312.07968904564  4.274728E-13
1313.52734596618  3.709870E-13
1314.97500288671  3.795362E-13
1316.42265980725  3.762148E-13
1317.87031672779  3.678358E-13
1319.31797364832  3.637440E-13
1320.76563056886  3.570287E-13
1322.2132874894  3.716343E-13
1323.66094440993  3.775997E-13
1325.10860133047  3.752443E-13
1326.55625825101  3.745617E-13
1328.00391517154  3.527412E-13
1329.45157209208  4.204190E-13
1330.89922901262  3.801870E-13
1332.34688593315  3.776610E-13
1333.79454285369  3.705885E-13
1335.24219977423  3.647390E-13
1336.68985669477  3.160256E-13
1338.1375136153  3.668406E-13
1339.58517053584  3.478926E-13
1341.03282745638  3.865415E-13
1342.48048437691  3.368613E-13
1343.92814129745  3.567052E-13
1345.37579821799  3.775290E-13
1346.82345513852  3.724266E-13
1348.27111205906  3.521474E-13
1349.7187689796  3.725949E-13
1351.16642590013  4.432868E-13
1352.61408282067  3.789663E-13
1354.06173974121  3.347184E-13
1355.50939666174  4.276672E-13
1356.95705358228  3.873589E-13
1358.40471050282  3.552390E-13
1359.85236742335  3.609484E-13
1361.30002434389  3.506362E-13
1362.74768126443  3.538161E-13
1364.19533818496  3.835837E-13
1365.6429951055  3.723505E-13
1367.09065202604  3.437390E-13
1368.53830894657  3.786740E-13
1369.98596586711  3.552566E-13
1371.43362278765  3.203773E-13
1372.88127970819  3.416329E-13
1374.32893662872  3.201811E-13
1375.77659354926  3.833200E-13
1377.2242504698  3.758375E-13
1378.67190739033  3.467680E-13
1380.11956431087  3.250187E-13
1381.56722123141  3.686672E-13
1383.01487815194  3.428787E-13
1384.46253507248  3.600435E-13
1385.91019199302  3.439591E-13
1387.35784891355  3.392768E-13
1388.80550583409  3.606193E-13
1390.25316275463  3.833579E-13
1391.70081967516  3.933482E-13
1393.1484765957  3.755089E-13
1394.59613351624  3.909312E-13
1396.04379043677  4.426059E-13
1397.49144735731  3.739721E-13
1398.93910427785  4.142526E-13
1400.38676119838  3.863841E-13
1401.83441811892  4.012591E-13
1403.28207503946  3.697189E-13
1404.72973195999  3.537378E-13
1406.17738888053  3.613574E-13
1407.62504580107  3.638318E-13
1409.0727027216  3.827490E-13
1410.52035964214  3.241964E-13
1411.96801656268  3.815109E-13
1413.41567348322  3.527514E-13
1414.86333040375  3.443915E-13
1416.31098732429  3.706274E-13
1417.75864424483  3.567942E-13
1419.20630116536  3.561823E-13
1420.6539580859  3.570035E-13
1422.10161500644  3.656217E-13
1423.54927192697  3.482221E-13
1424.99692884751  3.608599E-13
1426.44458576805  3.489923E-13
1427.89224268858  3.664720E-13
1429.33989960912  3.472410E-13
1430.78755652966  3.305796E-13
1432.23521345019  3.441582E-13
1433.68287037073  3.795231E-13
1435.13052729127  3.337352E-13
1436.5781842118  3.288567E-13
1438.02584113234  3.335215E-13
1439.47349805288  3.640358E-13
1440.92115497341  3.345422E-13
1442.36881189395  2.803468E-13
1443.81646881449  2.875529E-13
1445.26412573502  3.310576E-13
1446.71178265556  3.495769E-13
1448.1594395761  3.265283E-13
1449.60709649664  2.819016E-13
1451.05475341717  3.226210E-13
1452.50241033771  3.389917E-13
1453.95006725825  3.130993E-13
1455.39772417878  2.959950E-13
1456.84538109932  3.022597E-13
1458.29303801986  3.127308E-13
1459.74069494039  3.133864E-13
1461.18835186093  3.190771E-13
1462.63600878147  3.161582E-13
1464.083665702  3.275491E-13
1465.53132262254  3.325030E-13
1466.97897954308  3.889433E-13
1468.42663646361  3.445200E-13
1469.87429338415  3.206846E-13
1471.32195030469  3.149097E-13
1472.76960722522  3.182549E-13
1474.21726414576  3.359784E-13
1475.6649210663  3.279755E-13
1477.11257798683  2.947165E-13
1478.56023490737  3.243111E-13
1480.00789182791  3.182098E-13
1481.45554874844  3.259721E-13
1482.90320566898  3.374083E-13
1484.35086258952  3.410760E-13
1485.79851951005  3.285237E-13
1487.24617643059  3.298559E-13
1488.69383335113  3.005471E-13
1490.14149027167  2.911692E-13
1491.5891471922  3.276513E-13
1493.03680411274  3.328307E-13
1494.48446103328  3.193482E-13
1495.93211795381  3.299616E-13
1497.37977487435  3.231981E-13
1498.82743179489  3.358016E-13
1500.27508871542  3.400247E-13
1501.72274563596  3.289542E-13
1503.1704025565  3.318070E-13
1504.61805947703  3.089101E-13
1506.06571639757  3.206665E-13
1507.51337331811  3.383843E-13
1508.96103023864  3.062550E-13
1510.40868715918  3.279927E-13
1511.85634407972  3.544008E-13
1513.30400100025  3.227764E-13
1514.75165792079  3.147244E-13
1516.19931484133  3.394111E-13
1517.64697176186  3.333078E-13
1519.0946286824  3.413062E-13
1520.54228560294  3.265637E-13
1521.98994252347  3.412505E-13
1523.43759944401  3.655269E-13
1524.88525636455  3.800056E-13
1526.33291328509  3.671693E-13
1527.78057020562  3.622035E-13
1529.22822712616  3.569474E-13
1530.6758840467  3.665074E-13
1532.12354096723  3.858039E-13
1533.57119788777  4.031159E-13
1535.01885480831  3.979670E-13
1536.46651172884  4.323541E-13
1537.91416864938  4.492232E-13
1539.36182556992  4.549826E-13
1540.80948249045  5.030490E-13
1542.25713941099  4.987217E-13
1543.70479633153  4.850797E-13
1545.15245325206  5.091139E-13
1546.6001101726  5.164940E-13
1548.04776709314  4.928057E-13
1549.49542401367  4.719708E-13
1550.94308093421  4.907299E-13
1552.39073785475  4.732681E-13
1553.83839477528  4.344056E-13
1555.28605169582  4.094678E-13
1556.73370861636  3.893755E-13
1558.18136553689  3.969703E-13
1559.62902245743  3.632995E-13
1561.07667937797  3.666149E-13
1562.5243362985  3.481269E-13
1563.97199321904  3.654692E-13
1565.41965013958  3.809690E-13
1566.86730706012  3.686990E-13
1568.31496398065  3.728475E-13
1569.76262090119  3.482774E-13
1571.21027782173  3.314693E-13
1572.65793474226  3.350644E-13
1574.1055916628  3.182187E-13
1575.55324858334  3.305933E-13
1577.00090550387  3.302980E-13
1578.44856242441  3.300767E-13
1579.89621934495  3.504037E-13
1581.34387626548  3.396779E-13
1582.79153318602  3.314183E-13
1584.23919010656  3.242673E-13
1585.68684702709  3.118999E-13
1587.13450394763  3.110464E-13
1588.58216086817  3.115366E-13
1590.0298177887  3.051596E-13
1591.47747470924  3.051812E-13
1592.92513162978  3.144667E-13
1594.37278855031  3.018313E-13
1595.82044547085  2.963197E-13
1597.26810239139  2.685036E-13
1598.71575931192  2.854090E-13
1600.16341623246  2.934191E-13
1601.611073153  2.944169E-13
1603.05873007354  3.007473E-13
1604.50638699407  2.969428E-13
1605.95404391461  3.169827E-13
1607.40170083515  3.146279E-13
1608.84935775568  3.019609E-13
1610.29701467622  2.924233E-13
1611.74467159676  2.884293E-13
1613.19232851729  2.951456E-13
1614.63998543783  3.034225E-13
1616.08764235837  3.098391E-13
1617.5352992789  3.056774E-13
1618.98295619944  2.958190E-13
1620.43061311998  3.084454E-13
1621.87827004051  3.003910E-13
1623.32592696105  3.122518E-13
1624.77358388159  3.139235E-13
1626.22124080212  3.111573E-13
1627.66889772266  3.167325E-13
1629.1165546432  3.070667E-13
1630.56421156373  3.083346E-13
1632.01186848427  3.212162E-13
1633.45952540481  3.120667E-13
1634.90718232534  3.113270E-13
1636.35483924588  3.075346E-13
1637.80249616642  3.058068E-13
1639.25015308695  2.902010E-13
1640.69781000749  2.816458E-13
1642.14546692803  2.888428E-13
1643.59312384857  2.861330E-13
1645.0407807691  3.013231E-13
1646.48843768964  3.022437E-13
1647.93609461018  2.861043E-13
1649.38375153071  2.956741E-13
1650.83140845125  3.044362E-13
1652.27906537179  3.086418E-13
1653.72672229232  2.982863E-13
1655.17437921286  2.795287E-13
1656.6220361334  3.008557E-13
1658.06969305393  2.887321E-13
1659.51734997447  2.938409E-13
1660.96500689501  2.986778E-13
1662.41266381554  3.054695E-13
1663.86032073608  3.049583E-13
1665.30797765662  3.031760E-13
1666.75563457715  2.815482E-13
1668.20329149769  2.823886E-13
1669.65094841823  2.713063E-13
1671.09860533876  2.792658E-13
1672.5462622593  2.908216E-13
1673.99391917984  2.916440E-13
1675.44157610038  3.059572E-13
1676.88923302091  3.154669E-13
1678.33688994145  3.200324E-13
1679.78454686199  3.097773E-13
1681.23220378252  3.029808E-13
1682.67986070306  2.845052E-13
1684.1275176236  2.864925E-13
1685.57517454413  2.805608E-13
1687.02283146467  2.967426E-13
1688.47048838521  2.940211E-13
1689.91814530574  2.974119E-13
1691.36580222628  2.881750E-13
1692.81345914682  2.789845E-13
1694.26111606735  2.696883E-13
1695.70877298789  2.741798E-13
1697.15642990843  2.904816E-13
1698.60408682896  2.868540E-13
1700.0517437495  2.772543E-13
1701.49940067004  2.829474E-13
1702.94705759057  2.857010E-13
1704.39471451111  2.882669E-13
1705.84237143165  2.963735E-13
1707.29002835218  2.853442E-13
1708.73768527272  2.870885E-13
1710.18534219326  0.
1711.63299911379  0.
1713.08065603433  0.
1714.52831295487  0.
1715.97596987541  0.
1717.42362679594  0.
1718.87128371648  0.
1720.31894063702  0.
1721.76659755755  0.
1723.21425447809  0.
1724.66191139863  0.
1726.10956831916  0.
1727.5572252397  0.
1729.00488216024  0.
1730.45253908077  0.
1731.90019600131  0.
1733.34785292185  0.
1734.79550984238  0.
1736.24316676292  0.
1737.69082368346  0.
1739.13848060399  0.
1740.58613752453  0.
1742.03379444507  0.
1743.4814513656  0.
1744.92910828614  0.
1746.37676520668  0.
1747.82442212721  0.
1749.27207904775  0.
1750.71973596829  0.
1752.16739288882  0.
1753.61504980936  0.
1755.0627067299  0.
1756.51036365043  0.
1757.95802057097  0.
1759.40567749151  0.
1760.85333441205  0.
1762.30099133258  0.
1763.74864825312  0.
1765.19630517366  0.
1766.64396209419  0.
1768.09161901473  0.
1769.53927593527  0.
1770.9869328558  0.
1772.43458977634  0.
1773.88224669688  0.
1775.32990361741  0.
1776.77756053795  0.
1778.22521745849  0.
1779.67287437902  0.
1781.12053129956  0.
1782.5681882201  0.
1784.01584514063  0.
1785.46350206117  0.
1786.91115898171  0.
1788.35881590224  0.
1789.80647282278  0.
1791.25412974332  0.
1792.70178666385  0.
1794.14944358439  0.
1795.59710050493  0.
1797.04475742547  0.
1798.492414346  0.
1799.94007126654  0.
1801.38772818708  0.
1802.83538510761  0.
1804.28304202815  0.
1805.73069894869  0.
1807.17835586922  0.
1808.62601278976  0.
1810.0736697103  0.
1811.52132663083  0.
1812.96898355137  0.
1814.41664047191  0.
1815.86429739244  0.
1817.31195431298  0.
1818.75961123352  0.
1820.20726815405  0.
1821.65492507459  0.
1823.10258199513  0.
1824.55023891566  0.
1825.9978958362  0.
1827.44555275674  0.
1828.89320967727  0.
1830.34086659781  0.
1831.78852351835  0.
