906.735751295338  0.
908.183408215875  0.
909.631065136412  0.
911.078722056949  0.
912.526378977485  0.
913.974035898022  0.
915.421692818559  0.
916.869349739096  0.
918.317006659633  0.
919.764663580169  0.
921.212320500706  0.
922.659977421243  0.
924.10763434178  0.
925.555291262316  0.
927.002948182853  0.
928.45060510339  0.
929.898262023927  0.
931.345918944464  0.
932.793575865  0.
934.241232785537  0.
935.688889706074  0.
937.136546626611  0.
938.584203547148  0.
940.031860467684  0.
941.479517388221  0.
942.927174308758  0.
944.374831229295  0.
945.822488149832  0.
947.270145070369  0.
948.717801990905  0.
950.165458911442  0.
951.613115831979  0.
953.060772752515  0.
954.508429673052  0.
955.956086593589  0.
957.403743514126  0.
958.851400434663  0.
960.2990573552  0.
961.746714275736  0.
963.194371196273  0.
964.64202811681  0.
966.089685037347  0.
967.537341957883  0.
968.98499887842  0.
970.432655798957  0.
971.880312719494  0.
973.327969640031  0.
974.775626560567  0.
976.223283481104  0.
977.670940401641  0.
979.118597322178  0.
980.566254242715  0.
982.013911163251  0.
983.461568083788  0.
984.909225004325  0.
986.356881924862  0.
987.804538845399  0.
989.252195765935  0.
990.699852686472  0.
992.147509607009  0.
993.595166527546  4.976350E-13
995.042823448082  3.033764E-13
996.490480368619  4.659159E-13
997.938137289156  7.024445E-13
999.385794209693  7.673839E-13
1000.83345113023  7.565744E-13
1002.28110805077  6.995261E-13
1003.7287649713  8.178409E-13
1005.17642189184  8.520933E-13
1006.62407881238  8.970876E-13
1008.07173573291  5.077058E-13
1009.51939265345  6.548329E-13
1010.96704957399  6.795605E-13
1012.41470649452  5.818282E-13
1013.86236341506  5.933745E-13
1015.3100203356  7.015455E-13
1016.75767725613  7.255712E-13
1018.20533417667  7.210317E-13
1019.65299109721  6.497943E-13
1021.10064801775  6.319065E-13
1022.54830493828  7.411083E-13
1023.99596185882  6.753415E-13
1025.44361877936  6.872011E-13
1026.89127569989  6.333476E-13
1028.33893262043  5.326103E-13
1029.78658954097  5.214420E-13
1031.2342464615  6.253040E-13
1032.68190338204  5.640240E-13
1034.12956030258  6.040085E-13
1035.57721722311  6.240894E-13
1037.02487414365  5.731070E-13
1038.47253106419  5.843821E-13
1039.92018798472  5.426358E-13
1041.36784490526  5.187042E-13
1042.8155018258  5.561901E-13
1044.26315874633  5.487588E-13
1045.71081566687  5.859928E-13
1047.15847258741  6.261436E-13
1048.60612950794  4.606414E-13
1050.05378642848  4.098057E-13
1051.50144334902  4.520551E-13
1052.94910026955  5.388041E-13
1054.39675719009  5.921348E-13
1055.84441411063  5.309787E-13
1057.29207103116  4.651260E-13
1058.7397279517  4.512298E-13
1060.18738487224  5.004766E-13
1061.63504179277  5.420713E-13
1063.08269871331  5.504728E-13
1064.53035563385  5.144307E-13
1065.97801255439  5.452570E-13
1067.42566947492  5.419557E-13
1068.87332639546  5.011020E-13
1070.320983316  5.590712E-13
1071.76864023653  4.817684E-13
1073.21629715707  4.730372E-13
1074.66395407761  4.851692E-13
1076.11161099814  5.107654E-13
1077.55926791868  5.388819E-13
1079.00692483922  5.180394E-13
1080.45458175975  4.888640E-13
1081.90223868029  4.726566E-13
1083.34989560083  4.951647E-13
1084.79755252136  4.575954E-13
1086.2452094419  4.114454E-13
1087.69286636244  3.826625E-13
1089.14052328297  3.942403E-13
1090.58818020351  4.698916E-13
1092.03583712405  4.644606E-13
1093.48349404458  4.757465E-13
1094.93115096512  4.552497E-13
1096.37880788566  4.301345E-13
1097.82646480619  4.586181E-13
1099.27412172673  4.555581E-13
1100.72177864727  4.395006E-13
1102.1694355678  4.784368E-13
1103.61709248834  4.917282E-13
1105.06474940888  5.438420E-13
1106.51240632942  4.993547E-13
1107.96006324995  4.980674E-13
1109.40772017049  4.742229E-13
1110.85537709103  5.127774E-13
1112.30303401156  4.864613E-13
1113.7506909321  4.420475E-13
1115.19834785264  4.490144E-13
1116.64600477317  4.503732E-13
1118.09366169371  5.064904E-13
1119.54131861425  4.750637E-13
1120.98897553478  4.204165E-13
1122.43663245532  4.214253E-13
1123.88428937586  4.155840E-13
1125.33194629639  3.770521E-13
1126.77960321693  4.119319E-13
1128.22726013747  4.229521E-13
1129.674917058  4.626995E-13
1131.12257397854  4.910004E-13
1132.57023089908  4.649406E-13
1134.01788781961  4.809897E-13
1135.46554474015  5.087300E-13
1136.91320166069  4.548233E-13
1138.36085858122  4.369438E-13
1139.80851550176  4.295457E-13
1141.2561724223  4.274001E-13
1142.70382934284  4.187808E-13
1144.15148626337  4.504537E-13
1145.59914318391  4.700508E-13
1147.04680010445  4.803478E-13
1148.49445702498  4.812583E-13
1149.94211394552  4.759765E-13
1151.38977086606  4.134348E-13
1152.83742778659  4.268906E-13
1154.28508470713  3.964861E-13
1155.73274162767  3.819874E-13
1157.1803985482  4.612639E-13
1158.62805546874  4.596707E-13
1160.07571238928  4.851029E-13
1161.52336930981  4.436918E-13
1162.97102623035  4.570711E-13
1164.41868315089  4.312358E-13
1165.86634007142  4.838436E-13
1167.31399699196  4.210352E-13
1168.7616539125  4.535726E-13
1170.20931083303  4.576332E-13
1171.65696775357  5.646612E-13
1173.10462467411  5.058787E-13
1174.55228159464  5.059609E-13
1175.99993851518  4.667116E-13
1177.44759543572  5.179557E-13
1178.89525235625  5.467009E-13
1180.34290927679  4.705622E-13
1181.79056619733  4.646139E-13
1183.23822311787  4.829119E-13
1184.6858800384  4.998675E-13
1186.13353695894  4.902896E-13
1187.58119387948  4.685203E-13
1189.02885080001  5.359264E-13
1190.47650772055  6.153573E-13
1191.92416464109  5.503327E-13
1193.37182156162  5.895295E-13
1194.81947848216  5.975455E-13
1196.2671354027  5.712253E-13
1197.71479232323  5.656244E-13
1199.16244924377  4.850458E-13
1200.61010616431  6.527365E-13
1202.05776308484  6.476675E-13
1203.50542000538  6.345264E-13
1204.95307692592  7.091223E-13
1206.40073384645  7.985900E-13
1207.84839076699  8.483061E-13
1209.29604768753  9.193188E-13
1210.74370460806  1.046327E-12
1212.1913615286  1.076899E-12
1213.63901844914  1.103879E-12
1215.08667536967  1.191185E-12
1216.53433229021  1.185388E-12
1217.98198921075  9.555072E-13
1219.42964613129  1.047714E-12
1220.87730305182  9.077603E-13
1222.32495997236  8.788025E-13
1223.7726168929  6.804536E-13
1225.22027381343  6.668735E-13
1226.66793073397  6.821288E-13
1228.11558765451  6.510234E-13
1229.56324457504  6.559956E-13
1231.01090149558  6.647203E-13
1232.45855841612  6.197590E-13
1233.90621533665  6.124989E-13
1235.35387225719  6.407898E-13
1236.80152917773  6.381892E-13
1238.24918609826  6.380750E-13
1239.6968430188  6.684170E-13
1241.14449993934  6.371940E-13
1242.59215685987  6.252877E-13
1244.03981378041  5.682963E-13
1245.48747070095  4.984385E-13
1246.93512762148  5.266106E-13
1248.38278454202  5.180549E-13
1249.83044146256  5.032849E-13
1251.27809838309  4.793839E-13
1252.72575530363  4.626793E-13
1254.17341222417  4.510329E-13
1255.62106914471  4.655874E-13
1257.06872606524  4.629531E-13
1258.51638298578  4.508030E-13
1259.96403990632  4.383962E-13
1261.41169682685  4.876951E-13
1262.85935374739  4.567780E-13
1264.30701066793  4.754108E-13
1265.75466758846  4.348917E-13
1267.202324509  4.266079E-13
1268.64998142954  4.467340E-13
1270.09763835007  4.202062E-13
1271.54529527061  4.449789E-13
1272.99295219115  3.957142E-13
1274.44060911168  4.274007E-13
1275.88826603222  4.317457E-13
1277.33592295276  3.585493E-13
1278.78357987329  4.254545E-13
1280.23123679383  3.831447E-13
1281.67889371437  4.001151E-13
1283.1265506349  4.268203E-13
1284.57420755544  3.809131E-13
1286.02186447598  4.158148E-13
1287.46952139651  4.071908E-13
1288.91717831705  4.379099E-13
1290.36483523759  4.198327E-13
1291.81249215812  4.178285E-13
1293.26014907866  3.627366E-13
1294.7078059992  4.262729E-13
1296.15546291974  3.851853E-13
1297.60311984027  3.963077E-13
1299.05077676081  3.705919E-13
1300.49843368135  3.686972E-13
1301.94609060188  3.910970E-13
1303.39374752242  3.958573E-13
1304.84140444296  3.900066E-13
1306.28906136349  4.236424E-13
1307.73671828403  3.956414E-13
1309.18437520457  3.764916E-13
1310.6320321251  3.778237E-13
1312.07968904564  4.155204E-13
1313.52734596618  4.125502E-13
1314.97500288671  4.067932E-13
1316.42265980725  3.789845E-13
1317.87031672779  3.867044E-13
1319.31797364832  3.330869E-13
1320.76563056886  3.363672E-13
1322.2132874894  4.155124E-13
1323.66094440993  4.159992E-13
1325.10860133047  4.416943E-13
1326.55625825101  3.657047E-13
1328.00391517154  4.038321E-13
1329.45157209208  3.844687E-13
1330.89922901262  3.936155E-13
1332.34688593315  3.987630E-13
1333.79454285369  3.763858E-13
1335.24219977423  3.733572E-13
1336.68985669477  3.487505E-13
1338.1375136153  3.478983E-13
1339.58517053584  3.403042E-13
1341.03282745638  3.616303E-13
1342.48048437691  4.178344E-13
1343.92814129745  4.077078E-13
1345.37579821799  3.092883E-13
1346.82345513852  3.546058E-13
1348.27111205906  3.490105E-13
1349.7187689796  3.379540E-13
1351.16642590013  3.656524E-13
1352.61408282067  3.706826E-13
1354.06173974121  3.538159E-13
1355.50939666174  3.756888E-13
1356.95705358228  3.770488E-13
1358.40471050282  3.545541E-13
1359.85236742335  4.066375E-13
1361.30002434389  4.028559E-13
1362.74768126443  4.069782E-13
1364.19533818496  4.024482E-13
1365.6429951055  3.675408E-13
1367.09065202604  3.537117E-13
1368.53830894657  3.898807E-13
1369.98596586711  3.845043E-13
1371.43362278765  3.996969E-13
1372.88127970819  3.915077E-13
1374.32893662872  3.715845E-13
1375.77659354926  4.049869E-13
1377.2242504698  3.568994E-13
1378.67190739033  3.899388E-13
1380.11956431087  3.768763E-13
1381.56722123141  4.058000E-13
1383.01487815194  3.780598E-13
1384.46253507248  4.236983E-13
1385.91019199302  3.877327E-13
1387.35784891355  3.642868E-13
1388.80550583409  3.542587E-13
1390.25316275463  3.411415E-13
1391.70081967516  3.739920E-13
1393.1484765957  3.796826E-13
1394.59613351624  4.232422E-13
1396.04379043677  4.367435E-13
1397.49144735731  4.294200E-13
1398.93910427785  4.299577E-13
1400.38676119838  4.265410E-13
1401.83441811892  4.319068E-13
1403.28207503946  4.437712E-13
1404.72973195999  4.070684E-13
1406.17738888053  3.732348E-13
1407.62504580107  3.907840E-13
1409.0727027216  3.850758E-13
1410.52035964214  3.890111E-13
1411.96801656268  3.963261E-13
1413.41567348322  4.140266E-13
1414.86333040375  3.904268E-13
1416.31098732429  4.110389E-13
1417.75864424483  3.718640E-13
1419.20630116536  3.606352E-13
1420.6539580859  3.634765E-13
1422.10161500644  3.724876E-13
1423.54927192697  3.576454E-13
1424.99692884751  3.955840E-13
1426.44458576805  3.261598E-13
1427.89224268858  3.056254E-13
1429.33989960912  3.536261E-13
1430.78755652966  3.604818E-13
1432.23521345019  3.506491E-13
1433.68287037073  3.730709E-13
1435.13052729127  3.334654E-13
1436.5781842118  3.354240E-13
1438.02584113234  3.425516E-13
1439.47349805288  3.369286E-13
1440.92115497341  3.296911E-13
1442.36881189395  3.079170E-13
1443.81646881449  3.262400E-13
1445.26412573502  3.325437E-13
1446.71178265556  3.410556E-13
1448.1594395761  3.553943E-13
1449.60709649664  2.844195E-13
1451.05475341717  3.009972E-13
1452.50241033771  3.166502E-13
1453.95006725825  2.927170E-13
1455.39772417878  3.483052E-13
1456.84538109932  3.216684E-13
1458.29303801986  3.375283E-13
1459.74069494039  3.211598E-13
1461.18835186093  3.234320E-13
1462.63600878147  3.265217E-13
1464.083665702  3.629288E-13
1465.53132262254  3.222292E-13
1466.97897954308  3.039404E-13
1468.42663646361  3.506797E-13
1469.87429338415  3.204474E-13
1471.32195030469  2.780457E-13
1472.76960722522  2.956158E-13
1474.21726414576  3.166218E-13
1475.6649210663  3.297693E-13
1477.11257798683  3.250952E-13
1478.56023490737  2.998349E-13
1480.00789182791  3.234444E-13
1481.45554874844  3.377406E-13
1482.90320566898  3.324833E-13
1484.35086258952  3.361472E-13
1485.79851951005  3.647253E-13
1487.24617643059  3.147712E-13
1488.69383335113  2.978253E-13
1490.14149027167  3.125588E-13
1491.5891471922  3.140117E-13
1493.03680411274  3.009428E-13
1494.48446103328  3.277561E-13
1495.93211795381  3.232820E-13
1497.37977487435  3.186149E-13
1498.82743179489  3.207500E-13
1500.27508871542  3.139723E-13
1501.72274563596  3.045122E-13
1503.1704025565  2.828367E-13
1504.61805947703  2.962116E-13
1506.06571639757  3.105030E-13
1507.51337331811  3.184013E-13
1508.96103023864  3.182192E-13
1510.40868715918  3.173833E-13
1511.85634407972  3.464970E-13
1513.30400100025  3.487202E-13
1514.75165792079  3.396133E-13
1516.19931484133  3.170135E-13
1517.64697176186  3.464217E-13
1519.0946286824  3.276286E-13
1520.54228560294  3.499960E-13
1521.98994252347  3.482661E-13
1523.43759944401  3.606246E-13
1524.88525636455  3.530415E-13
1526.33291328509  3.493154E-13
1527.78057020562  3.927497E-13
1529.22822712616  3.648041E-13
1530.6758840467  3.716658E-13
1532.12354096723  3.774909E-13
1533.57119788777  3.983667E-13
1535.01885480831  4.051615E-13
1536.46651172884  4.036050E-13
1537.91416864938  4.488181E-13
1539.36182556992  4.679654E-13
1540.80948249045  4.878077E-13
1542.25713941099  5.241619E-13
1543.70479633153  5.269934E-13
1545.15245325206  5.010907E-13
1546.6001101726  5.494701E-13
1548.04776709314  5.568594E-13
1549.49542401367  4.930162E-13
1550.94308093421  4.882824E-13
1552.39073785475  5.012686E-13
1553.83839477528  4.694196E-13
1555.28605169582  4.133865E-13
1556.73370861636  4.212993E-13
1558.18136553689  3.919166E-13
1559.62902245743  3.833140E-13
1561.07667937797  4.002924E-13
1562.5243362985  3.757170E-13
1563.97199321904  3.544290E-13
1565.41965013958  3.558874E-13
1566.86730706012  3.501730E-13
1568.31496398065  3.559562E-13
1569.76262090119  3.420430E-13
1571.21027782173  3.092328E-13
1572.65793474226  3.190979E-13
1574.1055916628  3.235484E-13
1575.55324858334  3.240202E-13
1577.00090550387  3.326220E-13
1578.44856242441  3.049786E-13
1579.89621934495  3.080063E-13
1581.34387626548  3.265538E-13
1582.79153318602  3.275535E-13
1584.23919010656  3.318339E-13
1585.68684702709  3.268554E-13
1587.13450394763  3.239065E-13
1588.58216086817  3.125263E-13
1590.0298177887  3.074724E-13
1591.47747470924  3.153992E-13
1592.92513162978  3.234821E-13
1594.37278855031  3.145257E-13
1595.82044547085  3.110285E-13
1597.26810239139  3.148457E-13
1598.71575931192  2.904683E-13
1600.16341623246  2.913606E-13
1601.611073153  3.087827E-13
1603.05873007354  3.114673E-13
1604.50638699407  3.158840E-13
1605.95404391461  2.969428E-13
1607.40170083515  2.987180E-13
1608.84935775568  2.949199E-13
1610.29701467622  2.830195E-13
1611.74467159676  2.984584E-13
1613.19232851729  3.156174E-13
1614.63998543783  3.175145E-13
1616.08764235837  3.100405E-13
1617.5352992789  3.136907E-13
1618.98295619944  3.208086E-13
1620.43061311998  3.107561E-13
1621.87827004051  3.017340E-13
1623.32592696105  2.995541E-13
1624.77358388159  3.123987E-13
1626.22124080212  3.238077E-13
1627.66889772266  3.158243E-13
1629.1165546432  3.117572E-13
1630.56421156373  3.354829E-13
1632.01186848427  3.243622E-13
1633.45952540481  3.175894E-13
1634.90718232534  3.328523E-13
1636.35483924588  3.345909E-13
1637.80249616642  3.248289E-13
1639.25015308695  3.115273E-13
1640.69781000749  3.012525E-13
1642.14546692803  3.134998E-13
1643.59312384857  3.224937E-13
1645.0407807691  3.146533E-13
1646.48843768964  3.118466E-13
1647.93609461018  3.104440E-13
1649.38375153071  2.965400E-13
1650.83140845125  3.032091E-13
1652.27906537179  3.274169E-13
1653.72672229232  3.300050E-13
1655.17437921286  3.181597E-13
1656.6220361334  3.208034E-13
1658.06969305393  3.226592E-13
1659.51734997447  3.362326E-13
1660.96500689501  3.156265E-13
1662.41266381554  3.112766E-13
1663.86032073608  2.919097E-13
1665.30797765662  2.885830E-13
1666.75563457715  2.873050E-13
1668.20329149769  2.801697E-13
1669.65094841823  2.948302E-13
1671.09860533876  3.091128E-13
1672.5462622593  3.133565E-13
1673.99391917984  3.120066E-13
1675.44157610038  3.209742E-13
1676.88923302091  3.050430E-13
1678.33688994145  2.906438E-13
1679.78454686199  2.852030E-13
1681.23220378252  2.900624E-13
1682.67986070306  2.852527E-13
1684.1275176236  2.810675E-13
1685.57517454413  2.683803E-13
1687.02283146467  2.758739E-13
1688.47048838521  2.769379E-13
1689.91814530574  2.737978E-13
1691.36580222628  2.635762E-13
1692.81345914682  2.613044E-13
1694.26111606735  2.673568E-13
1695.70877298789  2.509159E-13
1697.15642990843  2.532322E-13
1698.60408682896  2.790889E-13
1700.0517437495  2.977608E-13
1701.49940067004  2.964757E-13
1702.94705759057  2.930103E-13
1704.39471451111  2.872282E-13
1705.84237143165  2.802647E-13
1707.29002835218  2.739521E-13
1708.73768527272  2.631924E-13
1710.18534219326  0.
1711.63299911379  0.
1713.08065603433  0.
1714.52831295487  0.
1715.97596987541  0.
1717.42362679594  0.
1718.87128371648  0.
1720.31894063702  0.
1721.76659755755  0.
1723.21425447809  0.
1724.66191139863  0.
1726.10956831916  0.
1727.5572252397  0.
1729.00488216024  0.
1730.45253908077  0.
1731.90019600131  0.
1733.34785292185  0.
1734.79550984238  0.
1736.24316676292  0.
1737.69082368346  0.
1739.13848060399  0.
1740.58613752453  0.
1742.03379444507  0.
1743.4814513656  0.
1744.92910828614  0.
1746.37676520668  0.
1747.82442212721  0.
1749.27207904775  0.
1750.71973596829  0.
1752.16739288882  0.
1753.61504980936  0.
1755.0627067299  0.
1756.51036365043  0.
1757.95802057097  0.
1759.40567749151  0.
1760.85333441205  0.
1762.30099133258  0.
1763.74864825312  0.
1765.19630517366  0.
1766.64396209419  0.
1768.09161901473  0.
1769.53927593527  0.
1770.9869328558  0.
1772.43458977634  0.
1773.88224669688  0.
1775.32990361741  0.
1776.77756053795  0.
1778.22521745849  0.
1779.67287437902  0.
1781.12053129956  0.
1782.5681882201  0.
1784.01584514063  0.
1785.46350206117  0.
1786.91115898171  0.
1788.35881590224  0.
1789.80647282278  0.
1791.25412974332  0.
1792.70178666385  0.
1794.14944358439  0.
1795.59710050493  0.
1797.04475742547  0.
1798.492414346  0.
1799.94007126654  0.
1801.38772818708  0.
1802.83538510761  0.
1804.28304202815  0.
1805.73069894869  0.
1807.17835586922  0.
1808.62601278976  0.
1810.0736697103  0.
1811.52132663083  0.
1812.96898355137  0.
1814.41664047191  0.
1815.86429739244  0.
1817.31195431298  0.
1818.75961123352  0.
1820.20726815405  0.
1821.65492507459  0.
1823.10258199513  0.
1824.55023891566  0.
1825.9978958362  0.
1827.44555275674  0.
1828.89320967727  0.
1830.34086659781  0.
1831.78852351835  0.
