906.735751295338  0.
908.183408215875  0.
909.631065136412  0.
911.078722056949  0.
912.526378977485  0.
913.974035898022  0.
915.421692818559  0.
916.869349739096  0.
918.317006659633  0.
919.764663580169  0.
921.212320500706  0.
922.659977421243  0.
924.10763434178  0.
925.555291262316  0.
927.002948182853  0.
928.45060510339  0.
929.898262023927  0.
931.345918944464  0.
932.793575865  0.
934.241232785537  0.
935.688889706074  0.
937.136546626611  0.
938.584203547148  0.
940.031860467684  0.
941.479517388221  0.
942.927174308758  0.
944.374831229295  0.
945.822488149832  0.
947.270145070369  0.
948.717801990905  0.
950.165458911442  0.
951.613115831979  0.
953.060772752515  0.
954.508429673052  0.
955.956086593589  0.
957.403743514126  0.
958.851400434663  0.
960.2990573552  0.
961.746714275736  0.
963.194371196273  0.
964.64202811681  0.
966.089685037347  0.
967.537341957883  0.
968.98499887842  0.
970.432655798957  0.
971.880312719494  0.
973.327969640031  0.
974.775626560567  0.
976.223283481104  0.
977.670940401641  0.
979.118597322178  0.
980.566254242715  0.
982.013911163251  0.
983.461568083788  0.
984.909225004325  0.
986.356881924862  0.
987.804538845399  0.
989.252195765935  0.
990.699852686472  0.
992.147509607009  0.
993.595166527546  3.303725E-13
995.042823448082  4.553357E-13
996.490480368619  3.066940E-13
997.938137289156  5.416340E-13
999.385794209693  8.027227E-13
1000.83345113023  7.616345E-13
1002.28110805077  6.423451E-13
1003.7287649713  6.960199E-13
1005.17642189184  6.748486E-13
1006.62407881238  6.445778E-13
1008.07173573291  5.411396E-13
1009.51939265345  6.311331E-13
1010.96704957399  6.028976E-13
1012.41470649452  5.344123E-13
1013.86236341506  5.204922E-13
1015.3100203356  6.206734E-13
1016.75767725613  5.190409E-13
1018.20533417667  6.821151E-13
1019.65299109721  5.847479E-13
1021.10064801775  6.153544E-13
1022.54830493828  6.635004E-13
1023.99596185882  6.348684E-13
1025.44361877936  7.233527E-13
1026.89127569989  6.011217E-13
1028.33893262043  5.456718E-13
1029.78658954097  5.240972E-13
1031.2342464615  6.140635E-13
1032.68190338204  5.487316E-13
1034.12956030258  5.301893E-13
1035.57721722311  5.134365E-13
1037.02487414365  4.862642E-13
1038.47253106419  5.378326E-13
1039.92018798472  5.277235E-13
1041.36784490526  5.214970E-13
1042.8155018258  5.533861E-13
1044.26315874633  5.785706E-13
1045.71081566687  6.242972E-13
1047.15847258741  6.253327E-13
1048.60612950794  5.760883E-13
1050.05378642848  4.923368E-13
1051.50144334902  3.703401E-13
1052.94910026955  3.756114E-13
1054.39675719009  4.699707E-13
1055.84441411063  4.642099E-13
1057.29207103116  4.454184E-13
1058.7397279517  4.470486E-13
1060.18738487224  5.034460E-13
1061.63504179277  5.132503E-13
1063.08269871331  5.285321E-13
1064.53035563385  5.025082E-13
1065.97801255439  4.934184E-13
1067.42566947492  4.894826E-13
1068.87332639546  5.141287E-13
1070.320983316  6.125011E-13
1071.76864023653  4.617778E-13
1073.21629715707  4.755136E-13
1074.66395407761  5.200815E-13
1076.11161099814  5.290721E-13
1077.55926791868  5.607500E-13
1079.00692483922  4.971217E-13
1080.45458175975  5.039384E-13
1081.90223868029  4.743762E-13
1083.34989560083  4.816651E-13
1084.79755252136  5.137579E-13
1086.2452094419  5.276665E-13
1087.69286636244  4.400627E-13
1089.14052328297  3.873768E-13
1090.58818020351  4.525761E-13
1092.03583712405  4.752721E-13
1093.48349404458  4.838196E-13
1094.93115096512  4.605906E-13
1096.37880788566  4.436077E-13
1097.82646480619  4.446565E-13
1099.27412172673  4.577615E-13
1100.72177864727  4.325526E-13
1102.1694355678  4.591198E-13
1103.61709248834  4.436872E-13
1105.06474940888  4.762641E-13
1106.51240632942  4.719392E-13
1107.96006324995  4.834427E-13
1109.40772017049  4.798616E-13
1110.85537709103  5.539443E-13
1112.30303401156  4.877735E-13
1113.7506909321  4.808961E-13
1115.19834785264  4.640335E-13
1116.64600477317  4.668619E-13
1118.09366169371  4.838197E-13
1119.54131861425  4.969787E-13
1120.98897553478  4.957836E-13
1122.43663245532  5.063902E-13
1123.88428937586  5.065042E-13
1125.33194629639  4.751671E-13
1126.77960321693  4.053912E-13
1128.22726013747  4.528078E-13
1129.674917058  5.096993E-13
1131.12257397854  5.168013E-13
1132.57023089908  5.095918E-13
1134.01788781961  4.980037E-13
1135.46554474015  4.976863E-13
1136.91320166069  5.014115E-13
1138.36085858122  4.704393E-13
1139.80851550176  4.894513E-13
1141.2561724223  4.796313E-13
1142.70382934284  4.817103E-13
1144.15148626337  4.580956E-13
1145.59914318391  4.722923E-13
1147.04680010445  5.503674E-13
1148.49445702498  4.759353E-13
1149.94211394552  4.477098E-13
1151.38977086606  4.447619E-13
1152.83742778659  4.029713E-13
1154.28508470713  4.271756E-13
1155.73274162767  4.081041E-13
1157.1803985482  4.615585E-13
1158.62805546874  5.552617E-13
1160.07571238928  4.954641E-13
1161.52336930981  5.223104E-13
1162.97102623035  4.844281E-13
1164.41868315089  4.392677E-13
1165.86634007142  4.589249E-13
1167.31399699196  4.631764E-13
1168.7616539125  4.607433E-13
1170.20931083303  5.177002E-13
1171.65696775357  6.136881E-13
1173.10462467411  5.195179E-13
1174.55228159464  4.900373E-13
1175.99993851518  5.428048E-13
1177.44759543572  5.069415E-13
1178.89525235625  5.019636E-13
1180.34290927679  5.120760E-13
1181.79056619733  4.837789E-13
1183.23822311787  5.151873E-13
1184.6858800384  5.013436E-13
1186.13353695894  4.938313E-13
1187.58119387948  5.443226E-13
1189.02885080001  5.900700E-13
1190.47650772055  5.861993E-13
1191.92416464109  5.638700E-13
1193.37182156162  6.646517E-13
1194.81947848216  6.017302E-13
1196.2671354027  6.204494E-13
1197.71479232323  6.104124E-13
1199.16244924377  5.228806E-13
1200.61010616431  6.398912E-13
1202.05776308484  6.738660E-13
1203.50542000538  6.622023E-13
1204.95307692592  6.284784E-13
1206.40073384645  6.791846E-13
1207.84839076699  8.320917E-13
1209.29604768753  8.140771E-13
1210.74370460806  9.890925E-13
1212.1913615286  1.039687E-12
1213.63901844914  1.163471E-12
1215.08667536967  9.970738E-13
1216.53433229021  1.190163E-12
1217.98198921075  1.128205E-12
1219.42964613129  1.064616E-12
1220.87730305182  9.824399E-13
1222.32495997236  8.778246E-13
1223.7726168929  8.504732E-13
1225.22027381343  8.318461E-13
1226.66793073397  7.606211E-13
1228.11558765451  6.846808E-13
1229.56324457504  6.433784E-13
1231.01090149558  6.362922E-13
1232.45855841612  6.586401E-13
1233.90621533665  6.301032E-13
1235.35387225719  7.321578E-13
1236.80152917773  6.283315E-13
1238.24918609826  6.552051E-13
1239.6968430188  6.854699E-13
1241.14449993934  6.689885E-13
1242.59215685987  6.334389E-13
1244.03981378041  6.231621E-13
1245.48747070095  6.080121E-13
1246.93512762148  5.303758E-13
1248.38278454202  5.050613E-13
1249.83044146256  5.609595E-13
1251.27809838309  5.200883E-13
1252.72575530363  5.046194E-13
1254.17341222417  4.800826E-13
1255.62106914471  4.984763E-13
1257.06872606524  4.681345E-13
1258.51638298578  4.530737E-13
1259.96403990632  4.623540E-13
1261.41169682685  4.841510E-13
1262.85935374739  4.628868E-13
1264.30701066793  4.455753E-13
1265.75466758846  4.504746E-13
1267.202324509  4.197735E-13
1268.64998142954  4.379819E-13
1270.09763835007  4.693774E-13
1271.54529527061  4.215000E-13
1272.99295219115  3.944176E-13
1274.44060911168  4.083952E-13
1275.88826603222  4.010766E-13
1277.33592295276  4.253031E-13
1278.78357987329  4.405594E-13
1280.23123679383  4.142341E-13
1281.67889371437  4.069371E-13
1283.1265506349  4.181075E-13
1284.57420755544  3.844131E-13
1286.02186447598  3.835657E-13
1287.46952139651  3.962399E-13
1288.91717831705  4.326335E-13
1290.36483523759  3.955747E-13
1291.81249215812  4.115644E-13
1293.26014907866  4.117120E-13
1294.7078059992  4.211761E-13
1296.15546291974  4.200936E-13
1297.60311984027  3.911792E-13
1299.05077676081  4.218566E-13
1300.49843368135  4.349911E-13
1301.94609060188  4.282110E-13
1303.39374752242  4.128620E-13
1304.84140444296  3.631921E-13
1306.28906136349  3.745140E-13
1307.73671828403  4.165371E-13
1309.18437520457  4.083792E-13
1310.6320321251  4.051020E-13
1312.07968904564  4.352649E-13
1313.52734596618  4.363748E-13
1314.97500288671  4.161870E-13
1316.42265980725  3.612976E-13
1317.87031672779  3.515033E-13
1319.31797364832  3.398093E-13
1320.76563056886  3.499741E-13
1322.2132874894  3.860654E-13
1323.66094440993  3.851033E-13
1325.10860133047  3.917778E-13
1326.55625825101  3.799079E-13
1328.00391517154  3.522139E-13
1329.45157209208  3.892300E-13
1330.89922901262  3.866769E-13
1332.34688593315  4.033548E-13
1333.79454285369  4.028255E-13
1335.24219977423  3.743708E-13
1336.68985669477  3.677733E-13
1338.1375136153  3.437289E-13
1339.58517053584  3.158763E-13
1341.03282745638  3.345521E-13
1342.48048437691  3.831760E-13
1343.92814129745  3.839933E-13
1345.37579821799  3.646715E-13
1346.82345513852  3.976204E-13
1348.27111205906  3.905933E-13
1349.7187689796  3.809592E-13
1351.16642590013  3.886938E-13
1352.61408282067  3.866050E-13
1354.06173974121  3.598002E-13
1355.50939666174  3.732432E-13
1356.95705358228  3.638492E-13
1358.40471050282  3.565782E-13
1359.85236742335  3.719305E-13
1361.30002434389  3.656132E-13
1362.74768126443  3.547676E-13
1364.19533818496  3.686873E-13
1365.6429951055  3.701866E-13
1367.09065202604  3.727200E-13
1368.53830894657  3.809584E-13
1369.98596586711  3.857137E-13
1371.43362278765  3.504607E-13
1372.88127970819  3.576688E-13
1374.32893662872  4.014049E-13
1375.77659354926  3.604255E-13
1377.2242504698  3.560261E-13
1378.67190739033  3.882444E-13
1380.11956431087  3.489600E-13
1381.56722123141  3.725138E-13
1383.01487815194  3.637414E-13
1384.46253507248  3.572333E-13
1385.91019199302  4.001427E-13
1387.35784891355  3.638047E-13
1388.80550583409  3.929623E-13
1390.25316275463  3.879332E-13
1391.70081967516  3.659524E-13
1393.1484765957  4.000222E-13
1394.59613351624  4.044631E-13
1396.04379043677  3.903328E-13
1397.49144735731  3.976935E-13
1398.93910427785  4.157824E-13
1400.38676119838  4.194406E-13
1401.83441811892  4.224991E-13
1403.28207503946  4.184923E-13
1404.72973195999  3.996472E-13
1406.17738888053  4.123580E-13
1407.62504580107  4.235289E-13
1409.0727027216  4.221376E-13
1410.52035964214  3.921143E-13
1411.96801656268  4.077856E-13
1413.41567348322  4.166516E-13
1414.86333040375  3.925191E-13
1416.31098732429  3.680821E-13
1417.75864424483  3.549899E-13
1419.20630116536  3.879440E-13
1420.6539580859  4.008452E-13
1422.10161500644  3.719795E-13
1423.54927192697  3.529630E-13
1424.99692884751  3.499928E-13
1426.44458576805  3.356347E-13
1427.89224268858  3.763772E-13
1429.33989960912  3.443869E-13
1430.78755652966  3.158090E-13
1432.23521345019  3.211856E-13
1433.68287037073  3.469281E-13
1435.13052729127  3.415204E-13
1436.5781842118  3.389852E-13
1438.02584113234  3.725949E-13
1439.47349805288  3.634105E-13
1440.92115497341  3.142742E-13
1442.36881189395  2.992406E-13
1443.81646881449  3.397398E-13
1445.26412573502  3.055643E-13
1446.71178265556  2.883143E-13
1448.1594395761  3.213235E-13
1449.60709649664  3.204332E-13
1451.05475341717  3.225145E-13
1452.50241033771  3.374721E-13
1453.95006725825  2.959707E-13
1455.39772417878  3.221403E-13
1456.84538109932  3.440498E-13
1458.29303801986  3.100185E-13
1459.74069494039  3.112734E-13
1461.18835186093  3.274164E-13
1462.63600878147  3.180276E-13
1464.083665702  3.114419E-13
1465.53132262254  3.151558E-13
1466.97897954308  3.156321E-13
1468.42663646361  3.415176E-13
1469.87429338415  3.300065E-13
1471.32195030469  3.298210E-13
1472.76960722522  3.267924E-13
1474.21726414576  3.266830E-13
1475.6649210663  3.061108E-13
1477.11257798683  3.272305E-13
1478.56023490737  3.199221E-13
1480.00789182791  3.124282E-13
1481.45554874844  3.348803E-13
1482.90320566898  3.454575E-13
1484.35086258952  3.109799E-13
1485.79851951005  3.186339E-13
1487.24617643059  3.247685E-13
1488.69383335113  3.034087E-13
1490.14149027167  2.995500E-13
1491.5891471922  3.309368E-13
1493.03680411274  3.264325E-13
1494.48446103328  3.370186E-13
1495.93211795381  3.323667E-13
1497.37977487435  3.289784E-13
1498.82743179489  3.247863E-13
1500.27508871542  3.306047E-13
1501.72274563596  3.466758E-13
1503.1704025565  3.214949E-13
1504.61805947703  3.068483E-13
1506.06571639757  3.268771E-13
1507.51337331811  3.407506E-13
1508.96103023864  3.257074E-13
1510.40868715918  3.488217E-13
1511.85634407972  3.267406E-13
1513.30400100025  3.150954E-13
1514.75165792079  3.150404E-13
1516.19931484133  3.325758E-13
1517.64697176186  3.545293E-13
1519.0946286824  3.367069E-13
1520.54228560294  3.354561E-13
1521.98994252347  3.522107E-13
1523.43759944401  3.624922E-13
1524.88525636455  3.600138E-13
1526.33291328509  3.574412E-13
1527.78057020562  3.784214E-13
1529.22822712616  3.845572E-13
1530.6758840467  3.791956E-13
1532.12354096723  3.495876E-13
1533.57119788777  3.902122E-13
1535.01885480831  4.026794E-13
1536.46651172884  4.120895E-13
1537.91416864938  4.330372E-13
1539.36182556992  4.456840E-13
1540.80948249045  4.879195E-13
1542.25713941099  4.922047E-13
1543.70479633153  5.033843E-13
1545.15245325206  5.028290E-13
1546.6001101726  5.324690E-13
1548.04776709314  5.257997E-13
1549.49542401367  5.056547E-13
1550.94308093421  4.870889E-13
1552.39073785475  4.812965E-13
1553.83839477528  4.734209E-13
1555.28605169582  4.450100E-13
1556.73370861636  4.424325E-13
1558.18136553689  4.075005E-13
1559.62902245743  3.805942E-13
1561.07667937797  3.758709E-13
1562.5243362985  3.694094E-13
1563.97199321904  3.546786E-13
1565.41965013958  3.600085E-13
1566.86730706012  3.481667E-13
1568.31496398065  3.429089E-13
1569.76262090119  3.479105E-13
1571.21027782173  3.328365E-13
1572.65793474226  3.419426E-13
1574.1055916628  3.368684E-13
1575.55324858334  3.221988E-13
1577.00090550387  3.295233E-13
1578.44856242441  3.229974E-13
1579.89621934495  3.235079E-13
1581.34387626548  3.266351E-13
1582.79153318602  3.224568E-13
1584.23919010656  3.173166E-13
1585.68684702709  3.261786E-13
1587.13450394763  3.222989E-13
1588.58216086817  3.130816E-13
1590.0298177887  3.209379E-13
1591.47747470924  3.066934E-13
1592.92513162978  3.222117E-13
1594.37278855031  3.128758E-13
1595.82044547085  3.076944E-13
1597.26810239139  3.220785E-13
1598.71575931192  3.093783E-13
1600.16341623246  3.076796E-13
1601.611073153  3.029098E-13
1603.05873007354  3.006303E-13
1604.50638699407  3.198736E-13
1605.95404391461  3.104108E-13
1607.40170083515  3.100258E-13
1608.84935775568  3.035953E-13
1610.29701467622  3.005524E-13
1611.74467159676  3.059586E-13
1613.19232851729  3.129291E-13
1614.63998543783  3.176116E-13
1616.08764235837  3.061731E-13
1617.5352992789  3.014837E-13
1618.98295619944  3.057283E-13
1620.43061311998  2.972125E-13
1621.87827004051  3.014395E-13
1623.32592696105  3.113976E-13
1624.77358388159  3.166088E-13
1626.22124080212  3.195847E-13
1627.66889772266  3.178606E-13
1629.1165546432  3.053657E-13
1630.56421156373  3.226761E-13
1632.01186848427  3.270633E-13
1633.45952540481  3.225803E-13
1634.90718232534  3.404061E-13
1636.35483924588  3.274496E-13
1637.80249616642  3.195006E-13
1639.25015308695  3.217798E-13
1640.69781000749  3.039502E-13
1642.14546692803  3.111201E-13
1643.59312384857  3.106427E-13
1645.0407807691  3.206112E-13
1646.48843768964  3.265822E-13
1647.93609461018  3.085836E-13
1649.38375153071  3.135663E-13
1650.83140845125  2.984572E-13
1652.27906537179  3.035914E-13
1653.72672229232  3.013653E-13
1655.17437921286  2.937104E-13
1656.6220361334  3.085326E-13
1658.06969305393  2.933846E-13
1659.51734997447  3.104085E-13
1660.96500689501  3.073458E-13
1662.41266381554  3.183809E-13
1663.86032073608  3.062247E-13
1665.30797765662  3.091816E-13
1666.75563457715  3.161683E-13
1668.20329149769  3.101671E-13
1669.65094841823  2.914685E-13
1671.09860533876  2.944281E-13
1672.5462622593  2.874605E-13
1673.99391917984  2.748941E-13
1675.44157610038  2.834376E-13
1676.88923302091  2.858649E-13
1678.33688994145  2.804679E-13
1679.78454686199  2.798883E-13
1681.23220378252  2.725567E-13
1682.67986070306  2.726524E-13
1684.1275176236  2.716123E-13
1685.57517454413  2.680112E-13
1687.02283146467  2.657258E-13
1688.47048838521  2.649481E-13
1689.91814530574  2.756396E-13
1691.36580222628  2.784892E-13
1692.81345914682  2.681286E-13
1694.26111606735  2.579342E-13
1695.70877298789  2.514679E-13
1697.15642990843  2.579551E-13
1698.60408682896  2.645846E-13
1700.0517437495  2.692329E-13
1701.49940067004  2.675360E-13
1702.94705759057  2.630287E-13
1704.39471451111  2.592369E-13
1705.84237143165  2.671768E-13
1707.29002835218  2.642505E-13
1708.73768527272  2.570776E-13
1710.18534219326  0.
1711.63299911379  0.
1713.08065603433  0.
1714.52831295487  0.
1715.97596987541  0.
1717.42362679594  0.
1718.87128371648  0.
1720.31894063702  0.
1721.76659755755  0.
1723.21425447809  0.
1724.66191139863  0.
1726.10956831916  0.
1727.5572252397  0.
1729.00488216024  0.
1730.45253908077  0.
1731.90019600131  0.
1733.34785292185  0.
1734.79550984238  0.
1736.24316676292  0.
1737.69082368346  0.
1739.13848060399  0.
1740.58613752453  0.
1742.03379444507  0.
1743.4814513656  0.
1744.92910828614  0.
1746.37676520668  0.
1747.82442212721  0.
1749.27207904775  0.
1750.71973596829  0.
1752.16739288882  0.
1753.61504980936  0.
1755.0627067299  0.
1756.51036365043  0.
1757.95802057097  0.
1759.40567749151  0.
1760.85333441205  0.
1762.30099133258  0.
1763.74864825312  0.
1765.19630517366  0.
1766.64396209419  0.
1768.09161901473  0.
1769.53927593527  0.
1770.9869328558  0.
1772.43458977634  0.
1773.88224669688  0.
1775.32990361741  0.
1776.77756053795  0.
1778.22521745849  0.
1779.67287437902  0.
1781.12053129956  0.
1782.5681882201  0.
1784.01584514063  0.
1785.46350206117  0.
1786.91115898171  0.
1788.35881590224  0.
1789.80647282278  0.
1791.25412974332  0.
1792.70178666385  0.
1794.14944358439  0.
1795.59710050493  0.
1797.04475742547  0.
1798.492414346  0.
1799.94007126654  0.
1801.38772818708  0.
1802.83538510761  0.
1804.28304202815  0.
1805.73069894869  0.
1807.17835586922  0.
1808.62601278976  0.
1810.0736697103  0.
1811.52132663083  0.
1812.96898355137  0.
1814.41664047191  0.
1815.86429739244  0.
1817.31195431298  0.
1818.75961123352  0.
1820.20726815405  0.
1821.65492507459  0.
1823.10258199513  0.
1824.55023891566  0.
1825.9978958362  0.
1827.44555275674  0.
1828.89320967727  0.
1830.34086659781  0.
1831.78852351835  0.
