906.735751295338  0.
908.183408215875  0.
909.631065136412  0.
911.078722056949  0.
912.526378977485  0.
913.974035898022  0.
915.421692818559  0.
916.869349739096  0.
918.317006659633  0.
919.764663580169  0.
921.212320500706  0.
922.659977421243  0.
924.10763434178  0.
925.555291262316  0.
927.002948182853  0.
928.45060510339  0.
929.898262023927  0.
931.345918944464  0.
932.793575865  0.
934.241232785537  0.
935.688889706074  0.
937.136546626611  0.
938.584203547148  0.
940.031860467684  0.
941.479517388221  0.
942.927174308758  0.
944.374831229295  0.
945.822488149832  0.
947.270145070369  0.
948.717801990905  0.
950.165458911442  0.
951.613115831979  0.
953.060772752515  0.
954.508429673052  0.
955.956086593589  0.
957.403743514126  0.
958.851400434663  0.
960.2990573552  0.
961.746714275736  0.
963.194371196273  0.
964.64202811681  0.
966.089685037347  0.
967.537341957883  0.
968.98499887842  0.
970.432655798957  0.
971.880312719494  0.
973.327969640031  0.
974.775626560567  0.
976.223283481104  0.
977.670940401641  0.
979.118597322178  0.
980.566254242715  0.
982.013911163251  0.
983.461568083788  0.
984.909225004325  0.
986.356881924862  0.
987.804538845399  0.
989.252195765935  0.
990.699852686472  0.
992.147509607009  0.
993.595166527546  4.035610E-13
995.042823448082  5.528182E-13
996.490480368619  6.260608E-13
997.938137289156  7.019041E-13
999.385794209693  6.690843E-13
1000.83345113023  4.614900E-13
1002.28110805077  6.581790E-13
1003.7287649713  7.413892E-13
1005.17642189184  7.185644E-13
1006.62407881238  7.092258E-13
1008.07173573291  8.398731E-13
1009.51939265345  9.332445E-13
1010.96704957399  6.726498E-13
1012.41470649452  5.105465E-13
1013.86236341506  4.645249E-13
1015.3100203356  6.753507E-13
1016.75767725613  6.385302E-13
1018.20533417667  7.494501E-13
1019.65299109721  6.209818E-13
1021.10064801775  5.950679E-13
1022.54830493828  7.250496E-13
1023.99596185882  7.230969E-13
1025.44361877936  7.796587E-13
1026.89127569989  6.484041E-13
1028.33893262043  6.459882E-13
1029.78658954097  6.629763E-13
1031.2342464615  7.409871E-13
1032.68190338204  6.273115E-13
1034.12956030258  6.298999E-13
1035.57721722311  6.040966E-13
1037.02487414365  5.006553E-13
1038.47253106419  6.018166E-13
1039.92018798472  5.889891E-13
1041.36784490526  5.135685E-13
1042.8155018258  5.864033E-13
1044.26315874633  5.943448E-13
1045.71081566687  6.567889E-13
1047.15847258741  4.200884E-13
1048.60612950794  4.203259E-13
1050.05378642848  4.414502E-13
1051.50144334902  5.052750E-13
1052.94910026955  4.561332E-13
1054.39675719009  4.522700E-13
1055.84441411063  4.679191E-13
1057.29207103116  4.911430E-13
1058.7397279517  5.031259E-13
1060.18738487224  5.109497E-13
1061.63504179277  4.911171E-13
1063.08269871331  4.823808E-13
1064.53035563385  5.133631E-13
1065.97801255439  5.574402E-13
1067.42566947492  5.966031E-13
1068.87332639546  5.706468E-13
1070.320983316  6.580325E-13
1071.76864023653  4.908408E-13
1073.21629715707  5.298765E-13
1074.66395407761  5.424795E-13
1076.11161099814  6.088644E-13
1077.55926791868  5.595041E-13
1079.00692483922  5.102942E-13
1080.45458175975  5.123539E-13
1081.90223868029  4.884426E-13
1083.34989560083  4.590936E-13
1084.79755252136  5.372389E-13
1086.2452094419  4.333423E-13
1087.69286636244  3.873494E-13
1089.14052328297  4.126391E-13
1090.58818020351  4.449731E-13
1092.03583712405  4.714411E-13
1093.48349404458  4.873236E-13
1094.93115096512  4.680861E-13
1096.37880788566  4.682443E-13
1097.82646480619  4.839283E-13
1099.27412172673  4.653984E-13
1100.72177864727  4.372356E-13
1102.1694355678  4.961924E-13
1103.61709248834  5.443751E-13
1105.06474940888  5.037826E-13
1106.51240632942  4.895740E-13
1107.96006324995  4.726383E-13
1109.40772017049  4.905823E-13
1110.85537709103  4.871538E-13
1112.30303401156  4.777240E-13
1113.7506909321  4.955518E-13
1115.19834785264  4.904608E-13
1116.64600477317  5.073732E-13
1118.09366169371  5.022506E-13
1119.54131861425  5.294102E-13
1120.98897553478  4.220166E-13
1122.43663245532  4.310485E-13
1123.88428937586  4.326540E-13
1125.33194629639  4.185355E-13
1126.77960321693  4.097671E-13
1128.22726013747  4.677833E-13
1129.674917058  4.931614E-13
1131.12257397854  5.220709E-13
1132.57023089908  5.776235E-13
1134.01788781961  5.275952E-13
1135.46554474015  4.648673E-13
1136.91320166069  4.082645E-13
1138.36085858122  4.334198E-13
1139.80851550176  4.611811E-13
1141.2561724223  4.014727E-13
1142.70382934284  4.823726E-13
1144.15148626337  4.533698E-13
1145.59914318391  5.348590E-13
1147.04680010445  4.585532E-13
1148.49445702498  4.225277E-13
1149.94211394552  4.229117E-13
1151.38977086606  3.999351E-13
1152.83742778659  3.851687E-13
1154.28508470713  4.100266E-13
1155.73274162767  4.668716E-13
1157.1803985482  4.972744E-13
1158.62805546874  4.936059E-13
1160.07571238928  4.440534E-13
1161.52336930981  4.728231E-13
1162.97102623035  4.463252E-13
1164.41868315089  4.442024E-13
1165.86634007142  5.108423E-13
1167.31399699196  5.185537E-13
1168.7616539125  4.870791E-13
1170.20931083303  5.191681E-13
1171.65696775357  5.553865E-13
1173.10462467411  5.163304E-13
1174.55228159464  4.536276E-13
1175.99993851518  4.809244E-13
1177.44759543572  4.723666E-13
1178.89525235625  4.708153E-13
1180.34290927679  5.087334E-13
1181.79056619733  5.286269E-13
1183.23822311787  5.029845E-13
1184.6858800384  4.870166E-13
1186.13353695894  5.262051E-13
1187.58119387948  5.409974E-13
1189.02885080001  5.549674E-13
1190.47650772055  5.591764E-13
1191.92416464109  6.142230E-13
1193.37182156162  6.669153E-13
1194.81947848216  6.078796E-13
1196.2671354027  5.826642E-13
1197.71479232323  6.188003E-13
1199.16244924377  6.001085E-13
1200.61010616431  6.699995E-13
1202.05776308484  6.240775E-13
1203.50542000538  5.746922E-13
1204.95307692592  7.187706E-13
1206.40073384645  7.525815E-13
1207.84839076699  9.017124E-13
1209.29604768753  1.000763E-12
1210.74370460806  1.159984E-12
1212.1913615286  9.876587E-13
1213.63901844914  1.014831E-12
1215.08667536967  1.189467E-12
1216.53433229021  1.264012E-12
1217.98198921075  9.833447E-13
1219.42964613129  9.455527E-13
1220.87730305182  9.694616E-13
1222.32495997236  8.337916E-13
1223.7726168929  7.294778E-13
1225.22027381343  7.286720E-13
1226.66793073397  6.999708E-13
1228.11558765451  7.234031E-13
1229.56324457504  6.115634E-13
1231.01090149558  6.586838E-13
1232.45855841612  6.466232E-13
1233.90621533665  6.603744E-13
1235.35387225719  7.121605E-13
1236.80152917773  6.581455E-13
1238.24918609826  6.412134E-13
1239.6968430188  6.662147E-13
1241.14449993934  6.311964E-13
1242.59215685987  6.105702E-13
1244.03981378041  5.889542E-13
1245.48747070095  5.243854E-13
1246.93512762148  5.614060E-13
1248.38278454202  5.527683E-13
1249.83044146256  5.723624E-13
1251.27809838309  5.489442E-13
1252.72575530363  5.051075E-13
1254.17341222417  5.197271E-13
1255.62106914471  5.126607E-13
1257.06872606524  5.327964E-13
1258.51638298578  5.728997E-13
1259.96403990632  5.227076E-13
1261.41169682685  4.885557E-13
1262.85935374739  4.553108E-13
1264.30701066793  4.316479E-13
1265.75466758846  5.194504E-13
1267.202324509  4.670206E-13
1268.64998142954  4.476275E-13
1270.09763835007  4.658549E-13
1271.54529527061  4.375282E-13
1272.99295219115  4.688072E-13
1274.44060911168  4.107589E-13
1275.88826603222  3.822661E-13
1277.33592295276  3.996227E-13
1278.78357987329  4.045970E-13
1280.23123679383  4.558579E-13
1281.67889371437  4.596330E-13
1283.1265506349  4.414057E-13
1284.57420755544  3.924391E-13
1286.02186447598  4.030483E-13
1287.46952139651  3.794811E-13
1288.91717831705  4.298556E-13
1290.36483523759  4.043717E-13
1291.81249215812  4.007065E-13
1293.26014907866  3.760532E-13
1294.7078059992  4.294590E-13
1296.15546291974  4.463763E-13
1297.60311984027  4.303483E-13
1299.05077676081  4.166668E-13
1300.49843368135  4.091556E-13
1301.94609060188  3.933269E-13
1303.39374752242  3.859540E-13
1304.84140444296  3.970173E-13
1306.28906136349  4.108850E-13
1307.73671828403  4.015311E-13
1309.18437520457  4.222296E-13
1310.6320321251  3.878568E-13
1312.07968904564  4.011431E-13
1313.52734596618  4.324937E-13
1314.97500288671  4.713331E-13
1316.42265980725  4.241597E-13
1317.87031672779  3.550030E-13
1319.31797364832  3.548463E-13
1320.76563056886  3.488465E-13
1322.2132874894  3.695240E-13
1323.66094440993  4.097299E-13
1325.10860133047  3.989592E-13
1326.55625825101  3.598326E-13
1328.00391517154  3.541314E-13
1329.45157209208  3.932817E-13
1330.89922901262  3.869615E-13
1332.34688593315  4.061659E-13
1333.79454285369  4.212263E-13
1335.24219977423  3.620309E-13
1336.68985669477  3.335820E-13
1338.1375136153  3.408533E-13
1339.58517053584  3.629042E-13
1341.03282745638  3.841720E-13
1342.48048437691  3.575230E-13
1343.92814129745  3.953709E-13
1345.37579821799  3.609901E-13
1346.82345513852  4.162129E-13
1348.27111205906  3.744873E-13
1349.7187689796  3.753249E-13
1351.16642590013  4.012277E-13
1352.61408282067  4.090756E-13
1354.06173974121  3.633221E-13
1355.50939666174  3.888585E-13
1356.95705358228  3.984630E-13
1358.40471050282  3.325538E-13
1359.85236742335  3.779428E-13
1361.30002434389  4.140962E-13
1362.74768126443  4.190623E-13
1364.19533818496  3.785045E-13
1365.6429951055  3.756682E-13
1367.09065202604  3.931355E-13
1368.53830894657  4.025210E-13
1369.98596586711  3.757889E-13
1371.43362278765  3.723320E-13
1372.88127970819  3.526820E-13
1374.32893662872  3.860113E-13
1375.77659354926  4.079401E-13
1377.2242504698  4.243690E-13
1378.67190739033  4.264855E-13
1380.11956431087  3.785401E-13
1381.56722123141  3.912259E-13
1383.01487815194  3.727604E-13
1384.46253507248  3.804564E-13
1385.91019199302  4.046974E-13
1387.35784891355  4.122784E-13
1388.80550583409  3.734527E-13
1390.25316275463  3.957533E-13
1391.70081967516  3.944644E-13
1393.1484765957  4.108173E-13
1394.59613351624  4.465580E-13
1396.04379043677  4.527140E-13
1397.49144735731  4.363094E-13
1398.93910427785  4.518051E-13
1400.38676119838  4.527007E-13
1401.83441811892  4.916612E-13
1403.28207503946  4.520168E-13
1404.72973195999  3.683689E-13
1406.17738888053  3.923664E-13
1407.62504580107  3.928876E-13
1409.0727027216  4.076943E-13
1410.52035964214  4.012179E-13
1411.96801656268  3.912332E-13
1413.41567348322  4.120144E-13
1414.86333040375  3.988455E-13
1416.31098732429  3.798004E-13
1417.75864424483  3.779359E-13
1419.20630116536  3.849152E-13
1420.6539580859  3.877436E-13
1422.10161500644  3.867229E-13
1423.54927192697  3.814935E-13
1424.99692884751  3.559307E-13
1426.44458576805  3.410827E-13
1427.89224268858  3.723182E-13
1429.33989960912  3.794099E-13
1430.78755652966  3.723205E-13
1432.23521345019  3.543533E-13
1433.68287037073  3.687603E-13
1435.13052729127  3.503699E-13
1436.5781842118  3.460519E-13
1438.02584113234  3.608126E-13
1439.47349805288  3.468225E-13
1440.92115497341  3.614833E-13
1442.36881189395  3.248911E-13
1443.81646881449  3.230773E-13
1445.26412573502  3.289190E-13
1446.71178265556  3.296998E-13
1448.1594395761  3.466917E-13
1449.60709649664  3.393596E-13
1451.05475341717  3.319420E-13
1452.50241033771  3.495275E-13
1453.95006725825  3.321661E-13
1455.39772417878  3.274753E-13
1456.84538109932  3.159762E-13
1458.29303801986  3.165262E-13
1459.74069494039  3.504260E-13
1461.18835186093  3.255621E-13
1462.63600878147  3.039959E-13
1464.083665702  3.323703E-13
1465.53132262254  3.250280E-13
1466.97897954308  3.336202E-13
1468.42663646361  3.446703E-13
1469.87429338415  3.179778E-13
1471.32195030469  3.281196E-13
1472.76960722522  3.313168E-13
1474.21726414576  3.419072E-13
1475.6649210663  3.471731E-13
1477.11257798683  3.383063E-13
1478.56023490737  3.495948E-13
1480.00789182791  3.339325E-13
1481.45554874844  3.317673E-13
1482.90320566898  3.675403E-13
1484.35086258952  3.391716E-13
1485.79851951005  3.252874E-13
1487.24617643059  3.106981E-13
1488.69383335113  3.284824E-13
1490.14149027167  3.262052E-13
1491.5891471922  3.258848E-13
1493.03680411274  3.203612E-13
1494.48446103328  3.344921E-13
1495.93211795381  3.261910E-13
1497.37977487435  3.162730E-13
1498.82743179489  3.266553E-13
1500.27508871542  3.349798E-13
1501.72274563596  3.250462E-13
1503.1704025565  3.167562E-13
1504.61805947703  3.110697E-13
1506.06571639757  3.334942E-13
1507.51337331811  3.394649E-13
1508.96103023864  3.397589E-13
1510.40868715918  3.242239E-13
1511.85634407972  3.280208E-13
1513.30400100025  3.450433E-13
1514.75165792079  3.585118E-13
1516.19931484133  3.575149E-13
1517.64697176186  3.665271E-13
1519.0946286824  3.537646E-13
1520.54228560294  3.088965E-13
1521.98994252347  3.351579E-13
1523.43759944401  3.613774E-13
1524.88525636455  3.664747E-13
1526.33291328509  3.739985E-13
1527.78057020562  3.841995E-13
1529.22822712616  3.750164E-13
1530.6758840467  3.887629E-13
1532.12354096723  3.977079E-13
1533.57119788777  4.514797E-13
1535.01885480831  4.424705E-13
1536.46651172884  4.528391E-13
1537.91416864938  4.469834E-13
1539.36182556992  5.072685E-13
1540.80948249045  5.134639E-13
1542.25713941099  5.103189E-13
1543.70479633153  5.472117E-13
1545.15245325206  5.342218E-13
1546.6001101726  5.679544E-13
1548.04776709314  5.550177E-13
1549.49542401367  5.176123E-13
1550.94308093421  5.023521E-13
1552.39073785475  4.923904E-13
1553.83839477528  4.864908E-13
1555.28605169582  4.381639E-13
1556.73370861636  4.281950E-13
1558.18136553689  4.210672E-13
1559.62902245743  4.123577E-13
1561.07667937797  3.922385E-13
1562.5243362985  3.846040E-13
1563.97199321904  3.662937E-13
1565.41965013958  3.765591E-13
1566.86730706012  3.839353E-13
1568.31496398065  3.823415E-13
1569.76262090119  3.887937E-13
1571.21027782173  3.745615E-13
1572.65793474226  3.539406E-13
1574.1055916628  3.715658E-13
1575.55324858334  3.594520E-13
1577.00090550387  3.824185E-13
1578.44856242441  3.560249E-13
1579.89621934495  3.505225E-13
1581.34387626548  3.538111E-13
1582.79153318602  3.513496E-13
1584.23919010656  3.393010E-13
1585.68684702709  3.287751E-13
1587.13450394763  3.433718E-13
1588.58216086817  3.632077E-13
1590.0298177887  3.538058E-13
1591.47747470924  3.258015E-13
1592.92513162978  3.450161E-13
1594.37278855031  3.173227E-13
1595.82044547085  2.970851E-13
1597.26810239139  3.121184E-13
1598.71575931192  3.077964E-13
1600.16341623246  3.140240E-13
1601.611073153  3.177889E-13
1603.05873007354  3.119794E-13
1604.50638699407  3.302469E-13
1605.95404391461  3.152232E-13
1607.40170083515  3.067650E-13
1608.84935775568  3.114791E-13
1610.29701467622  3.099044E-13
1611.74467159676  3.098764E-13
1613.19232851729  3.118802E-13
1614.63998543783  3.229792E-13
1616.08764235837  3.051784E-13
1617.5352992789  3.224092E-13
1618.98295619944  3.444237E-13
1620.43061311998  3.257317E-13
1621.87827004051  3.268326E-13
1623.32592696105  3.177980E-13
1624.77358388159  3.240975E-13
1626.22124080212  3.203936E-13
1627.66889772266  3.065224E-13
1629.1165546432  3.237450E-13
1630.56421156373  3.330563E-13
1632.01186848427  3.254958E-13
1633.45952540481  3.207695E-13
1634.90718232534  3.264498E-13
1636.35483924588  3.276026E-13
1637.80249616642  3.313234E-13
1639.25015308695  3.494800E-13
1640.69781000749  3.357342E-13
1642.14546692803  3.185890E-13
1643.59312384857  3.217764E-13
1645.0407807691  3.335080E-13
1646.48843768964  3.479236E-13
1647.93609461018  3.295203E-13
1649.38375153071  3.166741E-13
1650.83140845125  3.362208E-13
1652.27906537179  3.387457E-13
1653.72672229232  3.449978E-13
1655.17437921286  3.344738E-13
1656.6220361334  3.294677E-13
1658.06969305393  3.356714E-13
1659.51734997447  3.270559E-13
1660.96500689501  3.176307E-13
1662.41266381554  3.351691E-13
1663.86032073608  3.214077E-13
1665.30797765662  3.154733E-13
1666.75563457715  3.112188E-13
1668.20329149769  2.942779E-13
1669.65094841823  2.876734E-13
1671.09860533876  2.851458E-13
1672.5462622593  2.829406E-13
1673.99391917984  2.899186E-13
1675.44157610038  2.891765E-13
1676.88923302091  2.933321E-13
1678.33688994145  2.842384E-13
1679.78454686199  2.797280E-13
1681.23220378252  3.009769E-13
1682.67986070306  2.945200E-13
1684.1275176236  2.894636E-13
1685.57517454413  2.912196E-13
1687.02283146467  2.937261E-13
1688.47048838521  2.903622E-13
1689.91814530574  2.973423E-13
1691.36580222628  2.926817E-13
1692.81345914682  2.897025E-13
1694.26111606735  2.861148E-13
1695.70877298789  2.821977E-13
1697.15642990843  2.973849E-13
1698.60408682896  2.986770E-13
1700.0517437495  2.848067E-13
1701.49940067004  2.844959E-13
1702.94705759057  2.838922E-13
1704.39471451111  2.809321E-13
1705.84237143165  2.808087E-13
1707.29002835218  2.788990E-13
1708.73768527272  2.780755E-13
1710.18534219326  0.
1711.63299911379  0.
1713.08065603433  0.
1714.52831295487  0.
1715.97596987541  0.
1717.42362679594  0.
1718.87128371648  0.
1720.31894063702  0.
1721.76659755755  0.
1723.21425447809  0.
1724.66191139863  0.
1726.10956831916  0.
1727.5572252397  0.
1729.00488216024  0.
1730.45253908077  0.
1731.90019600131  0.
1733.34785292185  0.
1734.79550984238  0.
1736.24316676292  0.
1737.69082368346  0.
1739.13848060399  0.
1740.58613752453  0.
1742.03379444507  0.
1743.4814513656  0.
1744.92910828614  0.
1746.37676520668  0.
1747.82442212721  0.
1749.27207904775  0.
1750.71973596829  0.
1752.16739288882  0.
1753.61504980936  0.
1755.0627067299  0.
1756.51036365043  0.
1757.95802057097  0.
1759.40567749151  0.
1760.85333441205  0.
1762.30099133258  0.
1763.74864825312  0.
1765.19630517366  0.
1766.64396209419  0.
1768.09161901473  0.
1769.53927593527  0.
1770.9869328558  0.
1772.43458977634  0.
1773.88224669688  0.
1775.32990361741  0.
1776.77756053795  0.
1778.22521745849  0.
1779.67287437902  0.
1781.12053129956  0.
1782.5681882201  0.
1784.01584514063  0.
1785.46350206117  0.
1786.91115898171  0.
1788.35881590224  0.
1789.80647282278  0.
1791.25412974332  0.
1792.70178666385  0.
1794.14944358439  0.
1795.59710050493  0.
1797.04475742547  0.
1798.492414346  0.
1799.94007126654  0.
1801.38772818708  0.
1802.83538510761  0.
1804.28304202815  0.
1805.73069894869  0.
1807.17835586922  0.
1808.62601278976  0.
1810.0736697103  0.
1811.52132663083  0.
1812.96898355137  0.
1814.41664047191  0.
1815.86429739244  0.
1817.31195431298  0.
1818.75961123352  0.
1820.20726815405  0.
1821.65492507459  0.
1823.10258199513  0.
1824.55023891566  0.
1825.9978958362  0.
1827.44555275674  0.
1828.89320967727  0.
1830.34086659781  0.
1831.78852351835  0.
