906.735751295338  0.
908.183408215875  0.
909.631065136412  0.
911.078722056949  0.
912.526378977485  0.
913.974035898022  0.
915.421692818559  0.
916.869349739096  0.
918.317006659633  0.
919.764663580169  0.
921.212320500706  0.
922.659977421243  0.
924.10763434178  0.
925.555291262316  0.
927.002948182853  0.
928.45060510339  0.
929.898262023927  0.
931.345918944464  0.
932.793575865  0.
934.241232785537  0.
935.688889706074  0.
937.136546626611  0.
938.584203547148  0.
940.031860467684  0.
941.479517388221  0.
942.927174308758  0.
944.374831229295  0.
945.822488149832  0.
947.270145070369  0.
948.717801990905  0.
950.165458911442  0.
951.613115831979  0.
953.060772752515  0.
954.508429673052  0.
955.956086593589  0.
957.403743514126  0.
958.851400434663  0.
960.2990573552  0.
961.746714275736  0.
963.194371196273  0.
964.64202811681  0.
966.089685037347  0.
967.537341957883  0.
968.98499887842  0.
970.432655798957  0.
971.880312719494  0.
973.327969640031  0.
974.775626560567  0.
976.223283481104  0.
977.670940401641  0.
979.118597322178  0.
980.566254242715  0.
982.013911163251  0.
983.461568083788  0.
984.909225004325  0.
986.356881924862  0.
987.804538845399  0.
989.252195765935  0.
990.699852686472  0.
992.147509607009  0.
993.595166527546  3.451854E-13
995.042823448082  5.793470E-13
996.490480368619  6.492842E-13
997.938137289156  6.390773E-13
999.385794209693  7.646331E-13
1000.83345113023  6.105674E-13
1002.28110805077  7.596589E-13
1003.7287649713  7.488709E-13
1005.17642189184  7.369163E-13
1006.62407881238  6.407900E-13
1008.07173573291  6.566228E-13
1009.51939265345  7.475022E-13
1010.96704957399  7.109423E-13
1012.41470649452  6.480819E-13
1013.86236341506  6.310592E-13
1015.3100203356  6.566070E-13
1016.75767725613  6.526597E-13
1018.20533417667  7.305314E-13
1019.65299109721  6.822509E-13
1021.10064801775  6.653088E-13
1022.54830493828  6.886916E-13
1023.99596185882  7.503677E-13
1025.44361877936  7.017683E-13
1026.89127569989  6.782303E-13
1028.33893262043  6.434419E-13
1029.78658954097  6.837926E-13
1031.2342464615  6.973537E-13
1032.68190338204  7.248097E-13
1034.12956030258  6.840295E-13
1035.57721722311  7.034702E-13
1037.02487414365  5.916600E-13
1038.47253106419  5.859479E-13
1039.92018798472  5.707446E-13
1041.36784490526  5.457914E-13
1042.8155018258  5.763608E-13
1044.26315874633  6.422161E-13
1045.71081566687  6.164028E-13
1047.15847258741  6.074358E-13
1048.60612950794  4.570924E-13
1050.05378642848  4.199910E-13
1051.50144334902  4.730558E-13
1052.94910026955  5.125016E-13
1054.39675719009  5.198219E-13
1055.84441411063  4.792391E-13
1057.29207103116  4.943262E-13
1058.7397279517  5.452628E-13
1060.18738487224  5.749771E-13
1061.63504179277  5.330857E-13
1063.08269871331  5.322530E-13
1064.53035563385  6.092927E-13
1065.97801255439  5.599110E-13
1067.42566947492  5.969723E-13
1068.87332639546  5.988585E-13
1070.320983316  5.605880E-13
1071.76864023653  5.106309E-13
1073.21629715707  6.216279E-13
1074.66395407761  5.921683E-13
1076.11161099814  5.668952E-13
1077.55926791868  5.607953E-13
1079.00692483922  5.055883E-13
1080.45458175975  5.239031E-13
1081.90223868029  5.066287E-13
1083.34989560083  5.191366E-13
1084.79755252136  4.885526E-13
1086.2452094419  4.405100E-13
1087.69286636244  4.308810E-13
1089.14052328297  4.588259E-13
1090.58818020351  4.695426E-13
1092.03583712405  4.495359E-13
1093.48349404458  5.399648E-13
1094.93115096512  5.236269E-13
1096.37880788566  5.082330E-13
1097.82646480619  4.686863E-13
1099.27412172673  5.574898E-13
1100.72177864727  4.947248E-13
1102.1694355678  4.958395E-13
1103.61709248834  4.743450E-13
1105.06474940888  4.489390E-13
1106.51240632942  4.717683E-13
1107.96006324995  4.914617E-13
1109.40772017049  4.852106E-13
1110.85537709103  4.357081E-13
1112.30303401156  4.423372E-13
1113.7506909321  5.626063E-13
1115.19834785264  5.359540E-13
1116.64600477317  5.400775E-13
1118.09366169371  4.838418E-13
1119.54131861425  4.090255E-13
1120.98897553478  4.805824E-13
1122.43663245532  3.835225E-13
1123.88428937586  4.330441E-13
1125.33194629639  4.670302E-13
1126.77960321693  4.527422E-13
1128.22726013747  4.832056E-13
1129.674917058  4.385063E-13
1131.12257397854  5.161116E-13
1132.57023089908  4.752935E-13
1134.01788781961  4.358497E-13
1135.46554474015  4.144787E-13
1136.91320166069  4.405051E-13
1138.36085858122  4.817463E-13
1139.80851550176  4.568555E-13
1141.2561724223  3.886444E-13
1142.70382934284  4.011598E-13
1144.15148626337  5.158402E-13
1145.59914318391  4.812113E-13
1147.04680010445  4.760643E-13
1148.49445702498  5.008983E-13
1149.94211394552  5.714067E-13
1151.38977086606  4.732997E-13
1152.83742778659  4.213936E-13
1154.28508470713  3.992298E-13
1155.73274162767  4.209164E-13
1157.1803985482  4.784434E-13
1158.62805546874  5.112131E-13
1160.07571238928  4.975258E-13
1161.52336930981  5.178441E-13
1162.97102623035  4.169481E-13
1164.41868315089  5.078421E-13
1165.86634007142  4.953346E-13
1167.31399699196  4.167465E-13
1168.7616539125  5.968226E-13
1170.20931083303  5.265468E-13
1171.65696775357  5.724439E-13
1173.10462467411  5.463389E-13
1174.55228159464  5.489719E-13
1175.99993851518  5.556377E-13
1177.44759543572  5.031043E-13
1178.89525235625  5.114268E-13
1180.34290927679  5.000868E-13
1181.79056619733  5.353486E-13
1183.23822311787  4.663149E-13
1184.6858800384  4.954731E-13
1186.13353695894  5.238400E-13
1187.58119387948  5.489335E-13
1189.02885080001  5.947387E-13
1190.47650772055  5.319895E-13
1191.92416464109  5.830502E-13
1193.37182156162  5.898907E-13
1194.81947848216  6.806975E-13
1196.2671354027  6.362474E-13
1197.71479232323  5.655332E-13
1199.16244924377  6.764276E-13
1200.61010616431  6.684163E-13
1202.05776308484  6.551840E-13
1203.50542000538  5.631505E-13
1204.95307692592  8.355012E-13
1206.40073384645  8.809248E-13
1207.84839076699  8.997829E-13
1209.29604768753  7.800811E-13
1210.74370460806  1.072226E-12
1212.1913615286  1.334967E-12
1213.63901844914  1.169455E-12
1215.08667536967  1.144829E-12
1216.53433229021  1.013138E-12
1217.98198921075  8.411429E-13
1219.42964613129  1.001299E-12
1220.87730305182  1.011012E-12
1222.32495997236  8.188888E-13
1223.7726168929  8.319500E-13
1225.22027381343  7.530696E-13
1226.66793073397  6.999637E-13
1228.11558765451  7.321290E-13
1229.56324457504  6.926870E-13
1231.01090149558  6.655672E-13
1232.45855841612  6.890448E-13
1233.90621533665  6.675156E-13
1235.35387225719  6.477549E-13
1236.80152917773  6.104937E-13
1238.24918609826  6.000498E-13
1239.6968430188  6.756256E-13
1241.14449993934  6.006482E-13
1242.59215685987  5.563413E-13
1244.03981378041  5.561826E-13
1245.48747070095  5.492089E-13
1246.93512762148  5.481412E-13
1248.38278454202  5.646705E-13
1249.83044146256  5.532176E-13
1251.27809838309  5.276352E-13
1252.72575530363  5.380027E-13
1254.17341222417  4.984626E-13
1255.62106914471  5.169313E-13
1257.06872606524  5.125014E-13
1258.51638298578  5.254739E-13
1259.96403990632  5.329031E-13
1261.41169682685  4.677457E-13
1262.85935374739  4.759141E-13
1264.30701066793  4.520545E-13
1265.75466758846  4.848548E-13
1267.202324509  5.169228E-13
1268.64998142954  4.279249E-13
1270.09763835007  4.129647E-13
1271.54529527061  4.379108E-13
1272.99295219115  4.215334E-13
1274.44060911168  4.249893E-13
1275.88826603222  4.403863E-13
1277.33592295276  4.371359E-13
1278.78357987329  4.496328E-13
1280.23123679383  4.890217E-13
1281.67889371437  4.738999E-13
1283.1265506349  4.456444E-13
1284.57420755544  4.043374E-13
1286.02186447598  4.567715E-13
1287.46952139651  4.492788E-13
1288.91717831705  4.415173E-13
1290.36483523759  4.241162E-13
1291.81249215812  3.951967E-13
1293.26014907866  4.327498E-13
1294.7078059992  4.114092E-13
1296.15546291974  4.351484E-13
1297.60311984027  4.362184E-13
1299.05077676081  4.457049E-13
1300.49843368135  4.542676E-13
1301.94609060188  3.907684E-13
1303.39374752242  4.114538E-13
1304.84140444296  4.355736E-13
1306.28906136349  4.312104E-13
1307.73671828403  3.813261E-13
1309.18437520457  4.396798E-13
1310.6320321251  4.058432E-13
1312.07968904564  4.409723E-13
1313.52734596618  4.144153E-13
1314.97500288671  4.104672E-13
1316.42265980725  3.958770E-13
1317.87031672779  3.362668E-13
1319.31797364832  3.587106E-13
1320.76563056886  3.658496E-13
1322.2132874894  3.807711E-13
1323.66094440993  3.652292E-13
1325.10860133047  4.084901E-13
1326.55625825101  3.942861E-13
1328.00391517154  4.090473E-13
1329.45157209208  4.316104E-13
1330.89922901262  4.165800E-13
1332.34688593315  3.908502E-13
1333.79454285369  3.642898E-13
1335.24219977423  3.764555E-13
1336.68985669477  3.420628E-13
1338.1375136153  3.208055E-13
1339.58517053584  3.684881E-13
1341.03282745638  3.888248E-13
1342.48048437691  3.935362E-13
1343.92814129745  3.668447E-13
1345.37579821799  3.768979E-13
1346.82345513852  3.593500E-13
1348.27111205906  3.629403E-13
1349.7187689796  3.942375E-13
1351.16642590013  3.968105E-13
1352.61408282067  4.132253E-13
1354.06173974121  4.196673E-13
1355.50939666174  3.669963E-13
1356.95705358228  3.818422E-13
1358.40471050282  3.716766E-13
1359.85236742335  3.732062E-13
1361.30002434389  4.171941E-13
1362.74768126443  4.107729E-13
1364.19533818496  3.746277E-13
1365.6429951055  3.562137E-13
1367.09065202604  3.847451E-13
1368.53830894657  3.760769E-13
1369.98596586711  3.950683E-13
1371.43362278765  3.847769E-13
1372.88127970819  3.768485E-13
1374.32893662872  4.009903E-13
1375.77659354926  3.901107E-13
1377.2242504698  3.670721E-13
1378.67190739033  3.868538E-13
1380.11956431087  4.047625E-13
1381.56722123141  3.905279E-13
1383.01487815194  3.881701E-13
1384.46253507248  4.111514E-13
1385.91019199302  3.732488E-13
1387.35784891355  3.844702E-13
1388.80550583409  3.870198E-13
1390.25316275463  3.688823E-13
1391.70081967516  3.972249E-13
1393.1484765957  4.176505E-13
1394.59613351624  4.741489E-13
1396.04379043677  3.932203E-13
1397.49144735731  3.926535E-13
1398.93910427785  4.249156E-13
1400.38676119838  4.219960E-13
1401.83441811892  4.469720E-13
1403.28207503946  4.444266E-13
1404.72973195999  4.083501E-13
1406.17738888053  3.948057E-13
1407.62504580107  3.897506E-13
1409.0727027216  4.243280E-13
1410.52035964214  3.998253E-13
1411.96801656268  3.947993E-13
1413.41567348322  4.192264E-13
1414.86333040375  3.839968E-13
1416.31098732429  4.124632E-13
1417.75864424483  3.816244E-13
1419.20630116536  3.849620E-13
1420.6539580859  3.721104E-13
1422.10161500644  3.848097E-13
1423.54927192697  3.713225E-13
1424.99692884751  3.624473E-13
1426.44458576805  3.885233E-13
1427.89224268858  3.670086E-13
1429.33989960912  3.541239E-13
1430.78755652966  3.464224E-13
1432.23521345019  3.538391E-13
1433.68287037073  3.679053E-13
1435.13052729127  3.853273E-13
1436.5781842118  3.578883E-13
1438.02584113234  3.738020E-13
1439.47349805288  3.764572E-13
1440.92115497341  3.693362E-13
1442.36881189395  3.128626E-13
1443.81646881449  3.692365E-13
1445.26412573502  3.312645E-13
1446.71178265556  3.356915E-13
1448.1594395761  3.520997E-13
1449.60709649664  3.400014E-13
1451.05475341717  3.439695E-13
1452.50241033771  3.325672E-13
1453.95006725825  3.678509E-13
1455.39772417878  3.586009E-13
1456.84538109932  3.498931E-13
1458.29303801986  3.544907E-13
1459.74069494039  3.375479E-13
1461.18835186093  3.297352E-13
1462.63600878147  3.286297E-13
1464.083665702  3.391579E-13
1465.53132262254  3.368536E-13
1466.97897954308  3.386382E-13
1468.42663646361  3.531742E-13
1469.87429338415  3.450388E-13
1471.32195030469  3.352988E-13
1472.76960722522  3.486502E-13
1474.21726414576  3.412206E-13
1475.6649210663  3.331965E-13
1477.11257798683  3.618404E-13
1478.56023490737  3.390876E-13
1480.00789182791  3.546848E-13
1481.45554874844  3.764473E-13
1482.90320566898  3.665067E-13
1484.35086258952  3.428918E-13
1485.79851951005  3.501270E-13
1487.24617643059  3.396291E-13
1488.69383335113  3.443408E-13
1490.14149027167  3.786960E-13
1491.5891471922  3.646943E-13
1493.03680411274  3.403486E-13
1494.48446103328  3.586755E-13
1495.93211795381  3.570345E-13
1497.37977487435  3.332817E-13
1498.82743179489  3.629393E-13
1500.27508871542  3.791666E-13
1501.72274563596  3.460674E-13
1503.1704025565  3.144210E-13
1504.61805947703  3.288981E-13
1506.06571639757  3.529667E-13
1507.51337331811  3.271575E-13
1508.96103023864  3.384080E-13
1510.40868715918  3.582515E-13
1511.85634407972  3.720175E-13
1513.30400100025  3.704952E-13
1514.75165792079  3.859603E-13
1516.19931484133  3.432702E-13
1517.64697176186  3.574908E-13
1519.0946286824  3.848766E-13
1520.54228560294  3.848289E-13
1521.98994252347  3.968000E-13
1523.43759944401  3.783999E-13
1524.88525636455  3.923991E-13
1526.33291328509  3.866387E-13
1527.78057020562  4.001516E-13
1529.22822712616  3.729472E-13
1530.6758840467  3.772173E-13
1532.12354096723  4.011222E-13
1533.57119788777  4.154295E-13
1535.01885480831  4.259584E-13
1536.46651172884  4.531767E-13
1537.91416864938  4.579872E-13
1539.36182556992  5.296904E-13
1540.80948249045  4.756753E-13
1542.25713941099  4.961436E-13
1543.70479633153  5.076398E-13
1545.15245325206  5.515302E-13
1546.6001101726  5.911277E-13
1548.04776709314  5.752248E-13
1549.49542401367  5.084499E-13
1550.94308093421  5.297360E-13
1552.39073785475  4.751350E-13
1553.83839477528  4.723342E-13
1555.28605169582  4.706322E-13
1556.73370861636  4.674790E-13
1558.18136553689  4.141312E-13
1559.62902245743  3.924371E-13
1561.07667937797  3.997607E-13
1562.5243362985  3.675627E-13
1563.97199321904  3.739275E-13
1565.41965013958  3.954363E-13
1566.86730706012  3.959262E-13
1568.31496398065  3.729672E-13
1569.76262090119  3.424373E-13
1571.21027782173  3.480711E-13
1572.65793474226  3.155678E-13
1574.1055916628  2.962160E-13
1575.55324858334  3.607524E-13
1577.00090550387  3.674139E-13
1578.44856242441  3.364780E-13
1579.89621934495  3.655335E-13
1581.34387626548  3.838940E-13
1582.79153318602  3.662701E-13
1584.23919010656  3.479536E-13
1585.68684702709  3.457073E-13
1587.13450394763  3.502990E-13
1588.58216086817  3.316290E-13
1590.0298177887  3.539470E-13
1591.47747470924  3.235354E-13
1592.92513162978  3.226116E-13
1594.37278855031  3.177176E-13
1595.82044547085  3.315212E-13
1597.26810239139  3.219350E-13
1598.71575931192  3.050961E-13
1600.16341623246  3.221308E-13
1601.611073153  3.426252E-13
1603.05873007354  3.220070E-13
1604.50638699407  3.284310E-13
1605.95404391461  3.188596E-13
1607.40170083515  3.527877E-13
1608.84935775568  2.984496E-13
1610.29701467622  3.177648E-13
1611.74467159676  3.205191E-13
1613.19232851729  3.204781E-13
1614.63998543783  3.227675E-13
1616.08764235837  3.034533E-13
1617.5352992789  3.260321E-13
1618.98295619944  3.343061E-13
1620.43061311998  3.167539E-13
1621.87827004051  3.273132E-13
1623.32592696105  3.287669E-13
1624.77358388159  3.336978E-13
1626.22124080212  3.458132E-13
1627.66889772266  3.320209E-13
1629.1165546432  3.328950E-13
1630.56421156373  3.501976E-13
1632.01186848427  3.343707E-13
1633.45952540481  3.244344E-13
1634.90718232534  3.393314E-13
1636.35483924588  3.549822E-13
1637.80249616642  3.289046E-13
1639.25015308695  3.305667E-13
1640.69781000749  3.359173E-13
1642.14546692803  3.275816E-13
1643.59312384857  3.310976E-13
1645.0407807691  3.264350E-13
1646.48843768964  3.420670E-13
1647.93609461018  3.313266E-13
1649.38375153071  3.196968E-13
1650.83140845125  3.414976E-13
1652.27906537179  3.310761E-13
1653.72672229232  3.256464E-13
1655.17437921286  3.191477E-13
1656.6220361334  3.147473E-13
1658.06969305393  3.053961E-13
1659.51734997447  3.067627E-13
1660.96500689501  3.025229E-13
1662.41266381554  3.155041E-13
1663.86032073608  3.075002E-13
1665.30797765662  3.160086E-13
1666.75563457715  3.205732E-13
1668.20329149769  3.083432E-13
1669.65094841823  3.004625E-13
1671.09860533876  3.114871E-13
1672.5462622593  3.156547E-13
1673.99391917984  2.961427E-13
1675.44157610038  2.840638E-13
1676.88923302091  2.870125E-13
1678.33688994145  2.823168E-13
1679.78454686199  2.878764E-13
1681.23220378252  2.891132E-13
1682.67986070306  2.865059E-13
1684.1275176236  2.770312E-13
1685.57517454413  2.683574E-13
1687.02283146467  2.774364E-13
1688.47048838521  2.867624E-13
1689.91814530574  2.862378E-13
1691.36580222628  2.933512E-13
1692.81345914682  2.891576E-13
1694.26111606735  2.828911E-13
1695.70877298789  2.862353E-13
1697.15642990843  2.825431E-13
1698.60408682896  2.830648E-13
1700.0517437495  2.739538E-13
1701.49940067004  2.718369E-13
1702.94705759057  2.895426E-13
1704.39471451111  2.792378E-13
1705.84237143165  2.720253E-13
1707.29002835218  2.761304E-13
1708.73768527272  2.721001E-13
1710.18534219326  0.
1711.63299911379  0.
1713.08065603433  0.
1714.52831295487  0.
1715.97596987541  0.
1717.42362679594  0.
1718.87128371648  0.
1720.31894063702  0.
1721.76659755755  0.
1723.21425447809  0.
1724.66191139863  0.
1726.10956831916  0.
1727.5572252397  0.
1729.00488216024  0.
1730.45253908077  0.
1731.90019600131  0.
1733.34785292185  0.
1734.79550984238  0.
1736.24316676292  0.
1737.69082368346  0.
1739.13848060399  0.
1740.58613752453  0.
1742.03379444507  0.
1743.4814513656  0.
1744.92910828614  0.
1746.37676520668  0.
1747.82442212721  0.
1749.27207904775  0.
1750.71973596829  0.
1752.16739288882  0.
1753.61504980936  0.
1755.0627067299  0.
1756.51036365043  0.
1757.95802057097  0.
1759.40567749151  0.
1760.85333441205  0.
1762.30099133258  0.
1763.74864825312  0.
1765.19630517366  0.
1766.64396209419  0.
1768.09161901473  0.
1769.53927593527  0.
1770.9869328558  0.
1772.43458977634  0.
1773.88224669688  0.
1775.32990361741  0.
1776.77756053795  0.
1778.22521745849  0.
1779.67287437902  0.
1781.12053129956  0.
1782.5681882201  0.
1784.01584514063  0.
1785.46350206117  0.
1786.91115898171  0.
1788.35881590224  0.
1789.80647282278  0.
1791.25412974332  0.
1792.70178666385  0.
1794.14944358439  0.
1795.59710050493  0.
1797.04475742547  0.
1798.492414346  0.
1799.94007126654  0.
1801.38772818708  0.
1802.83538510761  0.
1804.28304202815  0.
1805.73069894869  0.
1807.17835586922  0.
1808.62601278976  0.
1810.0736697103  0.
1811.52132663083  0.
1812.96898355137  0.
1814.41664047191  0.
1815.86429739244  0.
1817.31195431298  0.
1818.75961123352  0.
1820.20726815405  0.
1821.65492507459  0.
1823.10258199513  0.
1824.55023891566  0.
1825.9978958362  0.
1827.44555275674  0.
1828.89320967727  0.
1830.34086659781  0.
1831.78852351835  0.
