906.735751295338  0.
908.183365802898  0.
909.630980310458  0.
911.078594818018  0.
912.526209325578  0.
913.973823833137  0.
915.421438340697  0.
916.869052848257  0.
918.316667355817  0.
919.764281863377  0.
921.211896370937  0.
922.659510878497  0.
924.107125386056  0.
925.554739893616  0.
927.002354401176  0.
928.449968908736  0.
929.897583416296  0.
931.345197923856  0.
932.792812431415  0.
934.240426938975  0.
935.688041446535  0.
937.135655954095  0.
938.583270461655  0.
940.030884969215  0.
941.478499476774  0.
942.926113984334  0.
944.373728491894  0.
945.821342999454  0.
947.268957507014  0.
948.716572014574  0.
950.164186522133  0.
951.611801029693  0.
953.059415537253  0.
954.507030044813  0.
955.954644552373  0.
957.402259059933  0.
958.849873567493  0.
960.297488075052  0.
961.745102582612  0.
963.192717090172  0.
964.640331597732  0.
966.087946105292  0.
967.535560612852  0.
968.983175120411  0.
970.430789627971  0.
971.878404135531  0.
973.326018643091  0.
974.773633150651  0.
976.221247658211  0.
977.668862165771  0.
979.11647667333  0.
980.56409118089  0.
982.01170568845  0.
983.45932019601  0.
984.90693470357  0.
986.35454921113  0.
987.802163718689  0.
989.249778226249  0.
990.697392733809  0.
992.145007241369  0.
993.592621748929  5.483547E-13
995.040236256489  8.611188E-13
996.487850764048  8.523149E-13
997.935465271608  6.938461E-13
999.383079779168  4.999434E-13
1000.83069428673  4.104865E-13
1002.27830879429  5.679304E-13
1003.72592330185  7.438768E-13
1005.17353780941  7.029105E-13
1006.62115231697  5.978274E-13
1008.06876682453  6.309530E-13
1009.51638133209  4.391906E-13
1010.96399583965  2.913006E-13
1012.41161034721  7.578658E-13
1013.85922485477  6.213281E-13
1015.30683936233  6.418075E-13
1016.75445386989  5.806401E-13
1018.20206837745  5.647261E-13
1019.64968288501  4.659719E-13
1021.09729739257  4.554196E-13
1022.54491190013  6.181851E-13
1023.99252640769  5.970203E-13
1025.44014091525  5.573612E-13
1026.8877554228  5.600207E-13
1028.33536993037  6.332770E-13
1029.78298443792  5.247077E-13
1031.23059894548  4.715967E-13
1032.67821345304  6.262467E-13
1034.1258279606  6.796158E-13
1035.57344246816  7.400782E-13
1037.02105697572  6.200477E-13
1038.46867148328  5.515862E-13
1039.91628599084  6.561893E-13
1041.3639004984  5.245616E-13
1042.81151500596  6.093247E-13
1044.25912951352  4.282468E-13
1045.70674402108  5.877331E-13
1047.15435852864  5.692055E-13
1048.6019730362  5.119373E-13
1050.04958754376  4.326091E-13
1051.49720205132  4.430901E-13
1052.94481655888  6.047096E-13
1054.39243106644  5.782854E-13
1055.840045574  4.942895E-13
1057.28766008156  4.150136E-13
1058.73527458912  4.955947E-13
1060.18288909668  5.008969E-13
1061.63050360424  5.893046E-13
1063.0781181118  5.343011E-13
1064.52573261936  5.940759E-13
1065.97334712692  4.723923E-13
1067.42096163448  5.426877E-13
1068.86857614204  4.089541E-13
1070.3161906496  4.888923E-13
1071.76380515716  4.801768E-13
1073.21141966472  3.994465E-13
1074.65903417228  5.180691E-13
1076.10664867984  4.813073E-13
1077.5542631874  4.879082E-13
1079.00187769496  5.450356E-13
1080.44949220252  4.912970E-13
1081.89710671008  4.968824E-13
1083.34472121764  4.641351E-13
1084.7923357252  4.064994E-13
1086.23995023276  4.140745E-13
1087.68756474032  4.257332E-13
1089.13517924788  3.754507E-13
1090.58279375544  4.464734E-13
1092.030408263  4.156463E-13
1093.47802277056  4.456664E-13
1094.92563727812  5.071986E-13
1096.37325178568  4.592439E-13
1097.82086629324  4.143892E-13
1099.2684808008  4.194577E-13
1100.71609530836  4.780623E-13
1102.16370981592  4.174237E-13
1103.61132432348  4.377407E-13
1105.05893883104  4.757292E-13
1106.5065533386  4.589616E-13
1107.95416784616  4.840315E-13
1109.40178235372  4.464103E-13
1110.84939686128  4.824943E-13
1112.29701136884  4.236311E-13
1113.7446258764  4.782890E-13
1115.19224038396  4.906335E-13
1116.63985489152  4.850561E-13
1118.08746939908  4.783061E-13
1119.53508390664  4.350922E-13
1120.98269841419  4.423591E-13
1122.43031292175  3.995427E-13
1123.87792742931  4.222675E-13
1125.32554193687  4.401573E-13
1126.77315644443  4.637758E-13
1128.22077095199  4.171550E-13
1129.66838545955  4.622759E-13
1131.11599996711  4.290197E-13
1132.56361447467  4.257001E-13
1134.01122898223  4.192162E-13
1135.45884348979  4.339840E-13
1136.90645799735  4.146260E-13
1138.35407250491  4.189627E-13
1139.80168701247  4.741006E-13
1141.24930152003  3.679899E-13
1142.69691602759  4.061685E-13
1144.14453053515  4.073598E-13
1145.59214504271  4.648130E-13
1147.03975955027  3.499375E-13
1148.48737405783  4.622372E-13
1149.93498856539  3.613149E-13
1151.38260307295  2.722159E-13
1152.83021758051  3.668905E-13
1154.27783208807  4.111783E-13
1155.72544659563  4.535936E-13
1157.17306110319  3.661739E-13
1158.62067561075  4.616704E-13
1160.06829011831  4.410907E-13
1161.51590462587  4.351999E-13
1162.96351913343  3.943959E-13
1164.41113364099  4.364522E-13
1165.85874814855  4.205204E-13
1167.30636265611  3.900435E-13
1168.75397716367  4.339581E-13
1170.20159167123  5.074970E-13
1171.64920617879  4.972949E-13
1173.09682068635  4.484929E-13
1174.54443519391  4.553829E-13
1175.99204970147  4.375275E-13
1177.43966420903  4.926289E-13
1178.88727871659  4.319341E-13
1180.33489322415  4.555537E-13
1181.78250773171  4.323192E-13
1183.23012223927  4.638516E-13
1184.67773674683  4.428736E-13
1186.12535125439  3.913130E-13
1187.57296576195  4.714406E-13
1189.02058026951  4.290079E-13
1190.46819477707  5.089106E-13
1191.91580928463  5.494028E-13
1193.36342379219  5.000472E-13
1194.81103829975  5.743155E-13
1196.25865280731  4.415764E-13
1197.70626731487  5.407039E-13
1199.15388182243  6.020050E-13
1200.60149632999  5.790629E-13
1202.04911083755  5.621996E-13
1203.49672534511  5.361057E-13
1204.94433985267  6.336643E-13
1206.39195436023  7.743868E-13
1207.83956886779  9.089659E-13
1209.28718337535  9.095104E-13
1210.7347978829  9.946778E-13
1212.18241239046  1.076469E-12
1213.63002689802  1.049643E-12
1215.07764140558  1.264995E-12
1216.52525591314  1.219177E-12
1217.9728704207  1.142880E-12
1219.42048492826  9.853451E-13
1220.86809943582  8.577963E-13
1222.31571394338  7.039912E-13
1223.76332845094  7.003454E-13
1225.2109429585  5.320559E-13
1226.65855746606  5.981885E-13
1228.10617197362  6.333610E-13
1229.55378648118  6.141286E-13
1231.00140098874  5.732287E-13
1232.4490154963  5.142091E-13
1233.89663000386  5.914258E-13
1235.34424451142  6.232827E-13
1236.79185901898  5.925914E-13
1238.23947352654  5.747161E-13
1239.6870880341  5.391646E-13
1241.13470254166  6.157971E-13
1242.58231704922  6.049452E-13
1244.02993155678  5.511559E-13
1245.47754606434  5.286726E-13
1246.9251605719  5.294590E-13
1248.37277507946  5.017250E-13
1249.82038958702  4.385235E-13
1251.26800409458  4.509341E-13
1252.71561860214  5.401070E-13
1254.1632331097  4.759040E-13
1255.61084761726  4.713198E-13
1257.05846212482  4.309250E-13
1258.50607663238  4.392375E-13
1259.95369113994  4.013877E-13
1261.4013056475  4.047138E-13
1262.84892015506  4.408724E-13
1264.29653466262  4.507302E-13
1265.74414917018  3.980479E-13
1267.19176367774  4.035791E-13
1268.6393781853  3.956548E-13
1270.08699269286  3.849131E-13
1271.53460720042  4.291278E-13
1272.98222170798  3.778609E-13
1274.42983621554  4.262088E-13
1275.8774507231  3.446209E-13
1277.32506523066  4.078989E-13
1278.77267973822  4.087470E-13
1280.22029424578  5.088388E-13
1281.66790875334  4.326178E-13
1283.1155232609  3.915840E-13
1284.56313776846  2.795189E-13
1286.01075227602  3.279853E-13
1287.45836678358  3.052131E-13
1288.90598129114  4.817572E-13
1290.3535957987  4.637172E-13
1291.80121030626  3.626617E-13
1293.24882481382  3.668146E-13
1294.69643932138  3.469496E-13
1296.14405382894  3.524069E-13
1297.5916683365  4.008585E-13
1299.03928284406  3.406457E-13
1300.48689735162  3.677631E-13
1301.93451185917  4.039923E-13
1303.38212636674  3.574394E-13
1304.82974087429  3.342645E-13
1306.27735538185  3.342555E-13
1307.72496988941  3.649694E-13
1309.17258439697  3.353528E-13
1310.62019890453  3.561452E-13
1312.06781341209  3.157803E-13
1313.51542791965  3.447073E-13
1314.96304242721  3.402098E-13
1316.41065693477  3.080631E-13
1317.85827144233  3.641622E-13
1319.30588594989  2.487636E-13
1320.75350045745  2.910838E-13
1322.20111496501  3.341423E-13
1323.64872947257  3.559967E-13
1325.09634398013  3.935640E-13
1326.54395848769  3.090804E-13
1327.99157299525  2.642995E-13
1329.43918750281  3.710182E-13
1330.88680201037  3.380274E-13
1332.33441651793  3.379402E-13
1333.78203102549  3.462063E-13
1335.22964553305  3.751356E-13
1336.67726004061  3.333620E-13
1338.12487454817  3.207159E-13
1339.57248905573  2.615664E-13
1341.02010356329  3.024344E-13
1342.46771807085  3.425770E-13
1343.91533257841  3.367261E-13
1345.36294708597  3.253764E-13
1346.81056159353  2.488357E-13
1348.25817610109  3.178866E-13
1349.70579060865  3.160330E-13
1351.15340511621  3.304461E-13
1352.60101962377  3.186738E-13
1354.04863413133  3.028330E-13
1355.49624863889  3.055123E-13
1356.94386314645  3.626655E-13
1358.39147765401  3.005976E-13
1359.83909216157  2.829039E-13
1361.28670666913  3.639009E-13
1362.73432117669  2.862443E-13
1364.18193568425  3.467441E-13
1365.62955019181  3.069803E-13
1367.07716469937  3.293788E-13
1368.52477920693  3.497513E-13
1369.97239371449  3.651496E-13
1371.42000822205  3.217913E-13
1372.86762272961  3.712668E-13
1374.31523723717  3.711236E-13
1375.76285174473  3.293588E-13
1377.21046625229  4.085842E-13
1378.65808075985  3.596687E-13
1380.10569526741  3.193393E-13
1381.55330977497  3.056925E-13
1383.00092428253  2.584506E-13
1384.44853879009  2.982064E-13
1385.89615329765  3.527438E-13
1387.34376780521  3.609976E-13
1388.79138231277  2.820606E-13
1390.23899682033  3.582719E-13
1391.68661132789  3.405245E-13
1393.13422583545  3.245207E-13
1394.581840343  3.775683E-13
1396.02945485057  4.068632E-13
1397.47706935812  3.612976E-13
1398.92468386568  3.498601E-13
1400.37229837324  4.018464E-13
1401.8199128808  4.186315E-13
1403.26752738836  3.558783E-13
1404.71514189592  3.730046E-13
1406.16275640348  4.486338E-13
1407.61037091104  4.051271E-13
1409.0579854186  3.519729E-13
1410.50559992616  3.684287E-13
1411.95321443372  3.612258E-13
1413.40082894128  4.052902E-13
1414.84844344884  3.330309E-13
1416.2960579564  3.846488E-13
1417.74367246396  3.769758E-13
1419.19128697152  3.848643E-13
1420.63890147908  3.204038E-13
1422.08651598664  3.356131E-13
1423.5341304942  3.070485E-13
1424.98174500176  3.649013E-13
1426.42935950932  3.103271E-13
1427.87697401688  3.231580E-13
1429.32458852444  3.228673E-13
1430.772203032  3.169134E-13
1432.21981753956  3.387327E-13
1433.66743204712  3.936719E-13
1435.11504655468  3.639206E-13
1436.56266106224  3.116452E-13
1438.0102755698  2.779699E-13
1439.45789007736  3.039630E-13
1440.90550458492  2.963883E-13
1442.35311909248  2.609012E-13
1443.80073360004  3.011675E-13
1445.2483481076  3.290271E-13
1446.69596261516  3.090932E-13
1448.14357712272  3.057313E-13
1449.59119163028  2.936745E-13
1451.03880613784  2.468196E-13
1452.4864206454  2.732935E-13
1453.93403515296  3.251757E-13
1455.38164966052  3.215435E-13
1456.82926416808  3.122788E-13
1458.27687867564  2.548899E-13
1459.7244931832  2.883468E-13
1461.17210769076  3.061717E-13
1462.61972219832  2.999105E-13
1464.06733670588  3.116683E-13
1465.51495121344  3.148185E-13
1466.962565721  3.223327E-13
1468.41018022856  3.014599E-13
1469.85779473612  3.287220E-13
1471.30540924368  2.916797E-13
1472.75302375124  3.339144E-13
1474.2006382588  3.608634E-13
1475.64825276636  3.952914E-13
1477.09586727392  3.046965E-13
1478.54348178148  3.383225E-13
1479.99109628904  3.280062E-13
1481.4387107966  3.229230E-13
1482.88632530416  3.111731E-13
1484.33393981172  3.404300E-13
1485.78155431928  3.254242E-13
1487.22916882683  3.612551E-13
1488.67678333439  3.209571E-13
1490.12439784195  2.699639E-13
1491.57201234951  2.876909E-13
1493.01962685707  2.622809E-13
1494.46724136463  2.729820E-13
1495.91485587219  2.566554E-13
1497.36247037975  2.511416E-13
1498.81008488731  2.930632E-13
1500.25769939487  2.949263E-13
1501.70531390243  3.027335E-13
1503.15292840999  3.151400E-13
1504.60054291755  3.038597E-13
1506.04815742511  2.847321E-13
1507.49577193267  2.629073E-13
1508.94338644023  2.973975E-13
1510.39100094779  2.808797E-13
1511.83861545535  3.664362E-13
1513.28622996291  3.333965E-13
1514.73384447047  3.326439E-13
1516.18145897803  3.516912E-13
1517.62907348559  3.306192E-13
1519.07668799315  3.472029E-13
1520.52430250071  2.972782E-13
1521.97191700827  2.963677E-13
1523.41953151583  3.575761E-13
1524.86714602339  3.702739E-13
1526.31476053095  3.861810E-13
1527.76237503851  3.214152E-13
1529.20998954607  3.010842E-13
1530.65760405363  3.180784E-13
1532.10521856119  3.681798E-13
1533.55283306875  3.827437E-13
1535.00044757631  4.423015E-13
1536.44806208387  4.233988E-13
1537.89567659143  4.136237E-13
1539.34329109899  4.603379E-13
1540.79090560655  4.771792E-13
1542.23852011411  5.426979E-13
1543.68613462167  5.111381E-13
1545.13374912923  4.958100E-13
1546.58136363679  5.397449E-13
1548.02897814435  5.320670E-13
1549.47659265191  5.235515E-13
1550.92420715947  5.464158E-13
1552.37182166703  5.229790E-13
1553.81943617459  4.768307E-13
1555.26705068215  4.266123E-13
1556.71466518971  3.816088E-13
1558.16227969727  3.376964E-13
1559.60989420483  3.663899E-13
1561.05750871239  3.501037E-13
1562.50512321995  3.383231E-13
1563.95273772751  3.488261E-13
1565.40035223507  3.425179E-13
1566.84796674263  3.438534E-13
1568.29558125019  2.997085E-13
1569.74319575775  2.789082E-13
1571.19081026531  3.029576E-13
1572.63842477287  3.050479E-13
1574.08603928043  2.950038E-13
1575.53365378799  2.952119E-13
1576.98126829555  2.737653E-13
1578.4288828031  2.751635E-13
1579.87649731066  3.229633E-13
1581.32411181822  3.219694E-13
1582.77172632578  2.942410E-13
1584.21934083334  3.039951E-13
1585.6669553409  3.076156E-13
1587.11456984846  3.097926E-13
1588.56218435602  3.141340E-13
1590.00979886358  3.081156E-13
1591.45741337114  3.112158E-13
1592.9050278787  3.113230E-13
1594.35264238626  3.079260E-13
1595.80025689382  2.979231E-13
1597.24787140138  2.829530E-13
1598.69548590894  2.943540E-13
1600.1431004165  2.700607E-13
1601.59071492406  2.653688E-13
1603.03832943162  2.697193E-13
1604.48594393918  2.962636E-13
1605.93355844674  3.117312E-13
1607.3811729543  3.169968E-13
1608.82878746186  2.994115E-13
1610.27640196942  2.894062E-13
1611.72401647698  2.958102E-13
1613.17163098454  3.024008E-13
1614.6192454921  3.000110E-13
1616.06685999966  2.924764E-13
1617.51447450722  2.887326E-13
1618.96208901478  3.104427E-13
1620.40970352234  2.972957E-13
1621.8573180299  2.880666E-13
1623.30493253746  2.967896E-13
1624.75254704502  2.794211E-13
1626.20016155258  2.910664E-13
1627.64777606014  2.992166E-13
1629.0953905677  3.129929E-13
1630.54300507526  3.153231E-13
1631.99061958282  2.886301E-13
1633.43823409038  3.033035E-13
1634.88584859794  3.169164E-13
1636.3334631055  3.068368E-13
1637.78107761306  3.079817E-13
1639.22869212062  3.163783E-13
1640.67630662818  3.542047E-13
1642.12392113574  3.435249E-13
1643.5715356433  3.437346E-13
1645.01915015086  3.482602E-13
1646.46676465842  3.201450E-13
1647.91437916598  3.039836E-13
1649.36199367354  3.071547E-13
1650.8096081811  3.070902E-13
1652.25722268866  3.137838E-13
1653.70483719622  3.098999E-13
1655.15245170378  2.577953E-13
1656.60006621134  2.476879E-13
1658.0476807189  2.902200E-13
1659.49529522646  3.231979E-13
1660.94290973402  3.070438E-13
1662.39052424158  3.020899E-13
1663.83813874914  2.975489E-13
1665.2857532567  2.954010E-13
1666.73336776426  3.056884E-13
1668.18098227181  2.807410E-13
1669.62859677938  2.932653E-13
1671.07621128693  3.006977E-13
1672.52382579449  2.825601E-13
1673.97144030205  2.913081E-13
1675.41905480961  2.898872E-13
1676.86666931717  2.790488E-13
1678.31428382473  2.735670E-13
1679.76189833229  2.706192E-13
1681.20951283985  2.666465E-13
1682.65712734741  2.422983E-13
1684.10474185497  2.338141E-13
1685.55235636253  2.409439E-13
1686.99997087009  2.745745E-13
1688.44758537765  3.112281E-13
1689.89519988521  2.984697E-13
1691.34281439277  2.784497E-13
1692.79042890033  2.595280E-13
1694.23804340789  2.462710E-13
1695.68565791545  2.521474E-13
1697.13327242301  2.493898E-13
1698.58088693057  2.500293E-13
1700.02850143813  2.544703E-13
1701.47611594569  2.643056E-13
1702.92373045325  2.780745E-13
1704.37134496081  2.743126E-13
1705.81895946837  2.682568E-13
1707.26657397593  2.589985E-13
1708.71418848349  2.643835E-13
1710.16180299105  0.
1711.60941749861  0.
1713.05703200617  0.
1714.50464651373  0.
1715.95226102129  0.
1717.39987552885  0.
1718.84749003641  0.
1720.29510454397  0.
1721.74271905153  0.
1723.19033355909  0.
1724.63794806665  0.
1726.08556257421  0.
1727.53317708177  0.
1728.98079158933  0.
1730.42840609689  0.
1731.87602060445  0.
1733.32363511201  0.
1734.77124961957  0.
1736.21886412713  0.
1737.66647863469  0.
1739.11409314225  0.
1740.56170764981  0.
1742.00932215737  0.
1743.45693666493  0.
1744.90455117249  0.
1746.35216568005  0.
1747.79978018761  0.
1749.24739469517  0.
1750.69500920273  0.
1752.14262371029  0.
1753.59023821785  0.
1755.03785272541  0.
1756.48546723297  0.
1757.93308174053  0.
1759.38069624809  0.
1760.82831075565  0.
1762.27592526321  0.
1763.72353977076  0.
1765.17115427832  0.
1766.61876878588  0.
1768.06638329344  0.
1769.513997801  0.
1770.96161230856  0.
1772.40922681612  0.
1773.85684132368  0.
1775.30445583124  0.
1776.7520703388  0.
1778.19968484636  0.
1779.64729935392  0.
1781.09491386148  0.
1782.54252836904  0.
1783.9901428766  0.
1785.43775738416  0.
1786.88537189172  0.
1788.33298639928  0.
1789.78060090684  0.
1791.2282154144  0.
1792.67582992196  0.
1794.12344442952  0.
1795.57105893708  0.
1797.01867344464  0.
1798.4662879522  0.
1799.91390245976  0.
1801.36151696732  0.
1802.80913147488  0.
1804.25674598244  0.
1805.70436049  0.
1807.15197499756  0.
1808.59958950512  0.
1810.04720401268  0.
1811.49481852024  0.
1812.9424330278  0.
1814.39004753536  0.
1815.83766204292  0.
1817.28527655048  0.
1818.73289105804  0.
1820.1805055656  0.
1821.62812007316  0.
1823.07573458072  0.
1824.52334908828  0.
1825.97096359584  0.
1827.4185781034  0.
1828.86619261096  0.
1830.31380711852  0.
1831.76142162608  0.
