906.735751295338  0.
908.183408215875  0.
909.631065136412  0.
911.078722056949  0.
912.526378977485  0.
913.974035898022  0.
915.421692818559  0.
916.869349739096  0.
918.317006659633  0.
919.764663580169  0.
921.212320500706  0.
922.659977421243  0.
924.10763434178  0.
925.555291262316  0.
927.002948182853  0.
928.45060510339  0.
929.898262023927  0.
931.345918944464  0.
932.793575865  0.
934.241232785537  0.
935.688889706074  0.
937.136546626611  0.
938.584203547148  0.
940.031860467684  0.
941.479517388221  0.
942.927174308758  0.
944.374831229295  0.
945.822488149832  0.
947.270145070369  0.
948.717801990905  0.
950.165458911442  0.
951.613115831979  0.
953.060772752515  0.
954.508429673052  0.
955.956086593589  0.
957.403743514126  0.
958.851400434663  0.
960.2990573552  0.
961.746714275736  0.
963.194371196273  0.
964.64202811681  0.
966.089685037347  0.
967.537341957883  0.
968.98499887842  0.
970.432655798957  0.
971.880312719494  0.
973.327969640031  0.
974.775626560567  0.
976.223283481104  0.
977.670940401641  0.
979.118597322178  0.
980.566254242715  0.
982.013911163251  0.
983.461568083788  0.
984.909225004325  0.
986.356881924862  0.
987.804538845399  0.
989.252195765935  0.
990.699852686472  0.
992.147509607009  0.
993.595166527546  5.280598E-13
995.042823448082  3.655044E-13
996.490480368619  5.887503E-13
997.938137289156  6.607645E-13
999.385794209693  5.932980E-13
1000.83345113023  5.392685E-13
1002.28110805077  5.707049E-13
1003.7287649713  4.244798E-13
1005.17642189184  4.245489E-13
1006.62407881238  4.393050E-13
1008.07173573291  3.010853E-13
1009.51939265345  5.038972E-13
1010.96704957399  5.764235E-13
1012.41470649452  3.591447E-13
1013.86236341506  3.741408E-13
1015.3100203356  5.622751E-13
1016.75767725613  3.458618E-13
1018.20533417667  5.591800E-13
1019.65299109721  4.987998E-13
1021.10064801775  4.947391E-13
1022.54830493828  5.512208E-13
1023.99596185882  5.536152E-13
1025.44361877936  6.511212E-13
1026.89127569989  4.857467E-13
1028.33893262043  5.056764E-13
1029.78658954097  5.384600E-13
1031.2342464615  5.976405E-13
1032.68190338204  4.980141E-13
1034.12956030258  4.182008E-13
1035.57721722311  4.115926E-13
1037.02487414365  4.315912E-13
1038.47253106419  5.134840E-13
1039.92018798472  3.843880E-13
1041.36784490526  3.657887E-13
1042.8155018258  4.834036E-13
1044.26315874633  3.922440E-13
1045.71081566687  5.541441E-13
1047.15847258741  4.035551E-13
1048.60612950794  4.737754E-13
1050.05378642848  4.393165E-13
1051.50144334902  4.033669E-13
1052.94910026955  4.633101E-13
1054.39675719009  4.415917E-13
1055.84441411063  4.394149E-13
1057.29207103116  4.065191E-13
1058.7397279517  3.686931E-13
1060.18738487224  3.709703E-13
1061.63504179277  4.020064E-13
1063.08269871331  3.820669E-13
1064.53035563385  3.784911E-13
1065.97801255439  4.312284E-13
1067.42566947492  4.878692E-13
1068.87332639546  3.987014E-13
1070.320983316  4.353595E-13
1071.76864023653  3.487293E-13
1073.21629715707  3.788656E-13
1074.66395407761  3.976829E-13
1076.11161099814  3.807771E-13
1077.55926791868  3.860481E-13
1079.00692483922  3.397232E-13
1080.45458175975  3.619686E-13
1081.90223868029  3.408847E-13
1083.34989560083  3.567034E-13
1084.79755252136  3.421386E-13
1086.2452094419  3.013816E-13
1087.69286636244  2.956003E-13
1089.14052328297  3.267621E-13
1090.58818020351  3.712635E-13
1092.03583712405  3.317043E-13
1093.48349404458  3.427033E-13
1094.93115096512  3.221994E-13
1096.37880788566  2.999757E-13
1097.82646480619  3.378584E-13
1099.27412172673  3.407614E-13
1100.72177864727  2.990970E-13
1102.1694355678  3.276941E-13
1103.61709248834  3.709265E-13
1105.06474940888  3.622607E-13
1106.51240632942  3.219976E-13
1107.96006324995  3.483067E-13
1109.40772017049  3.469598E-13
1110.85537709103  3.494779E-13
1112.30303401156  3.229427E-13
1113.7506909321  3.697215E-13
1115.19834785264  3.480604E-13
1116.64600477317  3.150997E-13
1118.09366169371  3.494089E-13
1119.54131861425  3.792628E-13
1120.98897553478  3.483571E-13
1122.43663245532  2.928636E-13
1123.88428937586  2.959223E-13
1125.33194629639  2.855263E-13
1126.77960321693  2.856031E-13
1128.22726013747  3.376801E-13
1129.674917058  3.478493E-13
1131.12257397854  3.793179E-13
1132.57023089908  3.131831E-13
1134.01788781961  3.513801E-13
1135.46554474015  3.443392E-13
1136.91320166069  3.074227E-13
1138.36085858122  3.383441E-13
1139.80851550176  3.459912E-13
1141.2561724223  2.911335E-13
1142.70382934284  3.268291E-13
1144.15148626337  3.601950E-13
1145.59914318391  3.728055E-13
1147.04680010445  3.480339E-13
1148.49445702498  3.313986E-13
1149.94211394552  2.843840E-13
1151.38977086606  2.964250E-13
1152.83742778659  3.052310E-13
1154.28508470713  3.131730E-13
1155.73274162767  3.272736E-13
1157.1803985482  3.190263E-13
1158.62805546874  3.361427E-13
1160.07571238928  3.286942E-13
1161.52336930981  3.137955E-13
1162.97102623035  3.378524E-13
1164.41868315089  2.972137E-13
1165.86634007142  3.356494E-13
1167.31399699196  3.573329E-13
1168.7616539125  3.259130E-13
1170.20931083303  3.809334E-13
1171.65696775357  4.154074E-13
1173.10462467411  3.793190E-13
1174.55228159464  3.450288E-13
1175.99993851518  3.325204E-13
1177.44759543572  3.819790E-13
1178.89525235625  3.805363E-13
1180.34290927679  3.648482E-13
1181.79056619733  3.256787E-13
1183.23822311787  3.716662E-13
1184.6858800384  3.617811E-13
1186.13353695894  3.994131E-13
1187.58119387948  4.508214E-13
1189.02885080001  4.107352E-13
1190.47650772055  4.560834E-13
1191.92416464109  4.615087E-13
1193.37182156162  4.175970E-13
1194.81947848216  4.753341E-13
1196.2671354027  5.515088E-13
1197.71479232323  5.328030E-13
1199.16244924377  4.796941E-13
1200.61010616431  4.552193E-13
1202.05776308484  4.956270E-13
1203.50542000538  5.535112E-13
1204.95307692592  6.503626E-13
1206.40073384645  7.142228E-13
1207.84839076699  8.742399E-13
1209.29604768753  9.351609E-13
1210.74370460806  1.009834E-12
1212.1913615286  1.043092E-12
1213.63901844914  1.093800E-12
1215.08667536967  9.767890E-13
1216.53433229021  1.074322E-12
1217.98198921075  8.911595E-13
1219.42964613129  8.250163E-13
1220.87730305182  6.928499E-13
1222.32495997236  6.449765E-13
1223.7726168929  5.813671E-13
1225.22027381343  5.131451E-13
1226.66793073397  5.215655E-13
1228.11558765451  5.419365E-13
1229.56324457504  4.672983E-13
1231.01090149558  4.812681E-13
1232.45855841612  5.010966E-13
1233.90621533665  4.932578E-13
1235.35387225719  5.415425E-13
1236.80152917773  5.153107E-13
1238.24918609826  5.382107E-13
1239.6968430188  5.056075E-13
1241.14449993934  4.591189E-13
1242.59215685987  4.826060E-13
1244.03981378041  4.221164E-13
1245.48747070095  4.264309E-13
1246.93512762148  4.398137E-13
1248.38278454202  4.131098E-13
1249.83044146256  4.144251E-13
1251.27809838309  4.092104E-13
1252.72575530363  3.573011E-13
1254.17341222417  3.554024E-13
1255.62106914471  4.153217E-13
1257.06872606524  3.649179E-13
1258.51638298578  3.678789E-13
1259.96403990632  3.772419E-13
1261.41169682685  3.724916E-13
1262.85935374739  3.309237E-13
1264.30701066793  3.342636E-13
1265.75466758846  3.987822E-13
1267.202324509  3.510882E-13
1268.64998142954  3.251827E-13
1270.09763835007  2.862354E-13
1271.54529527061  3.543437E-13
1272.99295219115  3.386636E-13
1274.44060911168  3.277566E-13
1275.88826603222  3.100077E-13
1277.33592295276  3.059653E-13
1278.78357987329  3.102898E-13
1280.23123679383  3.110668E-13
1281.67889371437  3.333304E-13
1283.1265506349  2.860302E-13
1284.57420755544  2.764591E-13
1286.02186447598  3.268759E-13
1287.46952139651  2.800274E-13
1288.91717831705  2.953795E-13
1290.36483523759  2.789031E-13
1291.81249215812  3.029013E-13
1293.26014907866  3.088705E-13
1294.7078059992  3.349768E-13
1296.15546291974  3.206416E-13
1297.60311984027  3.064854E-13
1299.05077676081  3.585767E-13
1300.49843368135  3.264431E-13
1301.94609060188  2.961441E-13
1303.39374752242  3.179905E-13
1304.84140444296  2.977290E-13
1306.28906136349  2.877482E-13
1307.73671828403  3.243898E-13
1309.18437520457  2.756216E-13
1310.6320321251  2.488631E-13
1312.07968904564  3.088150E-13
1313.52734596618  3.022650E-13
1314.97500288671  3.114554E-13
1316.42265980725  2.840745E-13
1317.87031672779  2.592608E-13
1319.31797364832  2.838214E-13
1320.76563056886  2.551001E-13
1322.2132874894  2.888428E-13
1323.66094440993  3.283559E-13
1325.10860133047  3.042123E-13
1326.55625825101  2.913322E-13
1328.00391517154  2.962454E-13
1329.45157209208  3.131020E-13
1330.89922901262  3.224342E-13
1332.34688593315  2.908228E-13
1333.79454285369  2.879719E-13
1335.24219977423  2.785885E-13
1336.68985669477  2.198610E-13
1338.1375136153  2.613375E-13
1339.58517053584  2.867660E-13
1341.03282745638  3.190568E-13
1342.48048437691  3.067969E-13
1343.92814129745  2.900542E-13
1345.37579821799  2.717472E-13
1346.82345513852  2.620436E-13
1348.27111205906  2.632513E-13
1349.7187689796  2.908080E-13
1351.16642590013  2.800246E-13
1352.61408282067  2.750472E-13
1354.06173974121  2.842341E-13
1355.50939666174  2.666572E-13
1356.95705358228  2.869041E-13
1358.40471050282  2.968117E-13
1359.85236742335  2.870490E-13
1361.30002434389  2.948818E-13
1362.74768126443  3.045501E-13
1364.19533818496  3.101848E-13
1365.6429951055  2.672739E-13
1367.09065202604  2.588217E-13
1368.53830894657  2.955334E-13
1369.98596586711  3.029423E-13
1371.43362278765  2.699367E-13
1372.88127970819  2.502014E-13
1374.32893662872  2.472393E-13
1375.77659354926  2.724369E-13
1377.2242504698  2.926291E-13
1378.67190739033  2.982249E-13
1380.11956431087  2.771298E-13
1381.56722123141  3.212808E-13
1383.01487815194  2.869254E-13
1384.46253507248  2.990173E-13
1385.91019199302  2.635805E-13
1387.35784891355  2.842062E-13
1388.80550583409  3.076929E-13
1390.25316275463  2.964016E-13
1391.70081967516  3.375534E-13
1393.1484765957  3.201546E-13
1394.59613351624  3.106804E-13
1396.04379043677  3.499157E-13
1397.49144735731  3.549773E-13
1398.93910427785  2.844718E-13
1400.38676119838  3.377094E-13
1401.83441811892  3.414887E-13
1403.28207503946  3.234804E-13
1404.72973195999  2.858388E-13
1406.17738888053  3.017924E-13
1407.62504580107  2.780693E-13
1409.0727027216  2.585242E-13
1410.52035964214  2.941135E-13
1411.96801656268  2.766628E-13
1413.41567348322  2.868882E-13
1414.86333040375  3.025446E-13
1416.31098732429  2.963033E-13
1417.75864424483  2.939071E-13
1419.20630116536  2.528838E-13
1420.6539580859  2.344162E-13
1422.10161500644  2.386239E-13
1423.54927192697  2.373625E-13
1424.99692884751  2.270926E-13
1426.44458576805  2.572520E-13
1427.89224268858  2.552327E-13
1429.33989960912  2.576727E-13
1430.78755652966  2.453801E-13
1432.23521345019  2.634810E-13
1433.68287037073  2.924592E-13
1435.13052729127  2.739833E-13
1436.5781842118  2.649141E-13
1438.02584113234  2.802413E-13
1439.47349805288  2.697903E-13
1440.92115497341  2.740557E-13
1442.36881189395  2.480920E-13
1443.81646881449  2.467715E-13
1445.26412573502  2.575277E-13
1446.71178265556  2.266788E-13
1448.1594395761  2.695653E-13
1449.60709649664  2.546529E-13
1451.05475341717  2.239268E-13
1452.50241033771  2.576998E-13
1453.95006725825  2.582876E-13
1455.39772417878  2.749340E-13
1456.84538109932  2.773998E-13
1458.29303801986  2.709108E-13
1459.74069494039  2.695256E-13
1461.18835186093  2.696627E-13
1462.63600878147  2.428313E-13
1464.083665702  2.343923E-13
1465.53132262254  2.356532E-13
1466.97897954308  2.237006E-13
1468.42663646361  2.802332E-13
1469.87429338415  2.590208E-13
1471.32195030469  2.318957E-13
1472.76960722522  2.626918E-13
1474.21726414576  2.581586E-13
1475.6649210663  2.625800E-13
1477.11257798683  2.551996E-13
1478.56023490737  2.613070E-13
1480.00789182791  2.468778E-13
1481.45554874844  2.199783E-13
1482.90320566898  2.290205E-13
1484.35086258952  2.788019E-13
1485.79851951005  2.404417E-13
1487.24617643059  2.424787E-13
1488.69383335113  2.378047E-13
1490.14149027167  2.374832E-13
1491.5891471922  2.450519E-13
1493.03680411274  2.751602E-13
1494.48446103328  2.697801E-13
1495.93211795381  2.425077E-13
1497.37977487435  2.418467E-13
1498.82743179489  2.480780E-13
1500.27508871542  2.605553E-13
1501.72274563596  2.550149E-13
1503.1704025565  2.571890E-13
1504.61805947703  2.451131E-13
1506.06571639757  2.462442E-13
1507.51337331811  2.429518E-13
1508.96103023864  2.496347E-13
1510.40868715918  2.795022E-13
1511.85634407972  2.725239E-13
1513.30400100025  2.778646E-13
1514.75165792079  2.887330E-13
1516.19931484133  2.692676E-13
1517.64697176186  2.683965E-13
1519.0946286824  2.915089E-13
1520.54228560294  3.050701E-13
1521.98994252347  2.889413E-13
1523.43759944401  3.020293E-13
1524.88525636455  3.028962E-13
1526.33291328509  2.821772E-13
1527.78057020562  3.131160E-13
1529.22822712616  3.312296E-13
1530.6758840467  3.484812E-13
1532.12354096723  2.890581E-13
1533.57119788777  3.242647E-13
1535.01885480831  3.614797E-13
1536.46651172884  3.679633E-13
1537.91416864938  3.930509E-13
1539.36182556992  4.204227E-13
1540.80948249045  4.070702E-13
1542.25713941099  4.261749E-13
1543.70479633153  4.243642E-13
1545.15245325206  4.185839E-13
1546.6001101726  4.373127E-13
1548.04776709314  4.615387E-13
1549.49542401367  3.886627E-13
1550.94308093421  4.032445E-13
1552.39073785475  3.758636E-13
1553.83839477528  4.093382E-13
1555.28605169582  3.535401E-13
1556.73370861636  3.203254E-13
1558.18136553689  3.201226E-13
1559.62902245743  3.144772E-13
1561.07667937797  2.983621E-13
1562.5243362985  2.793898E-13
1563.97199321904  2.804727E-13
1565.41965013958  3.144153E-13
1566.86730706012  3.130495E-13
1568.31496398065  3.144635E-13
1569.76262090119  2.957293E-13
1571.21027782173  2.724285E-13
1572.65793474226  2.743240E-13
1574.1055916628  2.695201E-13
1575.55324858334  2.427253E-13
1577.00090550387  2.503418E-13
1578.44856242441  2.533757E-13
1579.89621934495  2.634495E-13
1581.34387626548  2.554450E-13
1582.79153318602  2.492271E-13
1584.23919010656  2.510266E-13
1585.68684702709  2.428633E-13
1587.13450394763  2.369985E-13
1588.58216086817  2.196967E-13
1590.0298177887  2.350537E-13
1591.47747470924  2.467997E-13
1592.92513162978  2.508452E-13
1594.37278855031  2.427644E-13
1595.82044547085  2.328460E-13
1597.26810239139  2.400394E-13
1598.71575931192  2.219182E-13
1600.16341623246  2.299654E-13
1601.611073153  2.496086E-13
1603.05873007354  2.469815E-13
1604.50638699407  2.498509E-13
1605.95404391461  2.425211E-13
1607.40170083515  2.457169E-13
1608.84935775568  2.442153E-13
1610.29701467622  2.352387E-13
1611.74467159676  2.248163E-13
1613.19232851729  2.232696E-13
1614.63998543783  2.315077E-13
1616.08764235837  2.380336E-13
1617.5352992789  2.393593E-13
1618.98295619944  2.330192E-13
1620.43061311998  2.342723E-13
1621.87827004051  2.388957E-13
1623.32592696105  2.356937E-13
1624.77358388159  2.515472E-13
1626.22124080212  2.523346E-13
1627.66889772266  2.439069E-13
1629.1165546432  2.372527E-13
1630.56421156373  2.473502E-13
1632.01186848427  2.533393E-13
1633.45952540481  2.479995E-13
1634.90718232534  2.586484E-13
1636.35483924588  2.602973E-13
1637.80249616642  2.420666E-13
1639.25015308695  2.351462E-13
1640.69781000749  2.349965E-13
1642.14546692803  2.413114E-13
1643.59312384857  2.530465E-13
1645.0407807691  2.437565E-13
1646.48843768964  2.333866E-13
1647.93609461018  2.267529E-13
1649.38375153071  2.182681E-13
1650.83140845125  2.192943E-13
1652.27906537179  2.198002E-13
1653.72672229232  2.359841E-13
1655.17437921286  2.364445E-13
1656.6220361334  2.366817E-13
1658.06969305393  2.361118E-13
1659.51734997447  2.451414E-13
1660.96500689501  2.564374E-13
1662.41266381554  2.710182E-13
1663.86032073608  2.457773E-13
1665.30797765662  2.404553E-13
1666.75563457715  2.348430E-13
1668.20329149769  2.328181E-13
1669.65094841823  2.279812E-13
1671.09860533876  2.287113E-13
1672.5462622593  2.286222E-13
1673.99391917984  2.338776E-13
1675.44157610038  2.416698E-13
1676.88923302091  2.368033E-13
1678.33688994145  2.166490E-13
1679.78454686199  2.097741E-13
1681.23220378252  2.063904E-13
1682.67986070306  2.103443E-13
1684.1275176236  2.290312E-13
1685.57517454413  2.262392E-13
1687.02283146467  2.343918E-13
1688.47048838521  2.422948E-13
1689.91814530574  2.340649E-13
1691.36580222628  2.289032E-13
1692.81345914682  2.254926E-13
1694.26111606735  2.190080E-13
1695.70877298789  2.136403E-13
1697.15642990843  2.127658E-13
1698.60408682896  2.120931E-13
1700.0517437495  2.096556E-13
1701.49940067004  2.198793E-13
1702.94705759057  2.281626E-13
1704.39471451111  2.247823E-13
1705.84237143165  2.219809E-13
1707.29002835218  2.255547E-13
1708.73768527272  2.217731E-13
1710.18534219326  0.
1711.63299911379  0.
1713.08065603433  0.
1714.52831295487  0.
1715.97596987541  0.
1717.42362679594  0.
1718.87128371648  0.
1720.31894063702  0.
1721.76659755755  0.
1723.21425447809  0.
1724.66191139863  0.
1726.10956831916  0.
1727.5572252397  0.
1729.00488216024  0.
1730.45253908077  0.
1731.90019600131  0.
1733.34785292185  0.
1734.79550984238  0.
1736.24316676292  0.
1737.69082368346  0.
1739.13848060399  0.
1740.58613752453  0.
1742.03379444507  0.
1743.4814513656  0.
1744.92910828614  0.
1746.37676520668  0.
1747.82442212721  0.
1749.27207904775  0.
1750.71973596829  0.
1752.16739288882  0.
1753.61504980936  0.
1755.0627067299  0.
1756.51036365043  0.
1757.95802057097  0.
1759.40567749151  0.
1760.85333441205  0.
1762.30099133258  0.
1763.74864825312  0.
1765.19630517366  0.
1766.64396209419  0.
1768.09161901473  0.
1769.53927593527  0.
1770.9869328558  0.
1772.43458977634  0.
1773.88224669688  0.
1775.32990361741  0.
1776.77756053795  0.
1778.22521745849  0.
1779.67287437902  0.
1781.12053129956  0.
1782.5681882201  0.
1784.01584514063  0.
1785.46350206117  0.
1786.91115898171  0.
1788.35881590224  0.
1789.80647282278  0.
1791.25412974332  0.
1792.70178666385  0.
1794.14944358439  0.
1795.59710050493  0.
1797.04475742547  0.
1798.492414346  0.
1799.94007126654  0.
1801.38772818708  0.
1802.83538510761  0.
1804.28304202815  0.
1805.73069894869  0.
1807.17835586922  0.
1808.62601278976  0.
1810.0736697103  0.
1811.52132663083  0.
1812.96898355137  0.
1814.41664047191  0.
1815.86429739244  0.
1817.31195431298  0.
1818.75961123352  0.
1820.20726815405  0.
1821.65492507459  0.
1823.10258199513  0.
1824.55023891566  0.
1825.9978958362  0.
1827.44555275674  0.
1828.89320967727  0.
1830.34086659781  0.
1831.78852351835  0.
