906.735751295338  0.
908.183408215875  0.
909.631065136412  0.
911.078722056949  0.
912.526378977485  0.
913.974035898022  0.
915.421692818559  0.
916.869349739096  0.
918.317006659633  0.
919.764663580169  0.
921.212320500706  0.
922.659977421243  0.
924.10763434178  0.
925.555291262316  0.
927.002948182853  0.
928.45060510339  0.
929.898262023927  0.
931.345918944464  0.
932.793575865  0.
934.241232785537  0.
935.688889706074  0.
937.136546626611  0.
938.584203547148  0.
940.031860467684  0.
941.479517388221  0.
942.927174308758  0.
944.374831229295  0.
945.822488149832  0.
947.270145070369  0.
948.717801990905  0.
950.165458911442  0.
951.613115831979  0.
953.060772752515  0.
954.508429673052  0.
955.956086593589  0.
957.403743514126  0.
958.851400434663  0.
960.2990573552  0.
961.746714275736  0.
963.194371196273  0.
964.64202811681  0.
966.089685037347  0.
967.537341957883  0.
968.98499887842  0.
970.432655798957  0.
971.880312719494  0.
973.327969640031  0.
974.775626560567  0.
976.223283481104  0.
977.670940401641  0.
979.118597322178  0.
980.566254242715  0.
982.013911163251  0.
983.461568083788  0.
984.909225004325  0.
986.356881924862  0.
987.804538845399  0.
989.252195765935  0.
990.699852686472  0.
992.147509607009  0.
993.595166527546  4.967943E-13
995.042823448082  3.890741E-13
996.490480368619  6.032295E-13
997.938137289156  6.420321E-13
999.385794209693  5.999513E-13
1000.83345113023  4.391018E-13
1002.28110805077  4.369121E-13
1003.7287649713  5.674608E-13
1005.17642189184  5.225787E-13
1006.62407881238  5.742747E-13
1008.07173573291  4.208298E-13
1009.51939265345  4.364784E-13
1010.96704957399  6.218507E-13
1012.41470649452  5.836039E-13
1013.86236341506  4.621635E-13
1015.3100203356  5.337756E-13
1016.75767725613  4.569809E-13
1018.20533417667  5.357056E-13
1019.65299109721  4.172137E-13
1021.10064801775  4.342028E-13
1022.54830493828  3.987383E-13
1023.99596185882  4.047683E-13
1025.44361877936  5.505131E-13
1026.89127569989  5.088477E-13
1028.33893262043  5.340088E-13
1029.78658954097  4.785807E-13
1031.2342464615  5.775547E-13
1032.68190338204  5.165980E-13
1034.12956030258  5.221301E-13
1035.57721722311  4.611270E-13
1037.02487414365  4.520552E-13
1038.47253106419  5.083493E-13
1039.92018798472  4.695370E-13
1041.36784490526  4.058229E-13
1042.8155018258  4.862479E-13
1044.26315874633  4.266009E-13
1045.71081566687  4.523485E-13
1047.15847258741  3.908411E-13
1048.60612950794  3.993376E-13
1050.05378642848  3.459751E-13
1051.50144334902  4.350409E-13
1052.94910026955  4.816810E-13
1054.39675719009  4.386120E-13
1055.84441411063  3.785244E-13
1057.29207103116  4.230122E-13
1058.7397279517  3.703158E-13
1060.18738487224  3.560166E-13
1061.63504179277  3.715787E-13
1063.08269871331  3.833288E-13
1064.53035563385  4.276213E-13
1065.97801255439  4.178821E-13
1067.42566947492  4.557972E-13
1068.87332639546  4.083115E-13
1070.320983316  4.800178E-13
1071.76864023653  3.736627E-13
1073.21629715707  3.746417E-13
1074.66395407761  4.249980E-13
1076.11161099814  3.999244E-13
1077.55926791868  3.802594E-13
1079.00692483922  3.563835E-13
1080.45458175975  3.719021E-13
1081.90223868029  3.438427E-13
1083.34989560083  3.764770E-13
1084.79755252136  3.752238E-13
1086.2452094419  3.352658E-13
1087.69286636244  2.874148E-13
1089.14052328297  3.260694E-13
1090.58818020351  3.369397E-13
1092.03583712405  3.361555E-13
1093.48349404458  3.583366E-13
1094.93115096512  3.283586E-13
1096.37880788566  3.405526E-13
1097.82646480619  3.689381E-13
1099.27412172673  3.252476E-13
1100.72177864727  2.907904E-13
1102.1694355678  3.464701E-13
1103.61709248834  3.752649E-13
1105.06474940888  3.687440E-13
1106.51240632942  3.057314E-13
1107.96006324995  3.341155E-13
1109.40772017049  3.745164E-13
1110.85537709103  3.421725E-13
1112.30303401156  3.624390E-13
1113.7506909321  3.990791E-13
1115.19834785264  3.853485E-13
1116.64600477317  3.288619E-13
1118.09366169371  3.900393E-13
1119.54131861425  3.757277E-13
1120.98897553478  3.639598E-13
1122.43663245532  2.941680E-13
1123.88428937586  3.722269E-13
1125.33194629639  3.227935E-13
1126.77960321693  2.905708E-13
1128.22726013747  3.553931E-13
1129.674917058  3.266331E-13
1131.12257397854  3.612797E-13
1132.57023089908  3.639234E-13
1134.01788781961  3.302476E-13
1135.46554474015  3.336534E-13
1136.91320166069  3.427677E-13
1138.36085858122  3.240549E-13
1139.80851550176  3.813439E-13
1141.2561724223  3.102854E-13
1142.70382934284  3.514520E-13
1144.15148626337  3.427683E-13
1145.59914318391  3.478119E-13
1147.04680010445  3.691262E-13
1148.49445702498  3.842803E-13
1149.94211394552  3.268989E-13
1151.38977086606  3.457325E-13
1152.83742778659  2.746846E-13
1154.28508470713  2.911279E-13
1155.73274162767  3.660422E-13
1157.1803985482  3.580895E-13
1158.62805546874  3.578042E-13
1160.07571238928  3.466907E-13
1161.52336930981  3.411360E-13
1162.97102623035  3.602335E-13
1164.41868315089  3.468043E-13
1165.86634007142  3.273010E-13
1167.31399699196  3.858364E-13
1168.7616539125  3.399228E-13
1170.20931083303  3.914684E-13
1171.65696775357  3.460646E-13
1173.10462467411  3.938128E-13
1174.55228159464  3.573819E-13
1175.99993851518  3.775956E-13
1177.44759543572  3.836573E-13
1178.89525235625  3.870930E-13
1180.34290927679  3.853770E-13
1181.79056619733  4.275783E-13
1183.23822311787  4.328567E-13
1184.6858800384  3.991305E-13
1186.13353695894  4.200665E-13
1187.58119387948  4.141934E-13
1189.02885080001  4.091877E-13
1190.47650772055  4.313066E-13
1191.92416464109  4.328555E-13
1193.37182156162  5.518938E-13
1194.81947848216  5.243307E-13
1196.2671354027  5.732820E-13
1197.71479232323  5.224024E-13
1199.16244924377  5.191584E-13
1200.61010616431  5.678957E-13
1202.05776308484  5.709363E-13
1203.50542000538  5.591306E-13
1204.95307692592  6.719179E-13
1206.40073384645  6.642789E-13
1207.84839076699  9.541698E-13
1209.29604768753  8.417851E-13
1210.74370460806  9.722727E-13
1212.1913615286  1.067982E-12
1213.63901844914  8.710345E-13
1215.08667536967  7.759692E-13
1216.53433229021  1.016944E-12
1217.98198921075  7.990984E-13
1219.42964613129  8.662454E-13
1220.87730305182  8.067345E-13
1222.32495997236  6.946320E-13
1223.7726168929  6.122903E-13
1225.22027381343  4.986097E-13
1226.66793073397  5.616030E-13
1228.11558765451  5.612455E-13
1229.56324457504  5.152378E-13
1231.01090149558  5.078621E-13
1232.45855841612  5.597609E-13
1233.90621533665  5.200394E-13
1235.35387225719  4.841019E-13
1236.80152917773  5.033633E-13
1238.24918609826  4.597922E-13
1239.6968430188  5.824150E-13
1241.14449993934  4.979774E-13
1242.59215685987  4.998091E-13
1244.03981378041  4.600511E-13
1245.48747070095  4.143451E-13
1246.93512762148  4.537425E-13
1248.38278454202  4.062508E-13
1249.83044146256  3.698220E-13
1251.27809838309  4.196210E-13
1252.72575530363  4.237761E-13
1254.17341222417  3.851539E-13
1255.62106914471  4.014846E-13
1257.06872606524  3.842900E-13
1258.51638298578  3.721759E-13
1259.96403990632  3.869769E-13
1261.41169682685  3.770378E-13
1262.85935374739  3.641907E-13
1264.30701066793  3.566121E-13
1265.75466758846  3.641342E-13
1267.202324509  3.331506E-13
1268.64998142954  3.174464E-13
1270.09763835007  3.153468E-13
1271.54529527061  3.092167E-13
1272.99295219115  2.992927E-13
1274.44060911168  2.797597E-13
1275.88826603222  2.896005E-13
1277.33592295276  3.255984E-13
1278.78357987329  3.156478E-13
1280.23123679383  3.481169E-13
1281.67889371437  3.621442E-13
1283.1265506349  2.813823E-13
1284.57420755544  2.800462E-13
1286.02186447598  2.902541E-13
1287.46952139651  2.934082E-13
1288.91717831705  3.127636E-13
1290.36483523759  3.204192E-13
1291.81249215812  2.825827E-13
1293.26014907866  2.977517E-13
1294.7078059992  3.248159E-13
1296.15546291974  3.204988E-13
1297.60311984027  2.930285E-13
1299.05077676081  3.621543E-13
1300.49843368135  3.466670E-13
1301.94609060188  3.114917E-13
1303.39374752242  3.296285E-13
1304.84140444296  3.237626E-13
1306.28906136349  3.115984E-13
1307.73671828403  3.123504E-13
1309.18437520457  3.271896E-13
1310.6320321251  2.957387E-13
1312.07968904564  3.086756E-13
1313.52734596618  2.972271E-13
1314.97500288671  3.096024E-13
1316.42265980725  2.614506E-13
1317.87031672779  2.526105E-13
1319.31797364832  2.925874E-13
1320.76563056886  2.783418E-13
1322.2132874894  2.778931E-13
1323.66094440993  3.210570E-13
1325.10860133047  3.039740E-13
1326.55625825101  2.719444E-13
1328.00391517154  2.678099E-13
1329.45157209208  2.959917E-13
1330.89922901262  2.922363E-13
1332.34688593315  2.972570E-13
1333.79454285369  2.880515E-13
1335.24219977423  2.886705E-13
1336.68985669477  2.665068E-13
1338.1375136153  2.623945E-13
1339.58517053584  2.716344E-13
1341.03282745638  3.100589E-13
1342.48048437691  3.055828E-13
1343.92814129745  3.284125E-13
1345.37579821799  2.816294E-13
1346.82345513852  2.747753E-13
1348.27111205906  2.895853E-13
1349.7187689796  2.758858E-13
1351.16642590013  2.841754E-13
1352.61408282067  2.796324E-13
1354.06173974121  2.619484E-13
1355.50939666174  2.484624E-13
1356.95705358228  2.625597E-13
1358.40471050282  2.601595E-13
1359.85236742335  2.735296E-13
1361.30002434389  2.799206E-13
1362.74768126443  2.978372E-13
1364.19533818496  2.999778E-13
1365.6429951055  2.705155E-13
1367.09065202604  2.898859E-13
1368.53830894657  2.949223E-13
1369.98596586711  3.017439E-13
1371.43362278765  2.810522E-13
1372.88127970819  3.022544E-13
1374.32893662872  2.930413E-13
1375.77659354926  3.102097E-13
1377.2242504698  3.030009E-13
1378.67190739033  2.957136E-13
1380.11956431087  3.205430E-13
1381.56722123141  3.222250E-13
1383.01487815194  2.600788E-13
1384.46253507248  2.866196E-13
1385.91019199302  2.701761E-13
1387.35784891355  2.919998E-13
1388.80550583409  3.001800E-13
1390.25316275463  3.161506E-13
1391.70081967516  3.141041E-13
1393.1484765957  3.203786E-13
1394.59613351624  3.320109E-13
1396.04379043677  3.300733E-13
1397.49144735731  3.285013E-13
1398.93910427785  3.202897E-13
1400.38676119838  3.463735E-13
1401.83441811892  3.345533E-13
1403.28207503946  3.428637E-13
1404.72973195999  2.766212E-13
1406.17738888053  2.889124E-13
1407.62504580107  3.117048E-13
1409.0727027216  3.111975E-13
1410.52035964214  2.979232E-13
1411.96801656268  3.032190E-13
1413.41567348322  2.971847E-13
1414.86333040375  3.004308E-13
1416.31098732429  2.833129E-13
1417.75864424483  2.788518E-13
1419.20630116536  2.563572E-13
1420.6539580859  2.775926E-13
1422.10161500644  2.736543E-13
1423.54927192697  2.614369E-13
1424.99692884751  2.434029E-13
1426.44458576805  2.580427E-13
1427.89224268858  2.645999E-13
1429.33989960912  2.523237E-13
1430.78755652966  2.639062E-13
1432.23521345019  2.748406E-13
1433.68287037073  2.687246E-13
1435.13052729127  2.365867E-13
1436.5781842118  2.441887E-13
1438.02584113234  2.482342E-13
1439.47349805288  2.641701E-13
1440.92115497341  2.577662E-13
1442.36881189395  2.224848E-13
1443.81646881449  2.373053E-13
1445.26412573502  2.319648E-13
1446.71178265556  2.469439E-13
1448.1594395761  2.451968E-13
1449.60709649664  2.263538E-13
1451.05475341717  2.283787E-13
1452.50241033771  2.480165E-13
1453.95006725825  2.635188E-13
1455.39772417878  2.467372E-13
1456.84538109932  2.425490E-13
1458.29303801986  2.461564E-13
1459.74069494039  2.451448E-13
1461.18835186093  2.654060E-13
1462.63600878147  2.550154E-13
1464.083665702  2.332773E-13
1465.53132262254  2.284130E-13
1466.97897954308  2.340703E-13
1468.42663646361  2.508469E-13
1469.87429338415  2.504499E-13
1471.32195030469  2.462551E-13
1472.76960722522  2.535812E-13
1474.21726414576  2.691899E-13
1475.6649210663  2.677555E-13
1477.11257798683  2.450084E-13
1478.56023490737  2.376429E-13
1480.00789182791  2.416198E-13
1481.45554874844  2.460388E-13
1482.90320566898  2.350378E-13
1484.35086258952  2.499856E-13
1485.79851951005  2.435539E-13
1487.24617643059  2.615978E-13
1488.69383335113  2.793497E-13
1490.14149027167  2.660487E-13
1491.5891471922  2.399818E-13
1493.03680411274  2.279731E-13
1494.48446103328  2.467047E-13
1495.93211795381  2.386852E-13
1497.37977487435  2.426209E-13
1498.82743179489  2.401190E-13
1500.27508871542  2.510567E-13
1501.72274563596  2.512684E-13
1503.1704025565  2.499223E-13
1504.61805947703  2.603402E-13
1506.06571639757  2.587371E-13
1507.51337331811  2.651444E-13
1508.96103023864  2.586827E-13
1510.40868715918  2.503282E-13
1511.85634407972  2.458433E-13
1513.30400100025  2.570688E-13
1514.75165792079  2.495977E-13
1516.19931484133  2.666850E-13
1517.64697176186  2.633374E-13
1519.0946286824  2.676537E-13
1520.54228560294  3.010906E-13
1521.98994252347  3.127490E-13
1523.43759944401  2.935694E-13
1524.88525636455  3.010750E-13
1526.33291328509  2.867012E-13
1527.78057020562  3.113965E-13
1529.22822712616  3.073075E-13
1530.6758840467  2.950990E-13
1532.12354096723  2.976748E-13
1533.57119788777  3.388850E-13
1535.01885480831  3.258020E-13
1536.46651172884  3.687236E-13
1537.91416864938  4.103133E-13
1539.36182556992  4.317228E-13
1540.80948249045  4.363031E-13
1542.25713941099  4.707124E-13
1543.70479633153  4.732944E-13
1545.15245325206  4.631044E-13
1546.6001101726  4.876678E-13
1548.04776709314  5.070598E-13
1549.49542401367  4.995363E-13
1550.94308093421  4.391472E-13
1552.39073785475  4.100097E-13
1553.83839477528  3.878103E-13
1555.28605169582  3.648465E-13
1556.73370861636  3.510505E-13
1558.18136553689  3.379469E-13
1559.62902245743  3.111890E-13
1561.07667937797  2.999235E-13
1562.5243362985  3.069823E-13
1563.97199321904  2.904992E-13
1565.41965013958  2.977422E-13
1566.86730706012  2.759164E-13
1568.31496398065  2.748219E-13
1569.76262090119  2.708909E-13
1571.21027782173  2.689476E-13
1572.65793474226  2.630605E-13
1574.1055916628  2.692947E-13
1575.55324858334  2.570818E-13
1577.00090550387  2.666186E-13
1578.44856242441  2.722165E-13
1579.89621934495  2.482689E-13
1581.34387626548  2.406721E-13
1582.79153318602  2.380216E-13
1584.23919010656  2.543999E-13
1585.68684702709  2.545843E-13
1587.13450394763  2.477661E-13
1588.58216086817  2.470893E-13
1590.0298177887  2.462789E-13
1591.47747470924  2.305059E-13
1592.92513162978  2.305750E-13
1594.37278855031  2.280690E-13
1595.82044547085  2.275152E-13
1597.26810239139  2.339899E-13
1598.71575931192  2.457501E-13
1600.16341623246  2.450448E-13
1601.611073153  2.362321E-13
1603.05873007354  2.314167E-13
1604.50638699407  2.351838E-13
1605.95404391461  2.340267E-13
1607.40170083515  2.341532E-13
1608.84935775568  2.402091E-13
1610.29701467622  2.370418E-13
1611.74467159676  2.340798E-13
1613.19232851729  2.361939E-13
1614.63998543783  2.305713E-13
1616.08764235837  2.455691E-13
1617.5352992789  2.453893E-13
1618.98295619944  2.437795E-13
1620.43061311998  2.333512E-13
1621.87827004051  2.353107E-13
1623.32592696105  2.261103E-13
1624.77358388159  2.436486E-13
1626.22124080212  2.479507E-13
1627.66889772266  2.502388E-13
1629.1165546432  2.494414E-13
1630.56421156373  2.496920E-13
1632.01186848427  2.505733E-13
1633.45952540481  2.433184E-13
1634.90718232534  2.507409E-13
1636.35483924588  2.535290E-13
1637.80249616642  2.433993E-13
1639.25015308695  2.405632E-13
1640.69781000749  2.275773E-13
1642.14546692803  2.326401E-13
1643.59312384857  2.422935E-13
1645.0407807691  2.407493E-13
1646.48843768964  2.398633E-13
1647.93609461018  2.335536E-13
1649.38375153071  2.306430E-13
1650.83140845125  2.445343E-13
1652.27906537179  2.355466E-13
1653.72672229232  2.297355E-13
1655.17437921286  2.318777E-13
1656.6220361334  2.337130E-13
1658.06969305393  2.343510E-13
1659.51734997447  2.357075E-13
1660.96500689501  2.330426E-13
1662.41266381554  2.341705E-13
1663.86032073608  2.232288E-13
1665.30797765662  2.320528E-13
1666.75563457715  2.276545E-13
1668.20329149769  2.286432E-13
1669.65094841823  2.147923E-13
1671.09860533876  2.168383E-13
1672.5462622593  2.293627E-13
1673.99391917984  2.288325E-13
1675.44157610038  2.263938E-13
1676.88923302091  2.297896E-13
1678.33688994145  2.186829E-13
1679.78454686199  2.168754E-13
1681.23220378252  2.150809E-13
1682.67986070306  2.159769E-13
1684.1275176236  2.215470E-13
1685.57517454413  2.064082E-13
1687.02283146467  2.049454E-13
1688.47048838521  2.145367E-13
1689.91814530574  2.090773E-13
1691.36580222628  2.117828E-13
1692.81345914682  2.015459E-13
1694.26111606735  2.013585E-13
1695.70877298789  2.027297E-13
1697.15642990843  2.097104E-13
1698.60408682896  2.194192E-13
1700.0517437495  2.171182E-13
1701.49940067004  2.179944E-13
1702.94705759057  2.192187E-13
1704.39471451111  2.151202E-13
1705.84237143165  2.054397E-13
1707.29002835218  2.062992E-13
1708.73768527272  2.013381E-13
1710.18534219326  0.
1711.63299911379  0.
1713.08065603433  0.
1714.52831295487  0.
1715.97596987541  0.
1717.42362679594  0.
1718.87128371648  0.
1720.31894063702  0.
1721.76659755755  0.
1723.21425447809  0.
1724.66191139863  0.
1726.10956831916  0.
1727.5572252397  0.
1729.00488216024  0.
1730.45253908077  0.
1731.90019600131  0.
1733.34785292185  0.
1734.79550984238  0.
1736.24316676292  0.
1737.69082368346  0.
1739.13848060399  0.
1740.58613752453  0.
1742.03379444507  0.
1743.4814513656  0.
1744.92910828614  0.
1746.37676520668  0.
1747.82442212721  0.
1749.27207904775  0.
1750.71973596829  0.
1752.16739288882  0.
1753.61504980936  0.
1755.0627067299  0.
1756.51036365043  0.
1757.95802057097  0.
1759.40567749151  0.
1760.85333441205  0.
1762.30099133258  0.
1763.74864825312  0.
1765.19630517366  0.
1766.64396209419  0.
1768.09161901473  0.
1769.53927593527  0.
1770.9869328558  0.
1772.43458977634  0.
1773.88224669688  0.
1775.32990361741  0.
1776.77756053795  0.
1778.22521745849  0.
1779.67287437902  0.
1781.12053129956  0.
1782.5681882201  0.
1784.01584514063  0.
1785.46350206117  0.
1786.91115898171  0.
1788.35881590224  0.
1789.80647282278  0.
1791.25412974332  0.
1792.70178666385  0.
1794.14944358439  0.
1795.59710050493  0.
1797.04475742547  0.
1798.492414346  0.
1799.94007126654  0.
1801.38772818708  0.
1802.83538510761  0.
1804.28304202815  0.
1805.73069894869  0.
1807.17835586922  0.
1808.62601278976  0.
1810.0736697103  0.
1811.52132663083  0.
1812.96898355137  0.
1814.41664047191  0.
1815.86429739244  0.
1817.31195431298  0.
1818.75961123352  0.
1820.20726815405  0.
1821.65492507459  0.
1823.10258199513  0.
1824.55023891566  0.
1825.9978958362  0.
1827.44555275674  0.
1828.89320967727  0.
1830.34086659781  0.
1831.78852351835  0.
