906.735751295338  0.
908.183408215875  0.
909.631065136412  0.
911.078722056949  0.
912.526378977485  0.
913.974035898022  0.
915.421692818559  0.
916.869349739096  0.
918.317006659633  0.
919.764663580169  0.
921.212320500706  0.
922.659977421243  0.
924.10763434178  0.
925.555291262316  0.
927.002948182853  0.
928.45060510339  0.
929.898262023927  0.
931.345918944464  0.
932.793575865  0.
934.241232785537  0.
935.688889706074  0.
937.136546626611  0.
938.584203547148  0.
940.031860467684  0.
941.479517388221  0.
942.927174308758  0.
944.374831229295  0.
945.822488149832  0.
947.270145070369  0.
948.717801990905  0.
950.165458911442  0.
951.613115831979  0.
953.060772752515  0.
954.508429673052  0.
955.956086593589  0.
957.403743514126  0.
958.851400434663  0.
960.2990573552  0.
961.746714275736  0.
963.194371196273  0.
964.64202811681  0.
966.089685037347  0.
967.537341957883  0.
968.98499887842  0.
970.432655798957  0.
971.880312719494  0.
973.327969640031  0.
974.775626560567  0.
976.223283481104  0.
977.670940401641  0.
979.118597322178  0.
980.566254242715  0.
982.013911163251  0.
983.461568083788  0.
984.909225004325  0.
986.356881924862  0.
987.804538845399  0.
989.252195765935  0.
990.699852686472  0.
992.147509607009  0.
993.595166527546  4.706708E-13
995.042823448082  1.650742E-13
996.490480368619  1.107059E-13
997.938137289156  2.078835E-13
999.385794209693  6.146420E-13
1000.83345113023  4.123217E-13
1002.28110805077  3.002874E-13
1003.7287649713  5.284391E-13
1005.17642189184  4.083310E-13
1006.62407881238  3.463794E-13
1008.07173573291  2.761119E-13
1009.51939265345  4.247337E-13
1010.96704957399  4.213637E-13
1012.41470649452  3.942943E-13
1013.86236341506  4.995719E-13
1015.3100203356  3.139955E-13
1016.75767725613  3.120805E-13
1018.20533417667  3.049743E-13
1019.65299109721  3.492560E-13
1021.10064801775  5.666926E-13
1022.54830493828  4.171150E-13
1023.99596185882  3.495284E-13
1025.44361877936  5.434345E-13
1026.89127569989  4.699231E-13
1028.33893262043  4.380570E-13
1029.78658954097  4.940197E-13
1031.2342464615  5.049016E-13
1032.68190338204  5.004020E-13
1034.12956030258  3.753730E-13
1035.57721722311  4.177615E-13
1037.02487414365  3.648348E-13
1038.47253106419  3.255970E-13
1039.92018798472  3.395276E-13
1041.36784490526  4.340673E-13
1042.8155018258  4.205999E-13
1044.26315874633  5.342852E-13
1045.71081566687  7.996500E-13
1047.15847258741  7.586690E-13
1048.60612950794  7.379176E-13
1050.05378642848  7.423468E-13
1051.50144334902  7.667331E-13
1052.94910026955  7.610631E-13
1054.39675719009  7.098815E-13
1055.84441411063  6.229648E-13
1057.29207103116  3.919491E-13
1058.7397279517  3.015148E-13
1060.18738487224  3.646558E-13
1061.63504179277  3.573818E-13
1063.08269871331  3.379696E-13
1064.53035563385  3.469636E-13
1065.97801255439  3.297589E-13
1067.42566947492  4.023158E-13
1068.87332639546  3.490053E-13
1070.320983316  3.437805E-13
1071.76864023653  4.149865E-13
1073.21629715707  3.655050E-13
1074.66395407761  4.214132E-13
1076.11161099814  3.404217E-13
1077.55926791868  3.511712E-13
1079.00692483922  3.333677E-13
1080.45458175975  3.257776E-13
1081.90223868029  3.111839E-13
1083.34989560083  3.203251E-13
1084.79755252136  2.994221E-13
1086.2452094419  2.840503E-13
1087.69286636244  2.549905E-13
1089.14052328297  2.601971E-13
1090.58818020351  3.179542E-13
1092.03583712405  3.904259E-13
1093.48349404458  3.573142E-13
1094.93115096512  2.895434E-13
1096.37880788566  2.878543E-13
1097.82646480619  2.908444E-13
1099.27412172673  3.245084E-13
1100.72177864727  3.302053E-13
1102.1694355678  2.637868E-13
1103.61709248834  2.798041E-13
1105.06474940888  2.780403E-13
1106.51240632942  2.927820E-13
1107.96006324995  2.988429E-13
1109.40772017049  3.430548E-13
1110.85537709103  3.311532E-13
1112.30303401156  2.969429E-13
1113.7506909321  3.192638E-13
1115.19834785264  2.683897E-13
1116.64600477317  3.399298E-13
1118.09366169371  3.499058E-13
1119.54131861425  3.044888E-13
1120.98897553478  3.185056E-13
1122.43663245532  3.159466E-13
1123.88428937586  3.502096E-13
1125.33194629639  2.623214E-13
1126.77960321693  2.553769E-13
1128.22726013747  2.667299E-13
1129.674917058  3.687402E-13
1131.12257397854  3.224038E-13
1132.57023089908  3.011686E-13
1134.01788781961  3.512667E-13
1135.46554474015  3.117213E-13
1136.91320166069  2.889661E-13
1138.36085858122  2.767937E-13
1139.80851550176  2.597085E-13
1141.2561724223  2.705586E-13
1142.70382934284  2.807655E-13
1144.15148626337  3.177678E-13
1145.59914318391  3.134844E-13
1147.04680010445  3.038414E-13
1148.49445702498  2.972055E-13
1149.94211394552  2.884945E-13
1151.38977086606  2.632703E-13
1152.83742778659  2.385202E-13
1154.28508470713  2.418617E-13
1155.73274162767  3.340925E-13
1157.1803985482  3.149394E-13
1158.62805546874  2.826789E-13
1160.07571238928  3.126134E-13
1161.52336930981  2.675623E-13
1162.97102623035  3.404530E-13
1164.41868315089  3.317986E-13
1165.86634007142  3.171558E-13
1167.31399699196  3.522931E-13
1168.7616539125  3.245204E-13
1170.20931083303  3.520013E-13
1171.65696775357  2.972276E-13
1173.10462467411  2.904470E-13
1174.55228159464  3.332587E-13
1175.99993851518  3.967837E-13
1177.44759543572  4.359087E-13
1178.89525235625  3.657223E-13
1180.34290927679  4.005665E-13
1181.79056619733  3.554816E-13
1183.23822311787  3.349039E-13
1184.6858800384  3.591064E-13
1186.13353695894  3.853984E-13
1187.58119387948  4.111316E-13
1189.02885080001  3.745874E-13
1190.47650772055  3.828790E-13
1191.92416464109  4.081351E-13
1193.37182156162  4.142412E-13
1194.81947848216  4.659965E-13
1196.2671354027  4.355069E-13
1197.71479232323  4.541576E-13
1199.16244924377  5.544029E-13
1200.61010616431  5.554286E-13
1202.05776308484  5.880439E-13
1203.50542000538  5.210394E-13
1204.95307692592  6.334349E-13
1206.40073384645  6.838182E-13
1207.84839076699  7.306367E-13
1209.29604768753  7.894505E-13
1210.74370460806  9.040501E-13
1212.1913615286  1.005418E-12
1213.63901844914  1.179669E-12
1215.08667536967  1.060787E-12
1216.53433229021  1.036439E-12
1217.98198921075  9.436028E-13
1219.42964613129  9.026804E-13
1220.87730305182  7.486448E-13
1222.32495997236  6.161552E-13
1223.7726168929  6.004149E-13
1225.22027381343  5.789902E-13
1226.66793073397  5.202282E-13
1228.11558765451  5.647445E-13
1229.56324457504  5.199509E-13
1231.01090149558  4.727181E-13
1232.45855841612  4.067950E-13
1233.90621533665  4.420362E-13
1235.35387225719  4.091105E-13
1236.80152917773  4.856075E-13
1238.24918609826  4.305852E-13
1239.6968430188  4.614767E-13
1241.14449993934  5.334721E-13
1242.59215685987  4.786670E-13
1244.03981378041  4.350799E-13
1245.48747070095  3.814434E-13
1246.93512762148  3.785446E-13
1248.38278454202  4.684077E-13
1249.83044146256  4.158174E-13
1251.27809838309  3.581108E-13
1252.72575530363  3.843200E-13
1254.17341222417  4.012143E-13
1255.62106914471  3.513142E-13
1257.06872606524  3.541800E-13
1258.51638298578  3.783052E-13
1259.96403990632  3.279712E-13
1261.41169682685  3.060454E-13
1262.85935374739  3.800625E-13
1264.30701066793  3.460970E-13
1265.75466758846  3.592600E-13
1267.202324509  3.020815E-13
1268.64998142954  3.712439E-13
1270.09763835007  2.978651E-13
1271.54529527061  3.107678E-13
1272.99295219115  3.184857E-13
1274.44060911168  3.187217E-13
1275.88826603222  2.873063E-13
1277.33592295276  3.140987E-13
1278.78357987329  3.066729E-13
1280.23123679383  2.922740E-13
1281.67889371437  2.810974E-13
1283.1265506349  2.610699E-13
1284.57420755544  2.636982E-13
1286.02186447598  2.693150E-13
1287.46952139651  2.409129E-13
1288.91717831705  2.847346E-13
1290.36483523759  2.997077E-13
1291.81249215812  2.909881E-13
1293.26014907866  2.910611E-13
1294.7078059992  2.384691E-13
1296.15546291974  3.188440E-13
1297.60311984027  2.859594E-13
1299.05077676081  3.007723E-13
1300.49843368135  3.126344E-13
1301.94609060188  3.735243E-13
1303.39374752242  3.408200E-13
1304.84140444296  2.665800E-13
1306.28906136349  2.577591E-13
1307.73671828403  3.679304E-13
1309.18437520457  3.127154E-13
1310.6320321251  3.020352E-13
1312.07968904564  3.218080E-13
1313.52734596618  3.204600E-13
1314.97500288671  3.095025E-13
1316.42265980725  2.526796E-13
1317.87031672779  2.226722E-13
1319.31797364832  2.083672E-13
1320.76563056886  2.557954E-13
1322.2132874894  2.467675E-13
1323.66094440993  3.280572E-13
1325.10860133047  3.033193E-13
1326.55625825101  2.748178E-13
1328.00391517154  2.812113E-13
1329.45157209208  2.994311E-13
1330.89922901262  2.184785E-13
1332.34688593315  3.183743E-13
1333.79454285369  2.807155E-13
1335.24219977423  2.858365E-13
1336.68985669477  2.469463E-13
1338.1375136153  2.543472E-13
1339.58517053584  2.703653E-13
1341.03282745638  2.827105E-13
1342.48048437691  2.845527E-13
1343.92814129745  3.035309E-13
1345.37579821799  2.866484E-13
1346.82345513852  3.257386E-13
1348.27111205906  3.044193E-13
1349.7187689796  2.811264E-13
1351.16642590013  3.608795E-13
1352.61408282067  2.832117E-13
1354.06173974121  2.262597E-13
1355.50939666174  3.123941E-13
1356.95705358228  3.032818E-13
1358.40471050282  2.868992E-13
1359.85236742335  2.850001E-13
1361.30002434389  3.175154E-13
1362.74768126443  3.219389E-13
1364.19533818496  3.158542E-13
1365.6429951055  2.535431E-13
1367.09065202604  2.653402E-13
1368.53830894657  3.267576E-13
1369.98596586711  2.812480E-13
1371.43362278765  2.257729E-13
1372.88127970819  2.885087E-13
1374.32893662872  3.304057E-13
1375.77659354926  3.349637E-13
1377.2242504698  2.486413E-13
1378.67190739033  2.846276E-13
1380.11956431087  2.718082E-13
1381.56722123141  3.170866E-13
1383.01487815194  2.978571E-13
1384.46253507248  2.945786E-13
1385.91019199302  2.200915E-13
1387.35784891355  2.579318E-13
1388.80550583409  2.564685E-13
1390.25316275463  2.698032E-13
1391.70081967516  2.887801E-13
1393.1484765957  3.355985E-13
1394.59613351624  3.002883E-13
1396.04379043677  3.197342E-13
1397.49144735731  3.240557E-13
1398.93910427785  2.858533E-13
1400.38676119838  2.851126E-13
1401.83441811892  3.866273E-13
1403.28207503946  3.136166E-13
1404.72973195999  3.202280E-13
1406.17738888053  2.509985E-13
1407.62504580107  2.825018E-13
1409.0727027216  2.979277E-13
1410.52035964214  2.626589E-13
1411.96801656268  2.944462E-13
1413.41567348322  2.443042E-13
1414.86333040375  2.631932E-13
1416.31098732429  2.916693E-13
1417.75864424483  3.024040E-13
1419.20630116536  2.547436E-13
1420.6539580859  2.495284E-13
1422.10161500644  2.643409E-13
1423.54927192697  2.752301E-13
1424.99692884751  3.141962E-13
1426.44458576805  2.219878E-13
1427.89224268858  2.201452E-13
1429.33989960912  2.212151E-13
1430.78755652966  2.703393E-13
1432.23521345019  2.733865E-13
1433.68287037073  2.853492E-13
1435.13052729127  2.242772E-13
1436.5781842118  2.167335E-13
1438.02584113234  2.417174E-13
1439.47349805288  2.279657E-13
1440.92115497341  2.258288E-13
1442.36881189395  2.367717E-13
1443.81646881449  2.376358E-13
1445.26412573502  2.337412E-13
1446.71178265556  2.265331E-13
1448.1594395761  2.155819E-13
1449.60709649664  2.197394E-13
1451.05475341717  2.324028E-13
1452.50241033771  2.520705E-13
1453.95006725825  2.410231E-13
1455.39772417878  2.469713E-13
1456.84538109932  2.312753E-13
1458.29303801986  2.760796E-13
1459.74069494039  2.333943E-13
1461.18835186093  2.504673E-13
1462.63600878147  2.370720E-13
1464.083665702  2.386498E-13
1465.53132262254  2.180828E-13
1466.97897954308  2.421930E-13
1468.42663646361  1.979977E-13
1469.87429338415  2.211956E-13
1471.32195030469  2.198293E-13
1472.76960722522  2.413111E-13
1474.21726414576  2.290795E-13
1475.6649210663  2.610551E-13
1477.11257798683  2.527324E-13
1478.56023490737  2.421222E-13
1480.00789182791  2.217669E-13
1481.45554874844  2.341435E-13
1482.90320566898  2.447338E-13
1484.35086258952  2.625611E-13
1485.79851951005  2.550453E-13
1487.24617643059  2.588789E-13
1488.69383335113  2.127582E-13
1490.14149027167  2.255579E-13
1491.5891471922  2.182114E-13
1493.03680411274  2.457637E-13
1494.48446103328  2.353810E-13
1495.93211795381  2.291319E-13
1497.37977487435  2.214936E-13
1498.82743179489  2.528008E-13
1500.27508871542  2.560913E-13
1501.72274563596  2.757731E-13
1503.1704025565  2.429759E-13
1504.61805947703  2.387713E-13
1506.06571639757  2.324082E-13
1507.51337331811  2.629214E-13
1508.96103023864  2.640547E-13
1510.40868715918  2.570857E-13
1511.85634407972  2.676538E-13
1513.30400100025  2.677098E-13
1514.75165792079  2.397010E-13
1516.19931484133  2.562847E-13
1517.64697176186  2.884524E-13
1519.0946286824  2.707522E-13
1520.54228560294  2.898184E-13
1521.98994252347  2.961648E-13
1523.43759944401  3.199369E-13
1524.88525636455  2.933287E-13
1526.33291328509  2.848595E-13
1527.78057020562  2.800142E-13
1529.22822712616  2.788949E-13
1530.6758840467  2.503361E-13
1532.12354096723  2.901366E-13
1533.57119788777  3.465741E-13
1535.01885480831  3.306471E-13
1536.46651172884  3.433065E-13
1537.91416864938  3.842999E-13
1539.36182556992  4.257988E-13
1540.80948249045  4.820003E-13
1542.25713941099  4.557857E-13
1543.70479633153  4.813140E-13
1545.15245325206  4.997575E-13
1546.6001101726  4.869761E-13
1548.04776709314  4.472231E-13
1549.49542401367  3.964739E-13
1550.94308093421  3.978733E-13
1552.39073785475  4.111476E-13
1553.83839477528  4.204830E-13
1555.28605169582  3.618798E-13
1556.73370861636  3.679118E-13
1558.18136553689  3.525428E-13
1559.62902245743  3.121747E-13
1561.07667937797  3.077167E-13
1562.5243362985  2.962143E-13
1563.97199321904  2.835496E-13
1565.41965013958  2.737394E-13
1566.86730706012  2.820733E-13
1568.31496398065  2.798020E-13
1569.76262090119  2.754581E-13
1571.21027782173  2.503421E-13
1572.65793474226  2.374656E-13
1574.1055916628  2.435213E-13
1575.55324858334  2.676135E-13
1577.00090550387  2.508314E-13
1578.44856242441  2.530086E-13
1579.89621934495  2.745334E-13
1581.34387626548  2.619608E-13
1582.79153318602  2.483512E-13
1584.23919010656  2.500362E-13
1585.68684702709  2.557728E-13
1587.13450394763  2.391871E-13
1588.58216086817  2.344487E-13
1590.0298177887  2.246360E-13
1591.47747470924  2.497647E-13
1592.92513162978  2.572698E-13
1594.37278855031  2.473393E-13
1595.82044547085  2.492788E-13
1597.26810239139  2.246135E-13
1598.71575931192  2.307467E-13
1600.16341623246  2.306997E-13
1601.611073153  2.211028E-13
1603.05873007354  2.306267E-13
1604.50638699407  2.371008E-13
1605.95404391461  2.437711E-13
1607.40170083515  2.337497E-13
1608.84935775568  2.445490E-13
1610.29701467622  2.339147E-13
1611.74467159676  2.308092E-13
1613.19232851729  2.462385E-13
1614.63998543783  2.315331E-13
1616.08764235837  2.624724E-13
1617.5352992789  2.715206E-13
1618.98295619944  2.596299E-13
1620.43061311998  2.626131E-13
1621.87827004051  2.424348E-13
1623.32592696105  2.223575E-13
1624.77358388159  2.278255E-13
1626.22124080212  2.394555E-13
1627.66889772266  2.435744E-13
1629.1165546432  2.471433E-13
1630.56421156373  2.351585E-13
1632.01186848427  2.422447E-13
1633.45952540481  2.528574E-13
1634.90718232534  2.625378E-13
1636.35483924588  2.724970E-13
1637.80249616642  2.703236E-13
1639.25015308695  2.631315E-13
1640.69781000749  2.466893E-13
1642.14546692803  2.363451E-13
1643.59312384857  2.408636E-13
1645.0407807691  2.457684E-13
1646.48843768964  2.424125E-13
1647.93609461018  2.325165E-13
1649.38375153071  2.344527E-13
1650.83140845125  2.443785E-13
1652.27906537179  2.443502E-13
1653.72672229232  2.286306E-13
1655.17437921286  2.287363E-13
1656.6220361334  2.512091E-13
1658.06969305393  2.564773E-13
1659.51734997447  2.617758E-13
1660.96500689501  2.588091E-13
1662.41266381554  2.440293E-13
1663.86032073608  2.352744E-13
1665.30797765662  2.431748E-13
1666.75563457715  2.319247E-13
1668.20329149769  2.373003E-13
1669.65094841823  2.258236E-13
1671.09860533876  2.277724E-13
1672.5462622593  2.336597E-13
1673.99391917984  2.371211E-13
1675.44157610038  2.360850E-13
1676.88923302091  2.267846E-13
1678.33688994145  2.215922E-13
1679.78454686199  2.119805E-13
1681.23220378252  2.138500E-13
1682.67986070306  2.202552E-13
1684.1275176236  2.246061E-13
1685.57517454413  2.181199E-13
1687.02283146467  2.134303E-13
1688.47048838521  2.160632E-13
1689.91814530574  2.192854E-13
1691.36580222628  2.102175E-13
1692.81345914682  2.072277E-13
1694.26111606735  1.988336E-13
1695.70877298789  2.046175E-13
1697.15642990843  2.245707E-13
1698.60408682896  2.387027E-13
1700.0517437495  2.320952E-13
1701.49940067004  2.051135E-13
1702.94705759057  2.085924E-13
1704.39471451111  2.143311E-13
1705.84237143165  2.204375E-13
1707.29002835218  2.206826E-13
1708.73768527272  2.136024E-13
1710.18534219326  0.
1711.63299911379  0.
1713.08065603433  0.
1714.52831295487  0.
1715.97596987541  0.
1717.42362679594  0.
1718.87128371648  0.
1720.31894063702  0.
1721.76659755755  0.
1723.21425447809  0.
1724.66191139863  0.
1726.10956831916  0.
1727.5572252397  0.
1729.00488216024  0.
1730.45253908077  0.
1731.90019600131  0.
1733.34785292185  0.
1734.79550984238  0.
1736.24316676292  0.
1737.69082368346  0.
1739.13848060399  0.
1740.58613752453  0.
1742.03379444507  0.
1743.4814513656  0.
1744.92910828614  0.
1746.37676520668  0.
1747.82442212721  0.
1749.27207904775  0.
1750.71973596829  0.
1752.16739288882  0.
1753.61504980936  0.
1755.0627067299  0.
1756.51036365043  0.
1757.95802057097  0.
1759.40567749151  0.
1760.85333441205  0.
1762.30099133258  0.
1763.74864825312  0.
1765.19630517366  0.
1766.64396209419  0.
1768.09161901473  0.
1769.53927593527  0.
1770.9869328558  0.
1772.43458977634  0.
1773.88224669688  0.
1775.32990361741  0.
1776.77756053795  0.
1778.22521745849  0.
1779.67287437902  0.
1781.12053129956  0.
1782.5681882201  0.
1784.01584514063  0.
1785.46350206117  0.
1786.91115898171  0.
1788.35881590224  0.
1789.80647282278  0.
1791.25412974332  0.
1792.70178666385  0.
1794.14944358439  0.
1795.59710050493  0.
1797.04475742547  0.
1798.492414346  0.
1799.94007126654  0.
1801.38772818708  0.
1802.83538510761  0.
1804.28304202815  0.
1805.73069894869  0.
1807.17835586922  0.
1808.62601278976  0.
1810.0736697103  0.
1811.52132663083  0.
1812.96898355137  0.
1814.41664047191  0.
1815.86429739244  0.
1817.31195431298  0.
1818.75961123352  0.
1820.20726815405  0.
1821.65492507459  0.
1823.10258199513  0.
1824.55023891566  0.
1825.9978958362  0.
1827.44555275674  0.
1828.89320967727  0.
1830.34086659781  0.
1831.78852351835  0.
