906.735751295338  0.
908.183408215875  0.
909.631065136412  0.
911.078722056949  0.
912.526378977485  0.
913.974035898022  0.
915.421692818559  0.
916.869349739096  0.
918.317006659633  0.
919.764663580169  0.
921.212320500706  0.
922.659977421243  0.
924.10763434178  0.
925.555291262316  0.
927.002948182853  0.
928.45060510339  0.
929.898262023927  0.
931.345918944464  0.
932.793575865  0.
934.241232785537  0.
935.688889706074  0.
937.136546626611  0.
938.584203547148  0.
940.031860467684  0.
941.479517388221  0.
942.927174308758  0.
944.374831229295  0.
945.822488149832  0.
947.270145070369  0.
948.717801990905  0.
950.165458911442  0.
951.613115831979  0.
953.060772752515  0.
954.508429673052  0.
955.956086593589  0.
957.403743514126  0.
958.851400434663  0.
960.2990573552  0.
961.746714275736  0.
963.194371196273  0.
964.64202811681  0.
966.089685037347  0.
967.537341957883  0.
968.98499887842  0.
970.432655798957  0.
971.880312719494  0.
973.327969640031  0.
974.775626560567  0.
976.223283481104  0.
977.670940401641  0.
979.118597322178  0.
980.566254242715  0.
982.013911163251  0.
983.461568083788  0.
984.909225004325  0.
986.356881924862  0.
987.804538845399  0.
989.252195765935  0.
990.699852686472  0.
992.147509607009  0.
993.595166527546  2.610743E-13
995.042823448082  4.784018E-13
996.490480368619  3.825866E-13
997.938137289156  4.675618E-13
999.385794209693  3.995203E-13
1000.83345113023  4.094441E-13
1002.28110805077  4.183696E-13
1003.7287649713  8.596499E-14
1005.17642189184  2.838256E-13
1006.62407881238  2.565167E-13
1008.07173573291  2.044767E-13
1009.51939265345  3.646875E-13
1010.96704957399  3.086298E-13
1012.41470649452  3.327541E-13
1013.86236341506  3.215630E-13
1015.3100203356  4.569179E-13
1016.75767725613  3.754760E-13
1018.20533417667  4.626605E-13
1019.65299109721  5.017377E-13
1021.10064801775  4.696786E-13
1022.54830493828  4.157902E-13
1023.99596185882  3.962802E-13
1025.44361877936  3.269916E-13
1026.89127569989  3.532727E-13
1028.33893262043  4.268891E-13
1029.78658954097  3.925922E-13
1031.2342464615  3.666859E-13
1032.68190338204  3.106196E-13
1034.12956030258  3.918766E-13
1035.57721722311  2.728789E-13
1037.02487414365  2.561949E-13
1038.47253106419  2.563664E-13
1039.92018798472  2.370938E-13
1041.36784490526  2.282852E-13
1042.8155018258  2.306248E-13
1044.26315874633  2.579341E-13
1045.71081566687  2.684309E-13
1047.15847258741  3.230395E-13
1048.60612950794  3.883771E-13
1050.05378642848  4.579048E-13
1051.50144334902  4.797170E-13
1052.94910026955  4.245688E-13
1054.39675719009  4.566089E-13
1055.84441411063  3.633344E-13
1057.29207103116  2.912123E-13
1058.7397279517  2.665204E-13
1060.18738487224  2.953719E-13
1061.63504179277  3.263770E-13
1063.08269871331  3.224520E-13
1064.53035563385  2.773116E-13
1065.97801255439  2.800035E-13
1067.42566947492  2.734734E-13
1068.87332639546  2.846043E-13
1070.320983316  3.017279E-13
1071.76864023653  2.479493E-13
1073.21629715707  2.827183E-13
1074.66395407761  2.705814E-13
1076.11161099814  2.769577E-13
1077.55926791868  2.422874E-13
1079.00692483922  2.620353E-13
1080.45458175975  2.591281E-13
1081.90223868029  2.552827E-13
1083.34989560083  2.577284E-13
1084.79755252136  2.323546E-13
1086.2452094419  2.296296E-13
1087.69286636244  2.435226E-13
1089.14052328297  2.638294E-13
1090.58818020351  2.427924E-13
1092.03583712405  2.219859E-13
1093.48349404458  2.299999E-13
1094.93115096512  2.356909E-13
1096.37880788566  2.457114E-13
1097.82646480619  2.232595E-13
1099.27412172673  2.331251E-13
1100.72177864727  2.316668E-13
1102.1694355678  2.457142E-13
1103.61709248834  2.541200E-13
1105.06474940888  2.665914E-13
1106.51240632942  2.422654E-13
1107.96006324995  2.657125E-13
1109.40772017049  2.282491E-13
1110.85537709103  2.220254E-13
1112.30303401156  2.628470E-13
1113.7506909321  2.745276E-13
1115.19834785264  2.548048E-13
1116.64600477317  2.254669E-13
1118.09366169371  2.465454E-13
1119.54131861425  2.246924E-13
1120.98897553478  2.012587E-13
1122.43663245532  1.986692E-13
1123.88428937586  2.125886E-13
1125.33194629639  2.355346E-13
1126.77960321693  2.185525E-13
1128.22726013747  2.149714E-13
1129.674917058  2.529080E-13
1131.12257397854  2.286264E-13
1132.57023089908  2.291032E-13
1134.01788781961  2.477941E-13
1135.46554474015  2.008075E-13
1136.91320166069  2.268133E-13
1138.36085858122  2.228769E-13
1139.80851550176  2.198100E-13
1141.2561724223  2.222699E-13
1142.70382934284  2.262211E-13
1144.15148626337  2.289268E-13
1145.59914318391  2.164070E-13
1147.04680010445  2.376286E-13
1148.49445702498  2.190470E-13
1149.94211394552  2.179776E-13
1151.38977086606  2.415860E-13
1152.83742778659  2.144566E-13
1154.28508470713  2.143651E-13
1155.73274162767  2.246907E-13
1157.1803985482  2.247132E-13
1158.62805546874  2.599796E-13
1160.07571238928  2.147826E-13
1161.52336930981  2.415849E-13
1162.97102623035  2.548609E-13
1164.41868315089  2.476604E-13
1165.86634007142  2.533055E-13
1167.31399699196  2.274726E-13
1168.7616539125  2.371519E-13
1170.20931083303  2.417415E-13
1171.65696775357  2.395479E-13
1173.10462467411  2.464207E-13
1174.55228159464  2.809118E-13
1175.99993851518  2.591080E-13
1177.44759543572  2.229478E-13
1178.89525235625  2.160197E-13
1180.34290927679  2.589286E-13
1181.79056619733  2.768377E-13
1183.23822311787  2.521871E-13
1184.6858800384  2.716771E-13
1186.13353695894  2.917364E-13
1187.58119387948  3.150807E-13
1189.02885080001  3.018495E-13
1190.47650772055  3.100997E-13
1191.92416464109  2.938211E-13
1193.37182156162  3.261784E-13
1194.81947848216  3.520953E-13
1196.2671354027  3.611342E-13
1197.71479232323  3.358809E-13
1199.16244924377  3.613999E-13
1200.61010616431  4.361715E-13
1202.05776308484  4.726998E-13
1203.50542000538  5.288491E-13
1204.95307692592  5.759187E-13
1206.40073384645  6.096749E-13
1207.84839076699  7.119204E-13
1209.29604768753  6.919781E-13
1210.74370460806  7.814255E-13
1212.1913615286  7.853623E-13
1213.63901844914  7.784618E-13
1215.08667536967  7.989911E-13
1216.53433229021  6.646344E-13
1217.98198921075  5.488938E-13
1219.42964613129  4.746530E-13
1220.87730305182  4.441530E-13
1222.32495997236  3.962680E-13
1223.7726168929  3.492855E-13
1225.22027381343  3.382300E-13
1226.66793073397  3.599034E-13
1228.11558765451  3.877193E-13
1229.56324457504  3.241650E-13
1231.01090149558  3.458875E-13
1232.45855841612  3.447558E-13
1233.90621533665  3.663578E-13
1235.35387225719  3.983720E-13
1236.80152917773  3.360016E-13
1238.24918609826  3.628657E-13
1239.6968430188  3.448003E-13
1241.14449993934  3.227474E-13
1242.59215685987  3.099612E-13
1244.03981378041  2.974052E-13
1245.48747070095  2.948841E-13
1246.93512762148  2.619041E-13
1248.38278454202  2.666083E-13
1249.83044146256  2.644250E-13
1251.27809838309  2.544227E-13
1252.72575530363  2.549523E-13
1254.17341222417  2.909993E-13
1255.62106914471  2.751234E-13
1257.06872606524  2.472504E-13
1258.51638298578  2.680177E-13
1259.96403990632  2.655324E-13
1261.41169682685  2.746365E-13
1262.85935374739  2.668761E-13
1264.30701066793  2.382485E-13
1265.75466758846  2.132287E-13
1267.202324509  2.250064E-13
1268.64998142954  2.142228E-13
1270.09763835007  2.048144E-13
1271.54529527061  2.407826E-13
1272.99295219115  2.149124E-13
1274.44060911168  1.965058E-13
1275.88826603222  2.185164E-13
1277.33592295276  2.081236E-13
1278.78357987329  2.354615E-13
1280.23123679383  2.333874E-13
1281.67889371437  2.248589E-13
1283.1265506349  2.370629E-13
1284.57420755544  2.155010E-13
1286.02186447598  1.948204E-13
1287.46952139651  2.047835E-13
1288.91717831705  2.127075E-13
1290.36483523759  2.382213E-13
1291.81249215812  2.265756E-13
1293.26014907866  2.323029E-13
1294.7078059992  2.325846E-13
1296.15546291974  2.497679E-13
1297.60311984027  2.194725E-13
1299.05077676081  2.092483E-13
1300.49843368135  2.436480E-13
1301.94609060188  2.268886E-13
1303.39374752242  2.253702E-13
1304.84140444296  2.322414E-13
1306.28906136349  2.203828E-13
1307.73671828403  2.009745E-13
1309.18437520457  2.009748E-13
1310.6320321251  2.018012E-13
1312.07968904564  1.907671E-13
1313.52734596618  1.741568E-13
1314.97500288671  1.942830E-13
1316.42265980725  1.857856E-13
1317.87031672779  1.871910E-13
1319.31797364832  1.949671E-13
1320.76563056886  2.098333E-13
1322.2132874894  2.001204E-13
1323.66094440993  2.366940E-13
1325.10860133047  2.341825E-13
1326.55625825101  2.282060E-13
1328.00391517154  2.435816E-13
1329.45157209208  2.482542E-13
1330.89922901262  2.078767E-13
1332.34688593315  1.827697E-13
1333.79454285369  2.006112E-13
1335.24219977423  2.032461E-13
1336.68985669477  1.798380E-13
1338.1375136153  1.940270E-13
1339.58517053584  2.155969E-13
1341.03282745638  1.984312E-13
1342.48048437691  2.054307E-13
1343.92814129745  1.846760E-13
1345.37579821799  1.830018E-13
1346.82345513852  1.860514E-13
1348.27111205906  2.037683E-13
1349.7187689796  1.705174E-13
1351.16642590013  2.142413E-13
1352.61408282067  1.984525E-13
1354.06173974121  1.612088E-13
1355.50939666174  2.022479E-13
1356.95705358228  2.005635E-13
1358.40471050282  1.850484E-13
1359.85236742335  1.885727E-13
1361.30002434389  2.136887E-13
1362.74768126443  2.157057E-13
1364.19533818496  2.205520E-13
1365.6429951055  1.913363E-13
1367.09065202604  1.972099E-13
1368.53830894657  2.375323E-13
1369.98596586711  2.020683E-13
1371.43362278765  2.044599E-13
1372.88127970819  2.088136E-13
1374.32893662872  1.851631E-13
1375.77659354926  2.031052E-13
1377.2242504698  2.222833E-13
1378.67190739033  1.864757E-13
1380.11956431087  1.909707E-13
1381.56722123141  2.203098E-13
1383.01487815194  2.015770E-13
1384.46253507248  2.274090E-13
1385.91019199302  2.044707E-13
1387.35784891355  2.229933E-13
1388.80550583409  2.526880E-13
1390.25316275463  2.730012E-13
1391.70081967516  2.170381E-13
1393.1484765957  2.237565E-13
1394.59613351624  2.841966E-13
1396.04379043677  2.522211E-13
1397.49144735731  2.397946E-13
1398.93910427785  2.452321E-13
1400.38676119838  2.158643E-13
1401.83441811892  2.464662E-13
1403.28207503946  2.249350E-13
1404.72973195999  1.949904E-13
1406.17738888053  2.013867E-13
1407.62504580107  2.017421E-13
1409.0727027216  1.970086E-13
1410.52035964214  2.052825E-13
1411.96801656268  2.072441E-13
1413.41567348322  2.136086E-13
1414.86333040375  1.987507E-13
1416.31098732429  2.011914E-13
1417.75864424483  1.984265E-13
1419.20630116536  1.964066E-13
1420.6539580859  1.881947E-13
1422.10161500644  1.859947E-13
1423.54927192697  2.018667E-13
1424.99692884751  1.779948E-13
1426.44458576805  1.592375E-13
1427.89224268858  1.827755E-13
1429.33989960912  1.896207E-13
1430.78755652966  1.829113E-13
1432.23521345019  1.895435E-13
1433.68287037073  2.067042E-13
1435.13052729127  1.903265E-13
1436.5781842118  1.845299E-13
1438.02584113234  1.974605E-13
1439.47349805288  2.034355E-13
1440.92115497341  1.641722E-13
1442.36881189395  1.731319E-13
1443.81646881449  1.753671E-13
1445.26412573502  1.834694E-13
1446.71178265556  1.854696E-13
1448.1594395761  1.736443E-13
1449.60709649664  1.883967E-13
1451.05475341717  1.763428E-13
1452.50241033771  1.780635E-13
1453.95006725825  1.762484E-13
1455.39772417878  1.841329E-13
1456.84538109932  1.623579E-13
1458.29303801986  1.760270E-13
1459.74069494039  1.521418E-13
1461.18835186093  1.635462E-13
1462.63600878147  1.635598E-13
1464.083665702  1.547095E-13
1465.53132262254  1.694691E-13
1466.97897954308  1.800913E-13
1468.42663646361  1.886592E-13
1469.87429338415  1.770001E-13
1471.32195030469  1.583079E-13
1472.76960722522  1.777189E-13
1474.21726414576  1.904478E-13
1475.6649210663  1.607159E-13
1477.11257798683  1.576504E-13
1478.56023490737  1.769046E-13
1480.00789182791  1.656291E-13
1481.45554874844  1.765664E-13
1482.90320566898  1.720235E-13
1484.35086258952  1.957542E-13
1485.79851951005  1.815878E-13
1487.24617643059  1.613750E-13
1488.69383335113  1.718496E-13
1490.14149027167  1.787721E-13
1491.5891471922  1.891169E-13
1493.03680411274  1.784259E-13
1494.48446103328  2.042450E-13
1495.93211795381  1.691281E-13
1497.37977487435  1.581376E-13
1498.82743179489  1.781800E-13
1500.27508871542  2.026574E-13
1501.72274563596  2.088731E-13
1503.1704025565  2.032837E-13
1504.61805947703  1.993556E-13
1506.06571639757  1.871417E-13
1507.51337331811  1.902851E-13
1508.96103023864  1.925633E-13
1510.40868715918  1.834266E-13
1511.85634407972  1.859166E-13
1513.30400100025  1.781304E-13
1514.75165792079  1.905992E-13
1516.19931484133  1.991401E-13
1517.64697176186  2.151397E-13
1519.0946286824  2.065049E-13
1520.54228560294  2.086583E-13
1521.98994252347  2.305685E-13
1523.43759944401  2.107261E-13
1524.88525636455  2.114730E-13
1526.33291328509  2.166793E-13
1527.78057020562  2.106551E-13
1529.22822712616  2.382710E-13
1530.6758840467  2.313581E-13
1532.12354096723  2.305371E-13
1533.57119788777  2.612281E-13
1535.01885480831  2.783316E-13
1536.46651172884  2.769458E-13
1537.91416864938  2.966590E-13
1539.36182556992  3.281835E-13
1540.80948249045  3.592819E-13
1542.25713941099  3.580733E-13
1543.70479633153  3.419446E-13
1545.15245325206  3.139551E-13
1546.6001101726  3.311984E-13
1548.04776709314  2.887296E-13
1549.49542401367  2.684653E-13
1550.94308093421  2.757783E-13
1552.39073785475  2.714287E-13
1553.83839477528  2.519973E-13
1555.28605169582  2.552123E-13
1556.73370861636  2.534141E-13
1558.18136553689  2.339335E-13
1559.62902245743  2.056383E-13
1561.07667937797  2.120193E-13
1562.5243362985  2.091614E-13
1563.97199321904  2.169714E-13
1565.41965013958  2.160976E-13
1566.86730706012  1.948007E-13
1568.31496398065  1.866942E-13
1569.76262090119  1.967489E-13
1571.21027782173  2.006427E-13
1572.65793474226  1.979507E-13
1574.1055916628  1.937942E-13
1575.55324858334  1.955966E-13
1577.00090550387  1.895592E-13
1578.44856242441  1.987106E-13
1579.89621934495  1.986685E-13
1581.34387626548  1.895295E-13
1582.79153318602  1.895248E-13
1584.23919010656  1.940416E-13
1585.68684702709  1.879016E-13
1587.13450394763  1.975042E-13
1588.58216086817  1.865441E-13
1590.0298177887  1.710698E-13
1591.47747470924  1.736804E-13
1592.92513162978  1.790547E-13
1594.37278855031  1.734631E-13
1595.82044547085  1.654606E-13
1597.26810239139  1.609176E-13
1598.71575931192  1.695710E-13
1600.16341623246  1.612288E-13
1601.611073153  1.614630E-13
1603.05873007354  1.749974E-13
1604.50638699407  1.731188E-13
1605.95404391461  1.895421E-13
1607.40170083515  1.948708E-13
1608.84935775568  1.746220E-13
1610.29701467622  1.628328E-13
1611.74467159676  1.529969E-13
1613.19232851729  1.644390E-13
1614.63998543783  1.631444E-13
1616.08764235837  1.559418E-13
1617.5352992789  1.655185E-13
1618.98295619944  1.663103E-13
1620.43061311998  1.645417E-13
1621.87827004051  1.713238E-13
1623.32592696105  1.735872E-13
1624.77358388159  1.747419E-13
1626.22124080212  1.837917E-13
1627.66889772266  1.890294E-13
1629.1165546432  1.930988E-13
1630.56421156373  1.930746E-13
1632.01186848427  1.854638E-13
1633.45952540481  1.857916E-13
1634.90718232534  1.831080E-13
1636.35483924588  1.665750E-13
1637.80249616642  1.650833E-13
1639.25015308695  1.722345E-13
1640.69781000749  1.748442E-13
1642.14546692803  1.671340E-13
1643.59312384857  1.706204E-13
1645.0407807691  1.703336E-13
1646.48843768964  1.592969E-13
1647.93609461018  1.557363E-13
1649.38375153071  1.730850E-13
1650.83140845125  1.856477E-13
1652.27906537179  1.760046E-13
1653.72672229232  1.694973E-13
1655.17437921286  1.741889E-13
1656.6220361334  1.644246E-13
1658.06969305393  1.551606E-13
1659.51734997447  1.694917E-13
1660.96500689501  1.661714E-13
1662.41266381554  1.624712E-13
1663.86032073608  1.658036E-13
1665.30797765662  1.740585E-13
1666.75563457715  1.666354E-13
1668.20329149769  1.613131E-13
1669.65094841823  1.618417E-13
1671.09860533876  1.693937E-13
1672.5462622593  1.606742E-13
1673.99391917984  1.564064E-13
1675.44157610038  1.649205E-13
1676.88923302091  1.620058E-13
1678.33688994145  1.617814E-13
1679.78454686199  1.677492E-13
1681.23220378252  1.693403E-13
1682.67986070306  1.659802E-13
1684.1275176236  1.687643E-13
1685.57517454413  1.679074E-13
1687.02283146467  1.666912E-13
1688.47048838521  1.661712E-13
1689.91814530574  1.638502E-13
1691.36580222628  1.714382E-13
1692.81345914682  1.582902E-13
1694.26111606735  1.570663E-13
1695.70877298789  1.525068E-13
1697.15642990843  1.545592E-13
1698.60408682896  1.521267E-13
1700.0517437495  1.498318E-13
1701.49940067004  1.595729E-13
1702.94705759057  1.668172E-13
1704.39471451111  1.645710E-13
1705.84237143165  1.674709E-13
1707.29002835218  1.670567E-13
1708.73768527272  1.602140E-13
1710.18534219326  0.
1711.63299911379  0.
1713.08065603433  0.
1714.52831295487  0.
1715.97596987541  0.
1717.42362679594  0.
1718.87128371648  0.
1720.31894063702  0.
1721.76659755755  0.
1723.21425447809  0.
1724.66191139863  0.
1726.10956831916  0.
1727.5572252397  0.
1729.00488216024  0.
1730.45253908077  0.
1731.90019600131  0.
1733.34785292185  0.
1734.79550984238  0.
1736.24316676292  0.
1737.69082368346  0.
1739.13848060399  0.
1740.58613752453  0.
1742.03379444507  0.
1743.4814513656  0.
1744.92910828614  0.
1746.37676520668  0.
1747.82442212721  0.
1749.27207904775  0.
1750.71973596829  0.
1752.16739288882  0.
1753.61504980936  0.
1755.0627067299  0.
1756.51036365043  0.
1757.95802057097  0.
1759.40567749151  0.
1760.85333441205  0.
1762.30099133258  0.
1763.74864825312  0.
1765.19630517366  0.
1766.64396209419  0.
1768.09161901473  0.
1769.53927593527  0.
1770.9869328558  0.
1772.43458977634  0.
1773.88224669688  0.
1775.32990361741  0.
1776.77756053795  0.
1778.22521745849  0.
1779.67287437902  0.
1781.12053129956  0.
1782.5681882201  0.
1784.01584514063  0.
1785.46350206117  0.
1786.91115898171  0.
1788.35881590224  0.
1789.80647282278  0.
1791.25412974332  0.
1792.70178666385  0.
1794.14944358439  0.
1795.59710050493  0.
1797.04475742547  0.
1798.492414346  0.
1799.94007126654  0.
1801.38772818708  0.
1802.83538510761  0.
1804.28304202815  0.
1805.73069894869  0.
1807.17835586922  0.
1808.62601278976  0.
1810.0736697103  0.
1811.52132663083  0.
1812.96898355137  0.
1814.41664047191  0.
1815.86429739244  0.
1817.31195431298  0.
1818.75961123352  0.
1820.20726815405  0.
1821.65492507459  0.
1823.10258199513  0.
1824.55023891566  0.
1825.9978958362  0.
1827.44555275674  0.
1828.89320967727  0.
1830.34086659781  0.
1831.78852351835  0.
