906.735751295338  0.
908.183408215875  0.
909.631065136412  0.
911.078722056949  0.
912.526378977485  0.
913.974035898022  0.
915.421692818559  0.
916.869349739096  0.
918.317006659633  0.
919.764663580169  0.
921.212320500706  0.
922.659977421243  0.
924.10763434178  0.
925.555291262316  0.
927.002948182853  0.
928.45060510339  0.
929.898262023927  0.
931.345918944464  0.
932.793575865  0.
934.241232785537  0.
935.688889706074  0.
937.136546626611  0.
938.584203547148  0.
940.031860467684  0.
941.479517388221  0.
942.927174308758  0.
944.374831229295  0.
945.822488149832  0.
947.270145070369  0.
948.717801990905  0.
950.165458911442  0.
951.613115831979  0.
953.060772752515  0.
954.508429673052  0.
955.956086593589  0.
957.403743514126  0.
958.851400434663  0.
960.2990573552  0.
961.746714275736  0.
963.194371196273  0.
964.64202811681  0.
966.089685037347  0.
967.537341957883  0.
968.98499887842  0.
970.432655798957  0.
971.880312719494  0.
973.327969640031  0.
974.775626560567  0.
976.223283481104  0.
977.670940401641  0.
979.118597322178  0.
980.566254242715  0.
982.013911163251  0.
983.461568083788  0.
984.909225004325  0.
986.356881924862  0.
987.804538845399  0.
989.252195765935  0.
990.699852686472  0.
992.147509607009  0.
993.595166527546  3.215120E-13
995.042823448082  2.682467E-13
996.490480368619  3.423809E-13
997.938137289156  2.864258E-13
999.385794209693  2.342836E-13
1000.83345113023  5.423283E-14
1002.28110805077  5.967015E-14
1003.7287649713  6.229893E-14
1005.17642189184  2.508745E-13
1006.62407881238  2.403507E-13
1008.07173573291  1.756478E-13
1009.51939265345  1.428919E-13
1010.96704957399  1.210201E-13
1012.41470649452  2.076544E-13
1013.86236341506  3.428015E-13
1015.3100203356  1.141638E-13
1016.75767725613  1.069617E-13
1018.20533417667  1.806250E-13
1019.65299109721  1.354535E-13
1021.10064801775  1.996278E-13
1022.54830493828  1.069429E-13
1023.99596185882  1.315277E-13
1025.44361877936  1.083507E-13
1026.89127569989  1.603519E-13
1028.33893262043  1.526164E-13
1029.78658954097  2.153464E-13
1031.2342464615  1.667368E-13
1032.68190338204  1.384499E-13
1034.12956030258  1.382078E-13
1035.57721722311  2.071796E-13
1037.02487414365  1.465238E-13
1038.47253106419  9.998943E-14
1039.92018798472  1.415869E-13
1041.36784490526  1.732859E-13
1042.8155018258  1.594444E-13
1044.26315874633  1.564267E-13
1045.71081566687  3.113417E-13
1047.15847258741  3.347291E-13
1048.60612950794  3.003981E-13
1050.05378642848  2.702930E-13
1051.50144334902  3.494720E-13
1052.94910026955  2.829802E-13
1054.39675719009  2.653876E-13
1055.84441411063  2.663228E-13
1057.29207103116  1.822082E-13
1058.7397279517  1.276964E-13
1060.18738487224  1.236333E-13
1061.63504179277  1.239724E-13
1063.08269871331  1.295977E-13
1064.53035563385  1.062502E-13
1065.97801255439  1.352701E-13
1067.42566947492  1.978532E-13
1068.87332639546  1.473752E-13
1070.320983316  9.801285E-14
1071.76864023653  1.194294E-13
1073.21629715707  1.938648E-13
1074.66395407761  1.821135E-13
1076.11161099814  1.549208E-13
1077.55926791868  1.349731E-13
1079.00692483922  1.030087E-13
1080.45458175975  1.361633E-13
1081.90223868029  1.634347E-13
1083.34989560083  1.318743E-13
1084.79755252136  1.077817E-13
1086.2452094419  9.612786E-14
1087.69286636244  9.430211E-14
1089.14052328297  9.014878E-14
1090.58818020351  1.165467E-13
1092.03583712405  9.885211E-14
1093.48349404458  1.490408E-13
1094.93115096512  1.180618E-13
1096.37880788566  1.002509E-13
1097.82646480619  1.089928E-13
1099.27412172673  1.215471E-13
1100.72177864727  1.346784E-13
1102.1694355678  1.133411E-13
1103.61709248834  1.243206E-13
1105.06474940888  1.337264E-13
1106.51240632942  1.452842E-13
1107.96006324995  1.416969E-13
1109.40772017049  1.557718E-13
1110.85537709103  1.328215E-13
1112.30303401156  1.511579E-13
1113.7506909321  1.177167E-13
1115.19834785264  1.169447E-13
1116.64600477317  1.407330E-13
1118.09366169371  1.290998E-13
1119.54131861425  9.253519E-14
1120.98897553478  1.257292E-13
1122.43663245532  1.342399E-13
1123.88428937586  1.222606E-13
1125.33194629639  8.154298E-14
1126.77960321693  1.038511E-13
1128.22726013747  9.161661E-14
1129.674917058  1.624735E-13
1131.12257397854  1.358999E-13
1132.57023089908  9.689547E-14
1134.01788781961  1.336223E-13
1135.46554474015  1.518616E-13
1136.91320166069  1.277139E-13
1138.36085858122  1.205886E-13
1139.80851550176  1.321490E-13
1141.2561724223  1.160053E-13
1142.70382934284  1.452960E-13
1144.15148626337  1.393333E-13
1145.59914318391  1.264293E-13
1147.04680010445  1.199161E-13
1148.49445702498  1.254130E-13
1149.94211394552  1.333481E-13
1151.38977086606  1.270447E-13
1152.83742778659  1.192781E-13
1154.28508470713  1.099452E-13
1155.73274162767  1.250289E-13
1157.1803985482  1.061583E-13
1158.62805546874  1.100928E-13
1160.07571238928  1.279696E-13
1161.52336930981  1.267665E-13
1162.97102623035  1.253285E-13
1164.41868315089  1.304199E-13
1165.86634007142  1.628131E-13
1167.31399699196  1.970565E-13
1168.7616539125  1.255933E-13
1170.20931083303  1.231070E-13
1171.65696775357  1.234212E-13
1173.10462467411  1.324962E-13
1174.55228159464  1.454972E-13
1175.99993851518  1.537305E-13
1177.44759543572  1.430701E-13
1178.89525235625  1.243805E-13
1180.34290927679  1.460118E-13
1181.79056619733  1.392310E-13
1183.23822311787  1.405335E-13
1184.6858800384  1.339851E-13
1186.13353695894  1.306517E-13
1187.58119387948  1.597166E-13
1189.02885080001  1.442689E-13
1190.47650772055  1.521640E-13
1191.92416464109  1.789670E-13
1193.37182156162  1.961193E-13
1194.81947848216  1.989981E-13
1196.2671354027  1.978474E-13
1197.71479232323  1.712883E-13
1199.16244924377  1.840402E-13
1200.61010616431  1.839601E-13
1202.05776308484  1.827794E-13
1203.50542000538  2.160574E-13
1204.95307692592  2.673085E-13
1206.40073384645  2.744468E-13
1207.84839076699  3.013255E-13
1209.29604768753  3.458422E-13
1210.74370460806  3.922066E-13
1212.1913615286  3.931878E-13
1213.63901844914  4.246037E-13
1215.08667536967  4.349702E-13
1216.53433229021  4.237861E-13
1217.98198921075  3.534844E-13
1219.42964613129  3.216159E-13
1220.87730305182  2.938076E-13
1222.32495997236  2.530020E-13
1223.7726168929  2.311845E-13
1225.22027381343  2.135303E-13
1226.66793073397  2.026626E-13
1228.11558765451  2.111102E-13
1229.56324457504  1.982189E-13
1231.01090149558  2.010593E-13
1232.45855841612  2.080754E-13
1233.90621533665  2.139956E-13
1235.35387225719  2.293822E-13
1236.80152917773  1.913364E-13
1238.24918609826  1.817787E-13
1239.6968430188  2.068488E-13
1241.14449993934  1.684437E-13
1242.59215685987  2.070165E-13
1244.03981378041  1.631798E-13
1245.48747070095  1.654847E-13
1246.93512762148  1.648578E-13
1248.38278454202  1.438782E-13
1249.83044146256  1.140770E-13
1251.27809838309  1.320882E-13
1252.72575530363  1.676798E-13
1254.17341222417  1.491627E-13
1255.62106914471  1.243664E-13
1257.06872606524  1.233848E-13
1258.51638298578  1.234111E-13
1259.96403990632  1.144496E-13
1261.41169682685  1.359715E-13
1262.85935374739  1.722528E-13
1264.30701066793  1.359180E-13
1265.75466758846  1.117615E-13
1267.202324509  1.225294E-13
1268.64998142954  1.509230E-13
1270.09763835007  1.244759E-13
1271.54529527061  1.239303E-13
1272.99295219115  1.147150E-13
1274.44060911168  1.355102E-13
1275.88826603222  1.270469E-13
1277.33592295276  9.808157E-14
1278.78357987329  1.161740E-13
1280.23123679383  1.096409E-13
1281.67889371437  1.178803E-13
1283.1265506349  1.102177E-13
1284.57420755544  8.462308E-14
1286.02186447598  1.230756E-13
1287.46952139651  1.268081E-13
1288.91717831705  1.376488E-13
1290.36483523759  8.668200E-14
1291.81249215812  1.104249E-13
1293.26014907866  1.264859E-13
1294.7078059992  1.269155E-13
1296.15546291974  1.199704E-13
1297.60311984027  5.526294E-14
1299.05077676081  8.178326E-14
1300.49843368135  8.376717E-14
1301.94609060188  1.545118E-13
1303.39374752242  1.511205E-13
1304.84140444296  1.355585E-13
1306.28906136349  1.280521E-13
1307.73671828403  1.559130E-13
1309.18437520457  1.483094E-13
1310.6320321251  1.337164E-13
1312.07968904564  1.296989E-13
1313.52734596618  9.963448E-14
1314.97500288671  9.978269E-14
1316.42265980725  9.147888E-14
1317.87031672779  8.590330E-14
1319.31797364832  1.065545E-13
1320.76563056886  8.168130E-14
1322.2132874894  9.334854E-14
1323.66094440993  1.295475E-13
1325.10860133047  9.604622E-14
1326.55625825101  8.995302E-14
1328.00391517154  1.233451E-13
1329.45157209208  1.477737E-13
1330.89922901262  8.708669E-14
1332.34688593315  1.254725E-13
1333.79454285369  1.001484E-13
1335.24219977423  1.050048E-13
1336.68985669477  7.050492E-14
1338.1375136153  9.472468E-14
1339.58517053584  8.172799E-14
1341.03282745638  9.042466E-14
1342.48048437691  9.026124E-14
1343.92814129745  1.149422E-13
1345.37579821799  1.304951E-13
1346.82345513852  1.119551E-13
1348.27111205906  1.147850E-13
1349.7187689796  1.120025E-13
1351.16642590013  1.471946E-13
1352.61408282067  1.134498E-13
1354.06173974121  8.299079E-14
1355.50939666174  1.384554E-13
1356.95705358228  1.430763E-13
1358.40471050282  1.066874E-13
1359.85236742335  1.027434E-13
1361.30002434389  1.328077E-13
1362.74768126443  1.052666E-13
1364.19533818496  1.251592E-13
1365.6429951055  1.001121E-13
1367.09065202604  6.905688E-14
1368.53830894657  1.200133E-13
1369.98596586711  1.075366E-13
1371.43362278765  9.475676E-14
1372.88127970819  1.286076E-13
1374.32893662872  9.862092E-14
1375.77659354926  1.375012E-13
1377.2242504698  1.238720E-13
1378.67190739033  9.864595E-14
1380.11956431087  9.940799E-14
1381.56722123141  1.622212E-13
1383.01487815194  1.060556E-13
1384.46253507248  1.327482E-13
1385.91019199302  7.785063E-14
1387.35784891355  1.269777E-13
1388.80550583409  1.129388E-13
1390.25316275463  1.241611E-13
1391.70081967516  1.259185E-13
1393.1484765957  1.372237E-13
1394.59613351624  1.005817E-13
1396.04379043677  1.453457E-13
1397.49144735731  1.482519E-13
1398.93910427785  1.152136E-13
1400.38676119838  1.235272E-13
1401.83441811892  1.564851E-13
1403.28207503946  9.264489E-14
1404.72973195999  1.393958E-13
1406.17738888053  1.099171E-13
1407.62504580107  1.248277E-13
1409.0727027216  1.109581E-13
1410.52035964214  9.840991E-14
1411.96801656268  1.261425E-13
1413.41567348322  9.941282E-14
1414.86333040375  8.535669E-14
1416.31098732429  7.016402E-14
1417.75864424483  1.036676E-13
1419.20630116536  1.129556E-13
1420.6539580859  1.242092E-13
1422.10161500644  1.270036E-13
1423.54927192697  1.235392E-13
1424.99692884751  9.912815E-14
1426.44458576805  9.840221E-14
1427.89224268858  6.365873E-14
1429.33989960912  8.717341E-14
1430.78755652966  8.850951E-14
1432.23521345019  9.581236E-14
1433.68287037073  7.487173E-14
1435.13052729127  8.573502E-14
1436.5781842118  9.638115E-14
1438.02584113234  1.135084E-13
1439.47349805288  1.201669E-13
1440.92115497341  8.369506E-14
1442.36881189395  9.260635E-14
1443.81646881449  8.832999E-14
1445.26412573502  6.549607E-14
1446.71178265556  8.423602E-14
1448.1594395761  8.026171E-14
1449.60709649664  1.157360E-13
1451.05475341717  9.758620E-14
1452.50241033771  9.467041E-14
1453.95006725825  8.200026E-14
1455.39772417878  8.723187E-14
1456.84538109932  9.906293E-14
1458.29303801986  1.000993E-13
1459.74069494039  9.058483E-14
1461.18835186093  9.335191E-14
1462.63600878147  9.040618E-14
1464.083665702  1.134236E-13
1465.53132262254  1.185852E-13
1466.97897954308  8.218169E-14
1468.42663646361  7.726003E-14
1469.87429338415  8.938222E-14
1471.32195030469  1.009466E-13
1472.76960722522  1.001419E-13
1474.21726414576  8.103723E-14
1475.6649210663  7.688906E-14
1477.11257798683  6.819081E-14
1478.56023490737  7.671318E-14
1480.00789182791  9.223827E-14
1481.45554874844  1.146782E-13
1482.90320566898  8.626311E-14
1484.35086258952  6.758268E-14
1485.79851951005  9.621821E-14
1487.24617643059  9.014224E-14
1488.69383335113  9.236193E-14
1490.14149027167  9.486581E-14
1491.5891471922  6.937112E-14
1493.03680411274  8.067067E-14
1494.48446103328  9.249843E-14
1495.93211795381  8.997311E-14
1497.37977487435  9.307529E-14
1498.82743179489  9.432869E-14
1500.27508871542  1.022320E-13
1501.72274563596  1.127571E-13
1503.1704025565  8.246802E-14
1504.61805947703  9.323897E-14
1506.06571639757  9.042411E-14
1507.51337331811  1.102133E-13
1508.96103023864  9.525441E-14
1510.40868715918  1.089482E-13
1511.85634407972  1.180570E-13
1513.30400100025  1.210301E-13
1514.75165792079  9.271555E-14
1516.19931484133  1.056810E-13
1517.64697176186  1.126292E-13
1519.0946286824  1.082884E-13
1520.54228560294  1.064506E-13
1521.98994252347  8.314615E-14
1523.43759944401  9.317865E-14
1524.88525636455  1.162432E-13
1526.33291328509  1.147394E-13
1527.78057020562  1.071567E-13
1529.22822712616  1.172603E-13
1530.6758840467  1.183741E-13
1532.12354096723  1.256810E-13
1533.57119788777  1.427172E-13
1535.01885480831  1.424806E-13
1536.46651172884  1.547444E-13
1537.91416864938  1.571931E-13
1539.36182556992  1.647456E-13
1540.80948249045  1.768429E-13
1542.25713941099  1.743282E-13
1543.70479633153  1.725466E-13
1545.15245325206  1.677225E-13
1546.6001101726  1.834037E-13
1548.04776709314  1.875153E-13
1549.49542401367  1.661863E-13
1550.94308093421  1.502660E-13
1552.39073785475  1.618632E-13
1553.83839477528  1.748263E-13
1555.28605169582  1.446953E-13
1556.73370861636  1.247088E-13
1558.18136553689  1.050134E-13
1559.62902245743  1.005105E-13
1561.07667937797  1.244380E-13
1562.5243362985  1.137678E-13
1563.97199321904  1.012883E-13
1565.41965013958  1.248424E-13
1566.86730706012  1.264074E-13
1568.31496398065  1.275635E-13
1569.76262090119  1.128642E-13
1571.21027782173  9.524502E-14
1572.65793474226  9.715153E-14
1574.1055916628  1.291824E-13
1575.55324858334  1.199163E-13
1577.00090550387  1.131503E-13
1578.44856242441  1.127698E-13
1579.89621934495  1.008844E-13
1581.34387626548  9.317353E-14
1582.79153318602  8.161852E-14
1584.23919010656  7.604355E-14
1585.68684702709  9.094043E-14
1587.13450394763  8.390120E-14
1588.58216086817  8.682254E-14
1590.0298177887  8.156829E-14
1591.47747470924  7.509409E-14
1592.92513162978  8.574056E-14
1594.37278855031  8.827842E-14
1595.82044547085  7.549853E-14
1597.26810239139  7.272388E-14
1598.71575931192  7.680926E-14
1600.16341623246  8.658987E-14
1601.611073153  7.907261E-14
1603.05873007354  8.438345E-14
1604.50638699407  8.856094E-14
1605.95404391461  9.052830E-14
1607.40170083515  8.878122E-14
1608.84935775568  8.533382E-14
1610.29701467622  8.350808E-14
1611.74467159676  8.583538E-14
1613.19232851729  7.775929E-14
1614.63998543783  7.077408E-14
1616.08764235837  8.601257E-14
1617.5352992789  8.998077E-14
1618.98295619944  9.575028E-14
1620.43061311998  9.357529E-14
1621.87827004051  9.411339E-14
1623.32592696105  8.752142E-14
1624.77358388159  8.691232E-14
1626.22124080212  8.790685E-14
1627.66889772266  8.825450E-14
1629.1165546432  9.360890E-14
1630.56421156373  9.605514E-14
1632.01186848427  1.000078E-13
1633.45952540481  9.217771E-14
1634.90718232534  8.695368E-14
1636.35483924588  9.033815E-14
1637.80249616642  9.086352E-14
1639.25015308695  9.033812E-14
1640.69781000749  9.310579E-14
1642.14546692803  1.010076E-13
1643.59312384857  9.431647E-14
1645.0407807691  8.801441E-14
1646.48843768964  9.226598E-14
1647.93609461018  8.536815E-14
1649.38375153071  8.545842E-14
1650.83140845125  8.333331E-14
1652.27906537179  8.909696E-14
1653.72672229232  9.546784E-14
1655.17437921286  8.871015E-14
1656.6220361334  8.190472E-14
1658.06969305393  7.695521E-14
1659.51734997447  8.790225E-14
1660.96500689501  8.506833E-14
1662.41266381554  9.145697E-14
1663.86032073608  8.738887E-14
1665.30797765662  9.471039E-14
1666.75563457715  8.228523E-14
1668.20329149769  8.141275E-14
1669.65094841823  8.189473E-14
1671.09860533876  8.663891E-14
1672.5462622593  8.649013E-14
1673.99391917984  7.867943E-14
1675.44157610038  7.916623E-14
1676.88923302091  7.995599E-14
1678.33688994145  9.142750E-14
1679.78454686199  9.110219E-14
1681.23220378252  9.489482E-14
1682.67986070306  7.948734E-14
1684.1275176236  7.802844E-14
1685.57517454413  7.888995E-14
1687.02283146467  8.168644E-14
1688.47048838521  7.741477E-14
1689.91814530574  8.753324E-14
1691.36580222628  8.312170E-14
1692.81345914682  7.846191E-14
1694.26111606735  8.172426E-14
1695.70877298789  7.968667E-14
1697.15642990843  8.274270E-14
1698.60408682896  8.262731E-14
1700.0517437495  8.773380E-14
1701.49940067004  8.407279E-14
1702.94705759057  8.298693E-14
1704.39471451111  8.839789E-14
1705.84237143165  8.782120E-14
1707.29002835218  8.602602E-14
1708.73768527272  7.661264E-14
1710.18534219326  0.
1711.63299911379  0.
1713.08065603433  0.
1714.52831295487  0.
1715.97596987541  0.
1717.42362679594  0.
1718.87128371648  0.
1720.31894063702  0.
1721.76659755755  0.
1723.21425447809  0.
1724.66191139863  0.
1726.10956831916  0.
1727.5572252397  0.
1729.00488216024  0.
1730.45253908077  0.
1731.90019600131  0.
1733.34785292185  0.
1734.79550984238  0.
1736.24316676292  0.
1737.69082368346  0.
1739.13848060399  0.
1740.58613752453  0.
1742.03379444507  0.
1743.4814513656  0.
1744.92910828614  0.
1746.37676520668  0.
1747.82442212721  0.
1749.27207904775  0.
1750.71973596829  0.
1752.16739288882  0.
1753.61504980936  0.
1755.0627067299  0.
1756.51036365043  0.
1757.95802057097  0.
1759.40567749151  0.
1760.85333441205  0.
1762.30099133258  0.
1763.74864825312  0.
1765.19630517366  0.
1766.64396209419  0.
1768.09161901473  0.
1769.53927593527  0.
1770.9869328558  0.
1772.43458977634  0.
1773.88224669688  0.
1775.32990361741  0.
1776.77756053795  0.
1778.22521745849  0.
1779.67287437902  0.
1781.12053129956  0.
1782.5681882201  0.
1784.01584514063  0.
1785.46350206117  0.
1786.91115898171  0.
1788.35881590224  0.
1789.80647282278  0.
1791.25412974332  0.
1792.70178666385  0.
1794.14944358439  0.
1795.59710050493  0.
1797.04475742547  0.
1798.492414346  0.
1799.94007126654  0.
1801.38772818708  0.
1802.83538510761  0.
1804.28304202815  0.
1805.73069894869  0.
1807.17835586922  0.
1808.62601278976  0.
1810.0736697103  0.
1811.52132663083  0.
1812.96898355137  0.
1814.41664047191  0.
1815.86429739244  0.
1817.31195431298  0.
1818.75961123352  0.
1820.20726815405  0.
1821.65492507459  0.
1823.10258199513  0.
1824.55023891566  0.
1825.9978958362  0.
1827.44555275674  0.
1828.89320967727  0.
1830.34086659781  0.
1831.78852351835  0.
