906.735751295338  0.
908.183408215875  0.
909.631065136412  0.
911.078722056949  0.
912.526378977485  0.
913.974035898022  0.
915.421692818559  0.
916.869349739096  0.
918.317006659633  0.
919.764663580169  0.
921.212320500706  0.
922.659977421243  0.
924.10763434178  0.
925.555291262316  0.
927.002948182853  0.
928.45060510339  0.
929.898262023927  0.
931.345918944464  0.
932.793575865  0.
934.241232785537  0.
935.688889706074  0.
937.136546626611  0.
938.584203547148  0.
940.031860467684  0.
941.479517388221  0.
942.927174308758  0.
944.374831229295  0.
945.822488149832  0.
947.270145070369  0.
948.717801990905  0.
950.165458911442  0.
951.613115831979  0.
953.060772752515  0.
954.508429673052  0.
955.956086593589  0.
957.403743514126  0.
958.851400434663  0.
960.2990573552  0.
961.746714275736  0.
963.194371196273  0.
964.64202811681  0.
966.089685037347  0.
967.537341957883  0.
968.98499887842  0.
970.432655798957  0.
971.880312719494  0.
973.327969640031  0.
974.775626560567  0.
976.223283481104  0.
977.670940401641  0.
979.118597322178  0.
980.566254242715  0.
982.013911163251  0.
983.461568083788  0.
984.909225004325  0.
986.356881924862  0.
987.804538845399  0.
989.252195765935  0.
990.699852686472  0.
992.147509607009  0.
993.595166527546  1.579737E-14
995.042823448082  9.535877E-14
996.490480368619  1.288860E-13
997.938137289156  3.405775E-13
999.385794209693  1.454731E-13
1000.83345113023  1.379223E-13
1002.28110805077  4.037561E-13
1003.7287649713  2.006914E-13
1005.17642189184  3.405905E-13
1006.62407881238  2.713009E-13
1008.07173573291  2.554359E-14
1009.51939265345  3.630527E-13
1010.96704957399  3.004245E-13
1012.41470649452  2.076916E-13
1013.86236341506  2.045747E-13
1015.3100203356  3.445805E-13
1016.75767725613  5.137519E-13
1018.20533417667  4.239918E-13
1019.65299109721  4.130827E-13
1021.10064801775  3.999007E-13
1022.54830493828  2.836485E-13
1023.99596185882  2.206557E-13
1025.44361877936  3.970667E-13
1026.89127569989  3.335901E-13
1028.33893262043  2.623016E-13
1029.78658954097  3.660124E-13
1031.2342464615  3.597506E-13
1032.68190338204  2.869292E-13
1034.12956030258  2.541195E-13
1035.57721722311  2.537665E-13
1037.02487414365  3.224336E-13
1038.47253106419  2.281935E-13
1039.92018798472  2.605979E-13
1041.36784490526  2.310548E-13
1042.8155018258  1.512695E-13
1044.26315874633  3.020876E-13
1045.71081566687  2.747082E-13
1047.15847258741  3.151258E-13
1048.60612950794  6.120873E-13
1050.05378642848  7.743300E-13
1051.50144334902  6.185612E-13
1052.94910026955  5.242998E-13
1054.39675719009  4.672808E-13
1055.84441411063  5.146584E-13
1057.29207103116  2.096809E-13
1058.7397279517  2.788096E-13
1060.18738487224  2.731064E-13
1061.63504179277  2.576780E-13
1063.08269871331  2.472188E-13
1064.53035563385  2.421213E-13
1065.97801255439  2.749291E-13
1067.42566947492  2.769905E-13
1068.87332639546  1.941735E-13
1070.320983316  2.258822E-13
1071.76864023653  1.903526E-13
1073.21629715707  3.090134E-13
1074.66395407761  1.974306E-13
1076.11161099814  2.388968E-13
1077.55926791868  2.442355E-13
1079.00692483922  1.653809E-13
1080.45458175975  2.029528E-13
1081.90223868029  2.157056E-13
1083.34989560083  1.621403E-13
1084.79755252136  1.931453E-13
1086.2452094419  1.700097E-13
1087.69286636244  1.878239E-13
1089.14052328297  2.044505E-13
1090.58818020351  2.216675E-13
1092.03583712405  1.762978E-13
1093.48349404458  1.864021E-13
1094.93115096512  1.828739E-13
1096.37880788566  1.536898E-13
1097.82646480619  1.819156E-13
1099.27412172673  1.423425E-13
1100.72177864727  1.776272E-13
1102.1694355678  2.109467E-13
1103.61709248834  1.886261E-13
1105.06474940888  1.829315E-13
1106.51240632942  1.994042E-13
1107.96006324995  1.659223E-13
1109.40772017049  1.814548E-13
1110.85537709103  1.674361E-13
1112.30303401156  1.924773E-13
1113.7506909321  1.644260E-13
1115.19834785264  1.958696E-13
1116.64600477317  2.182700E-13
1118.09366169371  2.067785E-13
1119.54131861425  1.710791E-13
1120.98897553478  1.845904E-13
1122.43663245532  1.845229E-13
1123.88428937586  2.209345E-13
1125.33194629639  1.678078E-13
1126.77960321693  1.522206E-13
1128.22726013747  2.606031E-13
1129.674917058  2.018287E-13
1131.12257397854  2.023639E-13
1132.57023089908  1.945153E-13
1134.01788781961  2.743289E-13
1135.46554474015  1.694056E-13
1136.91320166069  1.526987E-13
1138.36085858122  1.916915E-13
1139.80851550176  2.544946E-13
1141.2561724223  1.833742E-13
1142.70382934284  1.727352E-13
1144.15148626337  2.035163E-13
1145.59914318391  1.637634E-13
1147.04680010445  2.065126E-13
1148.49445702498  1.994472E-13
1149.94211394552  1.920287E-13
1151.38977086606  1.783760E-13
1152.83742778659  1.892514E-13
1154.28508470713  2.040174E-13
1155.73274162767  2.163285E-13
1157.1803985482  1.751792E-13
1158.62805546874  2.048481E-13
1160.07571238928  1.997382E-13
1161.52336930981  1.527939E-13
1162.97102623035  2.293251E-13
1164.41868315089  2.002656E-13
1165.86634007142  1.815961E-13
1167.31399699196  2.180216E-13
1168.7616539125  1.971610E-13
1170.20931083303  2.083543E-13
1171.65696775357  1.897333E-13
1173.10462467411  2.067563E-13
1174.55228159464  2.536040E-13
1175.99993851518  3.004606E-13
1177.44759543572  2.071487E-13
1178.89525235625  1.982593E-13
1180.34290927679  2.333336E-13
1181.79056619733  2.089173E-13
1183.23822311787  1.658916E-13
1184.6858800384  1.815105E-13
1186.13353695894  1.977919E-13
1187.58119387948  2.123071E-13
1189.02885080001  1.777816E-13
1190.47650772055  2.705885E-13
1191.92416464109  1.808000E-13
1193.37182156162  2.698860E-13
1194.81947848216  2.990437E-13
1196.2671354027  2.762664E-13
1197.71479232323  3.125571E-13
1199.16244924377  2.900275E-13
1200.61010616431  3.150623E-13
1202.05776308484  3.004060E-13
1203.50542000538  4.290056E-13
1204.95307692592  5.016989E-13
1206.40073384645  4.015189E-13
1207.84839076699  5.396228E-13
1209.29604768753  4.643078E-13
1210.74370460806  5.941975E-13
1212.1913615286  7.250120E-13
1213.63901844914  7.044681E-13
1215.08667536967  5.370268E-13
1216.53433229021  5.122986E-13
1217.98198921075  5.011945E-13
1219.42964613129  6.017442E-13
1220.87730305182  4.008297E-13
1222.32495997236  2.496215E-13
1223.7726168929  2.840722E-13
1225.22027381343  2.669185E-13
1226.66793073397  3.064535E-13
1228.11558765451  3.436095E-13
1229.56324457504  3.393429E-13
1231.01090149558  2.620580E-13
1232.45855841612  2.658052E-13
1233.90621533665  2.830165E-13
1235.35387225719  2.936079E-13
1236.80152917773  2.971055E-13
1238.24918609826  2.178452E-13
1239.6968430188  3.206820E-13
1241.14449993934  2.680892E-13
1242.59215685987  3.105941E-13
1244.03981378041  3.012780E-13
1245.48747070095  2.404233E-13
1246.93512762148  2.491419E-13
1248.38278454202  1.840853E-13
1249.83044146256  2.133207E-13
1251.27809838309  2.340391E-13
1252.72575530363  2.319419E-13
1254.17341222417  1.849473E-13
1255.62106914471  2.161438E-13
1257.06872606524  2.053043E-13
1258.51638298578  1.596703E-13
1259.96403990632  1.976847E-13
1261.41169682685  2.031925E-13
1262.85935374739  1.761759E-13
1264.30701066793  2.061495E-13
1265.75466758846  2.111129E-13
1267.202324509  2.610819E-13
1268.64998142954  2.248103E-13
1270.09763835007  1.779818E-13
1271.54529527061  1.587518E-13
1272.99295219115  1.432011E-13
1274.44060911168  2.040011E-13
1275.88826603222  1.901130E-13
1277.33592295276  2.425958E-13
1278.78357987329  2.212059E-13
1280.23123679383  1.489621E-13
1281.67889371437  1.494391E-13
1283.1265506349  1.919284E-13
1284.57420755544  1.269912E-13
1286.02186447598  1.993117E-13
1287.46952139651  1.635070E-13
1288.91717831705  2.234809E-13
1290.36483523759  1.937606E-13
1291.81249215812  1.698897E-13
1293.26014907866  1.748137E-13
1294.7078059992  1.919677E-13
1296.15546291974  2.321542E-13
1297.60311984027  1.826544E-13
1299.05077676081  2.286088E-13
1300.49843368135  2.178119E-13
1301.94609060188  2.208267E-13
1303.39374752242  1.449135E-13
1304.84140444296  2.193417E-13
1306.28906136349  2.120487E-13
1307.73671828403  1.284212E-13
1309.18437520457  1.575645E-13
1310.6320321251  2.050928E-13
1312.07968904564  1.682893E-13
1313.52734596618  2.055046E-13
1314.97500288671  1.267570E-13
1316.42265980725  1.626994E-13
1317.87031672779  1.690761E-13
1319.31797364832  1.544819E-13
1320.76563056886  1.544386E-13
1322.2132874894  1.618357E-13
1323.66094440993  2.069570E-13
1325.10860133047  2.083098E-13
1326.55625825101  1.659453E-13
1328.00391517154  1.872656E-13
1329.45157209208  2.004261E-13
1330.89922901262  1.574361E-13
1332.34688593315  1.892728E-13
1333.79454285369  1.115268E-13
1335.24219977423  1.415119E-13
1336.68985669477  1.537566E-13
1338.1375136153  1.924379E-13
1339.58517053584  1.788682E-13
1341.03282745638  1.228726E-13
1342.48048437691  2.313841E-13
1343.92814129745  1.878932E-13
1345.37579821799  1.663949E-13
1346.82345513852  1.874681E-13
1348.27111205906  1.852293E-13
1349.7187689796  1.636671E-13
1351.16642590013  1.948735E-13
1352.61408282067  1.326267E-13
1354.06173974121  1.641195E-13
1355.50939666174  2.100253E-13
1356.95705358228  1.376479E-13
1358.40471050282  2.375269E-13
1359.85236742335  1.616994E-13
1361.30002434389  2.441267E-13
1362.74768126443  2.484627E-13
1364.19533818496  2.782209E-13
1365.6429951055  1.653244E-13
1367.09065202604  2.055550E-13
1368.53830894657  2.523740E-13
1369.98596586711  1.947016E-13
1371.43362278765  1.591921E-13
1372.88127970819  1.854263E-13
1374.32893662872  2.169435E-13
1375.77659354926  2.147801E-13
1377.2242504698  1.457400E-13
1378.67190739033  2.344313E-13
1380.11956431087  2.007355E-13
1381.56722123141  2.274001E-13
1383.01487815194  1.958165E-13
1384.46253507248  2.718157E-13
1385.91019199302  1.363537E-13
1387.35784891355  2.025064E-13
1388.80550583409  2.415911E-13
1390.25316275463  2.394295E-13
1391.70081967516  1.923148E-13
1393.1484765957  2.042705E-13
1394.59613351624  2.178146E-13
1396.04379043677  2.349024E-13
1397.49144735731  1.907838E-13
1398.93910427785  1.717766E-13
1400.38676119838  1.830200E-13
1401.83441811892  2.524492E-13
1403.28207503946  2.126532E-13
1404.72973195999  2.152705E-13
1406.17738888053  1.848745E-13
1407.62504580107  1.832006E-13
1409.0727027216  1.598565E-13
1410.52035964214  2.437635E-13
1411.96801656268  1.655086E-13
1413.41567348322  1.396755E-13
1414.86333040375  2.169332E-13
1416.31098732429  1.795650E-13
1417.75864424483  1.662582E-13
1419.20630116536  1.583440E-13
1420.6539580859  1.595139E-13
1422.10161500644  1.760451E-13
1423.54927192697  2.024146E-13
1424.99692884751  1.376319E-13
1426.44458576805  1.341624E-13
1427.89224268858  1.024626E-13
1429.33989960912  1.431366E-13
1430.78755652966  1.478835E-13
1432.23521345019  1.644850E-13
1433.68287037073  1.587810E-13
1435.13052729127  1.508138E-13
1436.5781842118  1.272836E-13
1438.02584113234  1.578562E-13
1439.47349805288  1.363634E-13
1440.92115497341  1.582736E-13
1442.36881189395  1.497373E-13
1443.81646881449  1.421938E-13
1445.26412573502  1.582777E-13
1446.71178265556  1.449876E-13
1448.1594395761  1.440810E-13
1449.60709649664  1.302223E-13
1451.05475341717  1.431416E-13
1452.50241033771  1.219852E-13
1453.95006725825  1.408798E-13
1455.39772417878  1.562981E-13
1456.84538109932  1.697399E-13
1458.29303801986  1.390509E-13
1459.74069494039  1.679954E-13
1461.18835186093  1.474717E-13
1462.63600878147  1.685607E-13
1464.083665702  1.825408E-13
1465.53132262254  1.569163E-13
1466.97897954308  1.407755E-13
1468.42663646361  1.560602E-13
1469.87429338415  1.600133E-13
1471.32195030469  1.593755E-13
1472.76960722522  1.754353E-13
1474.21726414576  1.656517E-13
1475.6649210663  1.491207E-13
1477.11257798683  1.500122E-13
1478.56023490737  1.423253E-13
1480.00789182791  1.313209E-13
1481.45554874844  1.699120E-13
1482.90320566898  1.470278E-13
1484.35086258952  1.175102E-13
1485.79851951005  1.281130E-13
1487.24617643059  1.336698E-13
1488.69383335113  1.483533E-13
1490.14149027167  1.581276E-13
1491.5891471922  1.502554E-13
1493.03680411274  1.280305E-13
1494.48446103328  1.120749E-13
1495.93211795381  1.056189E-13
1497.37977487435  1.097182E-13
1498.82743179489  1.293062E-13
1500.27508871542  1.694525E-13
1501.72274563596  1.539517E-13
1503.1704025565  1.409347E-13
1504.61805947703  1.827389E-13
1506.06571639757  1.820240E-13
1507.51337331811  1.773622E-13
1508.96103023864  1.988259E-13
1510.40868715918  1.816773E-13
1511.85634407972  1.749532E-13
1513.30400100025  1.686167E-13
1514.75165792079  1.430562E-13
1516.19931484133  1.609613E-13
1517.64697176186  1.494236E-13
1519.0946286824  1.609638E-13
1520.54228560294  1.569561E-13
1521.98994252347  1.562455E-13
1523.43759944401  1.768171E-13
1524.88525636455  1.763638E-13
1526.33291328509  1.688802E-13
1527.78057020562  1.768434E-13
1529.22822712616  1.583559E-13
1530.6758840467  1.825465E-13
1532.12354096723  2.011783E-13
1533.57119788777  1.944833E-13
1535.01885480831  2.184703E-13
1536.46651172884  2.347577E-13
1537.91416864938  2.443408E-13
1539.36182556992  2.401568E-13
1540.80948249045  2.676023E-13
1542.25713941099  2.573677E-13
1543.70479633153  2.749540E-13
1545.15245325206  2.734703E-13
1546.6001101726  2.640949E-13
1548.04776709314  2.470476E-13
1549.49542401367  2.489367E-13
1550.94308093421  2.271289E-13
1552.39073785475  2.168705E-13
1553.83839477528  1.984605E-13
1555.28605169582  1.746944E-13
1556.73370861636  1.677768E-13
1558.18136553689  1.463244E-13
1559.62902245743  1.392079E-13
1561.07667937797  1.543835E-13
1562.5243362985  1.596074E-13
1563.97199321904  1.539229E-13
1565.41965013958  1.533774E-13
1566.86730706012  1.517490E-13
1568.31496398065  1.438182E-13
1569.76262090119  1.413641E-13
1571.21027782173  1.298766E-13
1572.65793474226  1.296464E-13
1574.1055916628  1.366234E-13
1575.55324858334  1.395288E-13
1577.00090550387  1.409183E-13
1578.44856242441  1.456980E-13
1579.89621934495  1.285845E-13
1581.34387626548  1.344544E-13
1582.79153318602  1.471314E-13
1584.23919010656  1.540550E-13
1585.68684702709  1.523425E-13
1587.13450394763  1.393271E-13
1588.58216086817  1.374859E-13
1590.0298177887  1.341285E-13
1591.47747470924  1.337898E-13
1592.92513162978  1.486989E-13
1594.37278855031  1.649538E-13
1595.82044547085  1.692474E-13
1597.26810239139  1.538552E-13
1598.71575931192  1.577935E-13
1600.16341623246  1.621691E-13
1601.611073153  1.636354E-13
1603.05873007354  1.616597E-13
1604.50638699407  1.440618E-13
1605.95404391461  1.661274E-13
1607.40170083515  1.643649E-13
1608.84935775568  1.484961E-13
1610.29701467622  1.463355E-13
1611.74467159676  1.523171E-13
1613.19232851729  1.357998E-13
1614.63998543783  1.341834E-13
1616.08764235837  1.438682E-13
1617.5352992789  1.425610E-13
1618.98295619944  1.466618E-13
1620.43061311998  1.415581E-13
1621.87827004051  1.516304E-13
1623.32592696105  1.585807E-13
1624.77358388159  1.505827E-13
1626.22124080212  1.371412E-13
1627.66889772266  1.430805E-13
1629.1165546432  1.621860E-13
1630.56421156373  1.524503E-13
1632.01186848427  1.484279E-13
1633.45952540481  1.507494E-13
1634.90718232534  1.644423E-13
1636.35483924588  1.544132E-13
1637.80249616642  1.433666E-13
1639.25015308695  1.438871E-13
1640.69781000749  1.359281E-13
1642.14546692803  1.468597E-13
1643.59312384857  1.542393E-13
1645.0407807691  1.569541E-13
1646.48843768964  1.411356E-13
1647.93609461018  1.412795E-13
1649.38375153071  1.447318E-13
1650.83140845125  1.290357E-13
1652.27906537179  1.315720E-13
1653.72672229232  1.324974E-13
1655.17437921286  1.235845E-13
1656.6220361334  1.332659E-13
1658.06969305393  1.287332E-13
1659.51734997447  1.443915E-13
1660.96500689501  1.460216E-13
1662.41266381554  1.699236E-13
1663.86032073608  1.686327E-13
1665.30797765662  1.639718E-13
1666.75563457715  1.626489E-13
1668.20329149769  1.635933E-13
1669.65094841823  1.448026E-13
1671.09860533876  1.376418E-13
1672.5462622593  1.340274E-13
1673.99391917984  1.350472E-13
1675.44157610038  1.309971E-13
1676.88923302091  1.247412E-13
1678.33688994145  1.379713E-13
1679.78454686199  1.342504E-13
1681.23220378252  1.362185E-13
1682.67986070306  1.443050E-13
1684.1275176236  1.442834E-13
1685.57517454413  1.442354E-13
1687.02283146467  1.309653E-13
1688.47048838521  1.312228E-13
1689.91814530574  1.463183E-13
1691.36580222628  1.478402E-13
1692.81345914682  1.487442E-13
1694.26111606735  1.465278E-13
1695.70877298789  1.450331E-13
1697.15642990843  1.455960E-13
1698.60408682896  1.345473E-13
1700.0517437495  1.331233E-13
1701.49940067004  1.353772E-13
1702.94705759057  1.319106E-13
1704.39471451111  1.324839E-13
1705.84237143165  1.222283E-13
1707.29002835218  1.252703E-13
1708.73768527272  1.243513E-13
1710.18534219326  0.
1711.63299911379  0.
1713.08065603433  0.
1714.52831295487  0.
1715.97596987541  0.
1717.42362679594  0.
1718.87128371648  0.
1720.31894063702  0.
1721.76659755755  0.
1723.21425447809  0.
1724.66191139863  0.
1726.10956831916  0.
1727.5572252397  0.
1729.00488216024  0.
1730.45253908077  0.
1731.90019600131  0.
1733.34785292185  0.
1734.79550984238  0.
1736.24316676292  0.
1737.69082368346  0.
1739.13848060399  0.
1740.58613752453  0.
1742.03379444507  0.
1743.4814513656  0.
1744.92910828614  0.
1746.37676520668  0.
1747.82442212721  0.
1749.27207904775  0.
1750.71973596829  0.
1752.16739288882  0.
1753.61504980936  0.
1755.0627067299  0.
1756.51036365043  0.
1757.95802057097  0.
1759.40567749151  0.
1760.85333441205  0.
1762.30099133258  0.
1763.74864825312  0.
1765.19630517366  0.
1766.64396209419  0.
1768.09161901473  0.
1769.53927593527  0.
1770.9869328558  0.
1772.43458977634  0.
1773.88224669688  0.
1775.32990361741  0.
1776.77756053795  0.
1778.22521745849  0.
1779.67287437902  0.
1781.12053129956  0.
1782.5681882201  0.
1784.01584514063  0.
1785.46350206117  0.
1786.91115898171  0.
1788.35881590224  0.
1789.80647282278  0.
1791.25412974332  0.
1792.70178666385  0.
1794.14944358439  0.
1795.59710050493  0.
1797.04475742547  0.
1798.492414346  0.
1799.94007126654  0.
1801.38772818708  0.
1802.83538510761  0.
1804.28304202815  0.
1805.73069894869  0.
1807.17835586922  0.
1808.62601278976  0.
1810.0736697103  0.
1811.52132663083  0.
1812.96898355137  0.
1814.41664047191  0.
1815.86429739244  0.
1817.31195431298  0.
1818.75961123352  0.
1820.20726815405  0.
1821.65492507459  0.
1823.10258199513  0.
1824.55023891566  0.
1825.9978958362  0.
1827.44555275674  0.
1828.89320967727  0.
1830.34086659781  0.
1831.78852351835  0.
