906.735751295338  0.
908.183408215875  0.
909.631065136412  0.
911.078722056949  0.
912.526378977485  0.
913.974035898022  0.
915.421692818559  0.
916.869349739096  0.
918.317006659633  0.
919.764663580169  0.
921.212320500706  0.
922.659977421243  0.
924.10763434178  0.
925.555291262316  0.
927.002948182853  0.
928.45060510339  0.
929.898262023927  0.
931.345918944464  0.
932.793575865  0.
934.241232785537  0.
935.688889706074  0.
937.136546626611  0.
938.584203547148  0.
940.031860467684  0.
941.479517388221  0.
942.927174308758  0.
944.374831229295  0.
945.822488149832  0.
947.270145070369  0.
948.717801990905  0.
950.165458911442  0.
951.613115831979  0.
953.060772752515  0.
954.508429673052  0.
955.956086593589  0.
957.403743514126  0.
958.851400434663  0.
960.2990573552  0.
961.746714275736  0.
963.194371196273  0.
964.64202811681  0.
966.089685037347  0.
967.537341957883  0.
968.98499887842  0.
970.432655798957  0.
971.880312719494  0.
973.327969640031  0.
974.775626560567  0.
976.223283481104  0.
977.670940401641  0.
979.118597322178  0.
980.566254242715  0.
982.013911163251  0.
983.461568083788  0.
984.909225004325  0.
986.356881924862  0.
987.804538845399  0.
989.252195765935  0.
990.699852686472  0.
992.147509607009  0.
993.595166527546  2.208362E-13
995.042823448082  3.744112E-13
996.490480368619  4.142574E-13
997.938137289156  5.145098E-13
999.385794209693  7.500991E-13
1000.83345113023  3.956423E-13
1002.28110805077  4.382407E-13
1003.7287649713  1.107911E-13
1005.17642189184  3.286302E-13
1006.62407881238  4.533720E-13
1008.07173573291  3.476976E-13
1009.51939265345  5.129463E-13
1010.96704957399  4.158412E-13
1012.41470649452  3.366538E-13
1013.86236341506  4.506394E-13
1015.3100203356  5.983987E-13
1016.75767725613  4.816646E-13
1018.20533417667  4.556817E-13
1019.65299109721  5.352579E-13
1021.10064801775  4.685946E-13
1022.54830493828  4.504681E-13
1023.99596185882  3.676931E-13
1025.44361877936  6.411027E-13
1026.89127569989  4.470340E-13
1028.33893262043  4.483886E-13
1029.78658954097  5.163424E-13
1031.2342464615  4.410151E-13
1032.68190338204  4.260126E-13
1034.12956030258  4.276357E-13
1035.57721722311  4.207049E-13
1037.02487414365  4.723729E-13
1038.47253106419  3.774355E-13
1039.92018798472  3.547966E-13
1041.36784490526  3.495607E-13
1042.8155018258  3.443024E-13
1044.26315874633  3.874071E-13
1045.71081566687  5.654152E-13
1047.15847258741  3.851513E-13
1048.60612950794  6.196033E-13
1050.05378642848  7.588604E-13
1051.50144334902  8.621307E-13
1052.94910026955  6.915174E-13
1054.39675719009  5.628999E-13
1055.84441411063  4.916567E-13
1057.29207103116  3.179832E-13
1058.7397279517  3.182255E-13
1060.18738487224  3.737717E-13
1061.63504179277  3.785112E-13
1063.08269871331  3.434464E-13
1064.53035563385  3.226061E-13
1065.97801255439  3.510837E-13
1067.42566947492  4.291118E-13
1068.87332639546  3.125309E-13
1070.320983316  3.031429E-13
1071.76864023653  2.944596E-13
1073.21629715707  3.397213E-13
1074.66395407761  4.152739E-13
1076.11161099814  3.788651E-13
1077.55926791868  3.767605E-13
1079.00692483922  3.242377E-13
1080.45458175975  2.889427E-13
1081.90223868029  3.413014E-13
1083.34989560083  2.711392E-13
1084.79755252136  2.827040E-13
1086.2452094419  2.983159E-13
1087.69286636244  2.856780E-13
1089.14052328297  2.988506E-13
1090.58818020351  2.769290E-13
1092.03583712405  2.818538E-13
1093.48349404458  2.644381E-13
1094.93115096512  2.753701E-13
1096.37880788566  2.966762E-13
1097.82646480619  3.026911E-13
1099.27412172673  3.099050E-13
1100.72177864727  3.022140E-13
1102.1694355678  3.247082E-13
1103.61709248834  3.147218E-13
1105.06474940888  3.274806E-13
1106.51240632942  2.942218E-13
1107.96006324995  2.894055E-13
1109.40772017049  3.091855E-13
1110.85537709103  2.854680E-13
1112.30303401156  3.014641E-13
1113.7506909321  2.986737E-13
1115.19834785264  3.022149E-13
1116.64600477317  3.241680E-13
1118.09366169371  3.593231E-13
1119.54131861425  2.528107E-13
1120.98897553478  2.621938E-13
1122.43663245532  2.712448E-13
1123.88428937586  2.928847E-13
1125.33194629639  2.362616E-13
1126.77960321693  2.201249E-13
1128.22726013747  2.831632E-13
1129.674917058  3.113464E-13
1131.12257397854  3.108405E-13
1132.57023089908  2.794234E-13
1134.01788781961  3.255619E-13
1135.46554474015  3.414202E-13
1136.91320166069  2.409735E-13
1138.36085858122  2.927858E-13
1139.80851550176  2.621200E-13
1141.2561724223  2.822533E-13
1142.70382934284  3.044729E-13
1144.15148626337  3.898046E-13
1145.59914318391  2.711355E-13
1147.04680010445  2.952408E-13
1148.49445702498  3.191558E-13
1149.94211394552  2.734152E-13
1151.38977086606  2.706348E-13
1152.83742778659  3.195182E-13
1154.28508470713  2.837663E-13
1155.73274162767  3.178953E-13
1157.1803985482  2.690861E-13
1158.62805546874  2.717768E-13
1160.07571238928  3.671276E-13
1161.52336930981  2.460476E-13
1162.97102623035  3.252035E-13
1164.41868315089  3.045292E-13
1165.86634007142  3.147964E-13
1167.31399699196  3.377936E-13
1168.7616539125  3.155554E-13
1170.20931083303  3.603711E-13
1171.65696775357  3.141290E-13
1173.10462467411  2.700593E-13
1174.55228159464  2.973350E-13
1175.99993851518  3.346416E-13
1177.44759543572  3.641343E-13
1178.89525235625  3.297989E-13
1180.34290927679  3.704982E-13
1181.79056619733  2.954853E-13
1183.23822311787  3.395111E-13
1184.6858800384  3.684967E-13
1186.13353695894  3.821828E-13
1187.58119387948  4.200233E-13
1189.02885080001  3.149844E-13
1190.47650772055  4.109959E-13
1191.92416464109  3.982699E-13
1193.37182156162  4.342407E-13
1194.81947848216  5.339479E-13
1196.2671354027  5.153552E-13
1197.71479232323  3.658076E-13
1199.16244924377  4.843093E-13
1200.61010616431  4.108098E-13
1202.05776308484  5.177642E-13
1203.50542000538  5.286874E-13
1204.95307692592  6.700855E-13
1206.40073384645  6.219558E-13
1207.84839076699  7.381033E-13
1209.29604768753  8.658492E-13
1210.74370460806  8.097528E-13
1212.1913615286  9.150572E-13
1213.63901844914  1.021741E-12
1215.08667536967  8.622778E-13
1216.53433229021  9.197472E-13
1217.98198921075  8.063896E-13
1219.42964613129  8.844725E-13
1220.87730305182  6.874571E-13
1222.32495997236  4.862119E-13
1223.7726168929  5.879032E-13
1225.22027381343  5.162288E-13
1226.66793073397  5.059785E-13
1228.11558765451  5.210973E-13
1229.56324457504  4.492076E-13
1231.01090149558  4.619454E-13
1232.45855841612  4.167408E-13
1233.90621533665  4.405817E-13
1235.35387225719  4.890333E-13
1236.80152917773  5.391129E-13
1238.24918609826  4.460563E-13
1239.6968430188  4.031007E-13
1241.14449993934  4.035566E-13
1242.59215685987  4.138083E-13
1244.03981378041  4.789341E-13
1245.48747070095  3.282246E-13
1246.93512762148  4.147913E-13
1248.38278454202  3.808523E-13
1249.83044146256  3.425551E-13
1251.27809838309  3.059024E-13
1252.72575530363  3.826262E-13
1254.17341222417  3.736589E-13
1255.62106914471  3.103588E-13
1257.06872606524  3.470870E-13
1258.51638298578  3.174902E-13
1259.96403990632  3.123545E-13
1261.41169682685  3.126510E-13
1262.85935374739  3.494605E-13
1264.30701066793  3.358902E-13
1265.75466758846  3.522896E-13
1267.202324509  3.944790E-13
1268.64998142954  3.487099E-13
1270.09763835007  2.666836E-13
1271.54529527061  2.518971E-13
1272.99295219115  2.924640E-13
1274.44060911168  3.059611E-13
1275.88826603222  3.110616E-13
1277.33592295276  2.914915E-13
1278.78357987329  2.837473E-13
1280.23123679383  2.770666E-13
1281.67889371437  2.741558E-13
1283.1265506349  2.909323E-13
1284.57420755544  2.514084E-13
1286.02186447598  3.161721E-13
1287.46952139651  2.870902E-13
1288.91717831705  2.777903E-13
1290.36483523759  2.431168E-13
1291.81249215812  2.526864E-13
1293.26014907866  3.026487E-13
1294.7078059992  2.800963E-13
1296.15546291974  2.953320E-13
1297.60311984027  2.358271E-13
1299.05077676081  2.924750E-13
1300.49843368135  2.914188E-13
1301.94609060188  3.233131E-13
1303.39374752242  2.850946E-13
1304.84140444296  2.506757E-13
1306.28906136349  2.291524E-13
1307.73671828403  2.363507E-13
1309.18437520457  2.507359E-13
1310.6320321251  2.440637E-13
1312.07968904564  2.719856E-13
1313.52734596618  2.894130E-13
1314.97500288671  2.723618E-13
1316.42265980725  2.517242E-13
1317.87031672779  2.859444E-13
1319.31797364832  3.205907E-13
1320.76563056886  2.297602E-13
1322.2132874894  2.577434E-13
1323.66094440993  3.225148E-13
1325.10860133047  2.403426E-13
1326.55625825101  2.065332E-13
1328.00391517154  2.634373E-13
1329.45157209208  3.035367E-13
1330.89922901262  2.379962E-13
1332.34688593315  2.585233E-13
1333.79454285369  2.030678E-13
1335.24219977423  2.436009E-13
1336.68985669477  2.061772E-13
1338.1375136153  2.283534E-13
1339.58517053584  2.585691E-13
1341.03282745638  2.192275E-13
1342.48048437691  2.570424E-13
1343.92814129745  2.806296E-13
1345.37579821799  2.886296E-13
1346.82345513852  2.452982E-13
1348.27111205906  2.258705E-13
1349.7187689796  2.421458E-13
1351.16642590013  2.928736E-13
1352.61408282067  2.316441E-13
1354.06173974121  2.330096E-13
1355.50939666174  2.686163E-13
1356.95705358228  2.644207E-13
1358.40471050282  2.556005E-13
1359.85236742335  2.423284E-13
1361.30002434389  3.209872E-13
1362.74768126443  2.999336E-13
1364.19533818496  2.625626E-13
1365.6429951055  1.953610E-13
1367.09065202604  2.502275E-13
1368.53830894657  3.204270E-13
1369.98596586711  2.530808E-13
1371.43362278765  2.444599E-13
1372.88127970819  2.554570E-13
1374.32893662872  2.728363E-13
1375.77659354926  2.463074E-13
1377.2242504698  2.427276E-13
1378.67190739033  2.819339E-13
1380.11956431087  2.582051E-13
1381.56722123141  2.301150E-13
1383.01487815194  2.285301E-13
1384.46253507248  3.021677E-13
1385.91019199302  2.159556E-13
1387.35784891355  2.481772E-13
1388.80550583409  2.688923E-13
1390.25316275463  2.967436E-13
1391.70081967516  3.268310E-13
1393.1484765957  3.468710E-13
1394.59613351624  3.131781E-13
1396.04379043677  3.083400E-13
1397.49144735731  3.295992E-13
1398.93910427785  2.682756E-13
1400.38676119838  3.102311E-13
1401.83441811892  3.540873E-13
1403.28207503946  3.104304E-13
1404.72973195999  3.132580E-13
1406.17738888053  2.567138E-13
1407.62504580107  2.776120E-13
1409.0727027216  2.542114E-13
1410.52035964214  2.646930E-13
1411.96801656268  2.403306E-13
1413.41567348322  3.092733E-13
1414.86333040375  3.075678E-13
1416.31098732429  2.781578E-13
1417.75864424483  2.843161E-13
1419.20630116536  2.297036E-13
1420.6539580859  2.345952E-13
1422.10161500644  2.866149E-13
1423.54927192697  2.873612E-13
1424.99692884751  2.345802E-13
1426.44458576805  2.396956E-13
1427.89224268858  2.137082E-13
1429.33989960912  2.865498E-13
1430.78755652966  2.880702E-13
1432.23521345019  3.036996E-13
1433.68287037073  2.394860E-13
1435.13052729127  2.501681E-13
1436.5781842118  2.236519E-13
1438.02584113234  2.607700E-13
1439.47349805288  2.765267E-13
1440.92115497341  2.477970E-13
1442.36881189395  2.402825E-13
1443.81646881449  2.409079E-13
1445.26412573502  2.432135E-13
1446.71178265556  2.604980E-13
1448.1594395761  2.388961E-13
1449.60709649664  2.393466E-13
1451.05475341717  2.661210E-13
1452.50241033771  2.362508E-13
1453.95006725825  2.533462E-13
1455.39772417878  2.428239E-13
1456.84538109932  2.580173E-13
1458.29303801986  2.325900E-13
1459.74069494039  2.651595E-13
1461.18835186093  2.427392E-13
1462.63600878147  2.292431E-13
1464.083665702  2.113004E-13
1465.53132262254  2.230703E-13
1466.97897954308  2.606657E-13
1468.42663646361  2.349926E-13
1469.87429338415  2.270143E-13
1471.32195030469  2.248351E-13
1472.76960722522  2.233884E-13
1474.21726414576  2.341869E-13
1475.6649210663  2.411117E-13
1477.11257798683  2.330143E-13
1478.56023490737  2.001963E-13
1480.00789182791  1.981877E-13
1481.45554874844  2.470040E-13
1482.90320566898  2.349559E-13
1484.35086258952  2.394328E-13
1485.79851951005  2.269749E-13
1487.24617643059  2.168373E-13
1488.69383335113  2.303170E-13
1490.14149027167  2.473873E-13
1491.5891471922  2.506050E-13
1493.03680411274  2.480171E-13
1494.48446103328  2.156705E-13
1495.93211795381  2.406292E-13
1497.37977487435  2.434587E-13
1498.82743179489  2.473359E-13
1500.27508871542  2.654401E-13
1501.72274563596  2.439697E-13
1503.1704025565  2.236251E-13
1504.61805947703  2.576168E-13
1506.06571639757  2.127285E-13
1507.51337331811  2.367948E-13
1508.96103023864  2.261441E-13
1510.40868715918  2.887943E-13
1511.85634407972  2.512621E-13
1513.30400100025  2.670134E-13
1514.75165792079  2.417959E-13
1516.19931484133  2.561701E-13
1517.64697176186  2.702950E-13
1519.0946286824  2.722369E-13
1520.54228560294  2.782409E-13
1521.98994252347  2.806670E-13
1523.43759944401  2.758783E-13
1524.88525636455  2.739177E-13
1526.33291328509  2.637994E-13
1527.78057020562  2.738153E-13
1529.22822712616  2.702875E-13
1530.6758840467  2.841162E-13
1532.12354096723  3.187507E-13
1533.57119788777  3.277981E-13
1535.01885480831  3.341639E-13
1536.46651172884  3.707806E-13
1537.91416864938  3.918300E-13
1539.36182556992  4.257461E-13
1540.80948249045  4.188866E-13
1542.25713941099  4.189502E-13
1543.70479633153  4.213007E-13
1545.15245325206  4.127864E-13
1546.6001101726  4.418582E-13
1548.04776709314  4.127672E-13
1549.49542401367  3.943256E-13
1550.94308093421  3.636675E-13
1552.39073785475  3.678011E-13
1553.83839477528  3.520765E-13
1555.28605169582  3.350733E-13
1556.73370861636  3.321706E-13
1558.18136553689  3.170818E-13
1559.62902245743  2.716832E-13
1561.07667937797  2.888653E-13
1562.5243362985  2.709338E-13
1563.97199321904  2.555689E-13
1565.41965013958  2.593566E-13
1566.86730706012  2.407967E-13
1568.31496398065  2.486762E-13
1569.76262090119  2.290017E-13
1571.21027782173  2.237665E-13
1572.65793474226  2.288930E-13
1574.1055916628  2.415807E-13
1575.55324858334  2.431933E-13
1577.00090550387  2.321327E-13
1578.44856242441  2.606501E-13
1579.89621934495  2.383254E-13
1581.34387626548  2.236586E-13
1582.79153318602  2.279075E-13
1584.23919010656  2.323252E-13
1585.68684702709  2.380414E-13
1587.13450394763  2.186887E-13
1588.58216086817  2.075561E-13
1590.0298177887  2.268869E-13
1591.47747470924  2.401110E-13
1592.92513162978  2.403136E-13
1594.37278855031  2.227100E-13
1595.82044547085  2.128247E-13
1597.26810239139  1.883488E-13
1598.71575931192  2.081419E-13
1600.16341623246  2.189750E-13
1601.611073153  2.152388E-13
1603.05873007354  2.185804E-13
1604.50638699407  2.102994E-13
1605.95404391461  2.154276E-13
1607.40170083515  2.245859E-13
1608.84935775568  2.362160E-13
1610.29701467622  2.280809E-13
1611.74467159676  2.153410E-13
1613.19232851729  2.269001E-13
1614.63998543783  2.298948E-13
1616.08764235837  2.433514E-13
1617.5352992789  2.479889E-13
1618.98295619944  2.284269E-13
1620.43061311998  2.215115E-13
1621.87827004051  2.233823E-13
1623.32592696105  2.173358E-13
1624.77358388159  2.233634E-13
1626.22124080212  2.281397E-13
1627.66889772266  2.362169E-13
1629.1165546432  2.376651E-13
1630.56421156373  2.268754E-13
1632.01186848427  2.380901E-13
1633.45952540481  2.315570E-13
1634.90718232534  2.221142E-13
1636.35483924588  2.292736E-13
1637.80249616642  2.344347E-13
1639.25015308695  2.247570E-13
1640.69781000749  2.127123E-13
1642.14546692803  2.286651E-13
1643.59312384857  2.432316E-13
1645.0407807691  2.346237E-13
1646.48843768964  2.237914E-13
1647.93609461018  2.185249E-13
1649.38375153071  2.133174E-13
1650.83140845125  2.107659E-13
1652.27906537179  2.163779E-13
1653.72672229232  2.143622E-13
1655.17437921286  2.157706E-13
1656.6220361334  2.271548E-13
1658.06969305393  2.350812E-13
1659.51734997447  2.515955E-13
1660.96500689501  2.602361E-13
1662.41266381554  2.682391E-13
1663.86032073608  2.497993E-13
1665.30797765662  2.317204E-13
1666.75563457715  2.193020E-13
1668.20329149769  2.221593E-13
1669.65094841823  2.230412E-13
1671.09860533876  2.205020E-13
1672.5462622593  2.103697E-13
1673.99391917984  2.096788E-13
1675.44157610038  2.057186E-13
1676.88923302091  2.086924E-13
1678.33688994145  2.157707E-13
1679.78454686199  2.032941E-13
1681.23220378252  1.925190E-13
1682.67986070306  1.856265E-13
1684.1275176236  1.940911E-13
1685.57517454413  2.018071E-13
1687.02283146467  1.957247E-13
1688.47048838521  1.970211E-13
1689.91814530574  2.051247E-13
1691.36580222628  1.981041E-13
1692.81345914682  1.985987E-13
1694.26111606735  1.804081E-13
1695.70877298789  1.835730E-13
1697.15642990843  2.044716E-13
1698.60408682896  2.012895E-13
1700.0517437495  2.049437E-13
1701.49940067004  2.072674E-13
1702.94705759057  2.002896E-13
1704.39471451111  2.034982E-13
1705.84237143165  1.916726E-13
1707.29002835218  1.930067E-13
1708.73768527272  2.000868E-13
1710.18534219326  0.
1711.63299911379  0.
1713.08065603433  0.
1714.52831295487  0.
1715.97596987541  0.
1717.42362679594  0.
1718.87128371648  0.
1720.31894063702  0.
1721.76659755755  0.
1723.21425447809  0.
1724.66191139863  0.
1726.10956831916  0.
1727.5572252397  0.
1729.00488216024  0.
1730.45253908077  0.
1731.90019600131  0.
1733.34785292185  0.
1734.79550984238  0.
1736.24316676292  0.
1737.69082368346  0.
1739.13848060399  0.
1740.58613752453  0.
1742.03379444507  0.
1743.4814513656  0.
1744.92910828614  0.
1746.37676520668  0.
1747.82442212721  0.
1749.27207904775  0.
1750.71973596829  0.
1752.16739288882  0.
1753.61504980936  0.
1755.0627067299  0.
1756.51036365043  0.
1757.95802057097  0.
1759.40567749151  0.
1760.85333441205  0.
1762.30099133258  0.
1763.74864825312  0.
1765.19630517366  0.
1766.64396209419  0.
1768.09161901473  0.
1769.53927593527  0.
1770.9869328558  0.
1772.43458977634  0.
1773.88224669688  0.
1775.32990361741  0.
1776.77756053795  0.
1778.22521745849  0.
1779.67287437902  0.
1781.12053129956  0.
1782.5681882201  0.
1784.01584514063  0.
1785.46350206117  0.
1786.91115898171  0.
1788.35881590224  0.
1789.80647282278  0.
1791.25412974332  0.
1792.70178666385  0.
1794.14944358439  0.
1795.59710050493  0.
1797.04475742547  0.
1798.492414346  0.
1799.94007126654  0.
1801.38772818708  0.
1802.83538510761  0.
1804.28304202815  0.
1805.73069894869  0.
1807.17835586922  0.
1808.62601278976  0.
1810.0736697103  0.
1811.52132663083  0.
1812.96898355137  0.
1814.41664047191  0.
1815.86429739244  0.
1817.31195431298  0.
1818.75961123352  0.
1820.20726815405  0.
1821.65492507459  0.
1823.10258199513  0.
1824.55023891566  0.
1825.9978958362  0.
1827.44555275674  0.
1828.89320967727  0.
1830.34086659781  0.
1831.78852351835  0.
