906.735751295338  0.
908.183365802898  0.
909.630980310458  0.
911.078594818018  0.
912.526209325578  0.
913.973823833137  0.
915.421438340697  0.
916.869052848257  0.
918.316667355817  0.
919.764281863377  0.
921.211896370937  0.
922.659510878497  0.
924.107125386056  0.
925.554739893616  0.
927.002354401176  0.
928.449968908736  0.
929.897583416296  0.
931.345197923856  0.
932.792812431415  0.
934.240426938975  0.
935.688041446535  0.
937.135655954095  0.
938.583270461655  0.
940.030884969215  0.
941.478499476774  0.
942.926113984334  0.
944.373728491894  0.
945.821342999454  0.
947.268957507014  0.
948.716572014574  0.
950.164186522133  0.
951.611801029693  0.
953.059415537253  0.
954.507030044813  0.
955.954644552373  0.
957.402259059933  0.
958.849873567493  0.
960.297488075052  0.
961.745102582612  0.
963.192717090172  0.
964.640331597732  0.
966.087946105292  0.
967.535560612852  0.
968.983175120411  0.
970.430789627971  0.
971.878404135531  0.
973.326018643091  0.
974.773633150651  0.
976.221247658211  0.
977.668862165771  0.
979.11647667333  0.
980.56409118089  0.
982.01170568845  0.
983.45932019601  0.
984.90693470357  0.
986.35454921113  0.
987.802163718689  0.
989.249778226249  0.
990.697392733809  0.
992.145007241369  0.
993.592621748929  3.330663E-13
995.040236256489  4.025256E-13
996.487850764048  3.051711E-13
997.935465271608  2.991903E-13
999.383079779168  5.272485E-13
1000.83069428673  2.656800E-14
1002.27830879429  1.887139E-13
1003.72592330185  2.533786E-13
1005.17353780941  2.472871E-13
1006.62115231697  3.378360E-13
1008.06876682453  2.547037E-13
1009.51638133209  3.017381E-13
1010.96399583965  2.507368E-13
1012.41161034721  3.241973E-13
1013.85922485477  3.640154E-13
1015.30683936233  2.774215E-13
1016.75445386989  2.586498E-13
1018.20206837745  3.432207E-13
1019.64968288501  2.292480E-13
1021.09729739257  3.457607E-13
1022.54491190013  4.681050E-13
1023.99252640769  4.330633E-13
1025.44014091525  4.285959E-13
1026.8877554228  3.704991E-13
1028.33536993037  2.993254E-13
1029.78298443792  3.611618E-13
1031.23059894548  1.796573E-13
1032.67821345304  6.233145E-13
1034.1258279606  4.657277E-13
1035.57344246816  3.605530E-13
1037.02105697572  3.885819E-13
1038.46867148328  3.471778E-13
1039.91628599084  3.865056E-13
1041.3639004984  3.378226E-13
1042.81151500596  4.443137E-13
1044.25912951352  4.840332E-13
1045.70674402108  6.713567E-13
1047.15435852864  7.453838E-13
1048.6019730362  6.749099E-13
1050.04958754376  6.392170E-13
1051.49720205132  5.265907E-13
1052.94481655888  5.270169E-13
1054.39243106644  4.515128E-13
1055.840045574  3.306934E-13
1057.28766008156  2.328838E-13
1058.73527458912  2.560636E-13
1060.18288909668  2.878496E-13
1061.63050360424  2.987967E-13
1063.0781181118  2.766460E-13
1064.52573261936  3.132001E-13
1065.97334712692  3.045137E-13
1067.42096163448  3.180000E-13
1068.86857614204  2.834311E-13
1070.3161906496  2.810162E-13
1071.76380515716  3.216989E-13
1073.21141966472  2.960953E-13
1074.65903417228  2.749849E-13
1076.10664867984  2.713276E-13
1077.5542631874  3.137926E-13
1079.00187769496  3.343538E-13
1080.44949220252  2.839302E-13
1081.89710671008  2.961041E-13
1083.34472121764  2.585036E-13
1084.7923357252  2.591855E-13
1086.23995023276  2.042614E-13
1087.68756474032  2.150229E-13
1089.13517924788  2.213687E-13
1090.58279375544  2.240053E-13
1092.030408263  2.149494E-13
1093.47802277056  2.219737E-13
1094.92563727812  2.651687E-13
1096.37325178568  2.395550E-13
1097.82086629324  2.368687E-13
1099.2684808008  2.355017E-13
1100.71609530836  2.366799E-13
1102.16370981592  2.456259E-13
1103.61132432348  2.537303E-13
1105.05893883104  2.692097E-13
1106.5065533386  2.858860E-13
1107.95416784616  2.884595E-13
1109.40178235372  2.518662E-13
1110.84939686128  2.417575E-13
1112.29701136884  2.845952E-13
1113.7446258764  2.785935E-13
1115.19224038396  2.863852E-13
1116.63985489152  2.564266E-13
1118.08746939908  2.710505E-13
1119.53508390664  2.307306E-13
1120.98269841419  2.172262E-13
1122.43031292175  2.240031E-13
1123.87792742931  2.311331E-13
1125.32554193687  2.174578E-13
1126.77315644443  2.399345E-13
1128.22077095199  2.130005E-13
1129.66838545955  2.618802E-13
1131.11599996711  2.479437E-13
1132.56361447467  2.601226E-13
1134.01122898223  2.429040E-13
1135.45884348979  2.591924E-13
1136.90645799735  2.605428E-13
1138.35407250491  2.375328E-13
1139.80168701247  2.363235E-13
1141.24930152003  1.976527E-13
1142.69691602759  2.296361E-13
1144.14453053515  2.716376E-13
1145.59214504271  2.830295E-13
1147.03975955027  2.602575E-13
1148.48737405783  2.488985E-13
1149.93498856539  2.555266E-13
1151.38260307295  1.580818E-13
1152.83021758051  2.119499E-13
1154.27783208807  2.128669E-13
1155.72544659563  2.660058E-13
1157.17306110319  2.650856E-13
1158.62067561075  2.322354E-13
1160.06829011831  2.079535E-13
1161.51590462587  2.265216E-13
1162.96351913343  2.424311E-13
1164.41113364099  2.156401E-13
1165.85874814855  2.181021E-13
1167.30636265611  2.074913E-13
1168.75397716367  2.540818E-13
1170.20159167123  2.338125E-13
1171.64920617879  2.645734E-13
1173.09682068635  2.705542E-13
1174.54443519391  2.533170E-13
1175.99204970147  2.732083E-13
1177.43966420903  2.734619E-13
1178.88727871659  2.570822E-13
1180.33489322415  2.962804E-13
1181.78250773171  2.687266E-13
1183.23012223927  2.545864E-13
1184.67773674683  2.920968E-13
1186.12535125439  3.118261E-13
1187.57296576195  3.608296E-13
1189.02058026951  3.395906E-13
1190.46819477707  3.352027E-13
1191.91580928463  3.254911E-13
1193.36342379219  3.825057E-13
1194.81103829975  3.571462E-13
1196.25865280731  3.825045E-13
1197.70626731487  4.241277E-13
1199.15388182243  4.213014E-13
1200.60149632999  3.834322E-13
1202.04911083755  3.792432E-13
1203.49672534511  4.055118E-13
1204.94433985267  4.686869E-13
1206.39195436023  5.491966E-13
1207.83956886779  6.418754E-13
1209.28718337535  7.691018E-13
1210.7347978829  8.035442E-13
1212.18241239046  9.357139E-13
1213.63002689802  1.002046E-12
1215.07764140558  1.002181E-12
1216.52525591314  1.014402E-12
1217.9728704207  9.338729E-13
1219.42048492826  8.674142E-13
1220.86809943582  7.780622E-13
1222.31571394338  5.547483E-13
1223.76332845094  4.769854E-13
1225.2109429585  4.724192E-13
1226.65855746606  4.457829E-13
1228.10617197362  4.686831E-13
1229.55378648118  3.954096E-13
1231.00140098874  4.349781E-13
1232.4490154963  4.168864E-13
1233.89663000386  3.495530E-13
1235.34424451142  3.712207E-13
1236.79185901898  4.311505E-13
1238.23947352654  4.026497E-13
1239.6870880341  3.931722E-13
1241.13470254166  3.644763E-13
1242.58231704922  3.813967E-13
1244.02993155678  4.055896E-13
1245.47754606434  3.497043E-13
1246.9251605719  3.022024E-13
1248.37277507946  3.159779E-13
1249.82038958702  3.038343E-13
1251.26800409458  3.541780E-13
1252.71561860214  3.598282E-13
1254.1632331097  2.949626E-13
1255.61084761726  2.572235E-13
1257.05846212482  2.667062E-13
1258.50607663238  2.916991E-13
1259.95369113994  2.716940E-13
1261.4013056475  2.610055E-13
1262.84892015506  2.651273E-13
1264.29653466262  2.668844E-13
1265.74414917018  2.333104E-13
1267.19176367774  2.432529E-13
1268.6393781853  2.488493E-13
1270.08699269286  2.330588E-13
1271.53460720042  2.145194E-13
1272.98222170798  1.821962E-13
1274.42983621554  2.514898E-13
1275.8774507231  2.543781E-13
1277.32506523066  2.368768E-13
1278.77267973822  2.055948E-13
1280.22029424578  2.970111E-13
1281.66790875334  2.064576E-13
1283.1155232609  1.811748E-13
1284.56313776846  1.683144E-13
1286.01075227602  2.173784E-13
1287.45836678358  2.159848E-13
1288.90598129114  2.412543E-13
1290.3535957987  2.620944E-13
1291.80121030626  2.360395E-13
1293.24882481382  2.401746E-13
1294.69643932138  2.281817E-13
1296.14405382894  2.570599E-13
1297.5916683365  2.476220E-13
1299.03928284406  2.185241E-13
1300.48689735162  2.587198E-13
1301.93451185917  2.487133E-13
1303.38212636674  2.474085E-13
1304.82974087429  2.277254E-13
1306.27735538185  2.362362E-13
1307.72496988941  2.243627E-13
1309.17258439697  2.050488E-13
1310.62019890453  1.913120E-13
1312.06781341209  1.933914E-13
1313.51542791965  2.299269E-13
1314.96304242721  2.720037E-13
1316.41065693477  2.225978E-13
1317.85827144233  1.639458E-13
1319.30588594989  1.691752E-13
1320.75350045745  1.753711E-13
1322.20111496501  2.340610E-13
1323.64872947257  1.943699E-13
1325.09634398013  1.964054E-13
1326.54395848769  2.205282E-13
1327.99157299525  2.439876E-13
1329.43918750281  2.498847E-13
1330.88680201037  2.270641E-13
1332.33441651793  2.546581E-13
1333.78203102549  2.275760E-13
1335.22964553305  2.449541E-13
1336.67726004061  2.193761E-13
1338.12487454817  1.775621E-13
1339.57248905573  1.759316E-13
1341.02010356329  1.933286E-13
1342.46771807085  2.075453E-13
1343.91533257841  2.243239E-13
1345.36294708597  1.936423E-13
1346.81056159353  1.921387E-13
1348.25817610109  2.045033E-13
1349.70579060865  1.639195E-13
1351.15340511621  2.126565E-13
1352.60101962377  2.057151E-13
1354.04863413133  2.267871E-13
1355.49624863889  2.169057E-13
1356.94386314645  2.076510E-13
1358.39147765401  2.412917E-13
1359.83909216157  2.505923E-13
1361.28670666913  2.271151E-13
1362.73432117669  2.004694E-13
1364.18193568425  2.269485E-13
1365.62955019181  2.072541E-13
1367.07716469937  2.432797E-13
1368.52477920693  2.353878E-13
1369.97239371449  2.224175E-13
1371.42000822205  2.226719E-13
1372.86762272961  2.268468E-13
1374.31523723717  2.200066E-13
1375.76285174473  1.748771E-13
1377.21046625229  2.028625E-13
1378.65808075985  2.177786E-13
1380.10569526741  2.119320E-13
1381.55330977497  1.800711E-13
1383.00092428253  2.005610E-13
1384.44853879009  2.386079E-13
1385.89615329765  2.772284E-13
1387.34376780521  2.257161E-13
1388.79138231277  2.371960E-13
1390.23899682033  2.306472E-13
1391.68661132789  1.809972E-13
1393.13422583545  2.031050E-13
1394.581840343  1.955277E-13
1396.02945485057  2.334217E-13
1397.47706935812  2.170781E-13
1398.92468386568  2.119933E-13
1400.37229837324  2.728498E-13
1401.8199128808  2.895118E-13
1403.26752738836  2.744984E-13
1404.71514189592  2.803631E-13
1406.16275640348  2.308676E-13
1407.61037091104  2.159469E-13
1409.0579854186  1.889425E-13
1410.50559992616  1.814889E-13
1411.95321443372  2.084973E-13
1413.40082894128  2.098112E-13
1414.84844344884  1.910568E-13
1416.2960579564  1.906497E-13
1417.74367246396  1.875820E-13
1419.19128697152  1.738397E-13
1420.63890147908  1.772368E-13
1422.08651598664  1.541274E-13
1423.5341304942  1.719143E-13
1424.98174500176  1.901759E-13
1426.42935950932  1.831402E-13
1427.87697401688  1.794407E-13
1429.32458852444  1.921871E-13
1430.772203032  2.105561E-13
1432.21981753956  1.716681E-13
1433.66743204712  1.934312E-13
1435.11504655468  2.326517E-13
1436.56266106224  2.102059E-13
1438.0102755698  2.065823E-13
1439.45789007736  2.057536E-13
1440.90550458492  1.741088E-13
1442.35311909248  1.769198E-13
1443.80073360004  1.697005E-13
1445.2483481076  1.554372E-13
1446.69596261516  1.657966E-13
1448.14357712272  1.675188E-13
1449.59119163028  1.550888E-13
1451.03880613784  1.635724E-13
1452.4864206454  1.702376E-13
1453.93403515296  1.871174E-13
1455.38164966052  1.865038E-13
1456.82926416808  1.940930E-13
1458.27687867564  1.878810E-13
1459.7244931832  1.737358E-13
1461.17210769076  1.591871E-13
1462.61972219832  1.527961E-13
1464.06733670588  1.469135E-13
1465.51495121344  1.665727E-13
1466.962565721  1.571289E-13
1468.41018022856  1.737286E-13
1469.85779473612  2.165179E-13
1471.30540924368  2.145781E-13
1472.75302375124  1.738361E-13
1474.2006382588  1.923725E-13
1475.64825276636  1.989638E-13
1477.09586727392  1.923686E-13
1478.54348178148  1.714573E-13
1479.99109628904  2.105000E-13
1481.4387107966  1.857716E-13
1482.88632530416  1.870818E-13
1484.33393981172  2.047626E-13
1485.78155431928  1.896480E-13
1487.22916882683  1.907265E-13
1488.67678333439  1.922945E-13
1490.12439784195  1.835794E-13
1491.57201234951  1.766884E-13
1493.01962685707  1.841499E-13
1494.46724136463  1.900893E-13
1495.91485587219  1.912815E-13
1497.36247037975  1.981591E-13
1498.81008488731  2.102858E-13
1500.25769939487  1.960782E-13
1501.70531390243  2.416521E-13
1503.15292840999  1.982689E-13
1504.60054291755  1.987100E-13
1506.04815742511  1.978870E-13
1507.49577193267  1.931263E-13
1508.94338644023  2.278537E-13
1510.39100094779  2.364379E-13
1511.83861545535  2.178082E-13
1513.28622996291  2.356137E-13
1514.73384447047  2.157086E-13
1516.18145897803  2.088238E-13
1517.62907348559  2.300938E-13
1519.07668799315  2.084189E-13
1520.52430250071  2.011039E-13
1521.97191700827  2.394798E-13
1523.41953151583  2.198050E-13
1524.86714602339  1.935194E-13
1526.31476053095  2.011544E-13
1527.76237503851  2.331113E-13
1529.20998954607  2.554079E-13
1530.65760405363  2.539348E-13
1532.10521856119  2.202861E-13
1533.55283306875  2.466072E-13
1535.00044757631  2.502473E-13
1536.44806208387  2.768093E-13
1537.89567659143  3.205370E-13
1539.34329109899  3.796618E-13
1540.79090560655  3.651812E-13
1542.23852011411  3.664205E-13
1543.68613462167  4.033230E-13
1545.13374912923  3.653404E-13
1546.58136363679  3.420162E-13
1548.02897814435  3.563985E-13
1549.47659265191  3.238301E-13
1550.92420715947  3.443318E-13
1552.37182166703  3.817071E-13
1553.81943617459  3.401169E-13
1555.26705068215  3.090592E-13
1556.71466518971  2.969294E-13
1558.16227969727  3.024676E-13
1559.60989420483  2.589549E-13
1561.05750871239  2.474865E-13
1562.50512321995  2.536035E-13
1563.95273772751  2.463905E-13
1565.40035223507  2.417319E-13
1566.84796674263  2.409696E-13
1568.29558125019  2.451778E-13
1569.74319575775  2.198430E-13
1571.19081026531  2.132412E-13
1572.63842477287  2.230321E-13
1574.08603928043  2.166761E-13
1575.53365378799  2.061559E-13
1576.98126829555  1.890579E-13
1578.4288828031  1.826274E-13
1579.87649731066  1.872523E-13
1581.32411181822  1.932745E-13
1582.77172632578  1.844310E-13
1584.21934083334  1.859780E-13
1585.6669553409  1.951571E-13
1587.11456984846  2.266740E-13
1588.56218435602  2.267103E-13
1590.00979886358  2.094877E-13
1591.45741337114  1.996864E-13
1592.9050278787  1.844118E-13
1594.35264238626  1.705226E-13
1595.80025689382  1.828571E-13
1597.24787140138  1.875356E-13
1598.69548590894  1.873657E-13
1600.1431004165  1.799545E-13
1601.59071492406  1.862937E-13
1603.03832943162  1.993479E-13
1604.48594393918  2.065509E-13
1605.93355844674  2.036337E-13
1607.3811729543  1.991614E-13
1608.82878746186  1.888681E-13
1610.27640196942  1.849642E-13
1611.72401647698  1.882039E-13
1613.17163098454  1.891622E-13
1614.6192454921  1.785647E-13
1616.06685999966  1.760819E-13
1617.51447450722  1.815807E-13
1618.96208901478  1.883264E-13
1620.40970352234  2.009363E-13
1621.8573180299  1.856344E-13
1623.30493253746  1.804131E-13
1624.75254704502  1.941104E-13
1626.20016155258  2.038616E-13
1627.64777606014  2.044822E-13
1629.0953905677  1.919405E-13
1630.54300507526  1.926917E-13
1631.99061958282  1.865981E-13
1633.43823409038  1.805660E-13
1634.88584859794  1.992589E-13
1636.3334631055  2.119404E-13
1637.78107761306  2.033323E-13
1639.22869212062  1.942475E-13
1640.67630662818  1.869664E-13
1642.12392113574  1.794514E-13
1643.5715356433  1.806693E-13
1645.01915015086  1.772615E-13
1646.46676465842  1.735545E-13
1647.91437916598  1.975466E-13
1649.36199367354  2.063493E-13
1650.8096081811  1.853763E-13
1652.25722268866  1.769687E-13
1653.70483719622  1.732587E-13
1655.15245170378  1.792237E-13
1656.60006621134  1.739157E-13
1658.0476807189  1.532059E-13
1659.49529522646  1.702328E-13
1660.94290973402  1.806040E-13
1662.39052424158  1.824658E-13
1663.83813874914  1.880886E-13
1665.2857532567  2.049377E-13
1666.73336776426  1.961567E-13
1668.18098227181  1.803826E-13
1669.62859677938  1.791778E-13
1671.07621128693  1.789865E-13
1672.52382579449  1.817112E-13
1673.97144030205  1.730387E-13
1675.41905480961  1.749920E-13
1676.86666931717  1.801521E-13
1678.31428382473  1.777319E-13
1679.76189833229  1.838187E-13
1681.20951283985  1.834270E-13
1682.65712734741  1.771615E-13
1684.10474185497  1.751097E-13
1685.55235636253  1.757133E-13
1686.99997087009  1.837326E-13
1688.44758537765  1.926047E-13
1689.89519988521  1.896356E-13
1691.34281439277  1.813206E-13
1692.79042890033  1.741411E-13
1694.23804340789  1.697570E-13
1695.68565791545  1.714503E-13
1697.13327242301  1.742142E-13
1698.58088693057  1.654596E-13
1700.02850143813  1.762188E-13
1701.47611594569  1.843034E-13
1702.92373045325  1.818059E-13
1704.37134496081  1.802692E-13
1705.81895946837  1.888868E-13
1707.26657397593  1.835032E-13
1708.71418848349  1.751012E-13
1710.16180299105  0.
1711.60941749861  0.
1713.05703200617  0.
1714.50464651373  0.
1715.95226102129  0.
1717.39987552885  0.
1718.84749003641  0.
1720.29510454397  0.
1721.74271905153  0.
1723.19033355909  0.
1724.63794806665  0.
1726.08556257421  0.
1727.53317708177  0.
1728.98079158933  0.
1730.42840609689  0.
1731.87602060445  0.
1733.32363511201  0.
1734.77124961957  0.
1736.21886412713  0.
1737.66647863469  0.
1739.11409314225  0.
1740.56170764981  0.
1742.00932215737  0.
1743.45693666493  0.
1744.90455117249  0.
1746.35216568005  0.
1747.79978018761  0.
1749.24739469517  0.
1750.69500920273  0.
1752.14262371029  0.
1753.59023821785  0.
1755.03785272541  0.
1756.48546723297  0.
1757.93308174053  0.
1759.38069624809  0.
1760.82831075565  0.
1762.27592526321  0.
1763.72353977076  0.
1765.17115427832  0.
1766.61876878588  0.
1768.06638329344  0.
1769.513997801  0.
1770.96161230856  0.
1772.40922681612  0.
1773.85684132368  0.
1775.30445583124  0.
1776.7520703388  0.
1778.19968484636  0.
1779.64729935392  0.
1781.09491386148  0.
1782.54252836904  0.
1783.9901428766  0.
1785.43775738416  0.
1786.88537189172  0.
1788.33298639928  0.
1789.78060090684  0.
1791.2282154144  0.
1792.67582992196  0.
1794.12344442952  0.
1795.57105893708  0.
1797.01867344464  0.
1798.4662879522  0.
1799.91390245976  0.
1801.36151696732  0.
1802.80913147488  0.
1804.25674598244  0.
1805.70436049  0.
1807.15197499756  0.
1808.59958950512  0.
1810.04720401268  0.
1811.49481852024  0.
1812.9424330278  0.
1814.39004753536  0.
1815.83766204292  0.
1817.28527655048  0.
1818.73289105804  0.
1820.1805055656  0.
1821.62812007316  0.
1823.07573458072  0.
1824.52334908828  0.
1825.97096359584  0.
1827.4185781034  0.
1828.86619261096  0.
1830.31380711852  0.
1831.76142162608  0.
