906.735751295338  0.
908.183408215875  0.
909.631065136412  0.
911.078722056949  0.
912.526378977485  0.
913.974035898022  0.
915.421692818559  0.
916.869349739096  0.
918.317006659633  0.
919.764663580169  0.
921.212320500706  0.
922.659977421243  0.
924.10763434178  0.
925.555291262316  0.
927.002948182853  0.
928.45060510339  0.
929.898262023927  0.
931.345918944464  0.
932.793575865  0.
934.241232785537  0.
935.688889706074  0.
937.136546626611  0.
938.584203547148  0.
940.031860467684  0.
941.479517388221  0.
942.927174308758  0.
944.374831229295  0.
945.822488149832  0.
947.270145070369  0.
948.717801990905  0.
950.165458911442  0.
951.613115831979  0.
953.060772752515  0.
954.508429673052  0.
955.956086593589  0.
957.403743514126  0.
958.851400434663  0.
960.2990573552  0.
961.746714275736  0.
963.194371196273  0.
964.64202811681  0.
966.089685037347  0.
967.537341957883  0.
968.98499887842  0.
970.432655798957  0.
971.880312719494  0.
973.327969640031  0.
974.775626560567  0.
976.223283481104  0.
977.670940401641  0.
979.118597322178  0.
980.566254242715  0.
982.013911163251  0.
983.461568083788  0.
984.909225004325  0.
986.356881924862  0.
987.804538845399  0.
989.252195765935  0.
990.699852686472  0.
992.147509607009  0.
993.595166527546  5.451470E-13
995.042823448082  2.931029E-13
996.490480368619  7.124205E-13
997.938137289156  4.600016E-13
999.385794209693  1.138968E-12
1000.83345113023  4.217361E-13
1002.28110805077  7.738736E-13
1003.7287649713  3.302565E-13
1005.17642189184  4.031286E-13
1006.62407881238  3.393726E-13
1008.07173573291  3.569225E-13
1009.51939265345  6.608073E-13
1010.96704957399  6.382340E-13
1012.41470649452  3.719881E-13
1013.86236341506  5.569773E-13
1015.3100203356  3.492769E-13
1016.75767725613  5.367859E-13
1018.20533417667  5.872296E-13
1019.65299109721  4.218743E-13
1021.10064801775  5.258851E-13
1022.54830493828  4.284311E-13
1023.99596185882  4.061270E-13
1025.44361877936  5.584219E-13
1026.89127569989  4.397745E-13
1028.33893262043  5.413618E-13
1029.78658954097  5.532940E-13
1031.2342464615  4.129055E-13
1032.68190338204  5.458646E-13
1034.12956030258  4.597617E-13
1035.57721722311  4.771646E-13
1037.02487414365  5.583411E-13
1038.47253106419  4.477150E-13
1039.92018798472  4.344959E-13
1041.36784490526  4.504603E-13
1042.8155018258  4.109415E-13
1044.26315874633  4.172192E-13
1045.71081566687  6.472933E-13
1047.15847258741  5.100742E-13
1048.60612950794  6.903979E-13
1050.05378642848  6.838289E-13
1051.50144334902  9.058045E-13
1052.94910026955  5.756884E-13
1054.39675719009  5.595837E-13
1055.84441411063  6.082708E-13
1057.29207103116  3.238543E-13
1058.7397279517  2.697446E-13
1060.18738487224  3.687133E-13
1061.63504179277  4.721888E-13
1063.08269871331  3.764365E-13
1064.53035563385  2.952523E-13
1065.97801255439  3.843760E-13
1067.42566947492  4.572738E-13
1068.87332639546  3.274774E-13
1070.320983316  3.736810E-13
1071.76864023653  3.737023E-13
1073.21629715707  4.121417E-13
1074.66395407761  4.166010E-13
1076.11161099814  4.081094E-13
1077.55926791868  4.202703E-13
1079.00692483922  3.485717E-13
1080.45458175975  2.891620E-13
1081.90223868029  3.098604E-13
1083.34989560083  2.673435E-13
1084.79755252136  3.554473E-13
1086.2452094419  3.410987E-13
1087.69286636244  2.535270E-13
1089.14052328297  2.921126E-13
1090.58818020351  3.111313E-13
1092.03583712405  2.922755E-13
1093.48349404458  3.000822E-13
1094.93115096512  2.809449E-13
1096.37880788566  2.975310E-13
1097.82646480619  3.191780E-13
1099.27412172673  3.437200E-13
1100.72177864727  2.522064E-13
1102.1694355678  3.086989E-13
1103.61709248834  3.262199E-13
1105.06474940888  3.093028E-13
1106.51240632942  3.094744E-13
1107.96006324995  3.090803E-13
1109.40772017049  3.380868E-13
1110.85537709103  3.080670E-13
1112.30303401156  3.003484E-13
1113.7506909321  3.377610E-13
1115.19834785264  2.998754E-13
1116.64600477317  3.511589E-13
1118.09366169371  4.304292E-13
1119.54131861425  2.903430E-13
1120.98897553478  3.003563E-13
1122.43663245532  3.149400E-13
1123.88428937586  3.518322E-13
1125.33194629639  2.912096E-13
1126.77960321693  2.393606E-13
1128.22726013747  3.315206E-13
1129.674917058  3.594545E-13
1131.12257397854  3.160460E-13
1132.57023089908  2.784703E-13
1134.01788781961  3.615403E-13
1135.46554474015  3.225278E-13
1136.91320166069  2.394697E-13
1138.36085858122  3.466816E-13
1139.80851550176  3.001474E-13
1141.2561724223  3.072383E-13
1142.70382934284  3.738440E-13
1144.15148626337  3.557554E-13
1145.59914318391  2.831161E-13
1147.04680010445  2.891848E-13
1148.49445702498  3.742943E-13
1149.94211394552  2.969125E-13
1151.38977086606  2.795725E-13
1152.83742778659  2.981264E-13
1154.28508470713  2.921514E-13
1155.73274162767  3.394945E-13
1157.1803985482  3.093189E-13
1158.62805546874  2.612091E-13
1160.07571238928  3.501302E-13
1161.52336930981  2.678764E-13
1162.97102623035  4.075742E-13
1164.41868315089  3.246572E-13
1165.86634007142  3.156115E-13
1167.31399699196  3.583998E-13
1168.7616539125  3.581137E-13
1170.20931083303  3.297258E-13
1171.65696775357  2.831741E-13
1173.10462467411  3.382133E-13
1174.55228159464  3.453967E-13
1175.99993851518  3.470042E-13
1177.44759543572  3.976217E-13
1178.89525235625  3.044332E-13
1180.34290927679  3.506295E-13
1181.79056619733  3.100414E-13
1183.23822311787  3.698819E-13
1184.6858800384  3.689744E-13
1186.13353695894  3.783324E-13
1187.58119387948  4.278185E-13
1189.02885080001  3.228659E-13
1190.47650772055  4.622982E-13
1191.92416464109  3.920397E-13
1193.37182156162  4.045387E-13
1194.81947848216  5.276934E-13
1196.2671354027  5.557540E-13
1197.71479232323  5.045655E-13
1199.16244924377  5.190655E-13
1200.61010616431  4.587200E-13
1202.05776308484  4.960761E-13
1203.50542000538  5.021151E-13
1204.95307692592  6.853320E-13
1206.40073384645  5.778062E-13
1207.84839076699  7.172669E-13
1209.29604768753  8.400276E-13
1210.74370460806  8.426382E-13
1212.1913615286  9.441507E-13
1213.63901844914  1.152446E-12
1215.08667536967  9.905456E-13
1216.53433229021  1.076694E-12
1217.98198921075  8.879110E-13
1219.42964613129  1.125710E-12
1220.87730305182  7.125233E-13
1222.32495997236  5.268863E-13
1223.7726168929  6.074939E-13
1225.22027381343  5.030834E-13
1226.66793073397  4.995265E-13
1228.11558765451  5.568349E-13
1229.56324457504  5.100010E-13
1231.01090149558  4.800627E-13
1232.45855841612  4.454351E-13
1233.90621533665  4.612843E-13
1235.35387225719  5.549564E-13
1236.80152917773  5.528313E-13
1238.24918609826  4.474084E-13
1239.6968430188  4.811043E-13
1241.14449993934  4.315089E-13
1242.59215685987  4.451645E-13
1244.03981378041  4.245586E-13
1245.48747070095  3.221992E-13
1246.93512762148  4.566289E-13
1248.38278454202  3.993981E-13
1249.83044146256  3.942527E-13
1251.27809838309  3.382270E-13
1252.72575530363  4.239851E-13
1254.17341222417  3.261525E-13
1255.62106914471  3.888291E-13
1257.06872606524  4.421439E-13
1258.51638298578  3.417806E-13
1259.96403990632  3.134438E-13
1261.41169682685  3.062702E-13
1262.85935374739  4.295380E-13
1264.30701066793  3.520528E-13
1265.75466758846  2.993949E-13
1267.202324509  2.791414E-13
1268.64998142954  3.873423E-13
1270.09763835007  3.258923E-13
1271.54529527061  2.342854E-13
1272.99295219115  2.905035E-13
1274.44060911168  3.466822E-13
1275.88826603222  2.948279E-13
1277.33592295276  3.707538E-13
1278.78357987329  4.054223E-13
1280.23123679383  2.693199E-13
1281.67889371437  2.535324E-13
1283.1265506349  3.239225E-13
1284.57420755544  2.681308E-13
1286.02186447598  3.647868E-13
1287.46952139651  3.107451E-13
1288.91717831705  2.935486E-13
1290.36483523759  2.329311E-13
1291.81249215812  2.657437E-13
1293.26014907866  3.208726E-13
1294.7078059992  3.293414E-13
1296.15546291974  3.921281E-13
1297.60311984027  2.622460E-13
1299.05077676081  2.926344E-13
1300.49843368135  3.612987E-13
1301.94609060188  3.633864E-13
1303.39374752242  3.321279E-13
1304.84140444296  3.126013E-13
1306.28906136349  2.597607E-13
1307.73671828403  2.794134E-13
1309.18437520457  2.895369E-13
1310.6320321251  2.762595E-13
1312.07968904564  2.284422E-13
1313.52734596618  2.648637E-13
1314.97500288671  3.351767E-13
1316.42265980725  3.055991E-13
1317.87031672779  2.832439E-13
1319.31797364832  2.448409E-13
1320.76563056886  2.638306E-13
1322.2132874894  3.215572E-13
1323.66094440993  4.112703E-13
1325.10860133047  2.947331E-13
1326.55625825101  2.448219E-13
1328.00391517154  3.491438E-13
1329.45157209208  3.292443E-13
1330.89922901262  2.348313E-13
1332.34688593315  3.442328E-13
1333.79454285369  2.987070E-13
1335.24219977423  3.172660E-13
1336.68985669477  2.145995E-13
1338.1375136153  3.200398E-13
1339.58517053584  3.131713E-13
1341.03282745638  2.971098E-13
1342.48048437691  3.062028E-13
1343.92814129745  3.560647E-13
1345.37579821799  3.291270E-13
1346.82345513852  3.121746E-13
1348.27111205906  3.063076E-13
1349.7187689796  2.428200E-13
1351.16642590013  3.185216E-13
1352.61408282067  3.131940E-13
1354.06173974121  2.399293E-13
1355.50939666174  3.247105E-13
1356.95705358228  3.096525E-13
1358.40471050282  3.268225E-13
1359.85236742335  2.737712E-13
1361.30002434389  3.465843E-13
1362.74768126443  3.367407E-13
1364.19533818496  3.277992E-13
1365.6429951055  2.774823E-13
1367.09065202604  3.452320E-13
1368.53830894657  4.242902E-13
1369.98596586711  2.410247E-13
1371.43362278765  2.907928E-13
1372.88127970819  2.475554E-13
1374.32893662872  2.824578E-13
1375.77659354926  3.102534E-13
1377.2242504698  2.224766E-13
1378.67190739033  2.671389E-13
1380.11956431087  2.792842E-13
1381.56722123141  2.761054E-13
1383.01487815194  2.044189E-13
1384.46253507248  2.556231E-13
1385.91019199302  2.495693E-13
1387.35784891355  3.128739E-13
1388.80550583409  3.678086E-13
1390.25316275463  3.410717E-13
1391.70081967516  3.909099E-13
1393.1484765957  3.345786E-13
1394.59613351624  3.212174E-13
1396.04379043677  3.990985E-13
1397.49144735731  3.471918E-13
1398.93910427785  3.072110E-13
1400.38676119838  3.357739E-13
1401.83441811892  3.888790E-13
1403.28207503946  3.244476E-13
1404.72973195999  3.276870E-13
1406.17738888053  2.802583E-13
1407.62504580107  3.229458E-13
1409.0727027216  2.693402E-13
1410.52035964214  3.453667E-13
1411.96801656268  3.184519E-13
1413.41567348322  2.952173E-13
1414.86333040375  3.509609E-13
1416.31098732429  2.871553E-13
1417.75864424483  3.190788E-13
1419.20630116536  2.484966E-13
1420.6539580859  3.152511E-13
1422.10161500644  2.851958E-13
1423.54927192697  2.717999E-13
1424.99692884751  3.010451E-13
1426.44458576805  2.848509E-13
1427.89224268858  2.405478E-13
1429.33989960912  2.840614E-13
1430.78755652966  2.776584E-13
1432.23521345019  2.847050E-13
1433.68287037073  2.499104E-13
1435.13052729127  3.034184E-13
1436.5781842118  2.413338E-13
1438.02584113234  2.592946E-13
1439.47349805288  2.751738E-13
1440.92115497341  2.531330E-13
1442.36881189395  2.284512E-13
1443.81646881449  2.549995E-13
1445.26412573502  2.632816E-13
1446.71178265556  2.825895E-13
1448.1594395761  3.107952E-13
1449.60709649664  2.644636E-13
1451.05475341717  3.024491E-13
1452.50241033771  2.469886E-13
1453.95006725825  2.200654E-13
1455.39772417878  2.250873E-13
1456.84538109932  2.379444E-13
1458.29303801986  2.348070E-13
1459.74069494039  2.753576E-13
1461.18835186093  2.324660E-13
1462.63600878147  2.277739E-13
1464.083665702  2.590414E-13
1465.53132262254  2.805853E-13
1466.97897954308  2.481892E-13
1468.42663646361  2.348406E-13
1469.87429338415  2.507805E-13
1471.32195030469  2.623502E-13
1472.76960722522  2.551363E-13
1474.21726414576  2.471376E-13
1475.6649210663  2.541420E-13
1477.11257798683  2.503496E-13
1478.56023490737  2.603860E-13
1480.00789182791  2.527743E-13
1481.45554874844  2.419207E-13
1482.90320566898  2.370047E-13
1484.35086258952  2.591988E-13
1485.79851951005  2.521818E-13
1487.24617643059  2.378953E-13
1488.69383335113  2.305950E-13
1490.14149027167  2.338739E-13
1491.5891471922  2.122487E-13
1493.03680411274  2.461578E-13
1494.48446103328  2.600445E-13
1495.93211795381  2.198194E-13
1497.37977487435  2.053908E-13
1498.82743179489  2.646891E-13
1500.27508871542  2.689714E-13
1501.72274563596  2.629863E-13
1503.1704025565  2.563136E-13
1504.61805947703  2.732026E-13
1506.06571639757  2.477882E-13
1507.51337331811  2.545546E-13
1508.96103023864  2.402262E-13
1510.40868715918  2.617932E-13
1511.85634407972  2.110157E-13
1513.30400100025  2.368131E-13
1514.75165792079  2.097053E-13
1516.19931484133  1.953308E-13
1517.64697176186  2.340518E-13
1519.0946286824  2.367971E-13
1520.54228560294  2.698847E-13
1521.98994252347  2.915511E-13
1523.43759944401  2.775534E-13
1524.88525636455  2.632271E-13
1526.33291328509  2.779917E-13
1527.78057020562  3.029621E-13
1529.22822712616  3.001883E-13
1530.6758840467  3.097464E-13
1532.12354096723  3.122494E-13
1533.57119788777  3.278346E-13
1535.01885480831  3.490421E-13
1536.46651172884  3.862122E-13
1537.91416864938  3.979203E-13
1539.36182556992  3.673320E-13
1540.80948249045  4.196217E-13
1542.25713941099  4.023648E-13
1543.70479633153  4.526978E-13
1545.15245325206  4.222330E-13
1546.6001101726  4.346211E-13
1548.04776709314  4.139457E-13
1549.49542401367  3.803416E-13
1550.94308093421  3.527774E-13
1552.39073785475  3.985464E-13
1553.83839477528  3.974106E-13
1555.28605169582  3.564064E-13
1556.73370861636  3.025432E-13
1558.18136553689  2.811398E-13
1559.62902245743  2.741061E-13
1561.07667937797  2.718688E-13
1562.5243362985  2.930123E-13
1563.97199321904  2.764281E-13
1565.41965013958  2.779739E-13
1566.86730706012  2.716949E-13
1568.31496398065  2.681916E-13
1569.76262090119  2.687355E-13
1571.21027782173  2.730275E-13
1572.65793474226  2.695901E-13
1574.1055916628  2.826906E-13
1575.55324858334  2.520520E-13
1577.00090550387  2.201790E-13
1578.44856242441  2.295570E-13
1579.89621934495  2.287485E-13
1581.34387626548  2.586802E-13
1582.79153318602  2.549001E-13
1584.23919010656  2.421244E-13
1585.68684702709  2.287476E-13
1587.13450394763  2.171082E-13
1588.58216086817  2.018823E-13
1590.0298177887  2.247078E-13
1591.47747470924  2.211237E-13
1592.92513162978  2.360430E-13
1594.37278855031  2.521691E-13
1595.82044547085  2.397951E-13
1597.26810239139  2.034991E-13
1598.71575931192  2.006702E-13
1600.16341623246  2.114977E-13
1601.611073153  2.051870E-13
1603.05873007354  2.210311E-13
1604.50638699407  2.285435E-13
1605.95404391461  2.223186E-13
1607.40170083515  2.068598E-13
1608.84935775568  2.117197E-13
1610.29701467622  2.256855E-13
1611.74467159676  2.452390E-13
1613.19232851729  2.724611E-13
1614.63998543783  2.622648E-13
1616.08764235837  2.417965E-13
1617.5352992789  2.247884E-13
1618.98295619944  2.157713E-13
1620.43061311998  2.363328E-13
1621.87827004051  2.304990E-13
1623.32592696105  2.207621E-13
1624.77358388159  2.136899E-13
1626.22124080212  2.190388E-13
1627.66889772266  2.300439E-13
1629.1165546432  2.503225E-13
1630.56421156373  2.451602E-13
1632.01186848427  2.689429E-13
1633.45952540481  2.813325E-13
1634.90718232534  2.659035E-13
1636.35483924588  2.596813E-13
1637.80249616642  2.307455E-13
1639.25015308695  2.294639E-13
1640.69781000749  2.390178E-13
1642.14546692803  2.447189E-13
1643.59312384857  2.356432E-13
1645.0407807691  2.387431E-13
1646.48843768964  2.233413E-13
1647.93609461018  2.350899E-13
1649.38375153071  2.339987E-13
1650.83140845125  2.306307E-13
1652.27906537179  2.411533E-13
1653.72672229232  2.448446E-13
1655.17437921286  2.519419E-13
1656.6220361334  2.529860E-13
1658.06969305393  2.455342E-13
1659.51734997447  2.554455E-13
1660.96500689501  2.492704E-13
1662.41266381554  2.534482E-13
1663.86032073608  2.460279E-13
1665.30797765662  2.392557E-13
1666.75563457715  2.546645E-13
1668.20329149769  2.481763E-13
1669.65094841823  2.383772E-13
1671.09860533876  2.370082E-13
1672.5462622593  2.398615E-13
1673.99391917984  2.225683E-13
1675.44157610038  2.142630E-13
1676.88923302091  2.184848E-13
1678.33688994145  2.273150E-13
1679.78454686199  2.354737E-13
1681.23220378252  2.349356E-13
1682.67986070306  2.281196E-13
1684.1275176236  2.218101E-13
1685.57517454413  2.120280E-13
1687.02283146467  2.178631E-13
1688.47048838521  2.289554E-13
1689.91814530574  2.321504E-13
1691.36580222628  2.174861E-13
1692.81345914682  2.123560E-13
1694.26111606735  2.038989E-13
1695.70877298789  2.048914E-13
1697.15642990843  2.024274E-13
1698.60408682896  1.911190E-13
1700.0517437495  2.008608E-13
1701.49940067004  1.997012E-13
1702.94705759057  2.020016E-13
1704.39471451111  2.166092E-13
1705.84237143165  2.129716E-13
1707.29002835218  2.101594E-13
1708.73768527272  2.150828E-13
1710.18534219326  0.
1711.63299911379  0.
1713.08065603433  0.
1714.52831295487  0.
1715.97596987541  0.
1717.42362679594  0.
1718.87128371648  0.
1720.31894063702  0.
1721.76659755755  0.
1723.21425447809  0.
1724.66191139863  0.
1726.10956831916  0.
1727.5572252397  0.
1729.00488216024  0.
1730.45253908077  0.
1731.90019600131  0.
1733.34785292185  0.
1734.79550984238  0.
1736.24316676292  0.
1737.69082368346  0.
1739.13848060399  0.
1740.58613752453  0.
1742.03379444507  0.
1743.4814513656  0.
1744.92910828614  0.
1746.37676520668  0.
1747.82442212721  0.
1749.27207904775  0.
1750.71973596829  0.
1752.16739288882  0.
1753.61504980936  0.
1755.0627067299  0.
1756.51036365043  0.
1757.95802057097  0.
1759.40567749151  0.
1760.85333441205  0.
1762.30099133258  0.
1763.74864825312  0.
1765.19630517366  0.
1766.64396209419  0.
1768.09161901473  0.
1769.53927593527  0.
1770.9869328558  0.
1772.43458977634  0.
1773.88224669688  0.
1775.32990361741  0.
1776.77756053795  0.
1778.22521745849  0.
1779.67287437902  0.
1781.12053129956  0.
1782.5681882201  0.
1784.01584514063  0.
1785.46350206117  0.
1786.91115898171  0.
1788.35881590224  0.
1789.80647282278  0.
1791.25412974332  0.
1792.70178666385  0.
1794.14944358439  0.
1795.59710050493  0.
1797.04475742547  0.
1798.492414346  0.
1799.94007126654  0.
1801.38772818708  0.
1802.83538510761  0.
1804.28304202815  0.
1805.73069894869  0.
1807.17835586922  0.
1808.62601278976  0.
1810.0736697103  0.
1811.52132663083  0.
1812.96898355137  0.
1814.41664047191  0.
1815.86429739244  0.
1817.31195431298  0.
1818.75961123352  0.
1820.20726815405  0.
1821.65492507459  0.
1823.10258199513  0.
1824.55023891566  0.
1825.9978958362  0.
1827.44555275674  0.
1828.89320967727  0.
1830.34086659781  0.
1831.78852351835  0.
