906.735751295338  0.
908.183408215875  0.
909.631065136412  0.
911.078722056949  0.
912.526378977485  0.
913.974035898022  0.
915.421692818559  0.
916.869349739096  0.
918.317006659633  0.
919.764663580169  0.
921.212320500706  0.
922.659977421243  0.
924.10763434178  0.
925.555291262316  0.
927.002948182853  0.
928.45060510339  0.
929.898262023927  0.
931.345918944464  0.
932.793575865  0.
934.241232785537  0.
935.688889706074  0.
937.136546626611  0.
938.584203547148  0.
940.031860467684  0.
941.479517388221  0.
942.927174308758  0.
944.374831229295  0.
945.822488149832  0.
947.270145070369  0.
948.717801990905  0.
950.165458911442  0.
951.613115831979  0.
953.060772752515  0.
954.508429673052  0.
955.956086593589  0.
957.403743514126  0.
958.851400434663  0.
960.2990573552  0.
961.746714275736  0.
963.194371196273  0.
964.64202811681  0.
966.089685037347  0.
967.537341957883  0.
968.98499887842  0.
970.432655798957  0.
971.880312719494  0.
973.327969640031  0.
974.775626560567  0.
976.223283481104  0.
977.670940401641  0.
979.118597322178  0.
980.566254242715  0.
982.013911163251  0.
983.461568083788  0.
984.909225004325  0.
986.356881924862  0.
987.804538845399  0.
989.252195765935  0.
990.699852686472  0.
992.147509607009  0.
993.595166527546  6.620648E-13
995.042823448082  2.522596E-13
996.490480368619  6.999681E-13
997.938137289156  5.203797E-13
999.385794209693  6.233546E-13
1000.83345113023  5.346523E-13
1002.28110805077  5.764338E-13
1003.7287649713  6.269894E-13
1005.17642189184  4.938542E-13
1006.62407881238  4.338803E-13
1008.07173573291  4.257305E-13
1009.51939265345  4.805987E-13
1010.96704957399  4.567986E-13
1012.41470649452  5.542478E-13
1013.86236341506  4.687146E-13
1015.3100203356  3.914093E-13
1016.75767725613  5.047647E-13
1018.20533417667  4.725328E-13
1019.65299109721  3.435257E-13
1021.10064801775  5.511345E-13
1022.54830493828  5.553040E-13
1023.99596185882  5.596783E-13
1025.44361877936  5.382324E-13
1026.89127569989  4.721383E-13
1028.33893262043  4.642228E-13
1029.78658954097  5.853650E-13
1031.2342464615  6.429677E-13
1032.68190338204  4.073716E-13
1034.12956030258  1.170899E-13
1035.57721722311  4.300603E-13
1037.02487414365  4.631021E-13
1038.47253106419  4.772418E-13
1039.92018798472  3.774808E-13
1041.36784490526  3.921240E-13
1042.8155018258  4.386126E-13
1044.26315874633  3.769087E-13
1045.71081566687  5.332858E-13
1047.15847258741  7.071192E-13
1048.60612950794  8.215376E-13
1050.05378642848  6.819024E-13
1051.50144334902  9.218702E-13
1052.94910026955  8.424377E-13
1054.39675719009  5.748070E-13
1055.84441411063  4.550247E-13
1057.29207103116  4.329862E-13
1058.7397279517  3.404002E-13
1060.18738487224  3.623629E-13
1061.63504179277  3.648023E-13
1063.08269871331  3.306582E-13
1064.53035563385  3.856233E-13
1065.97801255439  3.771778E-13
1067.42566947492  4.108269E-13
1068.87332639546  3.188039E-13
1070.320983316  3.177428E-13
1071.76864023653  3.116946E-13
1073.21629715707  2.732664E-13
1074.66395407761  3.675030E-13
1076.11161099814  2.794596E-13
1077.55926791868  3.382901E-13
1079.00692483922  3.612113E-13
1080.45458175975  3.139581E-13
1081.90223868029  3.174939E-13
1083.34989560083  2.824693E-13
1084.79755252136  2.802049E-13
1086.2452094419  2.377862E-13
1087.69286636244  2.922461E-13
1089.14052328297  3.002509E-13
1090.58818020351  3.080671E-13
1092.03583712405  2.924496E-13
1093.48349404458  3.084157E-13
1094.93115096512  3.063553E-13
1096.37880788566  2.736146E-13
1097.82646480619  2.953475E-13
1099.27412172673  2.673864E-13
1100.72177864727  2.846882E-13
1102.1694355678  2.776011E-13
1103.61709248834  3.400808E-13
1105.06474940888  3.104545E-13
1106.51240632942  2.822711E-13
1107.96006324995  3.116753E-13
1109.40772017049  3.001321E-13
1110.85537709103  3.167729E-13
1112.30303401156  2.946518E-13
1113.7506909321  2.999098E-13
1115.19834785264  2.698042E-13
1116.64600477317  3.069933E-13
1118.09366169371  2.939069E-13
1119.54131861425  3.055625E-13
1120.98897553478  2.906257E-13
1122.43663245532  2.504125E-13
1123.88428937586  2.484412E-13
1125.33194629639  2.708714E-13
1126.77960321693  3.258682E-13
1128.22726013747  3.342516E-13
1129.674917058  3.142457E-13
1131.12257397854  2.878251E-13
1132.57023089908  3.259682E-13
1134.01788781961  2.793735E-13
1135.46554474015  3.404392E-13
1136.91320166069  2.731634E-13
1138.36085858122  2.902634E-13
1139.80851550176  2.770169E-13
1141.2561724223  2.787884E-13
1142.70382934284  2.978616E-13
1144.15148626337  2.171602E-13
1145.59914318391  2.460339E-13
1147.04680010445  2.626919E-13
1148.49445702498  2.934550E-13
1149.94211394552  2.430702E-13
1151.38977086606  2.618567E-13
1152.83742778659  2.889143E-13
1154.28508470713  2.955441E-13
1155.73274162767  2.815410E-13
1157.1803985482  2.633793E-13
1158.62805546874  2.893845E-13
1160.07571238928  2.988177E-13
1161.52336930981  2.677240E-13
1162.97102623035  3.042907E-13
1164.41868315089  2.921894E-13
1165.86634007142  3.290094E-13
1167.31399699196  3.141335E-13
1168.7616539125  3.263758E-13
1170.20931083303  3.202208E-13
1171.65696775357  2.457408E-13
1173.10462467411  3.245418E-13
1174.55228159464  3.385070E-13
1175.99993851518  3.253019E-13
1177.44759543572  3.038663E-13
1178.89525235625  3.595065E-13
1180.34290927679  3.796663E-13
1181.79056619733  3.435482E-13
1183.23822311787  3.627839E-13
1184.6858800384  3.542257E-13
1186.13353695894  3.688733E-13
1187.58119387948  4.101119E-13
1189.02885080001  3.673538E-13
1190.47650772055  3.884149E-13
1191.92416464109  4.389700E-13
1193.37182156162  4.553826E-13
1194.81947848216  4.061910E-13
1196.2671354027  4.662746E-13
1197.71479232323  4.627025E-13
1199.16244924377  5.160691E-13
1200.61010616431  5.665519E-13
1202.05776308484  5.936020E-13
1203.50542000538  6.519953E-13
1204.95307692592  6.224056E-13
1206.40073384645  7.256778E-13
1207.84839076699  8.346199E-13
1209.29604768753  8.375820E-13
1210.74370460806  1.020074E-12
1212.1913615286  1.041621E-12
1213.63901844914  9.297330E-13
1215.08667536967  8.349069E-13
1216.53433229021  8.191489E-13
1217.98198921075  7.329275E-13
1219.42964613129  7.188203E-13
1220.87730305182  5.899920E-13
1222.32495997236  5.121306E-13
1223.7726168929  4.838300E-13
1225.22027381343  4.232781E-13
1226.66793073397  5.386435E-13
1228.11558765451  4.953557E-13
1229.56324457504  4.569757E-13
1231.01090149558  4.730674E-13
1232.45855841612  4.452117E-13
1233.90621533665  4.266279E-13
1235.35387225719  4.575239E-13
1236.80152917773  4.257487E-13
1238.24918609826  4.919098E-13
1239.6968430188  4.761355E-13
1241.14449993934  4.750000E-13
1242.59215685987  3.941257E-13
1244.03981378041  3.985109E-13
1245.48747070095  4.179403E-13
1246.93512762148  3.994857E-13
1248.38278454202  3.536748E-13
1249.83044146256  3.814500E-13
1251.27809838309  3.396202E-13
1252.72575530363  3.378416E-13
1254.17341222417  3.132293E-13
1255.62106914471  3.480985E-13
1257.06872606524  3.225999E-13
1258.51638298578  3.093955E-13
1259.96403990632  2.791382E-13
1261.41169682685  3.157710E-13
1262.85935374739  2.894050E-13
1264.30701066793  2.735527E-13
1265.75466758846  2.799479E-13
1267.202324509  2.937326E-13
1268.64998142954  3.165728E-13
1270.09763835007  3.063803E-13
1271.54529527061  2.678176E-13
1272.99295219115  2.587576E-13
1274.44060911168  3.031065E-13
1275.88826603222  2.670995E-13
1277.33592295276  2.478915E-13
1278.78357987329  3.004420E-13
1280.23123679383  2.994701E-13
1281.67889371437  2.447889E-13
1283.1265506349  2.458777E-13
1284.57420755544  2.424809E-13
1286.02186447598  2.674192E-13
1287.46952139651  2.760017E-13
1288.91717831705  2.759058E-13
1290.36483523759  2.418888E-13
1291.81249215812  2.747826E-13
1293.26014907866  2.830603E-13
1294.7078059992  2.534702E-13
1296.15546291974  2.591962E-13
1297.60311984027  2.639976E-13
1299.05077676081  2.947476E-13
1300.49843368135  2.941447E-13
1301.94609060188  2.487209E-13
1303.39374752242  2.864408E-13
1304.84140444296  2.893415E-13
1306.28906136349  2.751641E-13
1307.73671828403  2.512663E-13
1309.18437520457  2.723089E-13
1310.6320321251  2.384186E-13
1312.07968904564  2.394504E-13
1313.52734596618  2.568791E-13
1314.97500288671  2.628406E-13
1316.42265980725  2.356284E-13
1317.87031672779  2.509262E-13
1319.31797364832  3.132678E-13
1320.76563056886  2.438529E-13
1322.2132874894  2.525940E-13
1323.66094440993  2.239948E-13
1325.10860133047  2.462469E-13
1326.55625825101  2.382760E-13
1328.00391517154  2.210502E-13
1329.45157209208  2.808955E-13
1330.89922901262  2.474727E-13
1332.34688593315  2.767424E-13
1333.79454285369  2.285767E-13
1335.24219977423  2.221400E-13
1336.68985669477  2.275381E-13
1338.1375136153  2.814904E-13
1339.58517053584  2.343793E-13
1341.03282745638  2.341847E-13
1342.48048437691  2.163402E-13
1343.92814129745  2.626647E-13
1345.37579821799  2.574844E-13
1346.82345513852  2.442929E-13
1348.27111205906  2.548926E-13
1349.7187689796  2.502495E-13
1351.16642590013  2.362540E-13
1352.61408282067  2.462178E-13
1354.06173974121  2.339591E-13
1355.50939666174  2.293268E-13
1356.95705358228  2.712789E-13
1358.40471050282  2.425484E-13
1359.85236742335  2.427964E-13
1361.30002434389  2.447410E-13
1362.74768126443  2.809783E-13
1364.19533818496  2.787356E-13
1365.6429951055  2.352038E-13
1367.09065202604  2.370969E-13
1368.53830894657  2.557836E-13
1369.98596586711  2.794455E-13
1371.43362278765  2.282097E-13
1372.88127970819  2.641746E-13
1374.32893662872  2.734736E-13
1375.77659354926  2.197258E-13
1377.2242504698  2.520118E-13
1378.67190739033  2.518025E-13
1380.11956431087  2.461679E-13
1381.56722123141  2.653100E-13
1383.01487815194  2.580150E-13
1384.46253507248  3.215200E-13
1385.91019199302  2.469579E-13
1387.35784891355  2.844104E-13
1388.80550583409  3.199538E-13
1390.25316275463  3.221009E-13
1391.70081967516  2.886800E-13
1393.1484765957  2.785486E-13
1394.59613351624  2.987126E-13
1396.04379043677  2.944958E-13
1397.49144735731  2.841917E-13
1398.93910427785  2.992975E-13
1400.38676119838  2.924740E-13
1401.83441811892  3.093122E-13
1403.28207503946  2.932745E-13
1404.72973195999  2.421513E-13
1406.17738888053  2.747582E-13
1407.62504580107  2.927253E-13
1409.0727027216  2.617895E-13
1410.52035964214  2.710204E-13
1411.96801656268  2.590484E-13
1413.41567348322  2.762927E-13
1414.86333040375  3.182797E-13
1416.31098732429  2.801693E-13
1417.75864424483  3.098986E-13
1419.20630116536  2.779000E-13
1420.6539580859  2.703312E-13
1422.10161500644  2.643006E-13
1423.54927192697  2.523526E-13
1424.99692884751  2.372232E-13
1426.44458576805  2.631551E-13
1427.89224268858  2.599506E-13
1429.33989960912  2.587520E-13
1430.78755652966  2.557481E-13
1432.23521345019  2.138878E-13
1433.68287037073  2.178019E-13
1435.13052729127  2.566752E-13
1436.5781842118  2.576946E-13
1438.02584113234  2.751461E-13
1439.47349805288  2.617030E-13
1440.92115497341  2.546946E-13
1442.36881189395  2.490721E-13
1443.81646881449  2.396842E-13
1445.26412573502  2.622068E-13
1446.71178265556  2.439555E-13
1448.1594395761  2.561616E-13
1449.60709649664  2.244784E-13
1451.05475341717  2.180214E-13
1452.50241033771  2.377821E-13
1453.95006725825  2.250851E-13
1455.39772417878  2.154581E-13
1456.84538109932  2.430812E-13
1458.29303801986  2.308229E-13
1459.74069494039  2.344943E-13
1461.18835186093  2.514822E-13
1462.63600878147  2.575095E-13
1464.083665702  2.323651E-13
1465.53132262254  2.317261E-13
1466.97897954308  2.426761E-13
1468.42663646361  2.321435E-13
1469.87429338415  2.383186E-13
1471.32195030469  2.186205E-13
1472.76960722522  2.217991E-13
1474.21726414576  2.510644E-13
1475.6649210663  2.124543E-13
1477.11257798683  2.198670E-13
1478.56023490737  2.291948E-13
1480.00789182791  2.453039E-13
1481.45554874844  2.398127E-13
1482.90320566898  2.286314E-13
1484.35086258952  2.260035E-13
1485.79851951005  2.263793E-13
1487.24617643059  2.384025E-13
1488.69383335113  2.308563E-13
1490.14149027167  2.507617E-13
1491.5891471922  2.373523E-13
1493.03680411274  2.095816E-13
1494.48446103328  2.237935E-13
1495.93211795381  2.381982E-13
1497.37977487435  2.372117E-13
1498.82743179489  2.372519E-13
1500.27508871542  2.270984E-13
1501.72274563596  2.302139E-13
1503.1704025565  2.404828E-13
1504.61805947703  2.412352E-13
1506.06571639757  2.335641E-13
1507.51337331811  2.280022E-13
1508.96103023864  2.387537E-13
1510.40868715918  2.526177E-13
1511.85634407972  2.516727E-13
1513.30400100025  2.607123E-13
1514.75165792079  2.726480E-13
1516.19931484133  2.746248E-13
1517.64697176186  2.571403E-13
1519.0946286824  2.921318E-13
1520.54228560294  2.892480E-13
1521.98994252347  2.832167E-13
1523.43759944401  2.952314E-13
1524.88525636455  2.888833E-13
1526.33291328509  3.102961E-13
1527.78057020562  3.042105E-13
1529.22822712616  3.091721E-13
1530.6758840467  3.208325E-13
1532.12354096723  3.197104E-13
1533.57119788777  3.268003E-13
1535.01885480831  3.541781E-13
1536.46651172884  3.590643E-13
1537.91416864938  3.814971E-13
1539.36182556992  4.137725E-13
1540.80948249045  4.341333E-13
1542.25713941099  4.288967E-13
1543.70479633153  4.362069E-13
1545.15245325206  3.973379E-13
1546.6001101726  4.308553E-13
1548.04776709314  4.086501E-13
1549.49542401367  3.660833E-13
1550.94308093421  3.452078E-13
1552.39073785475  3.704426E-13
1553.83839477528  3.323902E-13
1555.28605169582  3.312910E-13
1556.73370861636  3.054980E-13
1558.18136553689  2.714774E-13
1559.62902245743  2.887942E-13
1561.07667937797  2.841105E-13
1562.5243362985  2.614578E-13
1563.97199321904  2.599078E-13
1565.41965013958  2.583972E-13
1566.86730706012  2.590729E-13
1568.31496398065  2.491130E-13
1569.76262090119  2.442967E-13
1571.21027782173  2.281734E-13
1572.65793474226  2.428408E-13
1574.1055916628  2.586698E-13
1575.55324858334  2.373489E-13
1577.00090550387  2.389937E-13
1578.44856242441  2.462826E-13
1579.89621934495  2.538893E-13
1581.34387626548  2.389849E-13
1582.79153318602  2.376815E-13
1584.23919010656  2.255299E-13
1585.68684702709  2.162466E-13
1587.13450394763  2.208701E-13
1588.58216086817  2.137726E-13
1590.0298177887  2.414371E-13
1591.47747470924  2.227186E-13
1592.92513162978  2.220963E-13
1594.37278855031  2.070759E-13
1595.82044547085  2.032682E-13
1597.26810239139  2.044484E-13
1598.71575931192  2.049189E-13
1600.16341623246  2.141774E-13
1601.611073153  2.305001E-13
1603.05873007354  2.217896E-13
1604.50638699407  2.177954E-13
1605.95404391461  2.102724E-13
1607.40170083515  2.086248E-13
1608.84935775568  2.164789E-13
1610.29701467622  2.126215E-13
1611.74467159676  2.236125E-13
1613.19232851729  2.306331E-13
1614.63998543783  2.248663E-13
1616.08764235837  2.198062E-13
1617.5352992789  2.118345E-13
1618.98295619944  2.165024E-13
1620.43061311998  2.154392E-13
1621.87827004051  2.251370E-13
1623.32592696105  2.300915E-13
1624.77358388159  2.103344E-13
1626.22124080212  2.088655E-13
1627.66889772266  2.184750E-13
1629.1165546432  2.318140E-13
1630.56421156373  2.397371E-13
1632.01186848427  2.419314E-13
1633.45952540481  2.229567E-13
1634.90718232534  2.086508E-13
1636.35483924588  2.084221E-13
1637.80249616642  2.030712E-13
1639.25015308695  2.024738E-13
1640.69781000749  1.977699E-13
1642.14546692803  2.006788E-13
1643.59312384857  2.032223E-13
1645.0407807691  2.071606E-13
1646.48843768964  2.034656E-13
1647.93609461018  1.990212E-13
1649.38375153071  2.105627E-13
1650.83140845125  2.214484E-13
1652.27906537179  2.370620E-13
1653.72672229232  2.269500E-13
1655.17437921286  2.146119E-13
1656.6220361334  2.195868E-13
1658.06969305393  2.119113E-13
1659.51734997447  2.066496E-13
1660.96500689501  2.044738E-13
1662.41266381554  2.148717E-13
1663.86032073608  2.185561E-13
1665.30797765662  2.197301E-13
1666.75563457715  2.168570E-13
1668.20329149769  2.107241E-13
1669.65094841823  2.037180E-13
1671.09860533876  2.116650E-13
1672.5462622593  2.110191E-13
1673.99391917984  2.026659E-13
1675.44157610038  1.994541E-13
1676.88923302091  2.144453E-13
1678.33688994145  2.100854E-13
1679.78454686199  2.024677E-13
1681.23220378252  2.042572E-13
1682.67986070306  2.061910E-13
1684.1275176236  2.031952E-13
1685.57517454413  1.978453E-13
1687.02283146467  1.949450E-13
1688.47048838521  1.964248E-13
1689.91814530574  1.953764E-13
1691.36580222628  2.018490E-13
1692.81345914682  1.936848E-13
1694.26111606735  1.955307E-13
1695.70877298789  1.996675E-13
1697.15642990843  2.059533E-13
1698.60408682896  2.018583E-13
1700.0517437495  1.935601E-13
1701.49940067004  1.929658E-13
1702.94705759057  1.868682E-13
1704.39471451111  1.882976E-13
1705.84237143165  1.890020E-13
1707.29002835218  1.886548E-13
1708.73768527272  1.894062E-13
1710.18534219326  0.
1711.63299911379  0.
1713.08065603433  0.
1714.52831295487  0.
1715.97596987541  0.
1717.42362679594  0.
1718.87128371648  0.
1720.31894063702  0.
1721.76659755755  0.
1723.21425447809  0.
1724.66191139863  0.
1726.10956831916  0.
1727.5572252397  0.
1729.00488216024  0.
1730.45253908077  0.
1731.90019600131  0.
1733.34785292185  0.
1734.79550984238  0.
1736.24316676292  0.
1737.69082368346  0.
1739.13848060399  0.
1740.58613752453  0.
1742.03379444507  0.
1743.4814513656  0.
1744.92910828614  0.
1746.37676520668  0.
1747.82442212721  0.
1749.27207904775  0.
1750.71973596829  0.
1752.16739288882  0.
1753.61504980936  0.
1755.0627067299  0.
1756.51036365043  0.
1757.95802057097  0.
1759.40567749151  0.
1760.85333441205  0.
1762.30099133258  0.
1763.74864825312  0.
1765.19630517366  0.
1766.64396209419  0.
1768.09161901473  0.
1769.53927593527  0.
1770.9869328558  0.
1772.43458977634  0.
1773.88224669688  0.
1775.32990361741  0.
1776.77756053795  0.
1778.22521745849  0.
1779.67287437902  0.
1781.12053129956  0.
1782.5681882201  0.
1784.01584514063  0.
1785.46350206117  0.
1786.91115898171  0.
1788.35881590224  0.
1789.80647282278  0.
1791.25412974332  0.
1792.70178666385  0.
1794.14944358439  0.
1795.59710050493  0.
1797.04475742547  0.
1798.492414346  0.
1799.94007126654  0.
1801.38772818708  0.
1802.83538510761  0.
1804.28304202815  0.
1805.73069894869  0.
1807.17835586922  0.
1808.62601278976  0.
1810.0736697103  0.
1811.52132663083  0.
1812.96898355137  0.
1814.41664047191  0.
1815.86429739244  0.
1817.31195431298  0.
1818.75961123352  0.
1820.20726815405  0.
1821.65492507459  0.
1823.10258199513  0.
1824.55023891566  0.
1825.9978958362  0.
1827.44555275674  0.
1828.89320967727  0.
1830.34086659781  0.
1831.78852351835  0.
