906.735751295338  0.
908.183408215875  0.
909.631065136412  0.
911.078722056949  0.
912.526378977485  0.
913.974035898022  0.
915.421692818559  0.
916.869349739096  0.
918.317006659633  0.
919.764663580169  0.
921.212320500706  0.
922.659977421243  0.
924.10763434178  0.
925.555291262316  0.
927.002948182853  0.
928.45060510339  0.
929.898262023927  0.
931.345918944464  0.
932.793575865  0.
934.241232785537  0.
935.688889706074  0.
937.136546626611  0.
938.584203547148  0.
940.031860467684  0.
941.479517388221  0.
942.927174308758  0.
944.374831229295  0.
945.822488149832  0.
947.270145070369  0.
948.717801990905  0.
950.165458911442  0.
951.613115831979  0.
953.060772752515  0.
954.508429673052  0.
955.956086593589  0.
957.403743514126  0.
958.851400434663  0.
960.2990573552  0.
961.746714275736  0.
963.194371196273  0.
964.64202811681  0.
966.089685037347  0.
967.537341957883  0.
968.98499887842  0.
970.432655798957  0.
971.880312719494  0.
973.327969640031  0.
974.775626560567  0.
976.223283481104  0.
977.670940401641  0.
979.118597322178  0.
980.566254242715  0.
982.013911163251  0.
983.461568083788  0.
984.909225004325  0.
986.356881924862  0.
987.804538845399  0.
989.252195765935  0.
990.699852686472  0.
992.147509607009  0.
993.595166527546  4.200983E-13
995.042823448082  1.122885E-13
996.490480368619  3.577680E-13
997.938137289156  2.240010E-13
999.385794209693  6.252280E-13
1000.83345113023  6.222723E-13
1002.28110805077  5.143191E-13
1003.7287649713  3.773174E-13
1005.17642189184  5.643300E-13
1006.62407881238  5.356129E-13
1008.07173573291  4.384233E-13
1009.51939265345  4.799429E-13
1010.96704957399  5.796879E-13
1012.41470649452  3.022748E-13
1013.86236341506  4.063231E-13
1015.3100203356  5.547522E-13
1016.75767725613  3.269038E-13
1018.20533417667  5.589254E-13
1019.65299109721  4.692509E-13
1021.10064801775  5.218326E-13
1022.54830493828  4.832126E-13
1023.99596185882  3.989199E-13
1025.44361877936  5.374131E-13
1026.89127569989  3.840445E-13
1028.33893262043  3.985563E-13
1029.78658954097  4.265612E-13
1031.2342464615  5.089250E-13
1032.68190338204  3.755502E-13
1034.12956030258  2.749987E-13
1035.57721722311  3.902973E-13
1037.02487414365  3.865881E-13
1038.47253106419  3.783192E-13
1039.92018798472  2.800462E-13
1041.36784490526  2.894497E-13
1042.8155018258  3.608416E-13
1044.26315874633  2.922977E-13
1045.71081566687  3.831433E-13
1047.15847258741  3.567809E-13
1048.60612950794  4.435125E-13
1050.05378642848  5.153118E-13
1051.50144334902  6.199393E-13
1052.94910026955  6.529980E-13
1054.39675719009  5.311804E-13
1055.84441411063  3.937137E-13
1057.29207103116  3.303430E-13
1058.7397279517  2.728261E-13
1060.18738487224  3.046192E-13
1061.63504179277  3.774042E-13
1063.08269871331  3.645836E-13
1064.53035563385  3.317887E-13
1065.97801255439  2.910838E-13
1067.42566947492  3.034947E-13
1068.87332639546  2.763868E-13
1070.320983316  3.177754E-13
1071.76864023653  2.395023E-13
1073.21629715707  2.863316E-13
1074.66395407761  3.248478E-13
1076.11161099814  2.546569E-13
1077.55926791868  2.855319E-13
1079.00692483922  2.754966E-13
1080.45458175975  2.780826E-13
1081.90223868029  2.851153E-13
1083.34989560083  2.604731E-13
1084.79755252136  2.553100E-13
1086.2452094419  2.159696E-13
1087.69286636244  2.525407E-13
1089.14052328297  2.847216E-13
1090.58818020351  2.936208E-13
1092.03583712405  2.405277E-13
1093.48349404458  2.465202E-13
1094.93115096512  2.534453E-13
1096.37880788566  2.594770E-13
1097.82646480619  2.681859E-13
1099.27412172673  2.238243E-13
1100.72177864727  2.123558E-13
1102.1694355678  2.307527E-13
1103.61709248834  2.906067E-13
1105.06474940888  2.664738E-13
1106.51240632942  2.802501E-13
1107.96006324995  3.132283E-13
1109.40772017049  2.485465E-13
1110.85537709103  2.572844E-13
1112.30303401156  2.498224E-13
1113.7506909321  2.898024E-13
1115.19834785264  2.517155E-13
1116.64600477317  2.193351E-13
1118.09366169371  2.505948E-13
1119.54131861425  2.505602E-13
1120.98897553478  2.350592E-13
1122.43663245532  2.267073E-13
1123.88428937586  2.264422E-13
1125.33194629639  2.320775E-13
1126.77960321693  2.683794E-13
1128.22726013747  2.845515E-13
1129.674917058  2.586016E-13
1131.12257397854  2.553808E-13
1132.57023089908  2.499846E-13
1134.01788781961  2.699280E-13
1135.46554474015  2.464654E-13
1136.91320166069  2.470170E-13
1138.36085858122  2.549359E-13
1139.80851550176  2.452900E-13
1141.2561724223  2.302474E-13
1142.70382934284  2.768512E-13
1144.15148626337  2.407812E-13
1145.59914318391  2.567141E-13
1147.04680010445  2.471671E-13
1148.49445702498  2.521185E-13
1149.94211394552  1.942768E-13
1151.38977086606  2.347201E-13
1152.83742778659  2.271831E-13
1154.28508470713  2.273341E-13
1155.73274162767  2.536162E-13
1157.1803985482  2.153925E-13
1158.62805546874  2.389145E-13
1160.07571238928  2.583459E-13
1161.52336930981  2.647183E-13
1162.97102623035  2.701362E-13
1164.41868315089  2.627034E-13
1165.86634007142  2.557623E-13
1167.31399699196  2.631718E-13
1168.7616539125  4.207881E-13
1170.20931083303  3.177907E-13
1171.65696775357  2.480991E-13
1173.10462467411  2.801083E-13
1174.55228159464  2.945580E-13
1175.99993851518  3.059843E-13
1177.44759543572  3.317727E-13
1178.89525235625  2.745921E-13
1180.34290927679  3.011247E-13
1181.79056619733  2.767327E-13
1183.23822311787  2.803481E-13
1184.6858800384  2.927001E-13
1186.13353695894  3.115201E-13
1187.58119387948  3.427097E-13
1189.02885080001  3.365696E-13
1190.47650772055  3.478424E-13
1191.92416464109  3.271748E-13
1193.37182156162  3.367250E-13
1194.81947848216  3.656730E-13
1196.2671354027  3.900029E-13
1197.71479232323  3.642836E-13
1199.16244924377  3.847593E-13
1200.61010616431  4.328487E-13
1202.05776308484  4.917976E-13
1203.50542000538  4.726765E-13
1204.95307692592  5.654481E-13
1206.40073384645  6.331803E-13
1207.84839076699  7.280619E-13
1209.29604768753  8.064895E-13
1210.74370460806  8.974808E-13
1212.1913615286  8.620916E-13
1213.63901844914  8.397652E-13
1215.08667536967  7.687888E-13
1216.53433229021  7.468747E-13
1217.98198921075  6.633889E-13
1219.42964613129  5.983062E-13
1220.87730305182  5.129697E-13
1222.32495997236  5.073451E-13
1223.7726168929  4.402811E-13
1225.22027381343  4.138191E-13
1226.66793073397  4.539178E-13
1228.11558765451  3.928547E-13
1229.56324457504  3.943755E-13
1231.01090149558  3.569845E-13
1232.45855841612  3.805595E-13
1233.90621533665  3.624538E-13
1235.35387225719  3.490947E-13
1236.80152917773  4.141669E-13
1238.24918609826  4.174626E-13
1239.6968430188  4.074273E-13
1241.14449993934  3.895726E-13
1242.59215685987  3.735047E-13
1244.03981378041  3.465992E-13
1245.48747070095  2.872721E-13
1246.93512762148  3.514885E-13
1248.38278454202  3.167670E-13
1249.83044146256  3.319009E-13
1251.27809838309  2.936380E-13
1252.72575530363  2.410111E-13
1254.17341222417  2.810115E-13
1255.62106914471  2.860699E-13
1257.06872606524  2.692329E-13
1258.51638298578  2.732246E-13
1259.96403990632  2.690147E-13
1261.41169682685  2.280821E-13
1262.85935374739  2.499665E-13
1264.30701066793  2.548838E-13
1265.75466758846  2.631461E-13
1267.202324509  2.315983E-13
1268.64998142954  2.154864E-13
1270.09763835007  2.066930E-13
1271.54529527061  2.361354E-13
1272.99295219115  2.231228E-13
1274.44060911168  2.250052E-13
1275.88826603222  1.903930E-13
1277.33592295276  2.115743E-13
1278.78357987329  2.344919E-13
1280.23123679383  2.103707E-13
1281.67889371437  2.371543E-13
1283.1265506349  2.381054E-13
1284.57420755544  1.944990E-13
1286.02186447598  2.137223E-13
1287.46952139651  2.133180E-13
1288.91717831705  2.311904E-13
1290.36483523759  2.667072E-13
1291.81249215812  2.403789E-13
1293.26014907866  2.612864E-13
1294.7078059992  2.450324E-13
1296.15546291974  2.110286E-13
1297.60311984027  2.455581E-13
1299.05077676081  2.373977E-13
1300.49843368135  2.475364E-13
1301.94609060188  2.322583E-13
1303.39374752242  2.551605E-13
1304.84140444296  2.389109E-13
1306.28906136349  2.305077E-13
1307.73671828403  2.233397E-13
1309.18437520457  2.497302E-13
1310.6320321251  2.024890E-13
1312.07968904564  2.047488E-13
1313.52734596618  2.057843E-13
1314.97500288671  2.070271E-13
1316.42265980725  1.908725E-13
1317.87031672779  1.938825E-13
1319.31797364832  2.108281E-13
1320.76563056886  2.017768E-13
1322.2132874894  2.249153E-13
1323.66094440993  2.543905E-13
1325.10860133047  2.023855E-13
1326.55625825101  2.190247E-13
1328.00391517154  2.363078E-13
1329.45157209208  2.372918E-13
1330.89922901262  1.968756E-13
1332.34688593315  2.324152E-13
1333.79454285369  2.221423E-13
1335.24219977423  1.988829E-13
1336.68985669477  2.095036E-13
1338.1375136153  2.004425E-13
1339.58517053584  2.513184E-13
1341.03282745638  2.319011E-13
1342.48048437691  2.159655E-13
1343.92814129745  1.961414E-13
1345.37579821799  2.087823E-13
1346.82345513852  2.214243E-13
1348.27111205906  2.239591E-13
1349.7187689796  2.153673E-13
1351.16642590013  2.390065E-13
1352.61408282067  2.128615E-13
1354.06173974121  1.961969E-13
1355.50939666174  1.815393E-13
1356.95705358228  2.162953E-13
1358.40471050282  2.266737E-13
1359.85236742335  2.310331E-13
1361.30002434389  2.621926E-13
1362.74768126443  2.553739E-13
1364.19533818496  2.286386E-13
1365.6429951055  2.176257E-13
1367.09065202604  2.350153E-13
1368.53830894657  2.306784E-13
1369.98596586711  2.290932E-13
1371.43362278765  2.104428E-13
1372.88127970819  2.245374E-13
1374.32893662872  2.137570E-13
1375.77659354926  2.192166E-13
1377.2242504698  2.322094E-13
1378.67190739033  2.611985E-13
1380.11956431087  2.242029E-13
1381.56722123141  2.608662E-13
1383.01487815194  2.048907E-13
1384.46253507248  2.274884E-13
1385.91019199302  2.054016E-13
1387.35784891355  2.266476E-13
1388.80550583409  2.460378E-13
1390.25316275463  2.371145E-13
1391.70081967516  2.666760E-13
1393.1484765957  2.838435E-13
1394.59613351624  2.600954E-13
1396.04379043677  2.443888E-13
1397.49144735731  2.276356E-13
1398.93910427785  1.916966E-13
1400.38676119838  2.439709E-13
1401.83441811892  2.575617E-13
1403.28207503946  2.490667E-13
1404.72973195999  2.276364E-13
1406.17738888053  2.040225E-13
1407.62504580107  2.121598E-13
1409.0727027216  2.375410E-13
1410.52035964214  2.303669E-13
1411.96801656268  2.137938E-13
1413.41567348322  2.163092E-13
1414.86333040375  2.162789E-13
1416.31098732429  2.027054E-13
1417.75864424483  2.031402E-13
1419.20630116536  1.861824E-13
1420.6539580859  2.016421E-13
1422.10161500644  2.197538E-13
1423.54927192697  2.145114E-13
1424.99692884751  2.062973E-13
1426.44458576805  2.226501E-13
1427.89224268858  2.216263E-13
1429.33989960912  1.993790E-13
1430.78755652966  1.861045E-13
1432.23521345019  1.986071E-13
1433.68287037073  2.073892E-13
1435.13052729127  1.958529E-13
1436.5781842118  2.007890E-13
1438.02584113234  2.225689E-13
1439.47349805288  2.177765E-13
1440.92115497341  2.078134E-13
1442.36881189395  1.883743E-13
1443.81646881449  1.844037E-13
1445.26412573502  2.139156E-13
1446.71178265556  2.249489E-13
1448.1594395761  2.272638E-13
1449.60709649664  1.997289E-13
1451.05475341717  1.867188E-13
1452.50241033771  2.016435E-13
1453.95006725825  1.855454E-13
1455.39772417878  1.888079E-13
1456.84538109932  2.046711E-13
1458.29303801986  1.999432E-13
1459.74069494039  1.887901E-13
1461.18835186093  2.002120E-13
1462.63600878147  2.078549E-13
1464.083665702  2.171414E-13
1465.53132262254  2.064304E-13
1466.97897954308  2.100122E-13
1468.42663646361  2.164708E-13
1469.87429338415  1.924093E-13
1471.32195030469  1.600502E-13
1472.76960722522  1.795756E-13
1474.21726414576  1.976768E-13
1475.6649210663  2.050611E-13
1477.11257798683  2.076913E-13
1478.56023490737  2.008049E-13
1480.00789182791  1.994373E-13
1481.45554874844  1.916546E-13
1482.90320566898  1.929556E-13
1484.35086258952  2.181157E-13
1485.79851951005  2.050488E-13
1487.24617643059  1.959123E-13
1488.69383335113  1.968647E-13
1490.14149027167  2.131039E-13
1491.5891471922  2.039270E-13
1493.03680411274  2.008367E-13
1494.48446103328  1.996722E-13
1495.93211795381  2.164017E-13
1497.37977487435  2.095306E-13
1498.82743179489  2.117670E-13
1500.27508871542  2.172658E-13
1501.72274563596  2.099203E-13
1503.1704025565  2.057526E-13
1504.61805947703  2.129537E-13
1506.06571639757  2.141014E-13
1507.51337331811  2.099151E-13
1508.96103023864  2.011443E-13
1510.40868715918  2.119287E-13
1511.85634407972  2.226884E-13
1513.30400100025  2.111236E-13
1514.75165792079  2.058609E-13
1516.19931484133  2.072692E-13
1517.64697176186  2.339421E-13
1519.0946286824  2.440732E-13
1520.54228560294  2.293941E-13
1521.98994252347  2.113088E-13
1523.43759944401  2.339636E-13
1524.88525636455  2.400650E-13
1526.33291328509  2.392872E-13
1527.78057020562  2.677203E-13
1529.22822712616  2.686518E-13
1530.6758840467  2.506237E-13
1532.12354096723  2.609971E-13
1533.57119788777  2.830584E-13
1535.01885480831  3.109386E-13
1536.46651172884  2.909770E-13
1537.91416864938  2.933178E-13
1539.36182556992  3.310647E-13
1540.80948249045  3.884430E-13
1542.25713941099  4.039822E-13
1543.70479633153  3.954349E-13
1545.15245325206  3.691579E-13
1546.6001101726  3.903187E-13
1548.04776709314  3.638468E-13
1549.49542401367  3.313122E-13
1550.94308093421  3.172409E-13
1552.39073785475  3.377914E-13
1553.83839477528  2.973388E-13
1555.28605169582  2.678009E-13
1556.73370861636  2.693756E-13
1558.18136553689  2.468880E-13
1559.62902245743  2.441134E-13
1561.07667937797  2.585247E-13
1562.5243362985  2.434281E-13
1563.97199321904  2.461453E-13
1565.41965013958  2.410646E-13
1566.86730706012  2.376356E-13
1568.31496398065  2.454811E-13
1569.76262090119  2.357257E-13
1571.21027782173  2.349789E-13
1572.65793474226  2.357166E-13
1574.1055916628  2.146995E-13
1575.55324858334  2.130615E-13
1577.00090550387  2.299542E-13
1578.44856242441  2.101843E-13
1579.89621934495  2.170020E-13
1581.34387626548  2.099153E-13
1582.79153318602  2.107143E-13
1584.23919010656  2.073303E-13
1585.68684702709  1.917761E-13
1587.13450394763  1.982295E-13
1588.58216086817  1.916512E-13
1590.0298177887  1.819722E-13
1591.47747470924  1.928294E-13
1592.92513162978  1.792794E-13
1594.37278855031  1.929348E-13
1595.82044547085  2.023648E-13
1597.26810239139  2.086504E-13
1598.71575931192  1.974117E-13
1600.16341623246  1.970243E-13
1601.611073153  1.879967E-13
1603.05873007354  1.850142E-13
1604.50638699407  1.992708E-13
1605.95404391461  1.966882E-13
1607.40170083515  2.077296E-13
1608.84935775568  2.202507E-13
1610.29701467622  2.059547E-13
1611.74467159676  1.898854E-13
1613.19232851729  1.872597E-13
1614.63998543783  2.119626E-13
1616.08764235837  2.000200E-13
1617.5352992789  1.919174E-13
1618.98295619944  1.882713E-13
1620.43061311998  1.887290E-13
1621.87827004051  2.054580E-13
1623.32592696105  1.973425E-13
1624.77358388159  1.885996E-13
1626.22124080212  2.026951E-13
1627.66889772266  2.059060E-13
1629.1165546432  2.003113E-13
1630.56421156373  2.042531E-13
1632.01186848427  2.004995E-13
1633.45952540481  2.045904E-13
1634.90718232534  2.127574E-13
1636.35483924588  2.085987E-13
1637.80249616642  1.960392E-13
1639.25015308695  1.823022E-13
1640.69781000749  1.822298E-13
1642.14546692803  1.884578E-13
1643.59312384857  1.838508E-13
1645.0407807691  1.901244E-13
1646.48843768964  1.900128E-13
1647.93609461018  1.881308E-13
1649.38375153071  1.879560E-13
1650.83140845125  1.827949E-13
1652.27906537179  1.766935E-13
1653.72672229232  1.795840E-13
1655.17437921286  1.811920E-13
1656.6220361334  1.922894E-13
1658.06969305393  1.960184E-13
1659.51734997447  1.891354E-13
1660.96500689501  1.854300E-13
1662.41266381554  1.893444E-13
1663.86032073608  1.904909E-13
1665.30797765662  2.012996E-13
1666.75563457715  1.920489E-13
1668.20329149769  1.945971E-13
1669.65094841823  2.017703E-13
1671.09860533876  1.892078E-13
1672.5462622593  1.848669E-13
1673.99391917984  1.863198E-13
1675.44157610038  1.781062E-13
1676.88923302091  1.695595E-13
1678.33688994145  1.757653E-13
1679.78454686199  1.777006E-13
1681.23220378252  1.720941E-13
1682.67986070306  1.711330E-13
1684.1275176236  1.823519E-13
1685.57517454413  1.651383E-13
1687.02283146467  1.687830E-13
1688.47048838521  1.796143E-13
1689.91814530574  1.771719E-13
1691.36580222628  1.747503E-13
1692.81345914682  1.651928E-13
1694.26111606735  1.674813E-13
1695.70877298789  1.687232E-13
1697.15642990843  1.692693E-13
1698.60408682896  1.701181E-13
1700.0517437495  1.671178E-13
1701.49940067004  1.765245E-13
1702.94705759057  1.821665E-13
1704.39471451111  1.714733E-13
1705.84237143165  1.675588E-13
1707.29002835218  1.681536E-13
1708.73768527272  1.623526E-13
1710.18534219326  0.
1711.63299911379  0.
1713.08065603433  0.
1714.52831295487  0.
1715.97596987541  0.
1717.42362679594  0.
1718.87128371648  0.
1720.31894063702  0.
1721.76659755755  0.
1723.21425447809  0.
1724.66191139863  0.
1726.10956831916  0.
1727.5572252397  0.
1729.00488216024  0.
1730.45253908077  0.
1731.90019600131  0.
1733.34785292185  0.
1734.79550984238  0.
1736.24316676292  0.
1737.69082368346  0.
1739.13848060399  0.
1740.58613752453  0.
1742.03379444507  0.
1743.4814513656  0.
1744.92910828614  0.
1746.37676520668  0.
1747.82442212721  0.
1749.27207904775  0.
1750.71973596829  0.
1752.16739288882  0.
1753.61504980936  0.
1755.0627067299  0.
1756.51036365043  0.
1757.95802057097  0.
1759.40567749151  0.
1760.85333441205  0.
1762.30099133258  0.
1763.74864825312  0.
1765.19630517366  0.
1766.64396209419  0.
1768.09161901473  0.
1769.53927593527  0.
1770.9869328558  0.
1772.43458977634  0.
1773.88224669688  0.
1775.32990361741  0.
1776.77756053795  0.
1778.22521745849  0.
1779.67287437902  0.
1781.12053129956  0.
1782.5681882201  0.
1784.01584514063  0.
1785.46350206117  0.
1786.91115898171  0.
1788.35881590224  0.
1789.80647282278  0.
1791.25412974332  0.
1792.70178666385  0.
1794.14944358439  0.
1795.59710050493  0.
1797.04475742547  0.
1798.492414346  0.
1799.94007126654  0.
1801.38772818708  0.
1802.83538510761  0.
1804.28304202815  0.
1805.73069894869  0.
1807.17835586922  0.
1808.62601278976  0.
1810.0736697103  0.
1811.52132663083  0.
1812.96898355137  0.
1814.41664047191  0.
1815.86429739244  0.
1817.31195431298  0.
1818.75961123352  0.
1820.20726815405  0.
1821.65492507459  0.
1823.10258199513  0.
1824.55023891566  0.
1825.9978958362  0.
1827.44555275674  0.
1828.89320967727  0.
1830.34086659781  0.
1831.78852351835  0.
