906.735751295338  0.
908.183408215875  0.
909.631065136412  0.
911.078722056949  0.
912.526378977485  0.
913.974035898022  0.
915.421692818559  0.
916.869349739096  0.
918.317006659633  0.
919.764663580169  0.
921.212320500706  0.
922.659977421243  0.
924.10763434178  0.
925.555291262316  0.
927.002948182853  0.
928.45060510339  0.
929.898262023927  0.
931.345918944464  0.
932.793575865  0.
934.241232785537  0.
935.688889706074  0.
937.136546626611  0.
938.584203547148  0.
940.031860467684  0.
941.479517388221  0.
942.927174308758  0.
944.374831229295  0.
945.822488149832  0.
947.270145070369  0.
948.717801990905  0.
950.165458911442  0.
951.613115831979  0.
953.060772752515  0.
954.508429673052  0.
955.956086593589  0.
957.403743514126  0.
958.851400434663  0.
960.2990573552  0.
961.746714275736  0.
963.194371196273  0.
964.64202811681  0.
966.089685037347  0.
967.537341957883  0.
968.98499887842  0.
970.432655798957  0.
971.880312719494  0.
973.327969640031  0.
974.775626560567  0.
976.223283481104  0.
977.670940401641  0.
979.118597322178  0.
980.566254242715  0.
982.013911163251  0.
983.461568083788  0.
984.909225004325  0.
986.356881924862  0.
987.804538845399  0.
989.252195765935  0.
990.699852686472  0.
992.147509607009  0.
993.595166527546  1.803041E-13
995.042823448082  5.207369E-13
996.490480368619  3.494694E-13
997.938137289156  2.726378E-13
999.385794209693  4.087953E-13
1000.83345113023  3.363894E-13
1002.28110805077  4.000312E-13
1003.7287649713  2.117602E-13
1005.17642189184  4.335751E-13
1006.62407881238  3.784873E-13
1008.07173573291  2.949855E-13
1009.51939265345  4.212836E-13
1010.96704957399  4.537755E-13
1012.41470649452  3.126408E-13
1013.86236341506  3.985447E-13
1015.3100203356  5.229191E-13
1016.75767725613  3.228593E-13
1018.20533417667  4.447694E-13
1019.65299109721  4.216660E-13
1021.10064801775  4.758460E-13
1022.54830493828  4.278549E-13
1023.99596185882  3.566152E-13
1025.44361877936  4.990349E-13
1026.89127569989  4.474609E-13
1028.33893262043  4.661426E-13
1029.78658954097  4.026658E-13
1031.2342464615  4.319965E-13
1032.68190338204  3.250991E-13
1034.12956030258  3.842813E-13
1035.57721722311  3.893231E-13
1037.02487414365  4.135199E-13
1038.47253106419  3.718127E-13
1039.92018798472  3.602136E-13
1041.36784490526  4.159671E-13
1042.8155018258  4.753730E-13
1044.26315874633  4.526673E-13
1045.71081566687  5.621747E-13
1047.15847258741  4.989232E-13
1048.60612950794  4.916473E-13
1050.05378642848  4.199680E-13
1051.50144334902  3.826204E-13
1052.94910026955  3.483999E-13
1054.39675719009  3.501585E-13
1055.84441411063  3.200259E-13
1057.29207103116  2.477710E-13
1058.7397279517  2.849334E-13
1060.18738487224  3.633780E-13
1061.63504179277  3.651715E-13
1063.08269871331  3.438580E-13
1064.53035563385  3.464417E-13
1065.97801255439  3.397767E-13
1067.42566947492  3.830500E-13
1068.87332639546  3.303017E-13
1070.320983316  3.609397E-13
1071.76864023653  3.028464E-13
1073.21629715707  3.602640E-13
1074.66395407761  3.780711E-13
1076.11161099814  3.542512E-13
1077.55926791868  3.767611E-13
1079.00692483922  3.644221E-13
1080.45458175975  3.405248E-13
1081.90223868029  3.083087E-13
1083.34989560083  3.343073E-13
1084.79755252136  3.138244E-13
1086.2452094419  2.772948E-13
1087.69286636244  3.113956E-13
1089.14052328297  2.876598E-13
1090.58818020351  2.999707E-13
1092.03583712405  2.592768E-13
1093.48349404458  2.935766E-13
1094.93115096512  3.261049E-13
1096.37880788566  3.067992E-13
1097.82646480619  3.069521E-13
1099.27412172673  3.152277E-13
1100.72177864727  3.199372E-13
1102.1694355678  3.246283E-13
1103.61709248834  3.434674E-13
1105.06474940888  2.834585E-13
1106.51240632942  2.974105E-13
1107.96006324995  3.007662E-13
1109.40772017049  2.976757E-13
1110.85537709103  3.075824E-13
1112.30303401156  2.823174E-13
1113.7506909321  3.122651E-13
1115.19834785264  3.417001E-13
1116.64600477317  3.199997E-13
1118.09366169371  3.116650E-13
1119.54131861425  2.960713E-13
1120.98897553478  2.999063E-13
1122.43663245532  2.704478E-13
1123.88428937586  2.739117E-13
1125.33194629639  2.819383E-13
1126.77960321693  2.518830E-13
1128.22726013747  2.921821E-13
1129.674917058  2.906874E-13
1131.12257397854  3.141614E-13
1132.57023089908  2.681676E-13
1134.01788781961  2.963075E-13
1135.46554474015  2.816889E-13
1136.91320166069  2.817022E-13
1138.36085858122  2.800153E-13
1139.80851550176  3.203808E-13
1141.2561724223  2.870674E-13
1142.70382934284  2.899699E-13
1144.15148626337  3.002929E-13
1145.59914318391  2.953854E-13
1147.04680010445  3.174498E-13
1148.49445702498  2.937351E-13
1149.94211394552  2.991937E-13
1151.38977086606  3.013201E-13
1152.83742778659  2.715271E-13
1154.28508470713  2.266954E-13
1155.73274162767  2.707228E-13
1157.1803985482  3.109554E-13
1158.62805546874  3.193787E-13
1160.07571238928  2.853863E-13
1161.52336930981  2.676927E-13
1162.97102623035  2.889249E-13
1164.41868315089  2.872033E-13
1165.86634007142  3.229406E-13
1167.31399699196  3.412671E-13
1168.7616539125  3.192250E-13
1170.20931083303  3.680184E-13
1171.65696775357  3.112772E-13
1173.10462467411  3.267984E-13
1174.55228159464  2.905773E-13
1175.99993851518  3.332174E-13
1177.44759543572  3.416175E-13
1178.89525235625  3.224553E-13
1180.34290927679  3.632984E-13
1181.79056619733  3.676498E-13
1183.23822311787  3.374304E-13
1184.6858800384  3.446034E-13
1186.13353695894  3.452535E-13
1187.58119387948  3.623371E-13
1189.02885080001  3.867061E-13
1190.47650772055  3.909190E-13
1191.92416464109  4.071355E-13
1193.37182156162  3.858776E-13
1194.81947848216  4.320527E-13
1196.2671354027  4.449894E-13
1197.71479232323  4.561086E-13
1199.16244924377  4.736669E-13
1200.61010616431  4.712019E-13
1202.05776308484  5.234407E-13
1203.50542000538  4.827174E-13
1204.95307692592  4.365632E-13
1206.40073384645  5.708783E-13
1207.84839076699  7.087787E-13
1209.29604768753  7.912602E-13
1210.74370460806  7.964251E-13
1212.1913615286  8.595594E-13
1213.63901844914  1.032546E-12
1215.08667536967  1.063372E-12
1216.53433229021  1.184035E-12
1217.98198921075  9.617167E-13
1219.42964613129  9.994778E-13
1220.87730305182  8.533342E-13
1222.32495997236  7.602018E-13
1223.7726168929  7.139186E-13
1225.22027381343  5.587652E-13
1226.66793073397  5.496739E-13
1228.11558765451  5.891213E-13
1229.56324457504  5.423367E-13
1231.01090149558  4.864392E-13
1232.45855841612  4.775389E-13
1233.90621533665  4.363198E-13
1235.35387225719  5.113078E-13
1236.80152917773  5.247645E-13
1238.24918609826  5.184358E-13
1239.6968430188  4.648715E-13
1241.14449993934  4.249419E-13
1242.59215685987  4.155682E-13
1244.03981378041  4.144527E-13
1245.48747070095  4.425386E-13
1246.93512762148  4.365606E-13
1248.38278454202  4.122118E-13
1249.83044146256  4.282424E-13
1251.27809838309  3.735200E-13
1252.72575530363  3.688573E-13
1254.17341222417  4.047784E-13
1255.62106914471  3.582229E-13
1257.06872606524  3.698610E-13
1258.51638298578  3.555423E-13
1259.96403990632  3.274762E-13
1261.41169682685  3.479109E-13
1262.85935374739  3.282646E-13
1264.30701066793  3.129559E-13
1265.75466758846  3.073777E-13
1267.202324509  3.070386E-13
1268.64998142954  3.034458E-13
1270.09763835007  3.009193E-13
1271.54529527061  2.907197E-13
1272.99295219115  2.753894E-13
1274.44060911168  2.684570E-13
1275.88826603222  2.765997E-13
1277.33592295276  2.750025E-13
1278.78357987329  2.829689E-13
1280.23123679383  2.861709E-13
1281.67889371437  2.965185E-13
1283.1265506349  2.644260E-13
1284.57420755544  2.410796E-13
1286.02186447598  2.830085E-13
1287.46952139651  2.762513E-13
1288.91717831705  2.475797E-13
1290.36483523759  2.478487E-13
1291.81249215812  2.567257E-13
1293.26014907866  2.818955E-13
1294.7078059992  2.970948E-13
1296.15546291974  2.689283E-13
1297.60311984027  2.793791E-13
1299.05077676081  2.693186E-13
1300.49843368135  2.691032E-13
1301.94609060188  2.941167E-13
1303.39374752242  2.934560E-13
1304.84140444296  2.898430E-13
1306.28906136349  3.141735E-13
1307.73671828403  2.839968E-13
1309.18437520457  2.740251E-13
1310.6320321251  2.585150E-13
1312.07968904564  2.752062E-13
1313.52734596618  2.720747E-13
1314.97500288671  2.672575E-13
1316.42265980725  2.735220E-13
1317.87031672779  2.744206E-13
1319.31797364832  2.569626E-13
1320.76563056886  2.401575E-13
1322.2132874894  2.402516E-13
1323.66094440993  2.261067E-13
1325.10860133047  2.589574E-13
1326.55625825101  2.583748E-13
1328.00391517154  2.496796E-13
1329.45157209208  2.486243E-13
1330.89922901262  2.468248E-13
1332.34688593315  2.492886E-13
1333.79454285369  2.788120E-13
1335.24219977423  2.698610E-13
1336.68985669477  2.580630E-13
1338.1375136153  2.422591E-13
1339.58517053584  2.318349E-13
1341.03282745638  2.203906E-13
1342.48048437691  2.485519E-13
1343.92814129745  2.747026E-13
1345.37579821799  2.644887E-13
1346.82345513852  2.883096E-13
1348.27111205906  2.442922E-13
1349.7187689796  2.455030E-13
1351.16642590013  2.681062E-13
1352.61408282067  2.720425E-13
1354.06173974121  2.503286E-13
1355.50939666174  2.554460E-13
1356.95705358228  2.801379E-13
1358.40471050282  2.561992E-13
1359.85236742335  2.732224E-13
1361.30002434389  2.840284E-13
1362.74768126443  2.937346E-13
1364.19533818496  2.744657E-13
1365.6429951055  2.383427E-13
1367.09065202604  2.454009E-13
1368.53830894657  2.770317E-13
1369.98596586711  3.127951E-13
1371.43362278765  2.571246E-13
1372.88127970819  2.289270E-13
1374.32893662872  2.562624E-13
1375.77659354926  2.577751E-13
1377.2242504698  2.745851E-13
1378.67190739033  2.689419E-13
1380.11956431087  2.451426E-13
1381.56722123141  2.691328E-13
1383.01487815194  2.381564E-13
1384.46253507248  2.403382E-13
1385.91019199302  2.713477E-13
1387.35784891355  2.723637E-13
1388.80550583409  2.816876E-13
1390.25316275463  2.805688E-13
1391.70081967516  2.745457E-13
1393.1484765957  2.809185E-13
1394.59613351624  3.186488E-13
1396.04379043677  3.447697E-13
1397.49144735731  3.303650E-13
1398.93910427785  2.927882E-13
1400.38676119838  3.092857E-13
1401.83441811892  3.203693E-13
1403.28207503946  2.729445E-13
1404.72973195999  2.654802E-13
1406.17738888053  2.792497E-13
1407.62504580107  2.468095E-13
1409.0727027216  2.727350E-13
1410.52035964214  2.763109E-13
1411.96801656268  2.452266E-13
1413.41567348322  2.798894E-13
1414.86333040375  2.499720E-13
1416.31098732429  2.440195E-13
1417.75864424483  2.566173E-13
1419.20630116536  2.729754E-13
1420.6539580859  3.072410E-13
1422.10161500644  2.599742E-13
1423.54927192697  2.393267E-13
1424.99692884751  2.561346E-13
1426.44458576805  2.506491E-13
1427.89224268858  2.835906E-13
1429.33989960912  2.521113E-13
1430.78755652966  2.489210E-13
1432.23521345019  2.334180E-13
1433.68287037073  2.591009E-13
1435.13052729127  2.773003E-13
1436.5781842118  2.474797E-13
1438.02584113234  2.574892E-13
1439.47349805288  2.635633E-13
1440.92115497341  2.584927E-13
1442.36881189395  2.541619E-13
1443.81646881449  2.317654E-13
1445.26412573502  2.237542E-13
1446.71178265556  2.253104E-13
1448.1594395761  2.192130E-13
1449.60709649664  1.985159E-13
1451.05475341717  1.869015E-13
1452.50241033771  2.386708E-13
1453.95006725825  2.222544E-13
1455.39772417878  2.146043E-13
1456.84538109932  2.123012E-13
1458.29303801986  2.198413E-13
1459.74069494039  2.257813E-13
1461.18835186093  2.343789E-13
1462.63600878147  2.342724E-13
1464.083665702  2.369643E-13
1465.53132262254  2.384986E-13
1466.97897954308  2.225072E-13
1468.42663646361  2.273575E-13
1469.87429338415  2.319340E-13
1471.32195030469  2.402297E-13
1472.76960722522  2.226267E-13
1474.21726414576  2.346790E-13
1475.6649210663  2.124681E-13
1477.11257798683  2.220831E-13
1478.56023490737  2.453374E-13
1480.00789182791  2.195403E-13
1481.45554874844  2.072426E-13
1482.90320566898  2.309040E-13
1484.35086258952  2.293964E-13
1485.79851951005  2.214576E-13
1487.24617643059  2.232165E-13
1488.69383335113  2.222923E-13
1490.14149027167  2.114212E-13
1491.5891471922  2.176859E-13
1493.03680411274  2.377561E-13
1494.48446103328  2.401177E-13
1495.93211795381  2.162376E-13
1497.37977487435  2.086292E-13
1498.82743179489  2.135748E-13
1500.27508871542  2.207536E-13
1501.72274563596  2.267982E-13
1503.1704025565  2.279263E-13
1504.61805947703  2.496817E-13
1506.06571639757  2.486606E-13
1507.51337331811  2.399100E-13
1508.96103023864  2.513852E-13
1510.40868715918  2.410408E-13
1511.85634407972  2.476490E-13
1513.30400100025  2.478469E-13
1514.75165792079  2.322104E-13
1516.19931484133  2.388084E-13
1517.64697176186  2.621932E-13
1519.0946286824  2.791416E-13
1520.54228560294  2.699675E-13
1521.98994252347  2.652963E-13
1523.43759944401  2.624427E-13
1524.88525636455  2.707112E-13
1526.33291328509  2.653265E-13
1527.78057020562  3.083273E-13
1529.22822712616  2.965495E-13
1530.6758840467  3.123148E-13
1532.12354096723  3.153404E-13
1533.57119788777  3.172627E-13
1535.01885480831  3.199758E-13
1536.46651172884  3.121033E-13
1537.91416864938  3.207415E-13
1539.36182556992  3.728759E-13
1540.80948249045  3.961795E-13
1542.25713941099  3.722379E-13
1543.70479633153  3.745121E-13
1545.15245325206  4.037525E-13
1546.6001101726  4.095535E-13
1548.04776709314  4.325613E-13
1549.49542401367  3.882461E-13
1550.94308093421  4.052932E-13
1552.39073785475  3.687405E-13
1553.83839477528  3.781587E-13
1555.28605169582  3.764588E-13
1556.73370861636  3.643391E-13
1558.18136553689  3.458697E-13
1559.62902245743  3.148842E-13
1561.07667937797  3.056588E-13
1562.5243362985  3.105236E-13
1563.97199321904  2.925669E-13
1565.41965013958  2.949756E-13
1566.86730706012  2.859481E-13
1568.31496398065  2.883148E-13
1569.76262090119  2.642244E-13
1571.21027782173  2.540120E-13
1572.65793474226  2.508927E-13
1574.1055916628  2.621466E-13
1575.55324858334  2.441024E-13
1577.00090550387  2.541670E-13
1578.44856242441  2.594931E-13
1579.89621934495  2.472845E-13
1581.34387626548  2.436740E-13
1582.79153318602  2.296064E-13
1584.23919010656  2.452470E-13
1585.68684702709  2.372842E-13
1587.13450394763  2.298767E-13
1588.58216086817  2.212707E-13
1590.0298177887  2.308862E-13
1591.47747470924  2.207073E-13
1592.92513162978  2.351936E-13
1594.37278855031  2.312820E-13
1595.82044547085  2.355597E-13
1597.26810239139  2.306363E-13
1598.71575931192  2.293381E-13
1600.16341623246  2.292864E-13
1601.611073153  2.367499E-13
1603.05873007354  2.512451E-13
1604.50638699407  2.386181E-13
1605.95404391461  2.220906E-13
1607.40170083515  2.311600E-13
1608.84935775568  2.382962E-13
1610.29701467622  2.334913E-13
1611.74467159676  2.183207E-13
1613.19232851729  2.137431E-13
1614.63998543783  2.355875E-13
1616.08764235837  2.403803E-13
1617.5352992789  2.499293E-13
1618.98295619944  2.485505E-13
1620.43061311998  2.296767E-13
1621.87827004051  2.423341E-13
1623.32592696105  2.560217E-13
1624.77358388159  2.575754E-13
1626.22124080212  2.525276E-13
1627.66889772266  2.495180E-13
1629.1165546432  2.597338E-13
1630.56421156373  2.651571E-13
1632.01186848427  2.530335E-13
1633.45952540481  2.460618E-13
1634.90718232534  2.454795E-13
1636.35483924588  2.371906E-13
1637.80249616642  2.285804E-13
1639.25015308695  2.336155E-13
1640.69781000749  2.353010E-13
1642.14546692803  2.244651E-13
1643.59312384857  2.311454E-13
1645.0407807691  2.309111E-13
1646.48843768964  2.287669E-13
1647.93609461018  2.244601E-13
1649.38375153071  2.208295E-13
1650.83140845125  2.276746E-13
1652.27906537179  2.278415E-13
1653.72672229232  2.319378E-13
1655.17437921286  2.278251E-13
1656.6220361334  2.241006E-13
1658.06969305393  2.385097E-13
1659.51734997447  2.421489E-13
1660.96500689501  2.322748E-13
1662.41266381554  2.270776E-13
1663.86032073608  2.127986E-13
1665.30797765662  2.096820E-13
1666.75563457715  2.035124E-13
1668.20329149769  1.944903E-13
1669.65094841823  1.970267E-13
1671.09860533876  1.998295E-13
1672.5462622593  2.011460E-13
1673.99391917984  2.093058E-13
1675.44157610038  2.106075E-13
1676.88923302091  2.124520E-13
1678.33688994145  2.087477E-13
1679.78454686199  2.045441E-13
1681.23220378252  2.016972E-13
1682.67986070306  1.885591E-13
1684.1275176236  1.894108E-13
1685.57517454413  1.866948E-13
1687.02283146467  1.915352E-13
1688.47048838521  2.022249E-13
1689.91814530574  2.066944E-13
1691.36580222628  2.130513E-13
1692.81345914682  2.082426E-13
1694.26111606735  2.021997E-13
1695.70877298789  2.032380E-13
1697.15642990843  2.100441E-13
1698.60408682896  2.124620E-13
1700.0517437495  1.990299E-13
1701.49940067004  1.938958E-13
1702.94705759057  2.001150E-13
1704.39471451111  1.927150E-13
1705.84237143165  1.865090E-13
1707.29002835218  1.853390E-13
1708.73768527272  1.914748E-13
1710.18534219326  0.
1711.63299911379  0.
1713.08065603433  0.
1714.52831295487  0.
1715.97596987541  0.
1717.42362679594  0.
1718.87128371648  0.
1720.31894063702  0.
1721.76659755755  0.
1723.21425447809  0.
1724.66191139863  0.
1726.10956831916  0.
1727.5572252397  0.
1729.00488216024  0.
1730.45253908077  0.
1731.90019600131  0.
1733.34785292185  0.
1734.79550984238  0.
1736.24316676292  0.
1737.69082368346  0.
1739.13848060399  0.
1740.58613752453  0.
1742.03379444507  0.
1743.4814513656  0.
1744.92910828614  0.
1746.37676520668  0.
1747.82442212721  0.
1749.27207904775  0.
1750.71973596829  0.
1752.16739288882  0.
1753.61504980936  0.
1755.0627067299  0.
1756.51036365043  0.
1757.95802057097  0.
1759.40567749151  0.
1760.85333441205  0.
1762.30099133258  0.
1763.74864825312  0.
1765.19630517366  0.
1766.64396209419  0.
1768.09161901473  0.
1769.53927593527  0.
1770.9869328558  0.
1772.43458977634  0.
1773.88224669688  0.
1775.32990361741  0.
1776.77756053795  0.
1778.22521745849  0.
1779.67287437902  0.
1781.12053129956  0.
1782.5681882201  0.
1784.01584514063  0.
1785.46350206117  0.
1786.91115898171  0.
1788.35881590224  0.
1789.80647282278  0.
1791.25412974332  0.
1792.70178666385  0.
1794.14944358439  0.
1795.59710050493  0.
1797.04475742547  0.
1798.492414346  0.
1799.94007126654  0.
1801.38772818708  0.
1802.83538510761  0.
1804.28304202815  0.
1805.73069894869  0.
1807.17835586922  0.
1808.62601278976  0.
1810.0736697103  0.
1811.52132663083  0.
1812.96898355137  0.
1814.41664047191  0.
1815.86429739244  0.
1817.31195431298  0.
1818.75961123352  0.
1820.20726815405  0.
1821.65492507459  0.
1823.10258199513  0.
1824.55023891566  0.
1825.9978958362  0.
1827.44555275674  0.
1828.89320967727  0.
1830.34086659781  0.
1831.78852351835  0.
