906.735751295338  0.
908.183408215875  0.
909.631065136412  0.
911.078722056949  0.
912.526378977485  0.
913.974035898022  0.
915.421692818559  0.
916.869349739096  0.
918.317006659633  0.
919.764663580169  0.
921.212320500706  0.
922.659977421243  0.
924.10763434178  0.
925.555291262316  0.
927.002948182853  0.
928.45060510339  0.
929.898262023927  0.
931.345918944464  0.
932.793575865  0.
934.241232785537  0.
935.688889706074  0.
937.136546626611  0.
938.584203547148  0.
940.031860467684  0.
941.479517388221  0.
942.927174308758  0.
944.374831229295  0.
945.822488149832  0.
947.270145070369  0.
948.717801990905  0.
950.165458911442  0.
951.613115831979  0.
953.060772752515  0.
954.508429673052  0.
955.956086593589  0.
957.403743514126  0.
958.851400434663  0.
960.2990573552  0.
961.746714275736  0.
963.194371196273  0.
964.64202811681  0.
966.089685037347  0.
967.537341957883  0.
968.98499887842  0.
970.432655798957  0.
971.880312719494  0.
973.327969640031  0.
974.775626560567  0.
976.223283481104  0.
977.670940401641  0.
979.118597322178  0.
980.566254242715  0.
982.013911163251  0.
983.461568083788  0.
984.909225004325  0.
986.356881924862  0.
987.804538845399  0.
989.252195765935  0.
990.699852686472  0.
992.147509607009  0.
993.595166527546  3.745896E-13
995.042823448082  5.642700E-13
996.490480368619  5.377689E-13
997.938137289156  3.468040E-13
999.385794209693  4.555016E-13
1000.83345113023  4.519093E-13
1002.28110805077  4.997842E-13
1003.7287649713  4.210905E-13
1005.17642189184  4.300580E-13
1006.62407881238  4.540850E-13
1008.07173573291  3.821438E-13
1009.51939265345  4.449556E-13
1010.96704957399  3.883598E-13
1012.41470649452  3.978075E-13
1013.86236341506  3.809297E-13
1015.3100203356  4.295920E-13
1016.75767725613  3.499647E-13
1018.20533417667  4.337373E-13
1019.65299109721  4.447102E-13
1021.10064801775  4.483058E-13
1022.54830493828  4.495017E-13
1023.99596185882  4.303343E-13
1025.44361877936  4.938847E-13
1026.89127569989  4.361588E-13
1028.33893262043  4.539292E-13
1029.78658954097  4.743294E-13
1031.2342464615  4.941513E-13
1032.68190338204  4.966728E-13
1034.12956030258  5.003466E-13
1035.57721722311  4.806509E-13
1037.02487414365  4.389216E-13
1038.47253106419  4.780261E-13
1039.92018798472  4.288186E-13
1041.36784490526  3.820403E-13
1042.8155018258  4.160413E-13
1044.26315874633  3.920766E-13
1045.71081566687  5.559853E-13
1047.15847258741  5.299464E-13
1048.60612950794  4.765653E-13
1050.05378642848  3.507256E-13
1051.50144334902  3.393093E-13
1052.94910026955  3.242503E-13
1054.39675719009  3.240827E-13
1055.84441411063  2.914254E-13
1057.29207103116  3.155985E-13
1058.7397279517  3.143131E-13
1060.18738487224  3.476101E-13
1061.63504179277  3.712246E-13
1063.08269871331  3.316643E-13
1064.53035563385  3.919130E-13
1065.97801255439  3.971123E-13
1067.42566947492  3.685510E-13
1068.87332639546  3.491594E-13
1070.320983316  3.722545E-13
1071.76864023653  3.429406E-13
1073.21629715707  3.496990E-13
1074.66395407761  3.458035E-13
1076.11161099814  3.670986E-13
1077.55926791868  3.892482E-13
1079.00692483922  3.442887E-13
1080.45458175975  3.352026E-13
1081.90223868029  3.180104E-13
1083.34989560083  3.362627E-13
1084.79755252136  3.137725E-13
1086.2452094419  2.955456E-13
1087.69286636244  2.921543E-13
1089.14052328297  2.735844E-13
1090.58818020351  2.790329E-13
1092.03583712405  3.248584E-13
1093.48349404458  3.191570E-13
1094.93115096512  3.223419E-13
1096.37880788566  3.212264E-13
1097.82646480619  3.284990E-13
1099.27412172673  3.010667E-13
1100.72177864727  3.013314E-13
1102.1694355678  2.991315E-13
1103.61709248834  3.281553E-13
1105.06474940888  3.063711E-13
1106.51240632942  2.991277E-13
1107.96006324995  3.282287E-13
1109.40772017049  3.237914E-13
1110.85537709103  3.421527E-13
1112.30303401156  3.324231E-13
1113.7506909321  3.272433E-13
1115.19834785264  3.382880E-13
1116.64600477317  3.451531E-13
1118.09366169371  3.071528E-13
1119.54131861425  3.188577E-13
1120.98897553478  2.960324E-13
1122.43663245532  3.101872E-13
1123.88428937586  3.353677E-13
1125.33194629639  2.779599E-13
1126.77960321693  2.612533E-13
1128.22726013747  2.994385E-13
1129.674917058  2.936553E-13
1131.12257397854  3.355390E-13
1132.57023089908  3.147948E-13
1134.01788781961  3.054142E-13
1135.46554474015  2.891899E-13
1136.91320166069  3.049094E-13
1138.36085858122  3.098744E-13
1139.80851550176  3.412500E-13
1141.2561724223  2.814561E-13
1142.70382934284  3.008981E-13
1144.15148626337  3.010098E-13
1145.59914318391  3.001824E-13
1147.04680010445  3.224682E-13
1148.49445702498  3.045795E-13
1149.94211394552  3.326795E-13
1151.38977086606  3.164487E-13
1152.83742778659  2.767540E-13
1154.28508470713  2.864100E-13
1155.73274162767  2.928858E-13
1157.1803985482  2.993148E-13
1158.62805546874  2.993555E-13
1160.07571238928  3.248739E-13
1161.52336930981  3.111912E-13
1162.97102623035  3.073101E-13
1164.41868315089  2.987324E-13
1165.86634007142  3.414990E-13
1167.31399699196  3.683484E-13
1168.7616539125  3.434790E-13
1170.20931083303  3.969264E-13
1171.65696775357  3.698354E-13
1173.10462467411  3.795216E-13
1174.55228159464  3.692520E-13
1175.99993851518  3.669361E-13
1177.44759543572  3.488097E-13
1178.89525235625  3.489192E-13
1180.34290927679  3.561312E-13
1181.79056619733  3.636882E-13
1183.23822311787  3.524330E-13
1184.6858800384  3.918892E-13
1186.13353695894  4.073012E-13
1187.58119387948  3.962716E-13
1189.02885080001  4.149627E-13
1190.47650772055  3.990305E-13
1191.92416464109  4.197493E-13
1193.37182156162  4.600320E-13
1194.81947848216  4.725528E-13
1196.2671354027  5.018328E-13
1197.71479232323  5.049461E-13
1199.16244924377  4.479067E-13
1200.61010616431  5.212062E-13
1202.05776308484  5.674013E-13
1203.50542000538  5.117412E-13
1204.95307692592  5.467866E-13
1206.40073384645  8.018718E-13
1207.84839076699  7.392165E-13
1209.29604768753  8.254290E-13
1210.74370460806  8.398424E-13
1212.1913615286  8.402904E-13
1213.63901844914  1.136991E-12
1215.08667536967  1.116387E-12
1216.53433229021  1.097715E-12
1217.98198921075  7.907078E-13
1219.42964613129  7.717841E-13
1220.87730305182  8.684917E-13
1222.32495997236  7.280625E-13
1223.7726168929  6.510463E-13
1225.22027381343  5.718128E-13
1226.66793073397  5.516964E-13
1228.11558765451  5.466005E-13
1229.56324457504  5.270956E-13
1231.01090149558  5.231272E-13
1232.45855841612  5.154671E-13
1233.90621533665  5.045757E-13
1235.35387225719  5.261049E-13
1236.80152917773  4.963829E-13
1238.24918609826  4.571475E-13
1239.6968430188  5.794685E-13
1241.14449993934  5.511214E-13
1242.59215685987  4.778346E-13
1244.03981378041  4.433796E-13
1245.48747070095  4.670689E-13
1246.93512762148  4.463922E-13
1248.38278454202  3.838914E-13
1249.83044146256  3.878229E-13
1251.27809838309  3.846636E-13
1252.72575530363  3.663422E-13
1254.17341222417  3.534669E-13
1255.62106914471  3.345776E-13
1257.06872606524  3.188497E-13
1258.51638298578  3.565776E-13
1259.96403990632  3.536708E-13
1261.41169682685  3.350996E-13
1262.85935374739  3.458911E-13
1264.30701066793  3.270936E-13
1265.75466758846  3.285455E-13
1267.202324509  3.384797E-13
1268.64998142954  3.024117E-13
1270.09763835007  2.999196E-13
1271.54529527061  3.237679E-13
1272.99295219115  2.874602E-13
1274.44060911168  2.953257E-13
1275.88826603222  3.120121E-13
1277.33592295276  2.961101E-13
1278.78357987329  3.086069E-13
1280.23123679383  2.829271E-13
1281.67889371437  2.931728E-13
1283.1265506349  2.680516E-13
1284.57420755544  2.882621E-13
1286.02186447598  2.819255E-13
1287.46952139651  2.626066E-13
1288.91717831705  2.745435E-13
1290.36483523759  2.880666E-13
1291.81249215812  2.898889E-13
1293.26014907866  2.763039E-13
1294.7078059992  2.941909E-13
1296.15546291974  2.828473E-13
1297.60311984027  2.557819E-13
1299.05077676081  2.957694E-13
1300.49843368135  3.043676E-13
1301.94609060188  3.079441E-13
1303.39374752242  2.941218E-13
1304.84140444296  2.784714E-13
1306.28906136349  2.735491E-13
1307.73671828403  2.498955E-13
1309.18437520457  2.962663E-13
1310.6320321251  2.783687E-13
1312.07968904564  2.719972E-13
1313.52734596618  2.496190E-13
1314.97500288671  2.734289E-13
1316.42265980725  2.547994E-13
1317.87031672779  2.636337E-13
1319.31797364832  2.457420E-13
1320.76563056886  2.376121E-13
1322.2132874894  2.485742E-13
1323.66094440993  2.512623E-13
1325.10860133047  2.737868E-13
1326.55625825101  2.903610E-13
1328.00391517154  2.876838E-13
1329.45157209208  2.788479E-13
1330.89922901262  2.590864E-13
1332.34688593315  2.766928E-13
1333.79454285369  2.896293E-13
1335.24219977423  2.907483E-13
1336.68985669477  2.516010E-13
1338.1375136153  2.333771E-13
1339.58517053584  2.487048E-13
1341.03282745638  2.516003E-13
1342.48048437691  2.576752E-13
1343.92814129745  2.713420E-13
1345.37579821799  2.734202E-13
1346.82345513852  2.484796E-13
1348.27111205906  2.754132E-13
1349.7187689796  2.578671E-13
1351.16642590013  2.563241E-13
1352.61408282067  2.671786E-13
1354.06173974121  2.622426E-13
1355.50939666174  2.638648E-13
1356.95705358228  2.763179E-13
1358.40471050282  2.632298E-13
1359.85236742335  2.598037E-13
1361.30002434389  2.701653E-13
1362.74768126443  2.730366E-13
1364.19533818496  2.873378E-13
1365.6429951055  2.559344E-13
1367.09065202604  2.618164E-13
1368.53830894657  2.672906E-13
1369.98596586711  2.783487E-13
1371.43362278765  2.752730E-13
1372.88127970819  2.554564E-13
1374.32893662872  2.657203E-13
1375.77659354926  2.706279E-13
1377.2242504698  2.618368E-13
1378.67190739033  2.715799E-13
1380.11956431087  2.713814E-13
1381.56722123141  2.679328E-13
1383.01487815194  2.653251E-13
1384.46253507248  2.662732E-13
1385.91019199302  2.883437E-13
1387.35784891355  2.890736E-13
1388.80550583409  2.947614E-13
1390.25316275463  2.724914E-13
1391.70081967516  2.677122E-13
1393.1484765957  2.836330E-13
1394.59613351624  3.142599E-13
1396.04379043677  3.189889E-13
1397.49144735731  3.001339E-13
1398.93910427785  3.137431E-13
1400.38676119838  3.142102E-13
1401.83441811892  2.941823E-13
1403.28207503946  2.657884E-13
1404.72973195999  2.619762E-13
1406.17738888053  2.909125E-13
1407.62504580107  2.802227E-13
1409.0727027216  2.848730E-13
1410.52035964214  2.936596E-13
1411.96801656268  2.753283E-13
1413.41567348322  2.871363E-13
1414.86333040375  2.624314E-13
1416.31098732429  2.575220E-13
1417.75864424483  2.478562E-13
1419.20630116536  2.518091E-13
1420.6539580859  2.753897E-13
1422.10161500644  2.461787E-13
1423.54927192697  2.587447E-13
1424.99692884751  2.355943E-13
1426.44458576805  2.355836E-13
1427.89224268858  2.412068E-13
1429.33989960912  2.635591E-13
1430.78755652966  2.575247E-13
1432.23521345019  2.478229E-13
1433.68287037073  2.520755E-13
1435.13052729127  2.227781E-13
1436.5781842118  2.280240E-13
1438.02584113234  2.233213E-13
1439.47349805288  2.571568E-13
1440.92115497341  2.537981E-13
1442.36881189395  2.155092E-13
1443.81646881449  2.043006E-13
1445.26412573502  2.171024E-13
1446.71178265556  2.318733E-13
1448.1594395761  2.355444E-13
1449.60709649664  2.207965E-13
1451.05475341717  2.249932E-13
1452.50241033771  2.301339E-13
1453.95006725825  2.305465E-13
1455.39772417878  2.079575E-13
1456.84538109932  2.456390E-13
1458.29303801986  2.520311E-13
1459.74069494039  2.342480E-13
1461.18835186093  2.454523E-13
1462.63600878147  2.284297E-13
1464.083665702  2.340915E-13
1465.53132262254  2.383049E-13
1466.97897954308  2.581668E-13
1468.42663646361  2.556702E-13
1469.87429338415  2.314004E-13
1471.32195030469  2.141994E-13
1472.76960722522  2.241243E-13
1474.21726414576  2.264335E-13
1475.6649210663  2.336212E-13
1477.11257798683  2.368464E-13
1478.56023490737  2.216588E-13
1480.00789182791  2.108262E-13
1481.45554874844  2.333526E-13
1482.90320566898  2.374201E-13
1484.35086258952  2.485474E-13
1485.79851951005  2.448443E-13
1487.24617643059  2.459745E-13
1488.69383335113  2.440314E-13
1490.14149027167  2.284119E-13
1491.5891471922  2.222914E-13
1493.03680411274  2.230690E-13
1494.48446103328  2.385350E-13
1495.93211795381  2.383984E-13
1497.37977487435  2.322705E-13
1498.82743179489  2.316431E-13
1500.27508871542  2.487292E-13
1501.72274563596  2.494850E-13
1503.1704025565  2.250222E-13
1504.61805947703  2.170251E-13
1506.06571639757  2.319638E-13
1507.51337331811  2.429897E-13
1508.96103023864  2.415306E-13
1510.40868715918  2.530367E-13
1511.85634407972  2.688490E-13
1513.30400100025  2.449199E-13
1514.75165792079  2.447020E-13
1516.19931484133  2.547653E-13
1517.64697176186  2.661272E-13
1519.0946286824  2.639461E-13
1520.54228560294  2.632857E-13
1521.98994252347  2.830817E-13
1523.43759944401  2.653974E-13
1524.88525636455  2.880853E-13
1526.33291328509  2.810833E-13
1527.78057020562  3.150338E-13
1529.22822712616  2.957551E-13
1530.6758840467  2.964985E-13
1532.12354096723  2.965134E-13
1533.57119788777  3.257600E-13
1535.01885480831  3.339763E-13
1536.46651172884  3.510010E-13
1537.91416864938  3.623145E-13
1539.36182556992  3.816513E-13
1540.80948249045  4.185658E-13
1542.25713941099  4.160016E-13
1543.70479633153  4.527376E-13
1545.15245325206  4.699204E-13
1546.6001101726  4.753538E-13
1548.04776709314  5.296705E-13
1549.49542401367  4.854238E-13
1550.94308093421  4.688698E-13
1552.39073785475  4.186103E-13
1553.83839477528  3.955545E-13
1555.28605169582  3.799695E-13
1556.73370861636  3.664747E-13
1558.18136553689  3.329882E-13
1559.62902245743  3.110761E-13
1561.07667937797  2.838275E-13
1562.5243362985  2.854240E-13
1563.97199321904  2.930683E-13
1565.41965013958  2.907677E-13
1566.86730706012  2.749803E-13
1568.31496398065  2.720180E-13
1569.76262090119  2.650327E-13
1571.21027782173  2.576250E-13
1572.65793474226  2.814201E-13
1574.1055916628  2.825833E-13
1575.55324858334  2.641364E-13
1577.00090550387  2.798190E-13
1578.44856242441  2.677350E-13
1579.89621934495  2.533933E-13
1581.34387626548  2.349113E-13
1582.79153318602  2.245739E-13
1584.23919010656  2.332716E-13
1585.68684702709  2.147829E-13
1587.13450394763  2.337079E-13
1588.58216086817  2.325591E-13
1590.0298177887  2.545999E-13
1591.47747470924  2.548304E-13
1592.92513162978  2.479753E-13
1594.37278855031  2.303437E-13
1595.82044547085  2.201861E-13
1597.26810239139  2.074282E-13
1598.71575931192  2.147381E-13
1600.16341623246  2.139419E-13
1601.611073153  2.245947E-13
1603.05873007354  2.229751E-13
1604.50638699407  2.136123E-13
1605.95404391461  2.339493E-13
1607.40170083515  2.343274E-13
1608.84935775568  2.328375E-13
1610.29701467622  2.382564E-13
1611.74467159676  2.319480E-13
1613.19232851729  2.253292E-13
1614.63998543783  2.196830E-13
1616.08764235837  2.233083E-13
1617.5352992789  2.379546E-13
1618.98295619944  2.277196E-13
1620.43061311998  2.238357E-13
1621.87827004051  2.350333E-13
1623.32592696105  2.330907E-13
1624.77358388159  2.466372E-13
1626.22124080212  2.438937E-13
1627.66889772266  2.380158E-13
1629.1165546432  2.350695E-13
1630.56421156373  2.326063E-13
1632.01186848427  2.355532E-13
1633.45952540481  2.374118E-13
1634.90718232534  2.334904E-13
1636.35483924588  2.308771E-13
1637.80249616642  2.280659E-13
1639.25015308695  2.277831E-13
1640.69781000749  2.251776E-13
1642.14546692803  2.182796E-13
1643.59312384857  2.138911E-13
1645.0407807691  2.126900E-13
1646.48843768964  2.164971E-13
1647.93609461018  2.098527E-13
1649.38375153071  2.150964E-13
1650.83140845125  2.212115E-13
1652.27906537179  2.257504E-13
1653.72672229232  2.257127E-13
1655.17437921286  2.277673E-13
1656.6220361334  2.292779E-13
1658.06969305393  2.281538E-13
1659.51734997447  2.243837E-13
1660.96500689501  2.204064E-13
1662.41266381554  2.194383E-13
1663.86032073608  2.156710E-13
1665.30797765662  2.244763E-13
1666.75563457715  2.187398E-13
1668.20329149769  2.148642E-13
1669.65094841823  2.165143E-13
1671.09860533876  2.141570E-13
1672.5462622593  2.133650E-13
1673.99391917984  2.145735E-13
1675.44157610038  2.109044E-13
1676.88923302091  2.193344E-13
1678.33688994145  2.126298E-13
1679.78454686199  2.147646E-13
1681.23220378252  2.096057E-13
1682.67986070306  1.968711E-13
1684.1275176236  2.072005E-13
1685.57517454413  2.053604E-13
1687.02283146467  2.064612E-13
1688.47048838521  2.115692E-13
1689.91814530574  2.016064E-13
1691.36580222628  1.999479E-13
1692.81345914682  1.982393E-13
1694.26111606735  1.926703E-13
1695.70877298789  1.946303E-13
1697.15642990843  2.018839E-13
1698.60408682896  1.983904E-13
1700.0517437495  2.009102E-13
1701.49940067004  1.959752E-13
1702.94705759057  1.987881E-13
1704.39471451111  2.027429E-13
1705.84237143165  1.921471E-13
1707.29002835218  1.967647E-13
1708.73768527272  1.961258E-13
1710.18534219326  0.
1711.63299911379  0.
1713.08065603433  0.
1714.52831295487  0.
1715.97596987541  0.
1717.42362679594  0.
1718.87128371648  0.
1720.31894063702  0.
1721.76659755755  0.
1723.21425447809  0.
1724.66191139863  0.
1726.10956831916  0.
1727.5572252397  0.
1729.00488216024  0.
1730.45253908077  0.
1731.90019600131  0.
1733.34785292185  0.
1734.79550984238  0.
1736.24316676292  0.
1737.69082368346  0.
1739.13848060399  0.
1740.58613752453  0.
1742.03379444507  0.
1743.4814513656  0.
1744.92910828614  0.
1746.37676520668  0.
1747.82442212721  0.
1749.27207904775  0.
1750.71973596829  0.
1752.16739288882  0.
1753.61504980936  0.
1755.0627067299  0.
1756.51036365043  0.
1757.95802057097  0.
1759.40567749151  0.
1760.85333441205  0.
1762.30099133258  0.
1763.74864825312  0.
1765.19630517366  0.
1766.64396209419  0.
1768.09161901473  0.
1769.53927593527  0.
1770.9869328558  0.
1772.43458977634  0.
1773.88224669688  0.
1775.32990361741  0.
1776.77756053795  0.
1778.22521745849  0.
1779.67287437902  0.
1781.12053129956  0.
1782.5681882201  0.
1784.01584514063  0.
1785.46350206117  0.
1786.91115898171  0.
1788.35881590224  0.
1789.80647282278  0.
1791.25412974332  0.
1792.70178666385  0.
1794.14944358439  0.
1795.59710050493  0.
1797.04475742547  0.
1798.492414346  0.
1799.94007126654  0.
1801.38772818708  0.
1802.83538510761  0.
1804.28304202815  0.
1805.73069894869  0.
1807.17835586922  0.
1808.62601278976  0.
1810.0736697103  0.
1811.52132663083  0.
1812.96898355137  0.
1814.41664047191  0.
1815.86429739244  0.
1817.31195431298  0.
1818.75961123352  0.
1820.20726815405  0.
1821.65492507459  0.
1823.10258199513  0.
1824.55023891566  0.
1825.9978958362  0.
1827.44555275674  0.
1828.89320967727  0.
1830.34086659781  0.
1831.78852351835  0.
