906.735751295338  0.
908.183408215875  0.
909.631065136412  0.
911.078722056949  0.
912.526378977485  0.
913.974035898022  0.
915.421692818559  0.
916.869349739096  0.
918.317006659633  0.
919.764663580169  0.
921.212320500706  0.
922.659977421243  0.
924.10763434178  0.
925.555291262316  0.
927.002948182853  0.
928.45060510339  0.
929.898262023927  0.
931.345918944464  0.
932.793575865  0.
934.241232785537  0.
935.688889706074  0.
937.136546626611  0.
938.584203547148  0.
940.031860467684  0.
941.479517388221  0.
942.927174308758  0.
944.374831229295  0.
945.822488149832  0.
947.270145070369  0.
948.717801990905  0.
950.165458911442  0.
951.613115831979  0.
953.060772752515  0.
954.508429673052  0.
955.956086593589  0.
957.403743514126  0.
958.851400434663  0.
960.2990573552  0.
961.746714275736  0.
963.194371196273  0.
964.64202811681  0.
966.089685037347  0.
967.537341957883  0.
968.98499887842  0.
970.432655798957  0.
971.880312719494  0.
973.327969640031  0.
974.775626560567  0.
976.223283481104  0.
977.670940401641  0.
979.118597322178  0.
980.566254242715  0.
982.013911163251  0.
983.461568083788  0.
984.909225004325  0.
986.356881924862  0.
987.804538845399  0.
989.252195765935  0.
990.699852686472  0.
992.147509607009  0.
993.595166527546  3.678266E-13
995.042823448082  3.302933E-13
996.490480368619  3.574855E-13
997.938137289156  5.777408E-13
999.385794209693  5.282024E-13
1000.83345113023  4.709938E-13
1002.28110805077  5.306201E-13
1003.7287649713  4.693151E-13
1005.17642189184  5.381352E-13
1006.62407881238  5.749503E-13
1008.07173573291  5.248098E-13
1009.51939265345  4.825544E-13
1010.96704957399  4.328941E-13
1012.41470649452  4.066527E-13
1013.86236341506  4.218840E-13
1015.3100203356  5.886053E-13
1016.75767725613  5.317941E-13
1018.20533417667  5.475480E-13
1019.65299109721  4.985529E-13
1021.10064801775  4.944521E-13
1022.54830493828  5.407920E-13
1023.99596185882  4.887229E-13
1025.44361877936  5.396781E-13
1026.89127569989  4.590434E-13
1028.33893262043  4.465992E-13
1029.78658954097  4.729103E-13
1031.2342464615  5.594219E-13
1032.68190338204  4.686518E-13
1034.12956030258  4.331699E-13
1035.57721722311  4.581161E-13
1037.02487414365  3.983903E-13
1038.47253106419  4.343754E-13
1039.92018798472  4.227854E-13
1041.36784490526  3.861997E-13
1042.8155018258  3.665840E-13
1044.26315874633  3.914207E-13
1045.71081566687  4.456632E-13
1047.15847258741  4.247638E-13
1048.60612950794  4.655809E-13
1050.05378642848  4.648837E-13
1051.50144334902  5.590454E-13
1052.94910026955  4.824121E-13
1054.39675719009  4.541276E-13
1055.84441411063  3.982923E-13
1057.29207103116  3.584047E-13
1058.7397279517  3.565244E-13
1060.18738487224  3.495100E-13
1061.63504179277  3.498912E-13
1063.08269871331  3.407025E-13
1064.53035563385  3.613070E-13
1065.97801255439  3.369536E-13
1067.42566947492  3.622440E-13
1068.87332639546  3.161779E-13
1070.320983316  3.707962E-13
1071.76864023653  3.432088E-13
1073.21629715707  3.541386E-13
1074.66395407761  3.532655E-13
1076.11161099814  3.409928E-13
1077.55926791868  3.610424E-13
1079.00692483922  3.469587E-13
1080.45458175975  3.268307E-13
1081.90223868029  3.078822E-13
1083.34989560083  2.993251E-13
1084.79755252136  2.918150E-13
1086.2452094419  2.905092E-13
1087.69286636244  2.563765E-13
1089.14052328297  2.895689E-13
1090.58818020351  3.203225E-13
1092.03583712405  3.382616E-13
1093.48349404458  3.123640E-13
1094.93115096512  2.997015E-13
1096.37880788566  2.998578E-13
1097.82646480619  3.074170E-13
1099.27412172673  2.865471E-13
1100.72177864727  2.930001E-13
1102.1694355678  3.227928E-13
1103.61709248834  2.922557E-13
1105.06474940888  3.114035E-13
1106.51240632942  2.902656E-13
1107.96006324995  3.054449E-13
1109.40772017049  2.953260E-13
1110.85537709103  3.412617E-13
1112.30303401156  3.121547E-13
1113.7506909321  3.114697E-13
1115.19834785264  3.025263E-13
1116.64600477317  3.171716E-13
1118.09366169371  3.286110E-13
1119.54131861425  2.803950E-13
1120.98897553478  2.745259E-13
1122.43663245532  2.702103E-13
1123.88428937586  2.636595E-13
1125.33194629639  2.623358E-13
1126.77960321693  3.003984E-13
1128.22726013747  3.037378E-13
1129.674917058  3.070201E-13
1131.12257397854  2.977954E-13
1132.57023089908  2.828812E-13
1134.01788781961  3.231521E-13
1135.46554474015  2.994289E-13
1136.91320166069  2.707668E-13
1138.36085858122  2.770696E-13
1139.80851550176  2.828962E-13
1141.2561724223  2.627970E-13
1142.70382934284  2.707766E-13
1144.15148626337  2.744835E-13
1145.59914318391  2.905732E-13
1147.04680010445  2.843320E-13
1148.49445702498  2.802646E-13
1149.94211394552  2.491349E-13
1151.38977086606  2.579235E-13
1152.83742778659  2.718815E-13
1154.28508470713  2.770870E-13
1155.73274162767  2.778506E-13
1157.1803985482  3.007058E-13
1158.62805546874  3.134969E-13
1160.07571238928  2.961946E-13
1161.52336930981  3.036838E-13
1162.97102623035  3.025469E-13
1164.41868315089  3.156409E-13
1165.86634007142  2.954114E-13
1167.31399699196  3.117159E-13
1168.7616539125  3.108731E-13
1170.20931083303  3.287613E-13
1171.65696775357  3.279931E-13
1173.10462467411  3.035510E-13
1174.55228159464  3.240240E-13
1175.99993851518  3.529691E-13
1177.44759543572  3.668935E-13
1178.89525235625  3.484299E-13
1180.34290927679  3.430870E-13
1181.79056619733  3.106026E-13
1183.23822311787  3.675372E-13
1184.6858800384  3.532597E-13
1186.13353695894  3.581010E-13
1187.58119387948  3.653633E-13
1189.02885080001  4.071567E-13
1190.47650772055  3.833683E-13
1191.92416464109  4.306259E-13
1193.37182156162  4.260801E-13
1194.81947848216  4.329924E-13
1196.2671354027  4.958708E-13
1197.71479232323  5.004550E-13
1199.16244924377  4.672126E-13
1200.61010616431  5.415608E-13
1202.05776308484  5.675521E-13
1203.50542000538  5.623097E-13
1204.95307692592  6.245304E-13
1206.40073384645  6.570430E-13
1207.84839076699  7.546061E-13
1209.29604768753  7.212326E-13
1210.74370460806  1.113452E-12
1212.1913615286  9.531980E-13
1213.63901844914  1.000594E-12
1215.08667536967  8.736470E-13
1216.53433229021  1.087826E-12
1217.98198921075  9.098008E-13
1219.42964613129  6.984712E-13
1220.87730305182  6.172985E-13
1222.32495997236  6.653273E-13
1223.7726168929  5.524252E-13
1225.22027381343  5.073757E-13
1226.66793073397  5.681565E-13
1228.11558765451  5.004180E-13
1229.56324457504  4.725128E-13
1231.01090149558  4.865524E-13
1232.45855841612  4.326772E-13
1233.90621533665  4.492688E-13
1235.35387225719  4.880544E-13
1236.80152917773  4.935575E-13
1238.24918609826  4.654117E-13
1239.6968430188  4.562140E-13
1241.14449993934  4.862062E-13
1242.59215685987  4.657289E-13
1244.03981378041  4.241336E-13
1245.48747070095  4.357513E-13
1246.93512762148  3.790415E-13
1248.38278454202  3.671395E-13
1249.83044146256  3.385335E-13
1251.27809838309  3.358801E-13
1252.72575530363  3.367148E-13
1254.17341222417  3.436554E-13
1255.62106914471  3.194820E-13
1257.06872606524  3.483958E-13
1258.51638298578  3.356973E-13
1259.96403990632  3.173073E-13
1261.41169682685  3.127296E-13
1262.85935374739  3.342268E-13
1264.30701066793  2.747063E-13
1265.75466758846  3.276817E-13
1267.202324509  3.226601E-13
1268.64998142954  3.073263E-13
1270.09763835007  2.797835E-13
1271.54529527061  2.597097E-13
1272.99295219115  2.753978E-13
1274.44060911168  2.893879E-13
1275.88826603222  2.961161E-13
1277.33592295276  2.667536E-13
1278.78357987329  2.933002E-13
1280.23123679383  2.859582E-13
1281.67889371437  2.445264E-13
1283.1265506349  2.590454E-13
1284.57420755544  2.412788E-13
1286.02186447598  2.709262E-13
1287.46952139651  2.576729E-13
1288.91717831705  2.780330E-13
1290.36483523759  2.727413E-13
1291.81249215812  2.808110E-13
1293.26014907866  2.881964E-13
1294.7078059992  2.789288E-13
1296.15546291974  2.815737E-13
1297.60311984027  2.516119E-13
1299.05077676081  2.645265E-13
1300.49843368135  2.551942E-13
1301.94609060188  2.830799E-13
1303.39374752242  2.900496E-13
1304.84140444296  2.850587E-13
1306.28906136349  2.865388E-13
1307.73671828403  2.814872E-13
1309.18437520457  2.522501E-13
1310.6320321251  2.397388E-13
1312.07968904564  2.698221E-13
1313.52734596618  2.523090E-13
1314.97500288671  2.600675E-13
1316.42265980725  2.254085E-13
1317.87031672779  2.310986E-13
1319.31797364832  2.590109E-13
1320.76563056886  2.482394E-13
1322.2132874894  2.533018E-13
1323.66094440993  2.560494E-13
1325.10860133047  2.371563E-13
1326.55625825101  2.538337E-13
1328.00391517154  2.480292E-13
1329.45157209208  2.583503E-13
1330.89922901262  2.373907E-13
1332.34688593315  2.637163E-13
1333.79454285369  2.663612E-13
1335.24219977423  2.374382E-13
1336.68985669477  2.236588E-13
1338.1375136153  2.558409E-13
1339.58517053584  2.673916E-13
1341.03282745638  2.654859E-13
1342.48048437691  2.619936E-13
1343.92814129745  2.463895E-13
1345.37579821799  2.111901E-13
1346.82345513852  2.210375E-13
1348.27111205906  2.520598E-13
1349.7187689796  2.454965E-13
1351.16642590013  2.407201E-13
1352.61408282067  2.239768E-13
1354.06173974121  2.174007E-13
1355.50939666174  2.465635E-13
1356.95705358228  2.746018E-13
1358.40471050282  2.469440E-13
1359.85236742335  2.507701E-13
1361.30002434389  2.630282E-13
1362.74768126443  2.679289E-13
1364.19533818496  2.664700E-13
1365.6429951055  2.317374E-13
1367.09065202604  2.448059E-13
1368.53830894657  2.605915E-13
1369.98596586711  2.479697E-13
1371.43362278765  2.631737E-13
1372.88127970819  2.537752E-13
1374.32893662872  2.719637E-13
1375.77659354926  2.624227E-13
1377.2242504698  2.688252E-13
1378.67190739033  2.511460E-13
1380.11956431087  2.425316E-13
1381.56722123141  2.644524E-13
1383.01487815194  2.799293E-13
1384.46253507248  2.863256E-13
1385.91019199302  2.690793E-13
1387.35784891355  2.563018E-13
1388.80550583409  2.739083E-13
1390.25316275463  3.156043E-13
1391.70081967516  2.943321E-13
1393.1484765957  2.898209E-13
1394.59613351624  3.009623E-13
1396.04379043677  2.990604E-13
1397.49144735731  3.043888E-13
1398.93910427785  2.948919E-13
1400.38676119838  2.793144E-13
1401.83441811892  2.903682E-13
1403.28207503946  3.062941E-13
1404.72973195999  2.980578E-13
1406.17738888053  2.603983E-13
1407.62504580107  2.654487E-13
1409.0727027216  2.920358E-13
1410.52035964214  2.858084E-13
1411.96801656268  2.776003E-13
1413.41567348322  2.672324E-13
1414.86333040375  2.718940E-13
1416.31098732429  2.736868E-13
1417.75864424483  2.613233E-13
1419.20630116536  2.626239E-13
1420.6539580859  2.859273E-13
1422.10161500644  2.580620E-13
1423.54927192697  2.414599E-13
1424.99692884751  2.459253E-13
1426.44458576805  2.507251E-13
1427.89224268858  2.441976E-13
1429.33989960912  2.592541E-13
1430.78755652966  2.472596E-13
1432.23521345019  2.590445E-13
1433.68287037073  2.611786E-13
1435.13052729127  2.476141E-13
1436.5781842118  2.388939E-13
1438.02584113234  2.474363E-13
1439.47349805288  2.583210E-13
1440.92115497341  2.592673E-13
1442.36881189395  2.228931E-13
1443.81646881449  2.228575E-13
1445.26412573502  2.263051E-13
1446.71178265556  2.226729E-13
1448.1594395761  2.236902E-13
1449.60709649664  2.214906E-13
1451.05475341717  2.026645E-13
1452.50241033771  2.022048E-13
1453.95006725825  2.319777E-13
1455.39772417878  2.290436E-13
1456.84538109932  2.257887E-13
1458.29303801986  2.413957E-13
1459.74069494039  2.177749E-13
1461.18835186093  2.219704E-13
1462.63600878147  2.083654E-13
1464.083665702  2.113184E-13
1465.53132262254  2.171261E-13
1466.97897954308  2.144593E-13
1468.42663646361  2.213793E-13
1469.87429338415  2.202665E-13
1471.32195030469  2.086492E-13
1472.76960722522  2.204051E-13
1474.21726414576  2.305072E-13
1475.6649210663  2.269847E-13
1477.11257798683  2.115873E-13
1478.56023490737  2.319058E-13
1480.00789182791  2.467104E-13
1481.45554874844  2.273865E-13
1482.90320566898  2.279628E-13
1484.35086258952  2.145629E-13
1485.79851951005  2.234450E-13
1487.24617643059  2.459741E-13
1488.69383335113  2.383501E-13
1490.14149027167  2.249986E-13
1491.5891471922  2.327185E-13
1493.03680411274  2.341586E-13
1494.48446103328  2.229956E-13
1495.93211795381  2.213383E-13
1497.37977487435  2.148336E-13
1498.82743179489  2.279556E-13
1500.27508871542  2.401754E-13
1501.72274563596  2.361292E-13
1503.1704025565  2.327676E-13
1504.61805947703  2.189390E-13
1506.06571639757  2.239948E-13
1507.51337331811  2.310320E-13
1508.96103023864  2.188006E-13
1510.40868715918  2.321534E-13
1511.85634407972  2.340338E-13
1513.30400100025  2.270000E-13
1514.75165792079  2.368381E-13
1516.19931484133  2.499785E-13
1517.64697176186  2.598282E-13
1519.0946286824  2.383631E-13
1520.54228560294  2.546240E-13
1521.98994252347  2.617000E-13
1523.43759944401  2.764884E-13
1524.88525636455  2.780381E-13
1526.33291328509  2.857540E-13
1527.78057020562  2.922971E-13
1529.22822712616  2.890917E-13
1530.6758840467  3.176315E-13
1532.12354096723  3.443463E-13
1533.57119788777  3.479966E-13
1535.01885480831  3.442613E-13
1536.46651172884  3.551679E-13
1537.91416864938  3.823000E-13
1539.36182556992  4.130748E-13
1540.80948249045  4.313953E-13
1542.25713941099  4.600136E-13
1543.70479633153  4.823930E-13
1545.15245325206  4.938289E-13
1546.6001101726  4.671555E-13
1548.04776709314  4.806329E-13
1549.49542401367  4.090617E-13
1550.94308093421  4.092914E-13
1552.39073785475  3.876546E-13
1553.83839477528  3.456420E-13
1555.28605169582  3.414665E-13
1556.73370861636  3.197407E-13
1558.18136553689  3.008074E-13
1559.62902245743  2.859461E-13
1561.07667937797  2.798913E-13
1562.5243362985  2.766475E-13
1563.97199321904  2.746661E-13
1565.41965013958  2.615354E-13
1566.86730706012  2.463207E-13
1568.31496398065  2.476285E-13
1569.76262090119  2.553989E-13
1571.21027782173  2.569410E-13
1572.65793474226  2.488682E-13
1574.1055916628  2.427876E-13
1575.55324858334  2.601576E-13
1577.00090550387  2.487300E-13
1578.44856242441  2.486819E-13
1579.89621934495  2.393820E-13
1581.34387626548  2.192309E-13
1582.79153318602  2.335522E-13
1584.23919010656  2.357510E-13
1585.68684702709  2.400278E-13
1587.13450394763  2.277820E-13
1588.58216086817  2.253218E-13
1590.0298177887  2.324341E-13
1591.47747470924  2.236256E-13
1592.92513162978  2.236130E-13
1594.37278855031  2.253516E-13
1595.82044547085  2.296503E-13
1597.26810239139  2.273596E-13
1598.71575931192  2.193060E-13
1600.16341623246  2.192884E-13
1601.611073153  2.083252E-13
1603.05873007354  2.065359E-13
1604.50638699407  2.190327E-13
1605.95404391461  2.169681E-13
1607.40170083515  2.118342E-13
1608.84935775568  2.186741E-13
1610.29701467622  2.252019E-13
1611.74467159676  2.269562E-13
1613.19232851729  2.176803E-13
1614.63998543783  2.227242E-13
1616.08764235837  2.310394E-13
1617.5352992789  2.323680E-13
1618.98295619944  2.383277E-13
1620.43061311998  2.304203E-13
1621.87827004051  2.350716E-13
1623.32592696105  2.370249E-13
1624.77358388159  2.291400E-13
1626.22124080212  2.343995E-13
1627.66889772266  2.234594E-13
1629.1165546432  2.283820E-13
1630.56421156373  2.235169E-13
1632.01186848427  2.212951E-13
1633.45952540481  2.174123E-13
1634.90718232534  2.201744E-13
1636.35483924588  2.209950E-13
1637.80249616642  2.222012E-13
1639.25015308695  2.309345E-13
1640.69781000749  2.256369E-13
1642.14546692803  2.255315E-13
1643.59312384857  2.276530E-13
1645.0407807691  2.329211E-13
1646.48843768964  2.155570E-13
1647.93609461018  2.094205E-13
1649.38375153071  2.024343E-13
1650.83140845125  2.066241E-13
1652.27906537179  2.122390E-13
1653.72672229232  2.183288E-13
1655.17437921286  2.251727E-13
1656.6220361334  2.303544E-13
1658.06969305393  2.284425E-13
1659.51734997447  2.351017E-13
1660.96500689501  2.321441E-13
1662.41266381554  2.201298E-13
1663.86032073608  2.154315E-13
1665.30797765662  2.153628E-13
1666.75563457715  2.127803E-13
1668.20329149769  2.057155E-13
1669.65094841823  2.042088E-13
1671.09860533876  2.025027E-13
1672.5462622593  1.996797E-13
1673.99391917984  1.971221E-13
1675.44157610038  1.958993E-13
1676.88923302091  2.004054E-13
1678.33688994145  1.972724E-13
1679.78454686199  1.945727E-13
1681.23220378252  1.942619E-13
1682.67986070306  1.919962E-13
1684.1275176236  1.941178E-13
1685.57517454413  1.952596E-13
1687.02283146467  1.906074E-13
1688.47048838521  1.856071E-13
1689.91814530574  1.851233E-13
1691.36580222628  1.894295E-13
1692.81345914682  1.920367E-13
1694.26111606735  1.932406E-13
1695.70877298789  1.936484E-13
1697.15642990843  1.949368E-13
1698.60408682896  1.912845E-13
1700.0517437495  1.924839E-13
1701.49940067004  1.929675E-13
1702.94705759057  1.909136E-13
1704.39471451111  1.864286E-13
1705.84237143165  1.866656E-13
1707.29002835218  1.875394E-13
1708.73768527272  1.863837E-13
1710.18534219326  0.
1711.63299911379  0.
1713.08065603433  0.
1714.52831295487  0.
1715.97596987541  0.
1717.42362679594  0.
1718.87128371648  0.
1720.31894063702  0.
1721.76659755755  0.
1723.21425447809  0.
1724.66191139863  0.
1726.10956831916  0.
1727.5572252397  0.
1729.00488216024  0.
1730.45253908077  0.
1731.90019600131  0.
1733.34785292185  0.
1734.79550984238  0.
1736.24316676292  0.
1737.69082368346  0.
1739.13848060399  0.
1740.58613752453  0.
1742.03379444507  0.
1743.4814513656  0.
1744.92910828614  0.
1746.37676520668  0.
1747.82442212721  0.
1749.27207904775  0.
1750.71973596829  0.
1752.16739288882  0.
1753.61504980936  0.
1755.0627067299  0.
1756.51036365043  0.
1757.95802057097  0.
1759.40567749151  0.
1760.85333441205  0.
1762.30099133258  0.
1763.74864825312  0.
1765.19630517366  0.
1766.64396209419  0.
1768.09161901473  0.
1769.53927593527  0.
1770.9869328558  0.
1772.43458977634  0.
1773.88224669688  0.
1775.32990361741  0.
1776.77756053795  0.
1778.22521745849  0.
1779.67287437902  0.
1781.12053129956  0.
1782.5681882201  0.
1784.01584514063  0.
1785.46350206117  0.
1786.91115898171  0.
1788.35881590224  0.
1789.80647282278  0.
1791.25412974332  0.
1792.70178666385  0.
1794.14944358439  0.
1795.59710050493  0.
1797.04475742547  0.
1798.492414346  0.
1799.94007126654  0.
1801.38772818708  0.
1802.83538510761  0.
1804.28304202815  0.
1805.73069894869  0.
1807.17835586922  0.
1808.62601278976  0.
1810.0736697103  0.
1811.52132663083  0.
1812.96898355137  0.
1814.41664047191  0.
1815.86429739244  0.
1817.31195431298  0.
1818.75961123352  0.
1820.20726815405  0.
1821.65492507459  0.
1823.10258199513  0.
1824.55023891566  0.
1825.9978958362  0.
1827.44555275674  0.
1828.89320967727  0.
1830.34086659781  0.
1831.78852351835  0.
