906.735751295338  0.
908.183408215875  0.
909.631065136412  0.
911.078722056949  0.
912.526378977485  0.
913.974035898022  0.
915.421692818559  0.
916.869349739096  0.
918.317006659633  0.
919.764663580169  0.
921.212320500706  0.
922.659977421243  0.
924.10763434178  0.
925.555291262316  0.
927.002948182853  0.
928.45060510339  0.
929.898262023927  0.
931.345918944464  0.
932.793575865  0.
934.241232785537  0.
935.688889706074  0.
937.136546626611  0.
938.584203547148  0.
940.031860467684  0.
941.479517388221  0.
942.927174308758  0.
944.374831229295  0.
945.822488149832  0.
947.270145070369  0.
948.717801990905  0.
950.165458911442  0.
951.613115831979  0.
953.060772752515  0.
954.508429673052  0.
955.956086593589  0.
957.403743514126  0.
958.851400434663  0.
960.2990573552  0.
961.746714275736  0.
963.194371196273  0.
964.64202811681  0.
966.089685037347  0.
967.537341957883  0.
968.98499887842  0.
970.432655798957  0.
971.880312719494  0.
973.327969640031  0.
974.775626560567  0.
976.223283481104  0.
977.670940401641  0.
979.118597322178  0.
980.566254242715  0.
982.013911163251  0.
983.461568083788  0.
984.909225004325  0.
986.356881924862  0.
987.804538845399  0.
989.252195765935  0.
990.699852686472  0.
992.147509607009  0.
993.595166527546  5.234815E-13
995.042823448082  2.546258E-13
996.490480368619  3.936299E-13
997.938137289156  4.170338E-13
999.385794209693  5.373961E-13
1000.83345113023  3.132131E-13
1002.28110805077  2.853225E-13
1003.7287649713  3.017085E-13
1005.17642189184  4.494309E-13
1006.62407881238  5.918215E-13
1008.07173573291  4.168591E-13
1009.51939265345  5.383202E-13
1010.96704957399  5.300898E-13
1012.41470649452  5.144296E-13
1013.86236341506  5.011318E-13
1015.3100203356  5.666427E-13
1016.75767725613  4.693919E-13
1018.20533417667  5.463499E-13
1019.65299109721  5.389243E-13
1021.10064801775  5.515257E-13
1022.54830493828  5.563495E-13
1023.99596185882  4.548118E-13
1025.44361877936  5.297136E-13
1026.89127569989  4.900445E-13
1028.33893262043  4.428487E-13
1029.78658954097  3.950084E-13
1031.2342464615  5.299296E-13
1032.68190338204  4.442484E-13
1034.12956030258  4.292410E-13
1035.57721722311  4.050732E-13
1037.02487414365  4.075668E-13
1038.47253106419  4.336633E-13
1039.92018798472  3.944754E-13
1041.36784490526  3.715568E-13
1042.8155018258  4.814006E-13
1044.26315874633  5.603042E-13
1045.71081566687  5.687964E-13
1047.15847258741  5.023895E-13
1048.60612950794  5.158091E-13
1050.05378642848  5.596725E-13
1051.50144334902  4.645565E-13
1052.94910026955  4.688356E-13
1054.39675719009  3.624997E-13
1055.84441411063  3.533410E-13
1057.29207103116  3.386523E-13
1058.7397279517  3.818925E-13
1060.18738487224  4.122566E-13
1061.63504179277  3.875786E-13
1063.08269871331  3.465719E-13
1064.53035563385  3.542373E-13
1065.97801255439  3.712034E-13
1067.42566947492  3.794818E-13
1068.87332639546  3.313071E-13
1070.320983316  3.944144E-13
1071.76864023653  3.638408E-13
1073.21629715707  3.707729E-13
1074.66395407761  3.541930E-13
1076.11161099814  3.646021E-13
1077.55926791868  3.558506E-13
1079.00692483922  3.208792E-13
1080.45458175975  3.345923E-13
1081.90223868029  3.142996E-13
1083.34989560083  3.276271E-13
1084.79755252136  3.073210E-13
1086.2452094419  2.674414E-13
1087.69286636244  2.454473E-13
1089.14052328297  2.882559E-13
1090.58818020351  3.305655E-13
1092.03583712405  3.211948E-13
1093.48349404458  2.934939E-13
1094.93115096512  3.170137E-13
1096.37880788566  3.253172E-13
1097.82646480619  2.866027E-13
1099.27412172673  2.775253E-13
1100.72177864727  2.596704E-13
1102.1694355678  3.155814E-13
1103.61709248834  3.330988E-13
1105.06474940888  3.143797E-13
1106.51240632942  3.167161E-13
1107.96006324995  3.088974E-13
1109.40772017049  3.170454E-13
1110.85537709103  3.332061E-13
1112.30303401156  2.948453E-13
1113.7506909321  3.046734E-13
1115.19834785264  2.878346E-13
1116.64600477317  3.113529E-13
1118.09366169371  2.853267E-13
1119.54131861425  2.904216E-13
1120.98897553478  2.903595E-13
1122.43663245532  2.922829E-13
1123.88428937586  2.668431E-13
1125.33194629639  3.030992E-13
1126.77960321693  3.022816E-13
1128.22726013747  2.969746E-13
1129.674917058  2.858029E-13
1131.12257397854  2.949932E-13
1132.57023089908  2.809256E-13
1134.01788781961  2.917673E-13
1135.46554474015  3.016494E-13
1136.91320166069  3.033850E-13
1138.36085858122  2.801099E-13
1139.80851550176  3.174302E-13
1141.2561724223  2.856897E-13
1142.70382934284  2.771234E-13
1144.15148626337  2.743087E-13
1145.59914318391  3.210098E-13
1147.04680010445  3.002400E-13
1148.49445702498  2.877276E-13
1149.94211394552  2.579777E-13
1151.38977086606  2.701866E-13
1152.83742778659  2.489228E-13
1154.28508470713  2.960299E-13
1155.73274162767  2.928859E-13
1157.1803985482  2.855257E-13
1158.62805546874  2.908012E-13
1160.07571238928  3.059584E-13
1161.52336930981  3.075807E-13
1162.97102623035  3.165775E-13
1164.41868315089  2.851255E-13
1165.86634007142  3.116191E-13
1167.31399699196  3.219114E-13
1168.7616539125  3.438399E-13
1170.20931083303  3.501613E-13
1171.65696775357  3.521493E-13
1173.10462467411  3.046668E-13
1174.55228159464  3.214979E-13
1175.99993851518  3.509435E-13
1177.44759543572  3.516580E-13
1178.89525235625  3.538236E-13
1180.34290927679  3.387906E-13
1181.79056619733  3.633794E-13
1183.23822311787  3.595076E-13
1184.6858800384  3.614067E-13
1186.13353695894  3.640416E-13
1187.58119387948  3.662311E-13
1189.02885080001  3.821655E-13
1190.47650772055  4.098002E-13
1191.92416464109  4.143929E-13
1193.37182156162  4.405112E-13
1194.81947848216  4.926687E-13
1196.2671354027  5.076385E-13
1197.71479232323  4.825788E-13
1199.16244924377  4.640786E-13
1200.61010616431  5.261702E-13
1202.05776308484  5.388434E-13
1203.50542000538  5.592406E-13
1204.95307692592  7.113708E-13
1206.40073384645  7.745633E-13
1207.84839076699  8.947756E-13
1209.29604768753  9.064164E-13
1210.74370460806  9.634516E-13
1212.1913615286  1.110045E-12
1213.63901844914  1.111786E-12
1215.08667536967  9.680282E-13
1216.53433229021  8.522831E-13
1217.98198921075  8.914458E-13
1219.42964613129  7.244983E-13
1220.87730305182  6.557830E-13
1222.32495997236  5.464054E-13
1223.7726168929  4.772233E-13
1225.22027381343  4.827217E-13
1226.66793073397  5.717013E-13
1228.11558765451  5.342765E-13
1229.56324457504  4.830410E-13
1231.01090149558  4.657160E-13
1232.45855841612  5.382437E-13
1233.90621533665  4.420971E-13
1235.35387225719  4.423989E-13
1236.80152917773  4.929174E-13
1238.24918609826  5.004743E-13
1239.6968430188  4.798750E-13
1241.14449993934  4.242282E-13
1242.59215685987  4.121564E-13
1244.03981378041  4.149410E-13
1245.48747070095  3.729552E-13
1246.93512762148  4.068864E-13
1248.38278454202  3.970088E-13
1249.83044146256  3.612719E-13
1251.27809838309  3.485529E-13
1252.72575530363  3.529437E-13
1254.17341222417  3.639058E-13
1255.62106914471  3.221193E-13
1257.06872606524  3.105417E-13
1258.51638298578  3.284467E-13
1259.96403990632  3.293719E-13
1261.41169682685  3.395320E-13
1262.85935374739  3.040799E-13
1264.30701066793  2.555865E-13
1265.75466758846  2.664393E-13
1267.202324509  2.899690E-13
1268.64998142954  3.025528E-13
1270.09763835007  2.889752E-13
1271.54529527061  2.959617E-13
1272.99295219115  2.984378E-13
1274.44060911168  2.843106E-13
1275.88826603222  2.581787E-13
1277.33592295276  2.909408E-13
1278.78357987329  2.813986E-13
1280.23123679383  2.793778E-13
1281.67889371437  2.860212E-13
1283.1265506349  2.877556E-13
1284.57420755544  2.815917E-13
1286.02186447598  2.884109E-13
1287.46952139651  2.737365E-13
1288.91717831705  2.813532E-13
1290.36483523759  3.045102E-13
1291.81249215812  2.958023E-13
1293.26014907866  2.719131E-13
1294.7078059992  2.818752E-13
1296.15546291974  2.650124E-13
1297.60311984027  2.756186E-13
1299.05077676081  2.798591E-13
1300.49843368135  2.906675E-13
1301.94609060188  2.799326E-13
1303.39374752242  2.667683E-13
1304.84140444296  2.615582E-13
1306.28906136349  2.803989E-13
1307.73671828403  2.545828E-13
1309.18437520457  2.756707E-13
1310.6320321251  2.509424E-13
1312.07968904564  2.855411E-13
1313.52734596618  2.717356E-13
1314.97500288671  2.536756E-13
1316.42265980725  2.498444E-13
1317.87031672779  2.586477E-13
1319.31797364832  2.593812E-13
1320.76563056886  2.346955E-13
1322.2132874894  2.410002E-13
1323.66094440993  2.865307E-13
1325.10860133047  2.754858E-13
1326.55625825101  2.547758E-13
1328.00391517154  2.605597E-13
1329.45157209208  2.910519E-13
1330.89922901262  2.907261E-13
1332.34688593315  2.656135E-13
1333.79454285369  2.565550E-13
1335.24219977423  2.518089E-13
1336.68985669477  2.257241E-13
1338.1375136153  2.345296E-13
1339.58517053584  2.630097E-13
1341.03282745638  2.918669E-13
1342.48048437691  2.553566E-13
1343.92814129745  2.747373E-13
1345.37579821799  2.569770E-13
1346.82345513852  2.548312E-13
1348.27111205906  2.570855E-13
1349.7187689796  2.396847E-13
1351.16642590013  2.509086E-13
1352.61408282067  2.563716E-13
1354.06173974121  2.461521E-13
1355.50939666174  2.674676E-13
1356.95705358228  2.759313E-13
1358.40471050282  2.669256E-13
1359.85236742335  2.403769E-13
1361.30002434389  2.547724E-13
1362.74768126443  2.775021E-13
1364.19533818496  2.882284E-13
1365.6429951055  2.900761E-13
1367.09065202604  2.698946E-13
1368.53830894657  2.712407E-13
1369.98596586711  2.680788E-13
1371.43362278765  2.622032E-13
1372.88127970819  2.479721E-13
1374.32893662872  2.600918E-13
1375.77659354926  2.593589E-13
1377.2242504698  2.617730E-13
1378.67190739033  2.621056E-13
1380.11956431087  2.595641E-13
1381.56722123141  2.515205E-13
1383.01487815194  2.497839E-13
1384.46253507248  2.731394E-13
1385.91019199302  2.446637E-13
1387.35784891355  2.671394E-13
1388.80550583409  3.104159E-13
1390.25316275463  2.965633E-13
1391.70081967516  3.295829E-13
1393.1484765957  3.064517E-13
1394.59613351624  3.242991E-13
1396.04379043677  3.346809E-13
1397.49144735731  3.342708E-13
1398.93910427785  3.360034E-13
1400.38676119838  2.999814E-13
1401.83441811892  3.143859E-13
1403.28207503946  3.278646E-13
1404.72973195999  2.560452E-13
1406.17738888053  2.789580E-13
1407.62504580107  2.770393E-13
1409.0727027216  2.525879E-13
1410.52035964214  2.629739E-13
1411.96801656268  2.877183E-13
1413.41567348322  3.038697E-13
1414.86333040375  2.720526E-13
1416.31098732429  2.623563E-13
1417.75864424483  2.674306E-13
1419.20630116536  2.326986E-13
1420.6539580859  2.438257E-13
1422.10161500644  2.222750E-13
1423.54927192697  2.437058E-13
1424.99692884751  2.525664E-13
1426.44458576805  2.711605E-13
1427.89224268858  2.502749E-13
1429.33989960912  2.794429E-13
1430.78755652966  2.455593E-13
1432.23521345019  2.513861E-13
1433.68287037073  2.620073E-13
1435.13052729127  2.548697E-13
1436.5781842118  2.208744E-13
1438.02584113234  2.357344E-13
1439.47349805288  2.429860E-13
1440.92115497341  2.397208E-13
1442.36881189395  2.225331E-13
1443.81646881449  2.270240E-13
1445.26412573502  2.345427E-13
1446.71178265556  2.320964E-13
1448.1594395761  2.263786E-13
1449.60709649664  2.510780E-13
1451.05475341717  2.246798E-13
1452.50241033771  2.342148E-13
1453.95006725825  2.281809E-13
1455.39772417878  2.318359E-13
1456.84538109932  2.211707E-13
1458.29303801986  2.130134E-13
1459.74069494039  2.213984E-13
1461.18835186093  2.216802E-13
1462.63600878147  2.444729E-13
1464.083665702  2.199509E-13
1465.53132262254  2.273139E-13
1466.97897954308  2.345118E-13
1468.42663646361  2.445142E-13
1469.87429338415  2.389762E-13
1471.32195030469  2.162682E-13
1472.76960722522  2.124472E-13
1474.21726414576  2.357563E-13
1475.6649210663  2.359357E-13
1477.11257798683  2.247645E-13
1478.56023490737  2.260029E-13
1480.00789182791  2.268482E-13
1481.45554874844  2.402415E-13
1482.90320566898  2.380339E-13
1484.35086258952  2.283431E-13
1485.79851951005  2.251160E-13
1487.24617643059  2.124899E-13
1488.69383335113  2.247332E-13
1490.14149027167  2.168836E-13
1491.5891471922  2.189567E-13
1493.03680411274  1.994147E-13
1494.48446103328  2.064483E-13
1495.93211795381  2.031631E-13
1497.37977487435  2.189845E-13
1498.82743179489  2.453247E-13
1500.27508871542  2.561316E-13
1501.72274563596  2.401720E-13
1503.1704025565  2.191865E-13
1504.61805947703  2.303606E-13
1506.06571639757  2.413821E-13
1507.51337331811  2.421251E-13
1508.96103023864  2.347435E-13
1510.40868715918  2.619078E-13
1511.85634407972  2.543569E-13
1513.30400100025  2.468697E-13
1514.75165792079  2.444777E-13
1516.19931484133  2.812917E-13
1517.64697176186  2.836717E-13
1519.0946286824  2.669504E-13
1520.54228560294  2.729455E-13
1521.98994252347  2.731122E-13
1523.43759944401  2.809235E-13
1524.88525636455  2.935868E-13
1526.33291328509  2.792868E-13
1527.78057020562  3.009204E-13
1529.22822712616  3.030542E-13
1530.6758840467  3.082829E-13
1532.12354096723  2.970383E-13
1533.57119788777  3.297866E-13
1535.01885480831  3.428103E-13
1536.46651172884  3.592346E-13
1537.91416864938  3.925231E-13
1539.36182556992  4.163380E-13
1540.80948249045  4.156150E-13
1542.25713941099  4.309484E-13
1543.70479633153  4.394600E-13
1545.15245325206  4.550123E-13
1546.6001101726  4.636993E-13
1548.04776709314  4.343469E-13
1549.49542401367  4.016766E-13
1550.94308093421  3.914489E-13
1552.39073785475  3.925745E-13
1553.83839477528  3.623947E-13
1555.28605169582  3.225799E-13
1556.73370861636  3.137064E-13
1558.18136553689  3.066522E-13
1559.62902245743  2.999701E-13
1561.07667937797  2.726495E-13
1562.5243362985  2.813527E-13
1563.97199321904  2.842628E-13
1565.41965013958  2.877518E-13
1566.86730706012  2.808332E-13
1568.31496398065  2.602757E-13
1569.76262090119  2.623870E-13
1571.21027782173  2.589185E-13
1572.65793474226  2.573956E-13
1574.1055916628  2.690766E-13
1575.55324858334  2.758799E-13
1577.00090550387  2.820041E-13
1578.44856242441  2.508769E-13
1579.89621934495  2.377795E-13
1581.34387626548  2.418912E-13
1582.79153318602  2.276019E-13
1584.23919010656  2.240576E-13
1585.68684702709  2.275168E-13
1587.13450394763  2.277876E-13
1588.58216086817  2.306070E-13
1590.0298177887  2.319649E-13
1591.47747470924  2.256496E-13
1592.92513162978  2.289938E-13
1594.37278855031  2.270222E-13
1595.82044547085  2.243187E-13
1597.26810239139  2.246530E-13
1598.71575931192  2.223862E-13
1600.16341623246  2.229882E-13
1601.611073153  2.237975E-13
1603.05873007354  2.224495E-13
1604.50638699407  2.406465E-13
1605.95404391461  2.353433E-13
1607.40170083515  2.285843E-13
1608.84935775568  2.353400E-13
1610.29701467622  2.296459E-13
1611.74467159676  2.306840E-13
1613.19232851729  2.340246E-13
1614.63998543783  2.423910E-13
1616.08764235837  2.348336E-13
1617.5352992789  2.229592E-13
1618.98295619944  2.212172E-13
1620.43061311998  2.208454E-13
1621.87827004051  2.227924E-13
1623.32592696105  2.223133E-13
1624.77358388159  2.208838E-13
1626.22124080212  2.227248E-13
1627.66889772266  2.259696E-13
1629.1165546432  2.375002E-13
1630.56421156373  2.370084E-13
1632.01186848427  2.329569E-13
1633.45952540481  2.375732E-13
1634.90718232534  2.418297E-13
1636.35483924588  2.321759E-13
1637.80249616642  2.238614E-13
1639.25015308695  2.278651E-13
1640.69781000749  2.212313E-13
1642.14546692803  2.211863E-13
1643.59312384857  2.272969E-13
1645.0407807691  2.278786E-13
1646.48843768964  2.184419E-13
1647.93609461018  2.253529E-13
1649.38375153071  2.258068E-13
1650.83140845125  2.236025E-13
1652.27906537179  2.127297E-13
1653.72672229232  2.211908E-13
1655.17437921286  2.250779E-13
1656.6220361334  2.249123E-13
1658.06969305393  2.168031E-13
1659.51734997447  2.205741E-13
1660.96500689501  2.213803E-13
1662.41266381554  2.371264E-13
1663.86032073608  2.172881E-13
1665.30797765662  2.268180E-13
1666.75563457715  2.208328E-13
1668.20329149769  2.214202E-13
1669.65094841823  2.122983E-13
1671.09860533876  2.116259E-13
1672.5462622593  2.146772E-13
1673.99391917984  2.084166E-13
1675.44157610038  1.995372E-13
1676.88923302091  1.960262E-13
1678.33688994145  1.954142E-13
1679.78454686199  1.915513E-13
1681.23220378252  1.900934E-13
1682.67986070306  2.016045E-13
1684.1275176236  2.133785E-13
1685.57517454413  2.025840E-13
1687.02283146467  1.998136E-13
1688.47048838521  2.061043E-13
1689.91814530574  1.976292E-13
1691.36580222628  1.928366E-13
1692.81345914682  1.801969E-13
1694.26111606735  1.806738E-13
1695.70877298789  1.868118E-13
1697.15642990843  1.986934E-13
1698.60408682896  1.940925E-13
1700.0517437495  1.915794E-13
1701.49940067004  1.859011E-13
1702.94705759057  1.821497E-13
1704.39471451111  1.768614E-13
1705.84237143165  1.787654E-13
1707.29002835218  1.936014E-13
1708.73768527272  1.948830E-13
1710.18534219326  0.
1711.63299911379  0.
1713.08065603433  0.
1714.52831295487  0.
1715.97596987541  0.
1717.42362679594  0.
1718.87128371648  0.
1720.31894063702  0.
1721.76659755755  0.
1723.21425447809  0.
1724.66191139863  0.
1726.10956831916  0.
1727.5572252397  0.
1729.00488216024  0.
1730.45253908077  0.
1731.90019600131  0.
1733.34785292185  0.
1734.79550984238  0.
1736.24316676292  0.
1737.69082368346  0.
1739.13848060399  0.
1740.58613752453  0.
1742.03379444507  0.
1743.4814513656  0.
1744.92910828614  0.
1746.37676520668  0.
1747.82442212721  0.
1749.27207904775  0.
1750.71973596829  0.
1752.16739288882  0.
1753.61504980936  0.
1755.0627067299  0.
1756.51036365043  0.
1757.95802057097  0.
1759.40567749151  0.
1760.85333441205  0.
1762.30099133258  0.
1763.74864825312  0.
1765.19630517366  0.
1766.64396209419  0.
1768.09161901473  0.
1769.53927593527  0.
1770.9869328558  0.
1772.43458977634  0.
1773.88224669688  0.
1775.32990361741  0.
1776.77756053795  0.
1778.22521745849  0.
1779.67287437902  0.
1781.12053129956  0.
1782.5681882201  0.
1784.01584514063  0.
1785.46350206117  0.
1786.91115898171  0.
1788.35881590224  0.
1789.80647282278  0.
1791.25412974332  0.
1792.70178666385  0.
1794.14944358439  0.
1795.59710050493  0.
1797.04475742547  0.
1798.492414346  0.
1799.94007126654  0.
1801.38772818708  0.
1802.83538510761  0.
1804.28304202815  0.
1805.73069894869  0.
1807.17835586922  0.
1808.62601278976  0.
1810.0736697103  0.
1811.52132663083  0.
1812.96898355137  0.
1814.41664047191  0.
1815.86429739244  0.
1817.31195431298  0.
1818.75961123352  0.
1820.20726815405  0.
1821.65492507459  0.
1823.10258199513  0.
1824.55023891566  0.
1825.9978958362  0.
1827.44555275674  0.
1828.89320967727  0.
1830.34086659781  0.
1831.78852351835  0.
