906.735751295338  0.
908.183408215875  0.
909.631065136412  0.
911.078722056949  0.
912.526378977485  0.
913.974035898022  0.
915.421692818559  0.
916.869349739096  0.
918.317006659633  0.
919.764663580169  0.
921.212320500706  0.
922.659977421243  0.
924.10763434178  0.
925.555291262316  0.
927.002948182853  0.
928.45060510339  0.
929.898262023927  0.
931.345918944464  0.
932.793575865  0.
934.241232785537  0.
935.688889706074  0.
937.136546626611  0.
938.584203547148  0.
940.031860467684  0.
941.479517388221  0.
942.927174308758  0.
944.374831229295  0.
945.822488149832  0.
947.270145070369  0.
948.717801990905  0.
950.165458911442  0.
951.613115831979  0.
953.060772752515  0.
954.508429673052  0.
955.956086593589  0.
957.403743514126  0.
958.851400434663  0.
960.2990573552  0.
961.746714275736  0.
963.194371196273  0.
964.64202811681  0.
966.089685037347  0.
967.537341957883  0.
968.98499887842  0.
970.432655798957  0.
971.880312719494  0.
973.327969640031  0.
974.775626560567  0.
976.223283481104  0.
977.670940401641  0.
979.118597322178  0.
980.566254242715  0.
982.013911163251  0.
983.461568083788  0.
984.909225004325  0.
986.356881924862  0.
987.804538845399  0.
989.252195765935  0.
990.699852686472  0.
992.147509607009  0.
993.595166527546  3.645730E-13
995.042823448082  4.730983E-13
996.490480368619  4.643933E-13
997.938137289156  4.381533E-13
999.385794209693  4.741168E-13
1000.83345113023  4.684127E-13
1002.28110805077  4.225309E-13
1003.7287649713  3.702777E-13
1005.17642189184  5.262286E-13
1006.62407881238  5.034863E-13
1008.07173573291  3.977187E-13
1009.51939265345  5.530797E-13
1010.96704957399  4.667594E-13
1012.41470649452  4.006739E-13
1013.86236341506  4.719604E-13
1015.3100203356  5.494090E-13
1016.75767725613  3.448021E-13
1018.20533417667  5.423358E-13
1019.65299109721  5.132656E-13
1021.10064801775  4.490632E-13
1022.54830493828  5.237298E-13
1023.99596185882  4.854871E-13
1025.44361877936  5.288842E-13
1026.89127569989  4.463137E-13
1028.33893262043  4.631668E-13
1029.78658954097  4.757759E-13
1031.2342464615  4.991345E-13
1032.68190338204  3.188679E-13
1034.12956030258  4.164186E-13
1035.57721722311  3.357109E-13
1037.02487414365  4.136313E-13
1038.47253106419  4.280175E-13
1039.92018798472  3.362595E-13
1041.36784490526  3.454345E-13
1042.8155018258  3.974288E-13
1044.26315874633  3.711161E-13
1045.71081566687  4.784217E-13
1047.15847258741  3.730751E-13
1048.60612950794  4.498635E-13
1050.05378642848  4.731494E-13
1051.50144334902  5.798873E-13
1052.94910026955  5.185077E-13
1054.39675719009  5.438773E-13
1055.84441411063  4.370264E-13
1057.29207103116  3.234769E-13
1058.7397279517  3.360539E-13
1060.18738487224  3.289835E-13
1061.63504179277  3.331065E-13
1063.08269871331  3.848188E-13
1064.53035563385  3.484492E-13
1065.97801255439  3.183270E-13
1067.42566947492  3.497514E-13
1068.87332639546  3.404593E-13
1070.320983316  3.544703E-13
1071.76864023653  2.964973E-13
1073.21629715707  3.299239E-13
1074.66395407761  3.103971E-13
1076.11161099814  3.465966E-13
1077.55926791868  3.287088E-13
1079.00692483922  3.202264E-13
1080.45458175975  3.466255E-13
1081.90223868029  3.215031E-13
1083.34989560083  3.318934E-13
1084.79755252136  2.933676E-13
1086.2452094419  2.532978E-13
1087.69286636244  2.596360E-13
1089.14052328297  2.753255E-13
1090.58818020351  2.863425E-13
1092.03583712405  2.440841E-13
1093.48349404458  2.619397E-13
1094.93115096512  3.130368E-13
1096.37880788566  2.709258E-13
1097.82646480619  3.078529E-13
1099.27412172673  2.882881E-13
1100.72177864727  2.868601E-13
1102.1694355678  3.274807E-13
1103.61709248834  3.175949E-13
1105.06474940888  2.835514E-13
1106.51240632942  2.846912E-13
1107.96006324995  3.031822E-13
1109.40772017049  2.752420E-13
1110.85537709103  2.876296E-13
1112.30303401156  3.059302E-13
1113.7506909321  3.155598E-13
1115.19834785264  3.095521E-13
1116.64600477317  2.656570E-13
1118.09366169371  2.819685E-13
1119.54131861425  2.702829E-13
1120.98897553478  2.712996E-13
1122.43663245532  2.698820E-13
1123.88428937586  2.410164E-13
1125.33194629639  2.597976E-13
1126.77960321693  2.592365E-13
1128.22726013747  2.868746E-13
1129.674917058  2.857424E-13
1131.12257397854  2.926926E-13
1132.57023089908  2.626015E-13
1134.01788781961  2.953772E-13
1135.46554474015  2.744315E-13
1136.91320166069  2.607138E-13
1138.36085858122  2.895657E-13
1139.80851550176  2.863154E-13
1141.2561724223  2.538609E-13
1142.70382934284  2.526459E-13
1144.15148626337  2.755729E-13
1145.59914318391  2.880751E-13
1147.04680010445  3.087316E-13
1148.49445702498  2.719334E-13
1149.94211394552  2.456080E-13
1151.38977086606  2.385835E-13
1152.83742778659  2.337181E-13
1154.28508470713  2.704323E-13
1155.73274162767  2.716728E-13
1157.1803985482  2.626965E-13
1158.62805546874  2.925715E-13
1160.07571238928  2.789591E-13
1161.52336930981  2.828402E-13
1162.97102623035  2.823347E-13
1164.41868315089  3.129511E-13
1165.86634007142  3.172876E-13
1167.31399699196  3.268659E-13
1168.7616539125  3.005123E-13
1170.20931083303  2.905059E-13
1171.65696775357  2.985661E-13
1173.10462467411  3.160418E-13
1174.55228159464  2.842662E-13
1175.99993851518  3.246917E-13
1177.44759543572  3.070692E-13
1178.89525235625  3.230406E-13
1180.34290927679  2.973373E-13
1181.79056619733  3.576633E-13
1183.23822311787  3.594030E-13
1184.6858800384  3.337719E-13
1186.13353695894  3.672864E-13
1187.58119387948  3.753382E-13
1189.02885080001  3.781693E-13
1190.47650772055  3.925481E-13
1191.92416464109  4.538032E-13
1193.37182156162  4.831965E-13
1194.81947848216  4.812334E-13
1196.2671354027  4.515714E-13
1197.71479232323  4.093524E-13
1199.16244924377  4.532267E-13
1200.61010616431  5.127034E-13
1202.05776308484  4.675531E-13
1203.50542000538  4.983531E-13
1204.95307692592  6.229206E-13
1206.40073384645  7.346897E-13
1207.84839076699  8.620688E-13
1209.29604768753  9.006283E-13
1210.74370460806  1.087516E-12
1212.1913615286  1.014022E-12
1213.63901844914  9.582431E-13
1215.08667536967  9.578025E-13
1216.53433229021  9.203026E-13
1217.98198921075  8.944893E-13
1219.42964613129  7.511103E-13
1220.87730305182  5.970473E-13
1222.32495997236  5.693541E-13
1223.7726168929  5.231436E-13
1225.22027381343  5.005562E-13
1226.66793073397  4.898032E-13
1228.11558765451  4.692046E-13
1229.56324457504  5.057049E-13
1231.01090149558  4.799113E-13
1232.45855841612  4.452201E-13
1233.90621533665  4.552748E-13
1235.35387225719  5.181103E-13
1236.80152917773  4.834217E-13
1238.24918609826  4.571485E-13
1239.6968430188  4.720204E-13
1241.14449993934  3.882524E-13
1242.59215685987  4.322011E-13
1244.03981378041  4.105945E-13
1245.48747070095  3.760997E-13
1246.93512762148  3.692716E-13
1248.38278454202  3.622791E-13
1249.83044146256  3.530489E-13
1251.27809838309  3.688602E-13
1252.72575530363  3.232447E-13
1254.17341222417  3.394133E-13
1255.62106914471  3.048764E-13
1257.06872606524  3.241544E-13
1258.51638298578  2.807359E-13
1259.96403990632  3.045803E-13
1261.41169682685  3.135378E-13
1262.85935374739  3.248975E-13
1264.30701066793  2.938915E-13
1265.75466758846  2.958247E-13
1267.202324509  2.569437E-13
1268.64998142954  2.496244E-13
1270.09763835007  2.868941E-13
1271.54529527061  2.767563E-13
1272.99295219115  2.621535E-13
1274.44060911168  2.435721E-13
1275.88826603222  2.586244E-13
1277.33592295276  2.733962E-13
1278.78357987329  2.863216E-13
1280.23123679383  2.399124E-13
1281.67889371437  2.698740E-13
1283.1265506349  2.541316E-13
1284.57420755544  2.690114E-13
1286.02186447598  2.299323E-13
1287.46952139651  2.504675E-13
1288.91717831705  2.640885E-13
1290.36483523759  2.675640E-13
1291.81249215812  2.803441E-13
1293.26014907866  2.786747E-13
1294.7078059992  2.836014E-13
1296.15546291974  2.621972E-13
1297.60311984027  2.675620E-13
1299.05077676081  2.161830E-13
1300.49843368135  2.626511E-13
1301.94609060188  2.952278E-13
1303.39374752242  2.803695E-13
1304.84140444296  2.438136E-13
1306.28906136349  2.717008E-13
1307.73671828403  2.572583E-13
1309.18437520457  2.482792E-13
1310.6320321251  2.401049E-13
1312.07968904564  2.413294E-13
1313.52734596618  2.803247E-13
1314.97500288671  2.538563E-13
1316.42265980725  2.101788E-13
1317.87031672779  2.068307E-13
1319.31797364832  2.265531E-13
1320.76563056886  2.378652E-13
1322.2132874894  2.750758E-13
1323.66094440993  2.843106E-13
1325.10860133047  2.799089E-13
1326.55625825101  2.544701E-13
1328.00391517154  2.590008E-13
1329.45157209208  2.782017E-13
1330.89922901262  2.446387E-13
1332.34688593315  2.413107E-13
1333.79454285369  2.401716E-13
1335.24219977423  2.198097E-13
1336.68985669477  1.843548E-13
1338.1375136153  2.181104E-13
1339.58517053584  2.439060E-13
1341.03282745638  2.639293E-13
1342.48048437691  2.435780E-13
1343.92814129745  2.437676E-13
1345.37579821799  2.476955E-13
1346.82345513852  2.281614E-13
1348.27111205906  2.304653E-13
1349.7187689796  2.335894E-13
1351.16642590013  2.481008E-13
1352.61408282067  2.736015E-13
1354.06173974121  2.430669E-13
1355.50939666174  2.558454E-13
1356.95705358228  2.825707E-13
1358.40471050282  2.484793E-13
1359.85236742335  2.635672E-13
1361.30002434389  2.597108E-13
1362.74768126443  2.425262E-13
1364.19533818496  2.604258E-13
1365.6429951055  2.454026E-13
1367.09065202604  2.260539E-13
1368.53830894657  2.724743E-13
1369.98596586711  2.588126E-13
1371.43362278765  2.657350E-13
1372.88127970819  2.332916E-13
1374.32893662872  2.238571E-13
1375.77659354926  2.413702E-13
1377.2242504698  2.540129E-13
1378.67190739033  2.503271E-13
1380.11956431087  2.327310E-13
1381.56722123141  2.571541E-13
1383.01487815194  2.197805E-13
1384.46253507248  2.373113E-13
1385.91019199302  2.474779E-13
1387.35784891355  2.538913E-13
1388.80550583409  2.778610E-13
1390.25316275463  2.804486E-13
1391.70081967516  2.906325E-13
1393.1484765957  2.758812E-13
1394.59613351624  2.775563E-13
1396.04379043677  2.688582E-13
1397.49144735731  2.854722E-13
1398.93910427785  3.098987E-13
1400.38676119838  2.505770E-13
1401.83441811892  2.824283E-13
1403.28207503946  2.967851E-13
1404.72973195999  2.382295E-13
1406.17738888053  2.300552E-13
1407.62504580107  2.507168E-13
1409.0727027216  2.320980E-13
1410.52035964214  2.568896E-13
1411.96801656268  2.304391E-13
1413.41567348322  2.459757E-13
1414.86333040375  2.379810E-13
1416.31098732429  2.608262E-13
1417.75864424483  2.536677E-13
1419.20630116536  2.435615E-13
1420.6539580859  2.661003E-13
1422.10161500644  2.667205E-13
1423.54927192697  2.619023E-13
1424.99692884751  2.344576E-13
1426.44458576805  2.353754E-13
1427.89224268858  2.310912E-13
1429.33989960912  2.622706E-13
1430.78755652966  2.421774E-13
1432.23521345019  2.211885E-13
1433.68287037073  2.415643E-13
1435.13052729127  2.331857E-13
1436.5781842118  2.377362E-13
1438.02584113234  2.103746E-13
1439.47349805288  2.058952E-13
1440.92115497341  1.954840E-13
1442.36881189395  1.864458E-13
1443.81646881449  2.026729E-13
1445.26412573502  2.230358E-13
1446.71178265556  2.362531E-13
1448.1594395761  2.228764E-13
1449.60709649664  2.306186E-13
1451.05475341717  2.202279E-13
1452.50241033771  2.400153E-13
1453.95006725825  2.011651E-13
1455.39772417878  2.227230E-13
1456.84538109932  2.434910E-13
1458.29303801986  2.090557E-13
1459.74069494039  2.068723E-13
1461.18835186093  2.251939E-13
1462.63600878147  1.964663E-13
1464.083665702  1.880406E-13
1465.53132262254  2.048412E-13
1466.97897954308  2.084735E-13
1468.42663646361  2.223872E-13
1469.87429338415  2.049149E-13
1471.32195030469  2.072018E-13
1472.76960722522  2.256853E-13
1474.21726414576  2.350400E-13
1475.6649210663  1.952315E-13
1477.11257798683  2.150983E-13
1478.56023490737  1.877398E-13
1480.00789182791  2.023773E-13
1481.45554874844  2.092496E-13
1482.90320566898  2.146637E-13
1484.35086258952  2.271698E-13
1485.79851951005  2.331550E-13
1487.24617643059  2.042202E-13
1488.69383335113  2.073359E-13
1490.14149027167  2.158302E-13
1491.5891471922  2.023192E-13
1493.03680411274  1.791729E-13
1494.48446103328  2.054463E-13
1495.93211795381  1.982934E-13
1497.37977487435  1.977547E-13
1498.82743179489  1.963812E-13
1500.27508871542  2.196230E-13
1501.72274563596  2.257821E-13
1503.1704025565  2.029137E-13
1504.61805947703  2.129771E-13
1506.06571639757  2.219680E-13
1507.51337331811  2.271098E-13
1508.96103023864  2.382000E-13
1510.40868715918  2.217009E-13
1511.85634407972  2.403303E-13
1513.30400100025  2.458098E-13
1514.75165792079  2.367424E-13
1516.19931484133  2.468070E-13
1517.64697176186  2.676887E-13
1519.0946286824  2.758114E-13
1520.54228560294  2.424371E-13
1521.98994252347  2.731272E-13
1523.43759944401  2.864364E-13
1524.88525636455  2.590188E-13
1526.33291328509  2.561575E-13
1527.78057020562  2.849485E-13
1529.22822712616  3.042929E-13
1530.6758840467  2.831859E-13
1532.12354096723  2.784913E-13
1533.57119788777  3.197811E-13
1535.01885480831  3.614039E-13
1536.46651172884  3.549661E-13
1537.91416864938  3.739714E-13
1539.36182556992  4.039111E-13
1540.80948249045  4.413370E-13
1542.25713941099  4.432404E-13
1543.70479633153  4.139057E-13
1545.15245325206  4.197652E-13
1546.6001101726  4.285342E-13
1548.04776709314  4.353221E-13
1549.49542401367  3.857233E-13
1550.94308093421  3.822829E-13
1552.39073785475  3.543058E-13
1553.83839477528  3.351868E-13
1555.28605169582  3.236365E-13
1556.73370861636  3.039268E-13
1558.18136553689  2.798443E-13
1559.62902245743  2.674413E-13
1561.07667937797  2.608401E-13
1562.5243362985  2.553415E-13
1563.97199321904  2.723620E-13
1565.41965013958  2.609143E-13
1566.86730706012  2.493834E-13
1568.31496398065  2.291240E-13
1569.76262090119  2.433625E-13
1571.21027782173  2.499547E-13
1572.65793474226  2.458088E-13
1574.1055916628  2.329283E-13
1575.55324858334  2.302733E-13
1577.00090550387  2.321523E-13
1578.44856242441  2.286901E-13
1579.89621934495  2.300635E-13
1581.34387626548  2.250250E-13
1582.79153318602  2.186039E-13
1584.23919010656  2.203523E-13
1585.68684702709  2.097491E-13
1587.13450394763  2.179252E-13
1588.58216086817  2.076786E-13
1590.0298177887  2.019842E-13
1591.47747470924  2.081214E-13
1592.92513162978  2.011561E-13
1594.37278855031  2.121900E-13
1595.82044547085  2.075074E-13
1597.26810239139  2.008162E-13
1598.71575931192  2.030096E-13
1600.16341623246  2.252292E-13
1601.611073153  2.278062E-13
1603.05873007354  2.151204E-13
1604.50638699407  2.037662E-13
1605.95404391461  2.036898E-13
1607.40170083515  2.115502E-13
1608.84935775568  2.031442E-13
1610.29701467622  2.167242E-13
1611.74467159676  2.097008E-13
1613.19232851729  2.179334E-13
1614.63998543783  2.362519E-13
1616.08764235837  2.303313E-13
1617.5352992789  2.194383E-13
1618.98295619944  2.111039E-13
1620.43061311998  1.954176E-13
1621.87827004051  2.099126E-13
1623.32592696105  2.125389E-13
1624.77358388159  2.271051E-13
1626.22124080212  2.260413E-13
1627.66889772266  2.173407E-13
1629.1165546432  2.121076E-13
1630.56421156373  2.278512E-13
1632.01186848427  2.200907E-13
1633.45952540481  2.244548E-13
1634.90718232534  2.239516E-13
1636.35483924588  2.142688E-13
1637.80249616642  2.127905E-13
1639.25015308695  2.038407E-13
1640.69781000749  2.032486E-13
1642.14546692803  2.019914E-13
1643.59312384857  2.024072E-13
1645.0407807691  2.056667E-13
1646.48843768964  2.077795E-13
1647.93609461018  2.094640E-13
1649.38375153071  2.142991E-13
1650.83140845125  2.152386E-13
1652.27906537179  2.180386E-13
1653.72672229232  2.132356E-13
1655.17437921286  2.192508E-13
1656.6220361334  2.188361E-13
1658.06969305393  2.136167E-13
1659.51734997447  2.164188E-13
1660.96500689501  2.144876E-13
1662.41266381554  2.130853E-13
1663.86032073608  2.073145E-13
1665.30797765662  1.992557E-13
1666.75563457715  2.023159E-13
1668.20329149769  1.996162E-13
1669.65094841823  1.983724E-13
1671.09860533876  1.927588E-13
1672.5462622593  1.900721E-13
1673.99391917984  1.892175E-13
1675.44157610038  2.004150E-13
1676.88923302091  1.890578E-13
1678.33688994145  1.896356E-13
1679.78454686199  1.917536E-13
1681.23220378252  1.989051E-13
1682.67986070306  1.959876E-13
1684.1275176236  2.029301E-13
1685.57517454413  1.986186E-13
1687.02283146467  2.065169E-13
1688.47048838521  2.043822E-13
1689.91814530574  2.193405E-13
1691.36580222628  2.147835E-13
1692.81345914682  2.043049E-13
1694.26111606735  1.968712E-13
1695.70877298789  1.911175E-13
1697.15642990843  1.878292E-13
1698.60408682896  2.003095E-13
1700.0517437495  2.031548E-13
1701.49940067004  2.041892E-13
1702.94705759057  1.963554E-13
1704.39471451111  1.926216E-13
1705.84237143165  1.836335E-13
1707.29002835218  1.814044E-13
1708.73768527272  1.799837E-13
1710.18534219326  0.
1711.63299911379  0.
1713.08065603433  0.
1714.52831295487  0.
1715.97596987541  0.
1717.42362679594  0.
1718.87128371648  0.
1720.31894063702  0.
1721.76659755755  0.
1723.21425447809  0.
1724.66191139863  0.
1726.10956831916  0.
1727.5572252397  0.
1729.00488216024  0.
1730.45253908077  0.
1731.90019600131  0.
1733.34785292185  0.
1734.79550984238  0.
1736.24316676292  0.
1737.69082368346  0.
1739.13848060399  0.
1740.58613752453  0.
1742.03379444507  0.
1743.4814513656  0.
1744.92910828614  0.
1746.37676520668  0.
1747.82442212721  0.
1749.27207904775  0.
1750.71973596829  0.
1752.16739288882  0.
1753.61504980936  0.
1755.0627067299  0.
1756.51036365043  0.
1757.95802057097  0.
1759.40567749151  0.
1760.85333441205  0.
1762.30099133258  0.
1763.74864825312  0.
1765.19630517366  0.
1766.64396209419  0.
1768.09161901473  0.
1769.53927593527  0.
1770.9869328558  0.
1772.43458977634  0.
1773.88224669688  0.
1775.32990361741  0.
1776.77756053795  0.
1778.22521745849  0.
1779.67287437902  0.
1781.12053129956  0.
1782.5681882201  0.
1784.01584514063  0.
1785.46350206117  0.
1786.91115898171  0.
1788.35881590224  0.
1789.80647282278  0.
1791.25412974332  0.
1792.70178666385  0.
1794.14944358439  0.
1795.59710050493  0.
1797.04475742547  0.
1798.492414346  0.
1799.94007126654  0.
1801.38772818708  0.
1802.83538510761  0.
1804.28304202815  0.
1805.73069894869  0.
1807.17835586922  0.
1808.62601278976  0.
1810.0736697103  0.
1811.52132663083  0.
1812.96898355137  0.
1814.41664047191  0.
1815.86429739244  0.
1817.31195431298  0.
1818.75961123352  0.
1820.20726815405  0.
1821.65492507459  0.
1823.10258199513  0.
1824.55023891566  0.
1825.9978958362  0.
1827.44555275674  0.
1828.89320967727  0.
1830.34086659781  0.
1831.78852351835  0.
