906.735751295338  0.
908.183365802898  0.
909.630980310458  0.
911.078594818018  0.
912.526209325578  0.
913.973823833137  0.
915.421438340697  0.
916.869052848257  0.
918.316667355817  0.
919.764281863377  0.
921.211896370937  0.
922.659510878497  0.
924.107125386056  0.
925.554739893616  0.
927.002354401176  0.
928.449968908736  0.
929.897583416296  0.
931.345197923856  0.
932.792812431415  0.
934.240426938975  0.
935.688041446535  0.
937.135655954095  0.
938.583270461655  0.
940.030884969215  0.
941.478499476774  0.
942.926113984334  0.
944.373728491894  0.
945.821342999454  0.
947.268957507014  0.
948.716572014574  0.
950.164186522133  0.
951.611801029693  0.
953.059415537253  0.
954.507030044813  0.
955.954644552373  0.
957.402259059933  0.
958.849873567493  0.
960.297488075052  0.
961.745102582612  0.
963.192717090172  0.
964.640331597732  0.
966.087946105292  0.
967.535560612852  0.
968.983175120411  0.
970.430789627971  0.
971.878404135531  0.
973.326018643091  0.
974.773633150651  0.
976.221247658211  0.
977.668862165771  0.
979.11647667333  0.
980.56409118089  0.
982.01170568845  0.
983.45932019601  0.
984.90693470357  0.
986.35454921113  0.
987.802163718689  0.
989.249778226249  0.
990.697392733809  0.
992.145007241369  0.
993.592621748929  2.487388E-14
995.040236256489  3.699027E-13
996.487850764048  2.218927E-13
997.935465271608  2.716522E-13
999.383079779168  1.697465E-13
1000.83069428673  2.955573E-13
1002.27830879429  2.284324E-13
1003.72592330185  1.078937E-13
1005.17353780941  1.332715E-13
1006.62115231697  1.300891E-13
1008.06876682453  2.057257E-13
1009.51638133209  2.098260E-13
1010.96399583965  2.785132E-13
1012.41161034721  2.293437E-13
1013.85922485477  1.907901E-13
1015.30683936233  2.468652E-13
1016.75445386989  2.573534E-13
1018.20206837745  1.461625E-13
1019.64968288501  2.316674E-13
1021.09729739257  1.704797E-13
1022.54491190013  2.218141E-13
1023.99252640769  2.255070E-13
1025.44014091525  3.459580E-13
1026.8877554228  2.836492E-13
1028.33536993037  3.148804E-13
1029.78298443792  3.283592E-13
1031.23059894548  4.563680E-13
1032.67821345304  2.547724E-13
1034.1258279606  6.033676E-13
1035.57344246816  3.103170E-13
1037.02105697572  4.255006E-13
1038.46867148328  3.278915E-13
1039.91628599084  3.095625E-13
1041.3639004984  2.629241E-13
1042.81151500596  2.151806E-13
1044.25912951352  3.335077E-13
1045.70674402108  3.217004E-13
1047.15435852864  4.730510E-13
1048.6019730362  3.358383E-13
1050.04958754376  4.573935E-13
1051.49720205132  3.493735E-13
1052.94481655888  3.399138E-13
1054.39243106644  3.071113E-13
1055.840045574  2.754291E-13
1057.28766008156  1.515609E-13
1058.73527458912  1.610313E-13
1060.18288909668  2.282526E-13
1061.63050360424  2.189277E-13
1063.0781181118  2.314230E-13
1064.52573261936  2.313079E-13
1065.97334712692  2.737253E-13
1067.42096163448  2.168309E-13
1068.86857614204  2.518195E-13
1070.3161906496  2.127879E-13
1071.76380515716  2.275542E-13
1073.21141966472  2.510469E-13
1074.65903417228  2.076641E-13
1076.10664867984  2.597187E-13
1077.5542631874  1.874011E-13
1079.00187769496  2.450687E-13
1080.44949220252  2.393444E-13
1081.89710671008  1.630095E-13
1083.34472121764  1.892076E-13
1084.7923357252  1.641962E-13
1086.23995023276  1.995737E-13
1087.68756474032  1.859289E-13
1089.13517924788  1.731919E-13
1090.58279375544  1.468638E-13
1092.030408263  1.766730E-13
1093.47802277056  2.132819E-13
1094.92563727812  1.688194E-13
1096.37325178568  2.281322E-13
1097.82086629324  2.279094E-13
1099.2684808008  1.660591E-13
1100.71609530836  1.814445E-13
1102.16370981592  2.366495E-13
1103.61132432348  2.003461E-13
1105.05893883104  2.160143E-13
1106.5065533386  2.088298E-13
1107.95416784616  2.291486E-13
1109.40178235372  2.485102E-13
1110.84939686128  1.850876E-13
1112.29701136884  1.853296E-13
1113.7446258764  1.764279E-13
1115.19224038396  2.690410E-13
1116.63985489152  2.131200E-13
1118.08746939908  1.797340E-13
1119.53508390664  1.893471E-13
1120.98269841419  2.004162E-13
1122.43031292175  1.727883E-13
1123.87792742931  1.845878E-13
1125.32554193687  1.640379E-13
1126.77315644443  1.725444E-13
1128.22077095199  1.801875E-13
1129.66838545955  2.016072E-13
1131.11599996711  2.074827E-13
1132.56361447467  1.861013E-13
1134.01122898223  2.038563E-13
1135.45884348979  1.799522E-13
1136.90645799735  1.791489E-13
1138.35407250491  2.317417E-13
1139.80168701247  1.680095E-13
1141.24930152003  2.015668E-13
1142.69691602759  1.199096E-13
1144.14453053515  1.547360E-13
1145.59214504271  1.773189E-13
1147.03975955027  1.975890E-13
1148.48737405783  1.802379E-13
1149.93498856539  2.140392E-13
1151.38260307295  1.965161E-13
1152.83021758051  1.880385E-13
1154.27783208807  1.833402E-13
1155.72544659563  1.347773E-13
1157.17306110319  1.789585E-13
1158.62067561075  1.907299E-13
1160.06829011831  1.725283E-13
1161.51590462587  2.203870E-13
1162.96351913343  1.884090E-13
1164.41113364099  2.041371E-13
1165.85874814855  1.923041E-13
1167.30636265611  1.931708E-13
1168.75397716367  2.151286E-13
1170.20159167123  2.380513E-13
1171.64920617879  2.177717E-13
1173.09682068635  2.233287E-13
1174.54443519391  1.995053E-13
1175.99204970147  2.287374E-13
1177.43966420903  2.219027E-13
1178.88727871659  2.233245E-13
1180.33489322415  2.176146E-13
1181.78250773171  2.393754E-13
1183.23012223927  2.182862E-13
1184.67773674683  2.544551E-13
1186.12535125439  2.818178E-13
1187.57296576195  2.111226E-13
1189.02058026951  2.586671E-13
1190.46819477707  2.529657E-13
1191.91580928463  2.632163E-13
1193.36342379219  2.714435E-13
1194.81103829975  3.214326E-13
1196.25865280731  3.082671E-13
1197.70626731487  2.759724E-13
1199.15388182243  2.779416E-13
1200.60149632999  3.739064E-13
1202.04911083755  3.865268E-13
1203.49672534511  3.047267E-13
1204.94433985267  3.264112E-13
1206.39195436023  3.823761E-13
1207.83956886779  4.902135E-13
1209.28718337535  6.095699E-13
1210.7347978829  6.172470E-13
1212.18241239046  7.194935E-13
1213.63002689802  8.322382E-13
1215.07764140558  9.041458E-13
1216.52525591314  9.222586E-13
1217.9728704207  8.854405E-13
1219.42048492826  6.868526E-13
1220.86809943582  6.718726E-13
1222.31571394338  6.226127E-13
1223.76332845094  4.351297E-13
1225.2109429585  4.385569E-13
1226.65855746606  3.541001E-13
1228.10617197362  3.099349E-13
1229.55378648118  3.208463E-13
1231.00140098874  3.412692E-13
1232.4490154963  3.495414E-13
1233.89663000386  3.551561E-13
1235.34424451142  3.180030E-13
1236.79185901898  4.048261E-13
1238.23947352654  3.794964E-13
1239.6870880341  4.088561E-13
1241.13470254166  3.807803E-13
1242.58231704922  3.299254E-13
1244.02993155678  3.214461E-13
1245.47754606434  2.981428E-13
1246.9251605719  2.710581E-13
1248.37277507946  2.816813E-13
1249.82038958702  2.778884E-13
1251.26800409458  2.249463E-13
1252.71561860214  2.563093E-13
1254.1632331097  2.219099E-13
1255.61084761726  2.337839E-13
1257.05846212482  2.747610E-13
1258.50607663238  2.274175E-13
1259.95369113994  2.634903E-13
1261.4013056475  2.388202E-13
1262.84892015506  2.025758E-13
1264.29653466262  2.177711E-13
1265.74414917018  1.933859E-13
1267.19176367774  1.953622E-13
1268.6393781853  2.031054E-13
1270.08699269286  1.760835E-13
1271.53460720042  1.975709E-13
1272.98222170798  1.893416E-13
1274.42983621554  1.687639E-13
1275.8774507231  1.765377E-13
1277.32506523066  1.668022E-13
1278.77267973822  1.560219E-13
1280.22029424578  1.717398E-13
1281.66790875334  1.984153E-13
1283.1155232609  1.462925E-13
1284.56313776846  1.624950E-13
1286.01075227602  1.461767E-13
1287.45836678358  1.988135E-13
1288.90598129114  1.815756E-13
1290.3535957987  1.910130E-13
1291.80121030626  1.922062E-13
1293.24882481382  1.963251E-13
1294.69643932138  1.912898E-13
1296.14405382894  2.292452E-13
1297.5916683365  1.985028E-13
1299.03928284406  2.069286E-13
1300.48689735162  1.835837E-13
1301.93451185917  1.731170E-13
1303.38212636674  1.744310E-13
1304.82974087429  2.027706E-13
1306.27735538185  1.737327E-13
1307.72496988941  2.106654E-13
1309.17258439697  1.814464E-13
1310.62019890453  1.846488E-13
1312.06781341209  1.455991E-13
1313.51542791965  1.778252E-13
1314.96304242721  1.547972E-13
1316.41065693477  1.459512E-13
1317.85827144233  1.716247E-13
1319.30588594989  1.236991E-13
1320.75350045745  1.295469E-13
1322.20111496501  1.354892E-13
1323.64872947257  1.815203E-13
1325.09634398013  1.474782E-13
1326.54395848769  1.385743E-13
1327.99157299525  1.726176E-13
1329.43918750281  1.319653E-13
1330.88680201037  1.686628E-13
1332.33441651793  1.560247E-13
1333.78203102549  1.397954E-13
1335.22964553305  1.460446E-13
1336.67726004061  1.393646E-13
1338.12487454817  1.338044E-13
1339.57248905573  1.494951E-13
1341.02010356329  1.271260E-13
1342.46771807085  1.458301E-13
1343.91533257841  1.355896E-13
1345.36294708597  1.664911E-13
1346.81056159353  1.558486E-13
1348.25817610109  1.534320E-13
1349.70579060865  1.600334E-13
1351.15340511621  1.259648E-13
1352.60101962377  1.440522E-13
1354.04863413133  1.156608E-13
1355.49624863889  1.604764E-13
1356.94386314645  1.561597E-13
1358.39147765401  1.382372E-13
1359.83909216157  1.371911E-13
1361.28670666913  1.819290E-13
1362.73432117669  1.716038E-13
1364.18193568425  1.394194E-13
1365.62955019181  1.664625E-13
1367.07716469937  1.762514E-13
1368.52477920693  1.885929E-13
1369.97239371449  1.520270E-13
1371.42000822205  1.497350E-13
1372.86762272961  1.366121E-13
1374.31523723717  1.388365E-13
1375.76285174473  1.888136E-13
1377.21046625229  1.825452E-13
1378.65808075985  1.813282E-13
1380.10569526741  1.935849E-13
1381.55330977497  1.719514E-13
1383.00092428253  1.761491E-13
1384.44853879009  1.616442E-13
1385.89615329765  1.551134E-13
1387.34376780521  2.016345E-13
1388.79138231277  1.717849E-13
1390.23899682033  1.530594E-13
1391.68661132789  1.751943E-13
1393.13422583545  1.631953E-13
1394.581840343  1.589699E-13
1396.02945485057  2.001572E-13
1397.47706935812  1.761840E-13
1398.92468386568  1.936773E-13
1400.37229837324  2.076932E-13
1401.8199128808  1.842383E-13
1403.26752738836  1.797434E-13
1404.71514189592  1.770354E-13
1406.16275640348  1.930785E-13
1407.61037091104  1.528303E-13
1409.0579854186  1.566377E-13
1410.50559992616  1.639423E-13
1411.95321443372  1.704355E-13
1413.40082894128  1.628011E-13
1414.84844344884  1.877713E-13
1416.2960579564  1.973219E-13
1417.74367246396  1.855666E-13
1419.19128697152  1.487043E-13
1420.63890147908  1.646506E-13
1422.08651598664  1.578769E-13
1423.5341304942  1.336954E-13
1424.98174500176  1.671945E-13
1426.42935950932  1.389787E-13
1427.87697401688  1.481836E-13
1429.32458852444  1.524647E-13
1430.772203032  1.326672E-13
1432.21981753956  1.186434E-13
1433.66743204712  1.309461E-13
1435.11504655468  1.400084E-13
1436.56266106224  1.402818E-13
1438.0102755698  1.649129E-13
1439.45789007736  1.613709E-13
1440.90550458492  1.653779E-13
1442.35311909248  1.320936E-13
1443.80073360004  1.352811E-13
1445.2483481076  1.454306E-13
1446.69596261516  1.340698E-13
1448.14357712272  1.208617E-13
1449.59119163028  1.522291E-13
1451.03880613784  1.300870E-13
1452.4864206454  1.316859E-13
1453.93403515296  1.497217E-13
1455.38164966052  1.506820E-13
1456.82926416808  1.309038E-13
1458.27687867564  1.300878E-13
1459.7244931832  1.261389E-13
1461.17210769076  1.409280E-13
1462.61972219832  1.582361E-13
1464.06733670588  1.262978E-13
1465.51495121344  1.381549E-13
1466.962565721  1.548064E-13
1468.41018022856  1.625221E-13
1469.85779473612  1.606791E-13
1471.30540924368  1.427052E-13
1472.75302375124  1.427255E-13
1474.2006382588  1.559375E-13
1475.64825276636  1.194940E-13
1477.09586727392  1.326979E-13
1478.54348178148  1.338957E-13
1479.99109628904  1.300700E-13
1481.4387107966  1.478278E-13
1482.88632530416  1.332649E-13
1484.33393981172  1.450738E-13
1485.78155431928  1.443278E-13
1487.22916882683  1.319413E-13
1488.67678333439  1.462787E-13
1490.12439784195  1.631373E-13
1491.57201234951  1.545580E-13
1493.01962685707  1.307879E-13
1494.46724136463  1.425640E-13
1495.91485587219  1.521231E-13
1497.36247037975  1.301263E-13
1498.81008488731  1.259779E-13
1500.25769939487  1.370137E-13
1501.70531390243  1.463824E-13
1503.15292840999  1.667408E-13
1504.60054291755  1.502208E-13
1506.04815742511  1.568363E-13
1507.49577193267  1.676043E-13
1508.94338644023  1.648293E-13
1510.39100094779  1.791384E-13
1511.83861545535  1.714002E-13
1513.28622996291  1.771943E-13
1514.73384447047  1.813854E-13
1516.18145897803  1.541943E-13
1517.62907348559  1.530927E-13
1519.07668799315  1.745665E-13
1520.52430250071  1.668119E-13
1521.97191700827  1.657630E-13
1523.41953151583  1.904341E-13
1524.86714602339  1.966930E-13
1526.31476053095  1.921000E-13
1527.76237503851  1.859726E-13
1529.20998954607  1.859620E-13
1530.65760405363  1.937032E-13
1532.10521856119  1.990633E-13
1533.55283306875  1.955870E-13
1535.00044757631  2.240250E-13
1536.44806208387  2.205960E-13
1537.89567659143  2.387757E-13
1539.34329109899  2.699027E-13
1540.79090560655  2.788447E-13
1542.23852011411  3.057132E-13
1543.68613462167  3.025737E-13
1545.13374912923  3.158062E-13
1546.58136363679  3.278286E-13
1548.02897814435  3.295106E-13
1549.47659265191  3.276509E-13
1550.92420715947  3.153088E-13
1552.37182166703  3.223584E-13
1553.81943617459  2.944069E-13
1555.26705068215  2.641335E-13
1556.71466518971  2.418972E-13
1558.16227969727  1.945764E-13
1559.60989420483  1.907452E-13
1561.05750871239  1.988819E-13
1562.50512321995  2.073693E-13
1563.95273772751  1.826042E-13
1565.40035223507  1.676742E-13
1566.84796674263  1.710765E-13
1568.29558125019  1.782435E-13
1569.74319575775  1.656186E-13
1571.19081026531  1.595614E-13
1572.63842477287  1.514587E-13
1574.08603928043  1.541311E-13
1575.53365378799  1.479790E-13
1576.98126829555  1.472828E-13
1578.4288828031  1.620136E-13
1579.87649731066  1.454999E-13
1581.32411181822  1.490206E-13
1582.77172632578  1.452881E-13
1584.21934083334  1.466738E-13
1585.6669553409  1.474634E-13
1587.11456984846  1.424156E-13
1588.56218435602  1.497455E-13
1590.00979886358  1.433089E-13
1591.45741337114  1.410047E-13
1592.9050278787  1.430239E-13
1594.35264238626  1.498649E-13
1595.80025689382  1.612965E-13
1597.24787140138  1.591851E-13
1598.69548590894  1.629334E-13
1600.1431004165  1.468115E-13
1601.59071492406  1.428778E-13
1603.03832943162  1.498128E-13
1604.48594393918  1.487642E-13
1605.93355844674  1.541914E-13
1607.3811729543  1.456741E-13
1608.82878746186  1.324522E-13
1610.27640196942  1.408361E-13
1611.72401647698  1.321867E-13
1613.17163098454  1.355390E-13
1614.6192454921  1.422722E-13
1616.06685999966  1.438600E-13
1617.51447450722  1.509619E-13
1618.96208901478  1.495198E-13
1620.40970352234  1.457496E-13
1621.8573180299  1.405279E-13
1623.30493253746  1.429516E-13
1624.75254704502  1.425851E-13
1626.20016155258  1.385927E-13
1627.64777606014  1.443046E-13
1629.0953905677  1.395666E-13
1630.54300507526  1.450833E-13
1631.99061958282  1.451471E-13
1633.43823409038  1.386701E-13
1634.88584859794  1.410930E-13
1636.3334631055  1.507398E-13
1637.78107761306  1.536425E-13
1639.22869212062  1.529738E-13
1640.67630662818  1.600878E-13
1642.12392113574  1.724449E-13
1643.5715356433  1.640531E-13
1645.01915015086  1.479241E-13
1646.46676465842  1.329014E-13
1647.91437916598  1.398786E-13
1649.36199367354  1.467412E-13
1650.8096081811  1.593603E-13
1652.25722268866  1.583484E-13
1653.70483719622  1.442522E-13
1655.15245170378  1.392258E-13
1656.60006621134  1.384750E-13
1658.0476807189  1.385961E-13
1659.49529522646  1.510446E-13
1660.94290973402  1.575035E-13
1662.39052424158  1.540505E-13
1663.83813874914  1.499162E-13
1665.2857532567  1.513301E-13
1666.73336776426  1.492070E-13
1668.18098227181  1.469585E-13
1669.62859677938  1.406181E-13
1671.07621128693  1.481808E-13
1672.52382579449  1.518164E-13
1673.97144030205  1.543285E-13
1675.41905480961  1.417781E-13
1676.86666931717  1.373850E-13
1678.31428382473  1.351926E-13
1679.76189833229  1.286136E-13
1681.20951283985  1.207702E-13
1682.65712734741  1.264129E-13
1684.10474185497  1.263613E-13
1685.55235636253  1.329294E-13
1686.99997087009  1.299701E-13
1688.44758537765  1.295280E-13
1689.89519988521  1.348558E-13
1691.34281439277  1.319886E-13
1692.79042890033  1.346554E-13
1694.23804340789  1.276035E-13
1695.68565791545  1.291204E-13
1697.13327242301  1.277280E-13
1698.58088693057  1.233921E-13
1700.02850143813  1.270708E-13
1701.47611594569  1.199729E-13
1702.92373045325  1.199675E-13
1704.37134496081  1.287933E-13
1705.81895946837  1.322085E-13
1707.26657397593  1.345779E-13
1708.71418848349  1.370071E-13
1710.16180299105  0.
1711.60941749861  0.
1713.05703200617  0.
1714.50464651373  0.
1715.95226102129  0.
1717.39987552885  0.
1718.84749003641  0.
1720.29510454397  0.
1721.74271905153  0.
1723.19033355909  0.
1724.63794806665  0.
1726.08556257421  0.
1727.53317708177  0.
1728.98079158933  0.
1730.42840609689  0.
1731.87602060445  0.
1733.32363511201  0.
1734.77124961957  0.
1736.21886412713  0.
1737.66647863469  0.
1739.11409314225  0.
1740.56170764981  0.
1742.00932215737  0.
1743.45693666493  0.
1744.90455117249  0.
1746.35216568005  0.
1747.79978018761  0.
1749.24739469517  0.
1750.69500920273  0.
1752.14262371029  0.
1753.59023821785  0.
1755.03785272541  0.
1756.48546723297  0.
1757.93308174053  0.
1759.38069624809  0.
1760.82831075565  0.
1762.27592526321  0.
1763.72353977076  0.
1765.17115427832  0.
1766.61876878588  0.
1768.06638329344  0.
1769.513997801  0.
1770.96161230856  0.
1772.40922681612  0.
1773.85684132368  0.
1775.30445583124  0.
1776.7520703388  0.
1778.19968484636  0.
1779.64729935392  0.
1781.09491386148  0.
1782.54252836904  0.
1783.9901428766  0.
1785.43775738416  0.
1786.88537189172  0.
1788.33298639928  0.
1789.78060090684  0.
1791.2282154144  0.
1792.67582992196  0.
1794.12344442952  0.
1795.57105893708  0.
1797.01867344464  0.
1798.4662879522  0.
1799.91390245976  0.
1801.36151696732  0.
1802.80913147488  0.
1804.25674598244  0.
1805.70436049  0.
1807.15197499756  0.
1808.59958950512  0.
1810.04720401268  0.
1811.49481852024  0.
1812.9424330278  0.
1814.39004753536  0.
1815.83766204292  0.
1817.28527655048  0.
1818.73289105804  0.
1820.1805055656  0.
1821.62812007316  0.
1823.07573458072  0.
1824.52334908828  0.
1825.97096359584  0.
1827.4185781034  0.
1828.86619261096  0.
1830.31380711852  0.
1831.76142162608  0.
