906.735751295338  0.
908.183408215875  0.
909.631065136412  0.
911.078722056949  0.
912.526378977485  0.
913.974035898022  0.
915.421692818559  0.
916.869349739096  0.
918.317006659633  0.
919.764663580169  0.
921.212320500706  0.
922.659977421243  0.
924.10763434178  0.
925.555291262316  0.
927.002948182853  0.
928.45060510339  0.
929.898262023927  0.
931.345918944464  0.
932.793575865  0.
934.241232785537  0.
935.688889706074  0.
937.136546626611  0.
938.584203547148  0.
940.031860467684  0.
941.479517388221  0.
942.927174308758  0.
944.374831229295  0.
945.822488149832  0.
947.270145070369  0.
948.717801990905  0.
950.165458911442  0.
951.613115831979  0.
953.060772752515  0.
954.508429673052  0.
955.956086593589  0.
957.403743514126  0.
958.851400434663  0.
960.2990573552  0.
961.746714275736  0.
963.194371196273  0.
964.64202811681  0.
966.089685037347  0.
967.537341957883  0.
968.98499887842  0.
970.432655798957  0.
971.880312719494  0.
973.327969640031  0.
974.775626560567  0.
976.223283481104  0.
977.670940401641  0.
979.118597322178  0.
980.566254242715  0.
982.013911163251  0.
983.461568083788  0.
984.909225004325  0.
986.356881924862  0.
987.804538845399  0.
989.252195765935  0.
990.699852686472  0.
992.147509607009  0.
993.595166527546  3.597116E-13
995.042823448082  4.926590E-13
996.490480368619  4.756632E-13
997.938137289156  4.599234E-13
999.385794209693  5.993724E-13
1000.83345113023  4.769652E-13
1002.28110805077  5.006898E-13
1003.7287649713  5.764069E-13
1005.17642189184  5.391196E-13
1006.62407881238  5.178340E-13
1008.07173573291  4.271334E-13
1009.51939265345  5.160956E-13
1010.96704957399  5.066524E-13
1012.41470649452  4.687134E-13
1013.86236341506  4.986174E-13
1015.3100203356  5.749460E-13
1016.75767725613  5.502333E-13
1018.20533417667  5.394337E-13
1019.65299109721  4.886827E-13
1021.10064801775  5.031698E-13
1022.54830493828  5.226075E-13
1023.99596185882  5.155947E-13
1025.44361877936  5.499809E-13
1026.89127569989  4.608579E-13
1028.33893262043  4.797248E-13
1029.78658954097  5.079082E-13
1031.2342464615  4.935607E-13
1032.68190338204  4.174421E-13
1034.12956030258  4.066154E-13
1035.57721722311  3.851693E-13
1037.02487414365  4.072351E-13
1038.47253106419  3.725314E-13
1039.92018798472  3.487652E-13
1041.36784490526  3.290764E-13
1042.8155018258  3.199115E-13
1044.26315874633  2.911303E-13
1045.71081566687  3.149855E-13
1047.15847258741  3.805190E-13
1048.60612950794  4.330026E-13
1050.05378642848  4.595301E-13
1051.50144334902  5.117075E-13
1052.94910026955  4.466615E-13
1054.39675719009  4.370613E-13
1055.84441411063  3.936850E-13
1057.29207103116  3.711580E-13
1058.7397279517  3.519834E-13
1060.18738487224  3.366026E-13
1061.63504179277  3.605158E-13
1063.08269871331  3.343863E-13
1064.53035563385  3.418087E-13
1065.97801255439  3.126344E-13
1067.42566947492  3.225504E-13
1068.87332639546  3.198082E-13
1070.320983316  3.447779E-13
1071.76864023653  3.345752E-13
1073.21629715707  3.662360E-13
1074.66395407761  3.106695E-13
1076.11161099814  3.075346E-13
1077.55926791868  3.128822E-13
1079.00692483922  3.025874E-13
1080.45458175975  3.469469E-13
1081.90223868029  2.966250E-13
1083.34989560083  2.983616E-13
1084.79755252136  2.439642E-13
1086.2452094419  2.282731E-13
1087.69286636244  2.818422E-13
1089.14052328297  3.244073E-13
1090.58818020351  3.018052E-13
1092.03583712405  3.102781E-13
1093.48349404458  2.738915E-13
1094.93115096512  2.711654E-13
1096.37880788566  2.717090E-13
1097.82646480619  2.701275E-13
1099.27412172673  2.637420E-13
1100.72177864727  2.750575E-13
1102.1694355678  3.062121E-13
1103.61709248834  2.921418E-13
1105.06474940888  2.934037E-13
1106.51240632942  2.763194E-13
1107.96006324995  2.997437E-13
1109.40772017049  2.895188E-13
1110.85537709103  2.904458E-13
1112.30303401156  2.990622E-13
1113.7506909321  2.899243E-13
1115.19834785264  2.918022E-13
1116.64600477317  2.711994E-13
1118.09366169371  2.674038E-13
1119.54131861425  2.845842E-13
1120.98897553478  2.690243E-13
1122.43663245532  2.266597E-13
1123.88428937586  2.417527E-13
1125.33194629639  2.764858E-13
1126.77960321693  2.583467E-13
1128.22726013747  2.877158E-13
1129.674917058  2.512269E-13
1131.12257397854  3.095880E-13
1132.57023089908  2.739235E-13
1134.01788781961  2.801363E-13
1135.46554474015  2.541162E-13
1136.91320166069  2.634389E-13
1138.36085858122  2.487995E-13
1139.80851550176  2.613716E-13
1141.2561724223  2.792034E-13
1142.70382934284  2.675441E-13
1144.15148626337  2.786296E-13
1145.59914318391  2.735720E-13
1147.04680010445  2.753306E-13
1148.49445702498  2.420605E-13
1149.94211394552  2.417784E-13
1151.38977086606  2.561602E-13
1152.83742778659  2.690927E-13
1154.28508470713  2.447141E-13
1155.73274162767  2.591480E-13
1157.1803985482  2.722225E-13
1158.62805546874  3.122901E-13
1160.07571238928  2.582902E-13
1161.52336930981  2.806870E-13
1162.97102623035  2.886101E-13
1164.41868315089  2.776406E-13
1165.86634007142  2.874898E-13
1167.31399699196  2.836855E-13
1168.7616539125  3.094872E-13
1170.20931083303  3.335315E-13
1171.65696775357  3.235104E-13
1173.10462467411  3.409878E-13
1174.55228159464  3.001438E-13
1175.99993851518  3.418795E-13
1177.44759543572  3.470277E-13
1178.89525235625  3.384209E-13
1180.34290927679  3.185310E-13
1181.79056619733  3.435759E-13
1183.23822311787  3.426449E-13
1184.6858800384  3.540401E-13
1186.13353695894  3.590009E-13
1187.58119387948  3.763154E-13
1189.02885080001  4.181950E-13
1190.47650772055  3.691690E-13
1191.92416464109  4.111294E-13
1193.37182156162  5.417139E-13
1194.81947848216  4.260677E-13
1196.2671354027  5.115412E-13
1197.71479232323  4.959967E-13
1199.16244924377  4.411145E-13
1200.61010616431  4.842934E-13
1202.05776308484  5.701618E-13
1203.50542000538  6.471674E-13
1204.95307692592  6.150117E-13
1206.40073384645  6.859224E-13
1207.84839076699  9.521088E-13
1209.29604768753  8.130459E-13
1210.74370460806  8.720173E-13
1212.1913615286  9.887669E-13
1213.63901844914  8.468508E-13
1215.08667536967  7.856499E-13
1216.53433229021  7.486868E-13
1217.98198921075  7.117557E-13
1219.42964613129  6.959355E-13
1220.87730305182  5.822475E-13
1222.32495997236  5.510913E-13
1223.7726168929  4.287553E-13
1225.22027381343  4.176179E-13
1226.66793073397  4.539971E-13
1228.11558765451  4.467253E-13
1229.56324457504  4.231623E-13
1231.01090149558  4.242817E-13
1232.45855841612  4.374515E-13
1233.90621533665  4.401142E-13
1235.35387225719  4.925712E-13
1236.80152917773  4.507739E-13
1238.24918609826  3.855283E-13
1239.6968430188  4.221155E-13
1241.14449993934  4.185928E-13
1242.59215685987  3.977727E-13
1244.03981378041  3.624813E-13
1245.48747070095  3.676516E-13
1246.93512762148  3.374951E-13
1248.38278454202  3.379959E-13
1249.83044146256  3.081533E-13
1251.27809838309  3.255600E-13
1252.72575530363  3.246903E-13
1254.17341222417  3.004223E-13
1255.62106914471  2.829479E-13
1257.06872606524  2.823268E-13
1258.51638298578  2.808289E-13
1259.96403990632  3.158696E-13
1261.41169682685  3.003425E-13
1262.85935374739  2.716007E-13
1264.30701066793  2.611221E-13
1265.75466758846  2.388963E-13
1267.202324509  2.693553E-13
1268.64998142954  2.569719E-13
1270.09763835007  2.609904E-13
1271.54529527061  2.632611E-13
1272.99295219115  2.684741E-13
1274.44060911168  2.625110E-13
1275.88826603222  2.523577E-13
1277.33592295276  2.300198E-13
1278.78357987329  2.451355E-13
1280.23123679383  2.627353E-13
1281.67889371437  2.578201E-13
1283.1265506349  2.252574E-13
1284.57420755544  2.365971E-13
1286.02186447598  2.422017E-13
1287.46952139651  2.349664E-13
1288.91717831705  2.446614E-13
1290.36483523759  2.661124E-13
1291.81249215812  2.584378E-13
1293.26014907866  2.961634E-13
1294.7078059992  2.641629E-13
1296.15546291974  2.644613E-13
1297.60311984027  2.720253E-13
1299.05077676081  2.649339E-13
1300.49843368135  2.537496E-13
1301.94609060188  2.832216E-13
1303.39374752242  2.564022E-13
1304.84140444296  2.513226E-13
1306.28906136349  2.651295E-13
1307.73671828403  2.379924E-13
1309.18437520457  2.227188E-13
1310.6320321251  2.430147E-13
1312.07968904564  2.372077E-13
1313.52734596618  2.413608E-13
1314.97500288671  2.548960E-13
1316.42265980725  2.277539E-13
1317.87031672779  2.127191E-13
1319.31797364832  2.350925E-13
1320.76563056886  2.199650E-13
1322.2132874894  2.366316E-13
1323.66094440993  2.484328E-13
1325.10860133047  2.440896E-13
1326.55625825101  2.209898E-13
1328.00391517154  2.326670E-13
1329.45157209208  2.618279E-13
1330.89922901262  2.538060E-13
1332.34688593315  2.235706E-13
1333.79454285369  2.134678E-13
1335.24219977423  2.104068E-13
1336.68985669477  2.155214E-13
1338.1375136153  2.364023E-13
1339.58517053584  2.599697E-13
1341.03282745638  2.509149E-13
1342.48048437691  2.332318E-13
1343.92814129745  2.131590E-13
1345.37579821799  2.197357E-13
1346.82345513852  2.114327E-13
1348.27111205906  2.297237E-13
1349.7187689796  2.406757E-13
1351.16642590013  2.637603E-13
1352.61408282067  2.468820E-13
1354.06173974121  2.283000E-13
1355.50939666174  2.408191E-13
1356.95705358228  2.263821E-13
1358.40471050282  2.417497E-13
1359.85236742335  2.489675E-13
1361.30002434389  2.405509E-13
1362.74768126443  2.245355E-13
1364.19533818496  2.286949E-13
1365.6429951055  2.258933E-13
1367.09065202604  2.491370E-13
1368.53830894657  2.628458E-13
1369.98596586711  2.563272E-13
1371.43362278765  2.495611E-13
1372.88127970819  2.294879E-13
1374.32893662872  2.085380E-13
1375.77659354926  2.273180E-13
1377.2242504698  2.475031E-13
1378.67190739033  2.342419E-13
1380.11956431087  2.560427E-13
1381.56722123141  2.557030E-13
1383.01487815194  2.307911E-13
1384.46253507248  2.275652E-13
1385.91019199302  2.459368E-13
1387.35784891355  2.703629E-13
1388.80550583409  2.781786E-13
1390.25316275463  2.845743E-13
1391.70081967516  2.646372E-13
1393.1484765957  2.651292E-13
1394.59613351624  2.885012E-13
1396.04379043677  2.649942E-13
1397.49144735731  2.644067E-13
1398.93910427785  2.715831E-13
1400.38676119838  2.717056E-13
1401.83441811892  2.751748E-13
1403.28207503946  2.709393E-13
1404.72973195999  2.563525E-13
1406.17738888053  2.419238E-13
1407.62504580107  2.372049E-13
1409.0727027216  2.596134E-13
1410.52035964214  2.488895E-13
1411.96801656268  2.483978E-13
1413.41567348322  2.650383E-13
1414.86333040375  2.537227E-13
1416.31098732429  2.421411E-13
1417.75864424483  2.032521E-13
1419.20630116536  1.975885E-13
1420.6539580859  2.108407E-13
1422.10161500644  2.265095E-13
1423.54927192697  2.411191E-13
1424.99692884751  2.245616E-13
1426.44458576805  2.256235E-13
1427.89224268858  2.014851E-13
1429.33989960912  2.046552E-13
1430.78755652966  1.943197E-13
1432.23521345019  1.939627E-13
1433.68287037073  2.102733E-13
1435.13052729127  2.207069E-13
1436.5781842118  2.088074E-13
1438.02584113234  2.139142E-13
1439.47349805288  2.009737E-13
1440.92115497341  2.151550E-13
1442.36881189395  2.042989E-13
1443.81646881449  2.300732E-13
1445.26412573502  2.240304E-13
1446.71178265556  2.182638E-13
1448.1594395761  2.045244E-13
1449.60709649664  1.911510E-13
1451.05475341717  1.968572E-13
1452.50241033771  2.102884E-13
1453.95006725825  2.101034E-13
1455.39772417878  2.183567E-13
1456.84538109932  2.217969E-13
1458.29303801986  2.393215E-13
1459.74069494039  2.288845E-13
1461.18835186093  2.315080E-13
1462.63600878147  2.131573E-13
1464.083665702  1.966267E-13
1465.53132262254  1.894761E-13
1466.97897954308  2.020208E-13
1468.42663646361  2.238457E-13
1469.87429338415  2.200526E-13
1471.32195030469  2.081200E-13
1472.76960722522  2.217571E-13
1474.21726414576  2.105699E-13
1475.6649210663  2.060924E-13
1477.11257798683  2.104661E-13
1478.56023490737  2.137149E-13
1480.00789182791  2.147013E-13
1481.45554874844  2.046893E-13
1482.90320566898  2.155908E-13
1484.35086258952  2.331780E-13
1485.79851951005  2.267412E-13
1487.24617643059  2.147860E-13
1488.69383335113  2.092841E-13
1490.14149027167  2.149649E-13
1491.5891471922  2.242342E-13
1493.03680411274  2.115579E-13
1494.48446103328  2.048615E-13
1495.93211795381  2.138385E-13
1497.37977487435  2.083402E-13
1498.82743179489  2.217510E-13
1500.27508871542  2.233985E-13
1501.72274563596  2.292726E-13
1503.1704025565  2.132492E-13
1504.61805947703  2.198889E-13
1506.06571639757  2.184589E-13
1507.51337331811  2.213888E-13
1508.96103023864  2.294426E-13
1510.40868715918  2.282797E-13
1511.85634407972  2.340993E-13
1513.30400100025  2.389141E-13
1514.75165792079  2.399331E-13
1516.19931484133  2.464651E-13
1517.64697176186  2.440865E-13
1519.0946286824  2.485302E-13
1520.54228560294  2.636199E-13
1521.98994252347  2.611747E-13
1523.43759944401  2.577717E-13
1524.88525636455  2.651844E-13
1526.33291328509  2.765203E-13
1527.78057020562  2.939504E-13
1529.22822712616  2.997383E-13
1530.6758840467  3.053481E-13
1532.12354096723  2.982025E-13
1533.57119788777  3.218389E-13
1535.01885480831  3.439499E-13
1536.46651172884  3.621920E-13
1537.91416864938  3.753892E-13
1539.36182556992  4.025863E-13
1540.80948249045  3.932808E-13
1542.25713941099  4.123360E-13
1543.70479633153  4.017238E-13
1545.15245325206  4.418462E-13
1546.6001101726  4.334041E-13
1548.04776709314  4.105489E-13
1549.49542401367  3.963223E-13
1550.94308093421  3.241873E-13
1552.39073785475  3.529235E-13
1553.83839477528  3.511803E-13
1555.28605169582  3.088495E-13
1556.73370861636  2.860580E-13
1558.18136553689  2.760681E-13
1559.62902245743  2.653399E-13
1561.07667937797  2.474275E-13
1562.5243362985  2.351208E-13
1563.97199321904  2.464911E-13
1565.41965013958  2.560859E-13
1566.86730706012  2.459131E-13
1568.31496398065  2.354804E-13
1569.76262090119  2.377781E-13
1571.21027782173  2.309681E-13
1572.65793474226  2.288966E-13
1574.1055916628  2.283598E-13
1575.55324858334  2.155937E-13
1577.00090550387  2.144763E-13
1578.44856242441  2.212761E-13
1579.89621934495  2.222224E-13
1581.34387626548  2.194821E-13
1582.79153318602  2.142706E-13
1584.23919010656  2.031919E-13
1585.68684702709  1.944247E-13
1587.13450394763  2.016778E-13
1588.58216086817  1.903481E-13
1590.0298177887  2.005579E-13
1591.47747470924  2.029538E-13
1592.92513162978  1.993186E-13
1594.37278855031  1.963048E-13
1595.82044547085  2.020675E-13
1597.26810239139  1.935863E-13
1598.71575931192  1.979916E-13
1600.16341623246  2.048661E-13
1601.611073153  2.025632E-13
1603.05873007354  1.958034E-13
1604.50638699407  1.965615E-13
1605.95404391461  2.096242E-13
1607.40170083515  2.141074E-13
1608.84935775568  2.148722E-13
1610.29701467622  2.095626E-13
1611.74467159676  2.094868E-13
1613.19232851729  2.052061E-13
1614.63998543783  2.019781E-13
1616.08764235837  2.026201E-13
1617.5352992789  2.071896E-13
1618.98295619944  2.067044E-13
1620.43061311998  2.056536E-13
1621.87827004051  2.051591E-13
1623.32592696105  2.084523E-13
1624.77358388159  2.108791E-13
1626.22124080212  2.157241E-13
1627.66889772266  2.098706E-13
1629.1165546432  2.067879E-13
1630.56421156373  2.112634E-13
1632.01186848427  2.076420E-13
1633.45952540481  2.017402E-13
1634.90718232534  2.001668E-13
1636.35483924588  2.028243E-13
1637.80249616642  1.929661E-13
1639.25015308695  1.934757E-13
1640.69781000749  1.894370E-13
1642.14546692803  1.947907E-13
1643.59312384857  1.956661E-13
1645.0407807691  1.937152E-13
1646.48843768964  1.958554E-13
1647.93609461018  1.920680E-13
1649.38375153071  1.973895E-13
1650.83140845125  2.072020E-13
1652.27906537179  2.084045E-13
1653.72672229232  2.107177E-13
1655.17437921286  2.073022E-13
1656.6220361334  2.093991E-13
1658.06969305393  2.071730E-13
1659.51734997447  2.046078E-13
1660.96500689501  1.955691E-13
1662.41266381554  1.970491E-13
1663.86032073608  1.942997E-13
1665.30797765662  1.968278E-13
1666.75563457715  1.923158E-13
1668.20329149769  1.979619E-13
1669.65094841823  1.912608E-13
1671.09860533876  1.903152E-13
1672.5462622593  1.827920E-13
1673.99391917984  1.766081E-13
1675.44157610038  1.759635E-13
1676.88923302091  1.718612E-13
1678.33688994145  1.651216E-13
1679.78454686199  1.677367E-13
1681.23220378252  1.607336E-13
1682.67986070306  1.687838E-13
1684.1275176236  1.769139E-13
1685.57517454413  1.727672E-13
1687.02283146467  1.723425E-13
1688.47048838521  1.699903E-13
1689.91814530574  1.700012E-13
1691.36580222628  1.710263E-13
1692.81345914682  1.653533E-13
1694.26111606735  1.682267E-13
1695.70877298789  1.693641E-13
1697.15642990843  1.718859E-13
1698.60408682896  1.713385E-13
1700.0517437495  1.718993E-13
1701.49940067004  1.705401E-13
1702.94705759057  1.693460E-13
1704.39471451111  1.755503E-13
1705.84237143165  1.757525E-13
1707.29002835218  1.771688E-13
1708.73768527272  1.761240E-13
1710.18534219326  0.
1711.63299911379  0.
1713.08065603433  0.
1714.52831295487  0.
1715.97596987541  0.
1717.42362679594  0.
1718.87128371648  0.
1720.31894063702  0.
1721.76659755755  0.
1723.21425447809  0.
1724.66191139863  0.
1726.10956831916  0.
1727.5572252397  0.
1729.00488216024  0.
1730.45253908077  0.
1731.90019600131  0.
1733.34785292185  0.
1734.79550984238  0.
1736.24316676292  0.
1737.69082368346  0.
1739.13848060399  0.
1740.58613752453  0.
1742.03379444507  0.
1743.4814513656  0.
1744.92910828614  0.
1746.37676520668  0.
1747.82442212721  0.
1749.27207904775  0.
1750.71973596829  0.
1752.16739288882  0.
1753.61504980936  0.
1755.0627067299  0.
1756.51036365043  0.
1757.95802057097  0.
1759.40567749151  0.
1760.85333441205  0.
1762.30099133258  0.
1763.74864825312  0.
1765.19630517366  0.
1766.64396209419  0.
1768.09161901473  0.
1769.53927593527  0.
1770.9869328558  0.
1772.43458977634  0.
1773.88224669688  0.
1775.32990361741  0.
1776.77756053795  0.
1778.22521745849  0.
1779.67287437902  0.
1781.12053129956  0.
1782.5681882201  0.
1784.01584514063  0.
1785.46350206117  0.
1786.91115898171  0.
1788.35881590224  0.
1789.80647282278  0.
1791.25412974332  0.
1792.70178666385  0.
1794.14944358439  0.
1795.59710050493  0.
1797.04475742547  0.
1798.492414346  0.
1799.94007126654  0.
1801.38772818708  0.
1802.83538510761  0.
1804.28304202815  0.
1805.73069894869  0.
1807.17835586922  0.
1808.62601278976  0.
1810.0736697103  0.
1811.52132663083  0.
1812.96898355137  0.
1814.41664047191  0.
1815.86429739244  0.
1817.31195431298  0.
1818.75961123352  0.
1820.20726815405  0.
1821.65492507459  0.
1823.10258199513  0.
1824.55023891566  0.
1825.9978958362  0.
1827.44555275674  0.
1828.89320967727  0.
1830.34086659781  0.
1831.78852351835  0.
