906.735751295338  0.
908.183408215875  0.
909.631065136412  0.
911.078722056949  0.
912.526378977485  0.
913.974035898022  0.
915.421692818559  0.
916.869349739096  0.
918.317006659633  0.
919.764663580169  0.
921.212320500706  0.
922.659977421243  0.
924.10763434178  0.
925.555291262316  0.
927.002948182853  0.
928.45060510339  0.
929.898262023927  0.
931.345918944464  0.
932.793575865  0.
934.241232785537  0.
935.688889706074  0.
937.136546626611  0.
938.584203547148  0.
940.031860467684  0.
941.479517388221  0.
942.927174308758  0.
944.374831229295  0.
945.822488149832  0.
947.270145070369  0.
948.717801990905  0.
950.165458911442  0.
951.613115831979  0.
953.060772752515  0.
954.508429673052  0.
955.956086593589  0.
957.403743514126  0.
958.851400434663  0.
960.2990573552  0.
961.746714275736  0.
963.194371196273  0.
964.64202811681  0.
966.089685037347  0.
967.537341957883  0.
968.98499887842  0.
970.432655798957  0.
971.880312719494  0.
973.327969640031  0.
974.775626560567  0.
976.223283481104  0.
977.670940401641  0.
979.118597322178  0.
980.566254242715  0.
982.013911163251  0.
983.461568083788  0.
984.909225004325  0.
986.356881924862  0.
987.804538845399  0.
989.252195765935  0.
990.699852686472  0.
992.147509607009  0.
993.595166527546  4.975558E-13
995.042823448082  5.903880E-13
996.490480368619  6.013305E-13
997.938137289156  3.718768E-13
999.385794209693  4.212016E-13
1000.83345113023  5.254615E-13
1002.28110805077  5.265982E-13
1003.7287649713  4.964151E-13
1005.17642189184  5.940125E-13
1006.62407881238  4.430745E-13
1008.07173573291  3.872786E-13
1009.51939265345  4.512028E-13
1010.96704957399  3.873142E-13
1012.41470649452  4.329544E-13
1013.86236341506  4.012012E-13
1015.3100203356  5.594335E-13
1016.75767725613  4.916267E-13
1018.20533417667  4.659036E-13
1019.65299109721  4.976685E-13
1021.10064801775  5.709893E-13
1022.54830493828  4.801949E-13
1023.99596185882  4.941404E-13
1025.44361877936  5.176459E-13
1026.89127569989  4.660524E-13
1028.33893262043  5.417479E-13
1029.78658954097  4.172664E-13
1031.2342464615  4.708024E-13
1032.68190338204  5.345870E-13
1034.12956030258  5.062037E-13
1035.57721722311  3.079080E-13
1037.02487414365  4.272613E-13
1038.47253106419  4.861402E-13
1039.92018798472  4.182993E-13
1041.36784490526  4.182623E-13
1042.8155018258  3.919566E-13
1044.26315874633  3.842309E-13
1045.71081566687  4.144262E-13
1047.15847258741  3.318344E-13
1048.60612950794  3.735470E-13
1050.05378642848  3.880749E-13
1051.50144334902  4.110473E-13
1052.94910026955  4.986531E-13
1054.39675719009  5.051146E-13
1055.84441411063  4.686299E-13
1057.29207103116  3.909144E-13
1058.7397279517  3.238173E-13
1060.18738487224  3.729242E-13
1061.63504179277  4.349383E-13
1063.08269871331  4.335133E-13
1064.53035563385  3.959542E-13
1065.97801255439  3.718143E-13
1067.42566947492  3.821343E-13
1068.87332639546  3.690616E-13
1070.320983316  3.664164E-13
1071.76864023653  3.539598E-13
1073.21629715707  3.896899E-13
1074.66395407761  3.846168E-13
1076.11161099814  3.671780E-13
1077.55926791868  3.464942E-13
1079.00692483922  3.285496E-13
1080.45458175975  3.250979E-13
1081.90223868029  3.313356E-13
1083.34989560083  3.167307E-13
1084.79755252136  3.117633E-13
1086.2452094419  3.055960E-13
1087.69286636244  3.094856E-13
1089.14052328297  3.248891E-13
1090.58818020351  3.029048E-13
1092.03583712405  2.809145E-13
1093.48349404458  3.203643E-13
1094.93115096512  3.326391E-13
1096.37880788566  2.954424E-13
1097.82646480619  3.169466E-13
1099.27412172673  3.030148E-13
1100.72177864727  2.849061E-13
1102.1694355678  3.122488E-13
1103.61709248834  3.385138E-13
1105.06474940888  3.635410E-13
1106.51240632942  3.409109E-13
1107.96006324995  3.246528E-13
1109.40772017049  3.382512E-13
1110.85537709103  3.229039E-13
1112.30303401156  2.900296E-13
1113.7506909321  3.109492E-13
1115.19834785264  3.055398E-13
1116.64600477317  3.095397E-13
1118.09366169371  3.105250E-13
1119.54131861425  3.149841E-13
1120.98897553478  3.037080E-13
1122.43663245532  3.160344E-13
1123.88428937586  2.841189E-13
1125.33194629639  3.129543E-13
1126.77960321693  2.932278E-13
1128.22726013747  3.213759E-13
1129.674917058  3.454699E-13
1131.12257397854  3.187647E-13
1132.57023089908  3.394051E-13
1134.01788781961  3.011653E-13
1135.46554474015  2.676959E-13
1136.91320166069  2.917068E-13
1138.36085858122  3.105159E-13
1139.80851550176  3.347686E-13
1141.2561724223  3.387442E-13
1142.70382934284  3.054666E-13
1144.15148626337  3.031444E-13
1145.59914318391  2.847157E-13
1147.04680010445  3.090544E-13
1148.49445702498  3.216115E-13
1149.94211394552  3.052293E-13
1151.38977086606  2.820925E-13
1152.83742778659  3.112477E-13
1154.28508470713  3.148423E-13
1155.73274162767  3.106024E-13
1157.1803985482  3.156144E-13
1158.62805546874  3.318238E-13
1160.07571238928  3.204049E-13
1161.52336930981  3.191380E-13
1162.97102623035  2.716780E-13
1164.41868315089  2.908347E-13
1165.86634007142  3.621702E-13
1167.31399699196  3.391638E-13
1168.7616539125  3.379413E-13
1170.20931083303  3.653118E-13
1171.65696775357  3.237849E-13
1173.10462467411  3.383426E-13
1174.55228159464  3.132611E-13
1175.99993851518  3.251123E-13
1177.44759543572  3.378491E-13
1178.89525235625  3.775832E-13
1180.34290927679  3.249751E-13
1181.79056619733  3.561809E-13
1183.23822311787  3.505446E-13
1184.6858800384  3.624704E-13
1186.13353695894  3.852730E-13
1187.58119387948  3.941259E-13
1189.02885080001  4.126117E-13
1190.47650772055  4.202283E-13
1191.92416464109  4.375360E-13
1193.37182156162  4.433070E-13
1194.81947848216  4.844097E-13
1196.2671354027  4.879016E-13
1197.71479232323  4.668614E-13
1199.16244924377  5.433047E-13
1200.61010616431  5.349283E-13
1202.05776308484  5.272052E-13
1203.50542000538  5.745799E-13
1204.95307692592  6.657155E-13
1206.40073384645  7.420088E-13
1207.84839076699  8.764650E-13
1209.29604768753  9.385177E-13
1210.74370460806  9.328717E-13
1212.1913615286  1.049519E-12
1213.63901844914  1.115196E-12
1215.08667536967  1.084151E-12
1216.53433229021  1.028163E-12
1217.98198921075  8.815322E-13
1219.42964613129  7.336439E-13
1220.87730305182  7.168904E-13
1222.32495997236  6.168978E-13
1223.7726168929  5.119233E-13
1225.22027381343  5.062679E-13
1226.66793073397  5.206242E-13
1228.11558765451  5.382220E-13
1229.56324457504  4.997262E-13
1231.01090149558  4.517011E-13
1232.45855841612  4.541912E-13
1233.90621533665  5.192861E-13
1235.35387225719  4.932514E-13
1236.80152917773  4.589966E-13
1238.24918609826  5.123385E-13
1239.6968430188  4.314983E-13
1241.14449993934  4.483568E-13
1242.59215685987  4.740306E-13
1244.03981378041  3.869573E-13
1245.48747070095  4.147973E-13
1246.93512762148  3.900609E-13
1248.38278454202  3.877777E-13
1249.83044146256  3.828472E-13
1251.27809838309  3.755768E-13
1252.72575530363  3.758821E-13
1254.17341222417  3.666077E-13
1255.62106914471  3.313708E-13
1257.06872606524  3.423336E-13
1258.51638298578  3.551188E-13
1259.96403990632  3.463832E-13
1261.41169682685  3.284108E-13
1262.85935374739  3.115246E-13
1264.30701066793  3.194340E-13
1265.75466758846  3.141425E-13
1267.202324509  3.026784E-13
1268.64998142954  3.010877E-13
1270.09763835007  3.212443E-13
1271.54529527061  3.270653E-13
1272.99295219115  2.936927E-13
1274.44060911168  2.794242E-13
1275.88826603222  2.593721E-13
1277.33592295276  2.720223E-13
1278.78357987329  3.275770E-13
1280.23123679383  3.102658E-13
1281.67889371437  2.690395E-13
1283.1265506349  2.456891E-13
1284.57420755544  2.571260E-13
1286.02186447598  2.742202E-13
1287.46952139651  2.478339E-13
1288.91717831705  2.529883E-13
1290.36483523759  2.848479E-13
1291.81249215812  2.459364E-13
1293.26014907866  2.631076E-13
1294.7078059992  2.746424E-13
1296.15546291974  2.751588E-13
1297.60311984027  3.134042E-13
1299.05077676081  2.542772E-13
1300.49843368135  2.742347E-13
1301.94609060188  3.118416E-13
1303.39374752242  3.046254E-13
1304.84140444296  2.873971E-13
1306.28906136349  2.913239E-13
1307.73671828403  2.646551E-13
1309.18437520457  2.606992E-13
1310.6320321251  2.438947E-13
1312.07968904564  2.742289E-13
1313.52734596618  2.591013E-13
1314.97500288671  2.753264E-13
1316.42265980725  2.609679E-13
1317.87031672779  2.517546E-13
1319.31797364832  2.904266E-13
1320.76563056886  2.619060E-13
1322.2132874894  2.449996E-13
1323.66094440993  2.298735E-13
1325.10860133047  2.522796E-13
1326.55625825101  2.749576E-13
1328.00391517154  2.483733E-13
1329.45157209208  2.721019E-13
1330.89922901262  3.017833E-13
1332.34688593315  2.560697E-13
1333.79454285369  3.136385E-13
1335.24219977423  2.764182E-13
1336.68985669477  2.273268E-13
1338.1375136153  2.581943E-13
1339.58517053584  2.875955E-13
1341.03282745638  2.587662E-13
1342.48048437691  2.760801E-13
1343.92814129745  3.031334E-13
1345.37579821799  2.822713E-13
1346.82345513852  2.906035E-13
1348.27111205906  2.902436E-13
1349.7187689796  2.150780E-13
1351.16642590013  2.334271E-13
1352.61408282067  2.648470E-13
1354.06173974121  2.541768E-13
1355.50939666174  2.742309E-13
1356.95705358228  2.966201E-13
1358.40471050282  2.730595E-13
1359.85236742335  2.859090E-13
1361.30002434389  2.825461E-13
1362.74768126443  2.664518E-13
1364.19533818496  2.759655E-13
1365.6429951055  2.468140E-13
1367.09065202604  1.988086E-13
1368.53830894657  2.479506E-13
1369.98596586711  2.975689E-13
1371.43362278765  2.355431E-13
1372.88127970819  2.665970E-13
1374.32893662872  2.668745E-13
1375.77659354926  2.511688E-13
1377.2242504698  2.635009E-13
1378.67190739033  2.334721E-13
1380.11956431087  2.572516E-13
1381.56722123141  2.724213E-13
1383.01487815194  2.657229E-13
1384.46253507248  2.794286E-13
1385.91019199302  2.502182E-13
1387.35784891355  2.832723E-13
1388.80550583409  2.632923E-13
1390.25316275463  2.903044E-13
1391.70081967516  3.046104E-13
1393.1484765957  3.293698E-13
1394.59613351624  3.418413E-13
1396.04379043677  2.753255E-13
1397.49144735731  3.019646E-13
1398.93910427785  3.816754E-13
1400.38676119838  2.862129E-13
1401.83441811892  2.765265E-13
1403.28207503946  2.760098E-13
1404.72973195999  3.084655E-13
1406.17738888053  2.670890E-13
1407.62504580107  2.611029E-13
1409.0727027216  2.866707E-13
1410.52035964214  2.880660E-13
1411.96801656268  2.759888E-13
1413.41567348322  2.399032E-13
1414.86333040375  2.701155E-13
1416.31098732429  2.567379E-13
1417.75864424483  2.443370E-13
1419.20630116536  2.504262E-13
1420.6539580859  2.737548E-13
1422.10161500644  2.415483E-13
1423.54927192697  2.313064E-13
1424.99692884751  2.567249E-13
1426.44458576805  2.552862E-13
1427.89224268858  2.554846E-13
1429.33989960912  2.605541E-13
1430.78755652966  1.966211E-13
1432.23521345019  2.165719E-13
1433.68287037073  2.655928E-13
1435.13052729127  2.351433E-13
1436.5781842118  2.266647E-13
1438.02584113234  2.447004E-13
1439.47349805288  2.246618E-13
1440.92115497341  2.467838E-13
1442.36881189395  2.108850E-13
1443.81646881449  2.387659E-13
1445.26412573502  2.417064E-13
1446.71178265556  2.283091E-13
1448.1594395761  2.399560E-13
1449.60709649664  2.368255E-13
1451.05475341717  2.043478E-13
1452.50241033771  2.294918E-13
1453.95006725825  2.171236E-13
1455.39772417878  2.108672E-13
1456.84538109932  2.214142E-13
1458.29303801986  2.389181E-13
1459.74069494039  2.220770E-13
1461.18835186093  2.231556E-13
1462.63600878147  2.075309E-13
1464.083665702  2.132799E-13
1465.53132262254  2.125798E-13
1466.97897954308  2.231553E-13
1468.42663646361  2.523278E-13
1469.87429338415  2.372469E-13
1471.32195030469  2.355818E-13
1472.76960722522  2.082449E-13
1474.21726414576  2.126334E-13
1475.6649210663  1.837184E-13
1477.11257798683  1.825240E-13
1478.56023490737  1.890731E-13
1480.00789182791  2.202756E-13
1481.45554874844  2.423781E-13
1482.90320566898  2.153631E-13
1484.35086258952  2.382778E-13
1485.79851951005  2.474387E-13
1487.24617643059  2.227651E-13
1488.69383335113  1.993700E-13
1490.14149027167  1.687415E-13
1491.5891471922  1.906073E-13
1493.03680411274  2.423486E-13
1494.48446103328  2.605036E-13
1495.93211795381  2.089137E-13
1497.37977487435  2.056266E-13
1498.82743179489  2.210251E-13
1500.27508871542  2.108873E-13
1501.72274563596  2.409339E-13
1503.1704025565  2.612052E-13
1504.61805947703  2.526236E-13
1506.06571639757  2.484257E-13
1507.51337331811  2.390950E-13
1508.96103023864  2.392812E-13
1510.40868715918  2.550519E-13
1511.85634407972  2.544782E-13
1513.30400100025  2.377859E-13
1514.75165792079  2.590169E-13
1516.19931484133  2.760185E-13
1517.64697176186  2.876404E-13
1519.0946286824  2.833474E-13
1520.54228560294  2.747595E-13
1521.98994252347  2.957070E-13
1523.43759944401  2.913523E-13
1524.88525636455  3.008031E-13
1526.33291328509  2.970067E-13
1527.78057020562  2.958054E-13
1529.22822712616  3.057888E-13
1530.6758840467  3.048906E-13
1532.12354096723  3.068896E-13
1533.57119788777  3.275202E-13
1535.01885480831  3.464942E-13
1536.46651172884  3.873152E-13
1537.91416864938  3.666708E-13
1539.36182556992  3.974835E-13
1540.80948249045  4.180076E-13
1542.25713941099  4.420661E-13
1543.70479633153  4.409255E-13
1545.15245325206  4.159858E-13
1546.6001101726  4.260681E-13
1548.04776709314  4.201648E-13
1549.49542401367  3.683754E-13
1550.94308093421  3.971174E-13
1552.39073785475  3.604630E-13
1553.83839477528  3.635574E-13
1555.28605169582  3.412007E-13
1556.73370861636  3.170112E-13
1558.18136553689  3.100293E-13
1559.62902245743  2.799172E-13
1561.07667937797  2.733222E-13
1562.5243362985  2.681352E-13
1563.97199321904  2.778572E-13
1565.41965013958  2.711069E-13
1566.86730706012  2.746292E-13
1568.31496398065  2.543208E-13
1569.76262090119  2.540195E-13
1571.21027782173  2.461951E-13
1572.65793474226  2.439821E-13
1574.1055916628  2.248913E-13
1575.55324858334  2.346922E-13
1577.00090550387  2.559178E-13
1578.44856242441  2.680260E-13
1579.89621934495  2.596953E-13
1581.34387626548  2.652008E-13
1582.79153318602  2.385533E-13
1584.23919010656  2.221795E-13
1585.68684702709  2.273467E-13
1587.13450394763  2.295329E-13
1588.58216086817  2.240588E-13
1590.0298177887  2.227748E-13
1591.47747470924  2.193617E-13
1592.92513162978  2.323866E-13
1594.37278855031  2.227373E-13
1595.82044547085  2.190760E-13
1597.26810239139  2.076112E-13
1598.71575931192  2.119092E-13
1600.16341623246  2.166854E-13
1601.611073153  2.167080E-13
1603.05873007354  2.328918E-13
1604.50638699407  2.277540E-13
1605.95404391461  2.332529E-13
1607.40170083515  2.250573E-13
1608.84935775568  2.078221E-13
1610.29701467622  2.124602E-13
1611.74467159676  2.036578E-13
1613.19232851729  2.097810E-13
1614.63998543783  2.147148E-13
1616.08764235837  2.276647E-13
1617.5352992789  2.414783E-13
1618.98295619944  2.486737E-13
1620.43061311998  2.339104E-13
1621.87827004051  2.213188E-13
1623.32592696105  2.197026E-13
1624.77358388159  2.259380E-13
1626.22124080212  2.298962E-13
1627.66889772266  2.386995E-13
1629.1165546432  2.434944E-13
1630.56421156373  2.517890E-13
1632.01186848427  2.520053E-13
1633.45952540481  2.536439E-13
1634.90718232534  2.513238E-13
1636.35483924588  2.529238E-13
1637.80249616642  2.433376E-13
1639.25015308695  2.295403E-13
1640.69781000749  2.384654E-13
1642.14546692803  2.385787E-13
1643.59312384857  2.337680E-13
1645.0407807691  2.193972E-13
1646.48843768964  2.253252E-13
1647.93609461018  2.218631E-13
1649.38375153071  2.193106E-13
1650.83140845125  2.201773E-13
1652.27906537179  2.171548E-13
1653.72672229232  2.131256E-13
1655.17437921286  2.130952E-13
1656.6220361334  2.181375E-13
1658.06969305393  2.300814E-13
1659.51734997447  2.349869E-13
1660.96500689501  2.330760E-13
1662.41266381554  2.339631E-13
1663.86032073608  2.282752E-13
1665.30797765662  2.318672E-13
1666.75563457715  2.353202E-13
1668.20329149769  2.279979E-13
1669.65094841823  2.144563E-13
1671.09860533876  2.000736E-13
1672.5462622593  2.025158E-13
1673.99391917984  2.133953E-13
1675.44157610038  2.185913E-13
1676.88923302091  2.265391E-13
1678.33688994145  2.221859E-13
1679.78454686199  2.130996E-13
1681.23220378252  1.999715E-13
1682.67986070306  1.942317E-13
1684.1275176236  2.089587E-13
1685.57517454413  2.007473E-13
1687.02283146467  2.048485E-13
1688.47048838521  2.209220E-13
1689.91814530574  2.202877E-13
1691.36580222628  2.053634E-13
1692.81345914682  1.916470E-13
1694.26111606735  1.856238E-13
1695.70877298789  1.918145E-13
1697.15642990843  2.057516E-13
1698.60408682896  2.075085E-13
1700.0517437495  2.106369E-13
1701.49940067004  2.117127E-13
1702.94705759057  2.140478E-13
1704.39471451111  2.100457E-13
1705.84237143165  1.996038E-13
1707.29002835218  2.019877E-13
1708.73768527272  1.969041E-13
1710.18534219326  0.
1711.63299911379  0.
1713.08065603433  0.
1714.52831295487  0.
1715.97596987541  0.
1717.42362679594  0.
1718.87128371648  0.
1720.31894063702  0.
1721.76659755755  0.
1723.21425447809  0.
1724.66191139863  0.
1726.10956831916  0.
1727.5572252397  0.
1729.00488216024  0.
1730.45253908077  0.
1731.90019600131  0.
1733.34785292185  0.
1734.79550984238  0.
1736.24316676292  0.
1737.69082368346  0.
1739.13848060399  0.
1740.58613752453  0.
1742.03379444507  0.
1743.4814513656  0.
1744.92910828614  0.
1746.37676520668  0.
1747.82442212721  0.
1749.27207904775  0.
1750.71973596829  0.
1752.16739288882  0.
1753.61504980936  0.
1755.0627067299  0.
1756.51036365043  0.
1757.95802057097  0.
1759.40567749151  0.
1760.85333441205  0.
1762.30099133258  0.
1763.74864825312  0.
1765.19630517366  0.
1766.64396209419  0.
1768.09161901473  0.
1769.53927593527  0.
1770.9869328558  0.
1772.43458977634  0.
1773.88224669688  0.
1775.32990361741  0.
1776.77756053795  0.
1778.22521745849  0.
1779.67287437902  0.
1781.12053129956  0.
1782.5681882201  0.
1784.01584514063  0.
1785.46350206117  0.
1786.91115898171  0.
1788.35881590224  0.
1789.80647282278  0.
1791.25412974332  0.
1792.70178666385  0.
1794.14944358439  0.
1795.59710050493  0.
1797.04475742547  0.
1798.492414346  0.
1799.94007126654  0.
1801.38772818708  0.
1802.83538510761  0.
1804.28304202815  0.
1805.73069894869  0.
1807.17835586922  0.
1808.62601278976  0.
1810.0736697103  0.
1811.52132663083  0.
1812.96898355137  0.
1814.41664047191  0.
1815.86429739244  0.
1817.31195431298  0.
1818.75961123352  0.
1820.20726815405  0.
1821.65492507459  0.
1823.10258199513  0.
1824.55023891566  0.
1825.9978958362  0.
1827.44555275674  0.
1828.89320967727  0.
1830.34086659781  0.
1831.78852351835  0.
