906.735751295338  0.
908.183408215875  0.
909.631065136412  0.
911.078722056949  0.
912.526378977485  0.
913.974035898022  0.
915.421692818559  0.
916.869349739096  0.
918.317006659633  0.
919.764663580169  0.
921.212320500706  0.
922.659977421243  0.
924.10763434178  0.
925.555291262316  0.
927.002948182853  0.
928.45060510339  0.
929.898262023927  0.
931.345918944464  0.
932.793575865  0.
934.241232785537  0.
935.688889706074  0.
937.136546626611  0.
938.584203547148  0.
940.031860467684  0.
941.479517388221  0.
942.927174308758  0.
944.374831229295  0.
945.822488149832  0.
947.270145070369  0.
948.717801990905  0.
950.165458911442  0.
951.613115831979  0.
953.060772752515  0.
954.508429673052  0.
955.956086593589  0.
957.403743514126  0.
958.851400434663  0.
960.2990573552  0.
961.746714275736  0.
963.194371196273  0.
964.64202811681  0.
966.089685037347  0.
967.537341957883  0.
968.98499887842  0.
970.432655798957  0.
971.880312719494  0.
973.327969640031  0.
974.775626560567  0.
976.223283481104  0.
977.670940401641  0.
979.118597322178  0.
980.566254242715  0.
982.013911163251  0.
983.461568083788  0.
984.909225004325  0.
986.356881924862  0.
987.804538845399  0.
989.252195765935  0.
990.699852686472  0.
992.147509607009  0.
993.595166527546  4.133143E-13
995.042823448082  5.131695E-14
996.490480368619  3.981484E-13
997.938137289156  3.197371E-13
999.385794209693  4.302312E-13
1000.83345113023  3.336112E-13
1002.28110805077  3.497365E-13
1003.7287649713  1.841137E-13
1005.17642189184  3.037671E-13
1006.62407881238  3.703293E-13
1008.07173573291  2.842042E-13
1009.51939265345  2.624237E-13
1010.96704957399  3.595772E-13
1012.41470649452  3.496308E-13
1013.86236341506  2.800446E-13
1015.3100203356  4.360623E-13
1016.75767725613  4.689104E-13
1018.20533417667  4.291160E-13
1019.65299109721  3.205786E-13
1021.10064801775  4.396901E-13
1022.54830493828  3.836790E-13
1023.99596185882  4.020501E-13
1025.44361877936  5.098688E-13
1026.89127569989  4.205500E-13
1028.33893262043  4.394452E-13
1029.78658954097  3.796290E-13
1031.2342464615  3.792571E-13
1032.68190338204  3.903540E-13
1034.12956030258  2.995362E-13
1035.57721722311  4.352246E-13
1037.02487414365  4.327609E-13
1038.47253106419  4.235798E-13
1039.92018798472  3.798676E-13
1041.36784490526  3.662276E-13
1042.8155018258  3.558653E-13
1044.26315874633  3.097341E-13
1045.71081566687  4.914949E-13
1047.15847258741  4.423287E-13
1048.60612950794  3.741010E-13
1050.05378642848  3.358218E-13
1051.50144334902  4.084908E-13
1052.94910026955  2.997882E-13
1054.39675719009  3.717582E-13
1055.84441411063  3.324244E-13
1057.29207103116  2.887764E-13
1058.7397279517  2.431541E-13
1060.18738487224  2.806291E-13
1061.63504179277  3.417698E-13
1063.08269871331  3.170607E-13
1064.53035563385  3.762626E-13
1065.97801255439  3.570282E-13
1067.42566947492  3.841752E-13
1068.87332639546  3.329958E-13
1070.320983316  3.433349E-13
1071.76864023653  3.403950E-13
1073.21629715707  3.206895E-13
1074.66395407761  3.835779E-13
1076.11161099814  3.205218E-13
1077.55926791868  3.541956E-13
1079.00692483922  3.877538E-13
1080.45458175975  3.636959E-13
1081.90223868029  3.260946E-13
1083.34989560083  3.285325E-13
1084.79755252136  3.182268E-13
1086.2452094419  2.909041E-13
1087.69286636244  2.842707E-13
1089.14052328297  2.742480E-13
1090.58818020351  2.982952E-13
1092.03583712405  2.437093E-13
1093.48349404458  2.970846E-13
1094.93115096512  3.069199E-13
1096.37880788566  2.714173E-13
1097.82646480619  2.783622E-13
1099.27412172673  2.922985E-13
1100.72177864727  2.739842E-13
1102.1694355678  2.900220E-13
1103.61709248834  3.355259E-13
1105.06474940888  3.115129E-13
1106.51240632942  3.151363E-13
1107.96006324995  3.223170E-13
1109.40772017049  3.186324E-13
1110.85537709103  3.232594E-13
1112.30303401156  2.771354E-13
1113.7506909321  3.383438E-13
1115.19834785264  3.360720E-13
1116.64600477317  3.471726E-13
1118.09366169371  3.417324E-13
1119.54131861425  2.973531E-13
1120.98897553478  2.931424E-13
1122.43663245532  2.799557E-13
1123.88428937586  2.840232E-13
1125.33194629639  2.532659E-13
1126.77960321693  2.491551E-13
1128.22726013747  2.981262E-13
1129.674917058  3.094492E-13
1131.12257397854  3.151212E-13
1132.57023089908  2.863130E-13
1134.01788781961  3.134340E-13
1135.46554474015  2.961756E-13
1136.91320166069  2.833107E-13
1138.36085858122  2.917693E-13
1139.80851550176  3.051275E-13
1141.2561724223  3.021293E-13
1142.70382934284  3.279569E-13
1144.15148626337  2.701427E-13
1145.59914318391  2.909777E-13
1147.04680010445  2.753318E-13
1148.49445702498  2.937818E-13
1149.94211394552  2.561482E-13
1151.38977086606  2.840089E-13
1152.83742778659  2.543565E-13
1154.28508470713  2.454088E-13
1155.73274162767  2.679101E-13
1157.1803985482  2.534154E-13
1158.62805546874  2.908743E-13
1160.07571238928  3.210090E-13
1161.52336930981  2.818032E-13
1162.97102623035  3.034049E-13
1164.41868315089  3.120543E-13
1165.86634007142  3.401366E-13
1167.31399699196  2.887908E-13
1168.7616539125  3.148964E-13
1170.20931083303  3.304863E-13
1171.65696775357  3.476430E-13
1173.10462467411  3.570607E-13
1174.55228159464  3.202572E-13
1175.99993851518  3.446002E-13
1177.44759543572  3.385744E-13
1178.89525235625  3.566282E-13
1180.34290927679  3.483324E-13
1181.79056619733  3.660766E-13
1183.23822311787  3.943813E-13
1184.6858800384  3.460487E-13
1186.13353695894  3.706275E-13
1187.58119387948  4.102745E-13
1189.02885080001  3.817128E-13
1190.47650772055  4.373864E-13
1191.92416464109  4.224205E-13
1193.37182156162  4.818430E-13
1194.81947848216  4.542164E-13
1196.2671354027  5.061618E-13
1197.71479232323  4.928053E-13
1199.16244924377  4.860187E-13
1200.61010616431  5.200497E-13
1202.05776308484  5.518545E-13
1203.50542000538  5.296816E-13
1204.95307692592  4.665549E-13
1206.40073384645  5.783677E-13
1207.84839076699  7.335548E-13
1209.29604768753  8.004233E-13
1210.74370460806  8.980513E-13
1212.1913615286  8.205040E-13
1213.63901844914  1.070311E-12
1215.08667536967  1.087084E-12
1216.53433229021  1.169645E-12
1217.98198921075  8.792741E-13
1219.42964613129  8.939909E-13
1220.87730305182  8.861939E-13
1222.32495997236  7.420130E-13
1223.7726168929  6.544270E-13
1225.22027381343  5.325419E-13
1226.66793073397  5.483197E-13
1228.11558765451  5.176499E-13
1229.56324457504  5.332193E-13
1231.01090149558  5.128003E-13
1232.45855841612  4.849094E-13
1233.90621533665  4.934689E-13
1235.35387225719  5.416582E-13
1236.80152917773  4.998063E-13
1238.24918609826  4.532216E-13
1239.6968430188  5.350120E-13
1241.14449993934  5.063081E-13
1242.59215685987  5.357412E-13
1244.03981378041  4.389209E-13
1245.48747070095  3.954180E-13
1246.93512762148  3.724816E-13
1248.38278454202  3.858625E-13
1249.83044146256  4.043087E-13
1251.27809838309  3.507787E-13
1252.72575530363  3.511292E-13
1254.17341222417  3.449655E-13
1255.62106914471  3.543422E-13
1257.06872606524  3.324248E-13
1258.51638298578  3.631899E-13
1259.96403990632  3.577101E-13
1261.41169682685  3.344790E-13
1262.85935374739  3.234956E-13
1264.30701066793  2.915103E-13
1265.75466758846  2.837787E-13
1267.202324509  3.056928E-13
1268.64998142954  3.038112E-13
1270.09763835007  3.078718E-13
1271.54529527061  2.913966E-13
1272.99295219115  2.581947E-13
1274.44060911168  2.961745E-13
1275.88826603222  2.808732E-13
1277.33592295276  2.574963E-13
1278.78357987329  2.816455E-13
1280.23123679383  3.045700E-13
1281.67889371437  3.206678E-13
1283.1265506349  3.101909E-13
1284.57420755544  2.849134E-13
1286.02186447598  2.958090E-13
1287.46952139651  2.849524E-13
1288.91717831705  2.472055E-13
1290.36483523759  2.377129E-13
1291.81249215812  2.875016E-13
1293.26014907866  3.038090E-13
1294.7078059992  3.051770E-13
1296.15546291974  2.888321E-13
1297.60311984027  2.884374E-13
1299.05077676081  3.077200E-13
1300.49843368135  3.000753E-13
1301.94609060188  2.594254E-13
1303.39374752242  2.935994E-13
1304.84140444296  2.944466E-13
1306.28906136349  2.762123E-13
1307.73671828403  2.891656E-13
1309.18437520457  2.653164E-13
1310.6320321251  2.415988E-13
1312.07968904564  2.886344E-13
1313.52734596618  2.760982E-13
1314.97500288671  2.660092E-13
1316.42265980725  2.664144E-13
1317.87031672779  2.369694E-13
1319.31797364832  2.508215E-13
1320.76563056886  2.835037E-13
1322.2132874894  2.623485E-13
1323.66094440993  2.492126E-13
1325.10860133047  2.727597E-13
1326.55625825101  2.924831E-13
1328.00391517154  2.958793E-13
1329.45157209208  2.675334E-13
1330.89922901262  2.647844E-13
1332.34688593315  2.874824E-13
1333.79454285369  2.837640E-13
1335.24219977423  2.504219E-13
1336.68985669477  2.548652E-13
1338.1375136153  2.479539E-13
1339.58517053584  2.080214E-13
1341.03282745638  2.359973E-13
1342.48048437691  2.511440E-13
1343.92814129745  2.284320E-13
1345.37579821799  2.326073E-13
1346.82345513852  2.357018E-13
1348.27111205906  2.362415E-13
1349.7187689796  2.575918E-13
1351.16642590013  2.710278E-13
1352.61408282067  2.516120E-13
1354.06173974121  2.288105E-13
1355.50939666174  2.135188E-13
1356.95705358228  2.663885E-13
1358.40471050282  2.525883E-13
1359.85236742335  2.423155E-13
1361.30002434389  2.645978E-13
1362.74768126443  2.628363E-13
1364.19533818496  2.722841E-13
1365.6429951055  2.266724E-13
1367.09065202604  2.841704E-13
1368.53830894657  2.915617E-13
1369.98596586711  2.824375E-13
1371.43362278765  2.296863E-13
1372.88127970819  2.263471E-13
1374.32893662872  2.523865E-13
1375.77659354926  3.103150E-13
1377.2242504698  2.960012E-13
1378.67190739033  2.678623E-13
1380.11956431087  2.626095E-13
1381.56722123141  2.641253E-13
1383.01487815194  2.483480E-13
1384.46253507248  2.847642E-13
1385.91019199302  2.931517E-13
1387.35784891355  2.635161E-13
1388.80550583409  2.986296E-13
1390.25316275463  2.914149E-13
1391.70081967516  2.926114E-13
1393.1484765957  3.035296E-13
1394.59613351624  3.034440E-13
1396.04379043677  2.864649E-13
1397.49144735731  3.286074E-13
1398.93910427785  3.156909E-13
1400.38676119838  3.012910E-13
1401.83441811892  3.126128E-13
1403.28207503946  3.119715E-13
1404.72973195999  2.740587E-13
1406.17738888053  2.717267E-13
1407.62504580107  3.243022E-13
1409.0727027216  2.845853E-13
1410.52035964214  2.920413E-13
1411.96801656268  2.787375E-13
1413.41567348322  2.668170E-13
1414.86333040375  2.578633E-13
1416.31098732429  2.919297E-13
1417.75864424483  2.631793E-13
1419.20630116536  2.645286E-13
1420.6539580859  2.347637E-13
1422.10161500644  2.606043E-13
1423.54927192697  2.546694E-13
1424.99692884751  2.364210E-13
1426.44458576805  2.342654E-13
1427.89224268858  2.347776E-13
1429.33989960912  2.373757E-13
1430.78755652966  2.262141E-13
1432.23521345019  2.332344E-13
1433.68287037073  2.514229E-13
1435.13052729127  2.488155E-13
1436.5781842118  2.242222E-13
1438.02584113234  2.355451E-13
1439.47349805288  2.477483E-13
1440.92115497341  2.152656E-13
1442.36881189395  2.047828E-13
1443.81646881449  1.940188E-13
1445.26412573502  2.306046E-13
1446.71178265556  2.315950E-13
1448.1594395761  2.005262E-13
1449.60709649664  2.296653E-13
1451.05475341717  2.250140E-13
1452.50241033771  2.401784E-13
1453.95006725825  2.231127E-13
1455.39772417878  2.436387E-13
1456.84538109932  2.490917E-13
1458.29303801986  2.262938E-13
1459.74069494039  2.051517E-13
1461.18835186093  2.091418E-13
1462.63600878147  2.178979E-13
1464.083665702  2.218612E-13
1465.53132262254  2.196550E-13
1466.97897954308  2.370457E-13
1468.42663646361  2.374965E-13
1469.87429338415  2.146970E-13
1471.32195030469  2.059126E-13
1472.76960722522  2.082124E-13
1474.21726414576  2.186700E-13
1475.6649210663  2.293162E-13
1477.11257798683  2.273750E-13
1478.56023490737  2.192753E-13
1480.00789182791  2.406827E-13
1481.45554874844  2.245416E-13
1482.90320566898  2.304567E-13
1484.35086258952  2.292472E-13
1485.79851951005  2.441665E-13
1487.24617643059  2.339059E-13
1488.69383335113  2.299114E-13
1490.14149027167  2.269758E-13
1491.5891471922  2.186736E-13
1493.03680411274  2.130287E-13
1494.48446103328  2.387848E-13
1495.93211795381  2.530518E-13
1497.37977487435  2.351176E-13
1498.82743179489  2.197825E-13
1500.27508871542  2.149488E-13
1501.72274563596  2.186405E-13
1503.1704025565  2.394525E-13
1504.61805947703  2.448487E-13
1506.06571639757  2.461122E-13
1507.51337331811  2.471110E-13
1508.96103023864  2.592984E-13
1510.40868715918  2.383211E-13
1511.85634407972  2.442609E-13
1513.30400100025  2.390056E-13
1514.75165792079  2.343978E-13
1516.19931484133  2.740550E-13
1517.64697176186  2.763772E-13
1519.0946286824  2.913044E-13
1520.54228560294  2.774187E-13
1521.98994252347  2.869806E-13
1523.43759944401  2.931095E-13
1524.88525636455  2.818046E-13
1526.33291328509  2.817194E-13
1527.78057020562  3.135386E-13
1529.22822712616  3.002740E-13
1530.6758840467  2.988566E-13
1532.12354096723  3.118844E-13
1533.57119788777  3.308716E-13
1535.01885480831  3.288946E-13
1536.46651172884  3.461820E-13
1537.91416864938  3.680418E-13
1539.36182556992  3.778787E-13
1540.80948249045  4.058186E-13
1542.25713941099  4.318358E-13
1543.70479633153  4.466023E-13
1545.15245325206  4.438207E-13
1546.6001101726  4.434296E-13
1548.04776709314  4.326819E-13
1549.49542401367  3.953191E-13
1550.94308093421  4.110386E-13
1552.39073785475  4.215988E-13
1553.83839477528  4.032617E-13
1555.28605169582  3.842877E-13
1556.73370861636  3.705880E-13
1558.18136553689  3.305369E-13
1559.62902245743  3.122030E-13
1561.07667937797  3.123324E-13
1562.5243362985  2.910710E-13
1563.97199321904  2.858744E-13
1565.41965013958  3.017433E-13
1566.86730706012  2.755322E-13
1568.31496398065  2.887650E-13
1569.76262090119  2.706244E-13
1571.21027782173  2.770023E-13
1572.65793474226  2.888577E-13
1574.1055916628  2.747282E-13
1575.55324858334  2.625259E-13
1577.00090550387  2.586141E-13
1578.44856242441  2.448191E-13
1579.89621934495  2.502697E-13
1581.34387626548  2.332054E-13
1582.79153318602  2.400646E-13
1584.23919010656  2.327637E-13
1585.68684702709  2.161966E-13
1587.13450394763  2.283456E-13
1588.58216086817  2.232513E-13
1590.0298177887  2.211717E-13
1591.47747470924  2.211591E-13
1592.92513162978  2.317127E-13
1594.37278855031  2.270078E-13
1595.82044547085  2.229126E-13
1597.26810239139  2.303815E-13
1598.71575931192  2.176187E-13
1600.16341623246  2.137402E-13
1601.611073153  2.145378E-13
1603.05873007354  2.252793E-13
1604.50638699407  2.341374E-13
1605.95404391461  2.394179E-13
1607.40170083515  2.485877E-13
1608.84935775568  2.371051E-13
1610.29701467622  2.344400E-13
1611.74467159676  2.200482E-13
1613.19232851729  2.210971E-13
1614.63998543783  2.330643E-13
1616.08764235837  2.459471E-13
1617.5352992789  2.530463E-13
1618.98295619944  2.546873E-13
1620.43061311998  2.335290E-13
1621.87827004051  2.300959E-13
1623.32592696105  2.208198E-13
1624.77358388159  2.152210E-13
1626.22124080212  2.180681E-13
1627.66889772266  2.233685E-13
1629.1165546432  2.222710E-13
1630.56421156373  2.300441E-13
1632.01186848427  2.471027E-13
1633.45952540481  2.389013E-13
1634.90718232534  2.263440E-13
1636.35483924588  2.180512E-13
1637.80249616642  2.165018E-13
1639.25015308695  2.183768E-13
1640.69781000749  2.153218E-13
1642.14546692803  2.183352E-13
1643.59312384857  2.253969E-13
1645.0407807691  2.284503E-13
1646.48843768964  2.336513E-13
1647.93609461018  2.242807E-13
1649.38375153071  2.293428E-13
1650.83140845125  2.302485E-13
1652.27906537179  2.314115E-13
1653.72672229232  2.299699E-13
1655.17437921286  2.162260E-13
1656.6220361334  2.208947E-13
1658.06969305393  2.238503E-13
1659.51734997447  2.251067E-13
1660.96500689501  2.267610E-13
1662.41266381554  2.240314E-13
1663.86032073608  2.366569E-13
1665.30797765662  2.309002E-13
1666.75563457715  2.236242E-13
1668.20329149769  2.129117E-13
1669.65094841823  2.107387E-13
1671.09860533876  2.263081E-13
1672.5462622593  2.222985E-13
1673.99391917984  2.018045E-13
1675.44157610038  1.948649E-13
1676.88923302091  2.086236E-13
1678.33688994145  2.133301E-13
1679.78454686199  2.154400E-13
1681.23220378252  2.146682E-13
1682.67986070306  2.178064E-13
1684.1275176236  2.143871E-13
1685.57517454413  2.109875E-13
1687.02283146467  2.138877E-13
1688.47048838521  2.246803E-13
1689.91814530574  2.255831E-13
1691.36580222628  2.151783E-13
1692.81345914682  1.880260E-13
1694.26111606735  1.898894E-13
1695.70877298789  1.936215E-13
1697.15642990843  2.057216E-13
1698.60408682896  2.037228E-13
1700.0517437495  1.992827E-13
1701.49940067004  2.021228E-13
1702.94705759057  2.057660E-13
1704.39471451111  2.019148E-13
1705.84237143165  2.001283E-13
1707.29002835218  1.996404E-13
1708.73768527272  1.844111E-13
1710.18534219326  0.
1711.63299911379  0.
1713.08065603433  0.
1714.52831295487  0.
1715.97596987541  0.
1717.42362679594  0.
1718.87128371648  0.
1720.31894063702  0.
1721.76659755755  0.
1723.21425447809  0.
1724.66191139863  0.
1726.10956831916  0.
1727.5572252397  0.
1729.00488216024  0.
1730.45253908077  0.
1731.90019600131  0.
1733.34785292185  0.
1734.79550984238  0.
1736.24316676292  0.
1737.69082368346  0.
1739.13848060399  0.
1740.58613752453  0.
1742.03379444507  0.
1743.4814513656  0.
1744.92910828614  0.
1746.37676520668  0.
1747.82442212721  0.
1749.27207904775  0.
1750.71973596829  0.
1752.16739288882  0.
1753.61504980936  0.
1755.0627067299  0.
1756.51036365043  0.
1757.95802057097  0.
1759.40567749151  0.
1760.85333441205  0.
1762.30099133258  0.
1763.74864825312  0.
1765.19630517366  0.
1766.64396209419  0.
1768.09161901473  0.
1769.53927593527  0.
1770.9869328558  0.
1772.43458977634  0.
1773.88224669688  0.
1775.32990361741  0.
1776.77756053795  0.
1778.22521745849  0.
1779.67287437902  0.
1781.12053129956  0.
1782.5681882201  0.
1784.01584514063  0.
1785.46350206117  0.
1786.91115898171  0.
1788.35881590224  0.
1789.80647282278  0.
1791.25412974332  0.
1792.70178666385  0.
1794.14944358439  0.
1795.59710050493  0.
1797.04475742547  0.
1798.492414346  0.
1799.94007126654  0.
1801.38772818708  0.
1802.83538510761  0.
1804.28304202815  0.
1805.73069894869  0.
1807.17835586922  0.
1808.62601278976  0.
1810.0736697103  0.
1811.52132663083  0.
1812.96898355137  0.
1814.41664047191  0.
1815.86429739244  0.
1817.31195431298  0.
1818.75961123352  0.
1820.20726815405  0.
1821.65492507459  0.
1823.10258199513  0.
1824.55023891566  0.
1825.9978958362  0.
1827.44555275674  0.
1828.89320967727  0.
1830.34086659781  0.
1831.78852351835  0.
