906.735751295338  0.
908.183408215875  0.
909.631065136412  0.
911.078722056949  0.
912.526378977485  0.
913.974035898022  0.
915.421692818559  0.
916.869349739096  0.
918.317006659633  0.
919.764663580169  0.
921.212320500706  0.
922.659977421243  0.
924.10763434178  0.
925.555291262316  0.
927.002948182853  0.
928.45060510339  0.
929.898262023927  0.
931.345918944464  0.
932.793575865  0.
934.241232785537  0.
935.688889706074  0.
937.136546626611  0.
938.584203547148  0.
940.031860467684  0.
941.479517388221  0.
942.927174308758  0.
944.374831229295  0.
945.822488149832  0.
947.270145070369  0.
948.717801990905  0.
950.165458911442  0.
951.613115831979  0.
953.060772752515  0.
954.508429673052  0.
955.956086593589  0.
957.403743514126  0.
958.851400434663  0.
960.2990573552  0.
961.746714275736  0.
963.194371196273  0.
964.64202811681  0.
966.089685037347  0.
967.537341957883  0.
968.98499887842  0.
970.432655798957  0.
971.880312719494  0.
973.327969640031  0.
974.775626560567  0.
976.223283481104  0.
977.670940401641  0.
979.118597322178  0.
980.566254242715  0.
982.013911163251  0.
983.461568083788  0.
984.909225004325  0.
986.356881924862  0.
987.804538845399  0.
989.252195765935  0.
990.699852686472  0.
992.147509607009  0.
993.595166527546  2.127762E-13
995.042823448082  4.332992E-13
996.490480368619  5.298044E-13
997.938137289156  4.941926E-13
999.385794209693  5.194711E-13
1000.83345113023  4.757608E-13
1002.28110805077  5.111604E-13
1003.7287649713  5.017974E-13
1005.17642189184  6.039993E-13
1006.62407881238  5.425450E-13
1008.07173573291  4.566336E-13
1009.51939265345  4.630606E-13
1010.96704957399  3.818301E-13
1012.41470649452  4.468875E-13
1013.86236341506  4.597780E-13
1015.3100203356  4.583059E-13
1016.75767725613  4.748663E-13
1018.20533417667  5.195096E-13
1019.65299109721  4.678034E-13
1021.10064801775  4.354523E-13
1022.54830493828  4.126034E-13
1023.99596185882  4.860453E-13
1025.44361877936  6.020365E-13
1026.89127569989  5.035524E-13
1028.33893262043  4.133780E-13
1029.78658954097  3.975182E-13
1031.2342464615  4.726758E-13
1032.68190338204  5.302707E-13
1034.12956030258  5.719711E-13
1035.57721722311  4.616834E-13
1037.02487414365  4.446752E-13
1038.47253106419  4.955472E-13
1039.92018798472  4.386827E-13
1041.36784490526  4.033536E-13
1042.8155018258  4.031982E-13
1044.26315874633  4.129579E-13
1045.71081566687  5.661902E-13
1047.15847258741  4.989381E-13
1048.60612950794  5.072654E-13
1050.05378642848  4.029598E-13
1051.50144334902  3.751890E-13
1052.94910026955  3.581954E-13
1054.39675719009  3.707558E-13
1055.84441411063  3.074825E-13
1057.29207103116  3.061516E-13
1058.7397279517  3.279233E-13
1060.18738487224  3.536977E-13
1061.63504179277  3.558911E-13
1063.08269871331  3.579787E-13
1064.53035563385  3.792764E-13
1065.97801255439  3.632288E-13
1067.42566947492  3.582432E-13
1068.87332639546  3.442675E-13
1070.320983316  3.495022E-13
1071.76864023653  3.458038E-13
1073.21629715707  3.694844E-13
1074.66395407761  3.432663E-13
1076.11161099814  3.816725E-13
1077.55926791868  3.866796E-13
1079.00692483922  3.427024E-13
1080.45458175975  3.298205E-13
1081.90223868029  3.031757E-13
1083.34989560083  3.221567E-13
1084.79755252136  3.172445E-13
1086.2452094419  3.138793E-13
1087.69286636244  2.988519E-13
1089.14052328297  2.904706E-13
1090.58818020351  2.645418E-13
1092.03583712405  2.873151E-13
1093.48349404458  3.086894E-13
1094.93115096512  2.953267E-13
1096.37880788566  2.824448E-13
1097.82646480619  3.082618E-13
1099.27412172673  3.190386E-13
1100.72177864727  3.059301E-13
1102.1694355678  2.880402E-13
1103.61709248834  3.077139E-13
1105.06474940888  3.072027E-13
1106.51240632942  2.859248E-13
1107.96006324995  3.232128E-13
1109.40772017049  3.123890E-13
1110.85537709103  3.193980E-13
1112.30303401156  3.222549E-13
1113.7506909321  3.432242E-13
1115.19834785264  3.049127E-13
1116.64600477317  3.295375E-13
1118.09366169371  2.823386E-13
1119.54131861425  3.081297E-13
1120.98897553478  2.759698E-13
1122.43663245532  3.027586E-13
1123.88428937586  2.756120E-13
1125.33194629639  2.616014E-13
1126.77960321693  2.627535E-13
1128.22726013747  2.765418E-13
1129.674917058  2.985257E-13
1131.12257397854  3.019874E-13
1132.57023089908  3.241513E-13
1134.01788781961  3.281387E-13
1135.46554474015  2.883609E-13
1136.91320166069  2.908369E-13
1138.36085858122  2.905405E-13
1139.80851550176  3.100006E-13
1141.2561724223  2.970627E-13
1142.70382934284  2.878786E-13
1144.15148626337  2.973630E-13
1145.59914318391  2.600789E-13
1147.04680010445  2.794003E-13
1148.49445702498  2.946725E-13
1149.94211394552  2.841593E-13
1151.38977086606  2.693140E-13
1152.83742778659  2.841003E-13
1154.28508470713  2.476531E-13
1155.73274162767  2.676057E-13
1157.1803985482  3.199777E-13
1158.62805546874  3.149368E-13
1160.07571238928  3.030755E-13
1161.52336930981  2.832697E-13
1162.97102623035  2.852449E-13
1164.41868315089  3.072738E-13
1165.86634007142  3.306303E-13
1167.31399699196  3.163145E-13
1168.7616539125  3.605863E-13
1170.20931083303  3.418155E-13
1171.65696775357  3.570993E-13
1173.10462467411  3.491997E-13
1174.55228159464  3.819600E-13
1175.99993851518  3.713680E-13
1177.44759543572  3.336159E-13
1178.89525235625  3.600341E-13
1180.34290927679  3.587174E-13
1181.79056619733  3.674100E-13
1183.23822311787  3.570144E-13
1184.6858800384  3.901568E-13
1186.13353695894  4.245691E-13
1187.58119387948  3.985633E-13
1189.02885080001  3.656755E-13
1190.47650772055  3.939139E-13
1191.92416464109  4.405881E-13
1193.37182156162  4.366973E-13
1194.81947848216  4.754710E-13
1196.2671354027  4.661387E-13
1197.71479232323  4.761772E-13
1199.16244924377  5.688652E-13
1200.61010616431  5.609721E-13
1202.05776308484  5.757868E-13
1203.50542000538  5.562109E-13
1204.95307692592  5.701678E-13
1206.40073384645  7.123522E-13
1207.84839076699  8.126918E-13
1209.29604768753  8.402909E-13
1210.74370460806  1.049548E-12
1212.1913615286  9.076736E-13
1213.63901844914  1.097426E-12
1215.08667536967  9.441366E-13
1216.53433229021  1.130685E-12
1217.98198921075  1.188290E-12
1219.42964613129  1.096648E-12
1220.87730305182  8.915656E-13
1222.32495997236  6.848017E-13
1223.7726168929  6.413832E-13
1225.22027381343  5.352747E-13
1226.66793073397  5.617889E-13
1228.11558765451  5.366752E-13
1229.56324457504  5.601875E-13
1231.01090149558  5.797408E-13
1232.45855841612  4.930866E-13
1233.90621533665  5.242063E-13
1235.35387225719  5.258076E-13
1236.80152917773  4.778681E-13
1238.24918609826  4.685654E-13
1239.6968430188  5.383106E-13
1241.14449993934  5.054084E-13
1242.59215685987  4.896755E-13
1244.03981378041  4.438354E-13
1245.48747070095  4.434011E-13
1246.93512762148  4.419473E-13
1248.38278454202  3.977314E-13
1249.83044146256  3.736583E-13
1251.27809838309  3.933344E-13
1252.72575530363  3.479463E-13
1254.17341222417  3.681939E-13
1255.62106914471  3.459243E-13
1257.06872606524  3.564977E-13
1258.51638298578  3.266179E-13
1259.96403990632  3.068527E-13
1261.41169682685  3.452981E-13
1262.85935374739  3.367812E-13
1264.30701066793  3.300110E-13
1265.75466758846  2.969202E-13
1267.202324509  2.994718E-13
1268.64998142954  3.003004E-13
1270.09763835007  2.961408E-13
1271.54529527061  3.164917E-13
1272.99295219115  2.802212E-13
1274.44060911168  2.879970E-13
1275.88826603222  3.046792E-13
1277.33592295276  2.738570E-13
1278.78357987329  2.879158E-13
1280.23123679383  2.688127E-13
1281.67889371437  3.060003E-13
1283.1265506349  2.728822E-13
1284.57420755544  2.652771E-13
1286.02186447598  2.772917E-13
1287.46952139651  2.750176E-13
1288.91717831705  2.516454E-13
1290.36483523759  2.513302E-13
1291.81249215812  2.331781E-13
1293.26014907866  2.540957E-13
1294.7078059992  2.706120E-13
1296.15546291974  2.369441E-13
1297.60311984027  2.440022E-13
1299.05077676081  2.662292E-13
1300.49843368135  2.569032E-13
1301.94609060188  2.671409E-13
1303.39374752242  2.694411E-13
1304.84140444296  2.898994E-13
1306.28906136349  2.541879E-13
1307.73671828403  2.683609E-13
1309.18437520457  2.758481E-13
1310.6320321251  2.683301E-13
1312.07968904564  2.500690E-13
1313.52734596618  2.715098E-13
1314.97500288671  2.639952E-13
1316.42265980725  2.549617E-13
1317.87031672779  2.327344E-13
1319.31797364832  2.340125E-13
1320.76563056886  2.541712E-13
1322.2132874894  2.496437E-13
1323.66094440993  2.541637E-13
1325.10860133047  2.431840E-13
1326.55625825101  2.342388E-13
1328.00391517154  2.401749E-13
1329.45157209208  2.689910E-13
1330.89922901262  2.508285E-13
1332.34688593315  2.531136E-13
1333.79454285369  2.628873E-13
1335.24219977423  2.727796E-13
1336.68985669477  2.493124E-13
1338.1375136153  2.409665E-13
1339.58517053584  2.695430E-13
1341.03282745638  2.471025E-13
1342.48048437691  2.804449E-13
1343.92814129745  2.637889E-13
1345.37579821799  2.638430E-13
1346.82345513852  2.231832E-13
1348.27111205906  2.423160E-13
1349.7187689796  2.409234E-13
1351.16642590013  2.544680E-13
1352.61408282067  2.501889E-13
1354.06173974121  2.488016E-13
1355.50939666174  2.422307E-13
1356.95705358228  2.674706E-13
1358.40471050282  2.551274E-13
1359.85236742335  2.384754E-13
1361.30002434389  2.306829E-13
1362.74768126443  2.545068E-13
1364.19533818496  2.588748E-13
1365.6429951055  2.610803E-13
1367.09065202604  2.362961E-13
1368.53830894657  2.780691E-13
1369.98596586711  2.778918E-13
1371.43362278765  2.605542E-13
1372.88127970819  2.829289E-13
1374.32893662872  2.732558E-13
1375.77659354926  2.482776E-13
1377.2242504698  2.559883E-13
1378.67190739033  2.536011E-13
1380.11956431087  2.501730E-13
1381.56722123141  2.626839E-13
1383.01487815194  2.551719E-13
1384.46253507248  2.547883E-13
1385.91019199302  2.535309E-13
1387.35784891355  2.758368E-13
1388.80550583409  2.717956E-13
1390.25316275463  2.638505E-13
1391.70081967516  2.824421E-13
1393.1484765957  2.783325E-13
1394.59613351624  2.851321E-13
1396.04379043677  3.017218E-13
1397.49144735731  3.169054E-13
1398.93910427785  3.247171E-13
1400.38676119838  3.122744E-13
1401.83441811892  2.944077E-13
1403.28207503946  2.845830E-13
1404.72973195999  2.845335E-13
1406.17738888053  2.908781E-13
1407.62504580107  2.856642E-13
1409.0727027216  2.781195E-13
1410.52035964214  3.077637E-13
1411.96801656268  2.892228E-13
1413.41567348322  2.771770E-13
1414.86333040375  2.705311E-13
1416.31098732429  2.523242E-13
1417.75864424483  2.732203E-13
1419.20630116536  2.391478E-13
1420.6539580859  2.653163E-13
1422.10161500644  2.413439E-13
1423.54927192697  2.510490E-13
1424.99692884751  2.343607E-13
1426.44458576805  2.488218E-13
1427.89224268858  2.400462E-13
1429.33989960912  2.512514E-13
1430.78755652966  2.642757E-13
1432.23521345019  2.492640E-13
1433.68287037073  2.588164E-13
1435.13052729127  2.649735E-13
1436.5781842118  2.449953E-13
1438.02584113234  2.692682E-13
1439.47349805288  2.527502E-13
1440.92115497341  2.584887E-13
1442.36881189395  2.161257E-13
1443.81646881449  2.161633E-13
1445.26412573502  2.165557E-13
1446.71178265556  2.352262E-13
1448.1594395761  2.278953E-13
1449.60709649664  2.324329E-13
1451.05475341717  2.418127E-13
1452.50241033771  2.191673E-13
1453.95006725825  2.219132E-13
1455.39772417878  2.485507E-13
1456.84538109932  2.418213E-13
1458.29303801986  2.369660E-13
1459.74069494039  2.429600E-13
1461.18835186093  2.341605E-13
1462.63600878147  2.065915E-13
1464.083665702  2.143814E-13
1465.53132262254  2.354001E-13
1466.97897954308  2.331177E-13
1468.42663646361  2.472596E-13
1469.87429338415  2.321520E-13
1471.32195030469  2.113045E-13
1472.76960722522  2.124654E-13
1474.21726414576  2.144698E-13
1475.6649210663  2.279942E-13
1477.11257798683  2.295124E-13
1478.56023490737  2.224968E-13
1480.00789182791  2.358091E-13
1481.45554874844  2.167747E-13
1482.90320566898  2.168777E-13
1484.35086258952  2.252113E-13
1485.79851951005  2.255669E-13
1487.24617643059  2.279632E-13
1488.69383335113  2.254727E-13
1490.14149027167  2.215552E-13
1491.5891471922  2.130710E-13
1493.03680411274  2.149173E-13
1494.48446103328  2.245904E-13
1495.93211795381  2.338858E-13
1497.37977487435  2.281291E-13
1498.82743179489  2.229474E-13
1500.27508871542  2.341892E-13
1501.72274563596  2.284347E-13
1503.1704025565  2.380263E-13
1504.61805947703  2.273356E-13
1506.06571639757  2.222700E-13
1507.51337331811  2.129107E-13
1508.96103023864  2.398446E-13
1510.40868715918  2.408719E-13
1511.85634407972  2.235918E-13
1513.30400100025  2.520577E-13
1514.75165792079  2.396034E-13
1516.19931484133  2.456730E-13
1517.64697176186  2.568936E-13
1519.0946286824  2.488949E-13
1520.54228560294  2.502014E-13
1521.98994252347  2.573393E-13
1523.43759944401  2.645958E-13
1524.88525636455  2.744450E-13
1526.33291328509  2.727259E-13
1527.78057020562  2.988228E-13
1529.22822712616  2.893124E-13
1530.6758840467  2.955177E-13
1532.12354096723  3.058218E-13
1533.57119788777  3.178469E-13
1535.01885480831  3.409314E-13
1536.46651172884  3.524267E-13
1537.91416864938  3.589296E-13
1539.36182556992  3.912719E-13
1540.80948249045  4.258041E-13
1542.25713941099  4.121050E-13
1543.70479633153  4.555887E-13
1545.15245325206  4.092536E-13
1546.6001101726  4.722187E-13
1548.04776709314  4.482523E-13
1549.49542401367  3.794882E-13
1550.94308093421  4.112168E-13
1552.39073785475  4.097471E-13
1553.83839477528  3.859093E-13
1555.28605169582  3.550166E-13
1556.73370861636  3.457899E-13
1558.18136553689  3.264621E-13
1559.62902245743  2.989335E-13
1561.07667937797  3.074172E-13
1562.5243362985  2.785370E-13
1563.97199321904  2.681614E-13
1565.41965013958  2.768043E-13
1566.86730706012  2.752700E-13
1568.31496398065  2.662682E-13
1569.76262090119  2.519876E-13
1571.21027782173  2.375783E-13
1572.65793474226  2.388645E-13
1574.1055916628  2.457202E-13
1575.55324858334  2.163256E-13
1577.00090550387  2.394438E-13
1578.44856242441  2.451981E-13
1579.89621934495  2.410941E-13
1581.34387626548  2.221865E-13
1582.79153318602  2.120971E-13
1584.23919010656  2.117554E-13
1585.68684702709  2.079217E-13
1587.13450394763  2.166880E-13
1588.58216086817  2.137454E-13
1590.0298177887  2.307004E-13
1591.47747470924  2.212754E-13
1592.92513162978  2.230379E-13
1594.37278855031  2.183105E-13
1595.82044547085  2.172571E-13
1597.26810239139  2.180306E-13
1598.71575931192  2.142643E-13
1600.16341623246  2.181158E-13
1601.611073153  2.173552E-13
1603.05873007354  2.181452E-13
1604.50638699407  2.164014E-13
1605.95404391461  2.295063E-13
1607.40170083515  2.143679E-13
1608.84935775568  2.132649E-13
1610.29701467622  2.087128E-13
1611.74467159676  2.202531E-13
1613.19232851729  2.272177E-13
1614.63998543783  2.309762E-13
1616.08764235837  2.263078E-13
1617.5352992789  2.339571E-13
1618.98295619944  2.297876E-13
1620.43061311998  2.329347E-13
1621.87827004051  2.311466E-13
1623.32592696105  2.205260E-13
1624.77358388159  2.144168E-13
1626.22124080212  2.177841E-13
1627.66889772266  2.148549E-13
1629.1165546432  2.198892E-13
1630.56421156373  2.190258E-13
1632.01186848427  2.312041E-13
1633.45952540481  2.251818E-13
1634.90718232534  2.234702E-13
1636.35483924588  2.215636E-13
1637.80249616642  2.213189E-13
1639.25015308695  2.291420E-13
1640.69781000749  2.345872E-13
1642.14546692803  2.319033E-13
1643.59312384857  2.319996E-13
1645.0407807691  2.252798E-13
1646.48843768964  2.216545E-13
1647.93609461018  2.042041E-13
1649.38375153071  2.076447E-13
1650.83140845125  2.111559E-13
1652.27906537179  2.035559E-13
1653.72672229232  2.073752E-13
1655.17437921286  2.176207E-13
1656.6220361334  2.241053E-13
1658.06969305393  2.240445E-13
1659.51734997447  2.164506E-13
1660.96500689501  2.183796E-13
1662.41266381554  2.082241E-13
1663.86032073608  2.022466E-13
1665.30797765662  2.042952E-13
1666.75563457715  2.009239E-13
1668.20329149769  2.053519E-13
1669.65094841823  2.110069E-13
1671.09860533876  2.189176E-13
1672.5462622593  2.272299E-13
1673.99391917984  2.097976E-13
1675.44157610038  2.100437E-13
1676.88923302091  2.134442E-13
1678.33688994145  2.010158E-13
1679.78454686199  1.966544E-13
1681.23220378252  1.913451E-13
1682.67986070306  1.957556E-13
1684.1275176236  2.020696E-13
1685.57517454413  1.927652E-13
1687.02283146467  1.927430E-13
1688.47048838521  1.958630E-13
1689.91814530574  1.905614E-13
1691.36580222628  1.961441E-13
1692.81345914682  1.855546E-13
1694.26111606735  1.823346E-13
1695.70877298789  1.777947E-13
1697.15642990843  1.818200E-13
1698.60408682896  1.918822E-13
1700.0517437495  1.956938E-13
1701.49940067004  1.919426E-13
1702.94705759057  1.932408E-13
1704.39471451111  1.863568E-13
1705.84237143165  1.813536E-13
1707.29002835218  1.798030E-13
1708.73768527272  1.857705E-13
1710.18534219326  0.
1711.63299911379  0.
1713.08065603433  0.
1714.52831295487  0.
1715.97596987541  0.
1717.42362679594  0.
1718.87128371648  0.
1720.31894063702  0.
1721.76659755755  0.
1723.21425447809  0.
1724.66191139863  0.
1726.10956831916  0.
1727.5572252397  0.
1729.00488216024  0.
1730.45253908077  0.
1731.90019600131  0.
1733.34785292185  0.
1734.79550984238  0.
1736.24316676292  0.
1737.69082368346  0.
1739.13848060399  0.
1740.58613752453  0.
1742.03379444507  0.
1743.4814513656  0.
1744.92910828614  0.
1746.37676520668  0.
1747.82442212721  0.
1749.27207904775  0.
1750.71973596829  0.
1752.16739288882  0.
1753.61504980936  0.
1755.0627067299  0.
1756.51036365043  0.
1757.95802057097  0.
1759.40567749151  0.
1760.85333441205  0.
1762.30099133258  0.
1763.74864825312  0.
1765.19630517366  0.
1766.64396209419  0.
1768.09161901473  0.
1769.53927593527  0.
1770.9869328558  0.
1772.43458977634  0.
1773.88224669688  0.
1775.32990361741  0.
1776.77756053795  0.
1778.22521745849  0.
1779.67287437902  0.
1781.12053129956  0.
1782.5681882201  0.
1784.01584514063  0.
1785.46350206117  0.
1786.91115898171  0.
1788.35881590224  0.
1789.80647282278  0.
1791.25412974332  0.
1792.70178666385  0.
1794.14944358439  0.
1795.59710050493  0.
1797.04475742547  0.
1798.492414346  0.
1799.94007126654  0.
1801.38772818708  0.
1802.83538510761  0.
1804.28304202815  0.
1805.73069894869  0.
1807.17835586922  0.
1808.62601278976  0.
1810.0736697103  0.
1811.52132663083  0.
1812.96898355137  0.
1814.41664047191  0.
1815.86429739244  0.
1817.31195431298  0.
1818.75961123352  0.
1820.20726815405  0.
1821.65492507459  0.
1823.10258199513  0.
1824.55023891566  0.
1825.9978958362  0.
1827.44555275674  0.
1828.89320967727  0.
1830.34086659781  0.
1831.78852351835  0.
