906.735751295338  0.
908.183408215875  0.
909.631065136412  0.
911.078722056949  0.
912.526378977485  0.
913.974035898022  0.
915.421692818559  0.
916.869349739096  0.
918.317006659633  0.
919.764663580169  0.
921.212320500706  0.
922.659977421243  0.
924.10763434178  0.
925.555291262316  0.
927.002948182853  0.
928.45060510339  0.
929.898262023927  0.
931.345918944464  0.
932.793575865  0.
934.241232785537  0.
935.688889706074  0.
937.136546626611  0.
938.584203547148  0.
940.031860467684  0.
941.479517388221  0.
942.927174308758  0.
944.374831229295  0.
945.822488149832  0.
947.270145070369  0.
948.717801990905  0.
950.165458911442  0.
951.613115831979  0.
953.060772752515  0.
954.508429673052  0.
955.956086593589  0.
957.403743514126  0.
958.851400434663  0.
960.2990573552  0.
961.746714275736  0.
963.194371196273  0.
964.64202811681  0.
966.089685037347  0.
967.537341957883  0.
968.98499887842  0.
970.432655798957  0.
971.880312719494  0.
973.327969640031  0.
974.775626560567  0.
976.223283481104  0.
977.670940401641  0.
979.118597322178  0.
980.566254242715  0.
982.013911163251  0.
983.461568083788  0.
984.909225004325  0.
986.356881924862  0.
987.804538845399  0.
989.252195765935  0.
990.699852686472  0.
992.147509607009  0.
993.595166527546  2.762840E-13
995.042823448082  5.174983E-13
996.490480368619  5.492704E-13
997.938137289156  7.522161E-13
999.385794209693  5.495507E-13
1000.83345113023  5.429833E-13
1002.28110805077  4.558761E-13
1003.7287649713  4.993671E-13
1005.17642189184  5.730470E-13
1006.62407881238  5.260748E-13
1008.07173573291  4.987429E-13
1009.51939265345  6.184786E-13
1010.96704957399  5.663699E-13
1012.41470649452  3.775915E-13
1013.86236341506  4.764025E-13
1015.3100203356  5.252384E-13
1016.75767725613  4.060875E-13
1018.20533417667  6.262836E-13
1019.65299109721  4.722766E-13
1021.10064801775  5.002109E-13
1022.54830493828  5.153995E-13
1023.99596185882  4.942796E-13
1025.44361877936  5.920740E-13
1026.89127569989  4.883358E-13
1028.33893262043  5.197693E-13
1029.78658954097  5.174636E-13
1031.2342464615  5.411394E-13
1032.68190338204  4.258292E-13
1034.12956030258  4.901251E-13
1035.57721722311  4.359184E-13
1037.02487414365  3.880250E-13
1038.47253106419  3.805213E-13
1039.92018798472  4.012094E-13
1041.36784490526  3.781910E-13
1042.8155018258  4.239475E-13
1044.26315874633  4.045502E-13
1045.71081566687  5.844997E-13
1047.15847258741  6.543020E-13
1048.60612950794  5.106931E-13
1050.05378642848  5.138202E-13
1051.50144334902  4.516698E-13
1052.94910026955  4.489108E-13
1054.39675719009  4.799217E-13
1055.84441411063  4.618495E-13
1057.29207103116  3.537367E-13
1058.7397279517  3.215327E-13
1060.18738487224  3.586201E-13
1061.63504179277  3.313208E-13
1063.08269871331  3.415321E-13
1064.53035563385  3.461354E-13
1065.97801255439  3.630089E-13
1067.42566947492  3.873237E-13
1068.87332639546  3.421048E-13
1070.320983316  3.641560E-13
1071.76864023653  3.461834E-13
1073.21629715707  3.928387E-13
1074.66395407761  3.265874E-13
1076.11161099814  3.790195E-13
1077.55926791868  3.842241E-13
1079.00692483922  3.892718E-13
1080.45458175975  3.649577E-13
1081.90223868029  3.424846E-13
1083.34989560083  3.340442E-13
1084.79755252136  3.370605E-13
1086.2452094419  3.196900E-13
1087.69286636244  3.032048E-13
1089.14052328297  2.876711E-13
1090.58818020351  3.059240E-13
1092.03583712405  2.890447E-13
1093.48349404458  3.185767E-13
1094.93115096512  3.084761E-13
1096.37880788566  3.023320E-13
1097.82646480619  3.393622E-13
1099.27412172673  3.084861E-13
1100.72177864727  3.208757E-13
1102.1694355678  3.074571E-13
1103.61709248834  3.215805E-13
1105.06474940888  2.832499E-13
1106.51240632942  2.785868E-13
1107.96006324995  3.316508E-13
1109.40772017049  3.178317E-13
1110.85537709103  3.182920E-13
1112.30303401156  3.030326E-13
1113.7506909321  3.260338E-13
1115.19834785264  3.151681E-13
1116.64600477317  3.010919E-13
1118.09366169371  3.021945E-13
1119.54131861425  3.055889E-13
1120.98897553478  2.934388E-13
1122.43663245532  3.255048E-13
1123.88428937586  2.892863E-13
1125.33194629639  2.852736E-13
1126.77960321693  2.675942E-13
1128.22726013747  2.791593E-13
1129.674917058  2.809396E-13
1131.12257397854  3.061534E-13
1132.57023089908  3.283745E-13
1134.01788781961  3.453991E-13
1135.46554474015  3.342654E-13
1136.91320166069  2.731410E-13
1138.36085858122  2.989915E-13
1139.80851550176  3.233065E-13
1141.2561724223  2.938783E-13
1142.70382934284  3.214046E-13
1144.15148626337  3.049314E-13
1145.59914318391  3.375507E-13
1147.04680010445  3.276606E-13
1148.49445702498  3.345283E-13
1149.94211394552  2.935844E-13
1151.38977086606  2.769063E-13
1152.83742778659  2.655872E-13
1154.28508470713  2.586936E-13
1155.73274162767  2.854966E-13
1157.1803985482  3.006293E-13
1158.62805546874  3.366843E-13
1160.07571238928  3.186958E-13
1161.52336930981  2.448617E-13
1162.97102623035  2.843595E-13
1164.41868315089  3.445290E-13
1165.86634007142  3.125315E-13
1167.31399699196  3.421198E-13
1168.7616539125  3.457244E-13
1170.20931083303  3.349929E-13
1171.65696775357  3.769994E-13
1173.10462467411  4.025385E-13
1174.55228159464  3.302957E-13
1175.99993851518  3.405775E-13
1177.44759543572  3.610526E-13
1178.89525235625  3.524890E-13
1180.34290927679  3.561774E-13
1181.79056619733  3.730590E-13
1183.23822311787  3.607062E-13
1184.6858800384  3.906875E-13
1186.13353695894  3.693922E-13
1187.58119387948  3.612016E-13
1189.02885080001  4.184865E-13
1190.47650772055  4.040136E-13
1191.92416464109  4.408937E-13
1193.37182156162  5.044014E-13
1194.81947848216  4.811106E-13
1196.2671354027  4.543934E-13
1197.71479232323  5.334045E-13
1199.16244924377  4.919061E-13
1200.61010616431  4.870295E-13
1202.05776308484  5.533929E-13
1203.50542000538  5.169497E-13
1204.95307692592  5.826734E-13
1206.40073384645  6.650440E-13
1207.84839076699  7.056107E-13
1209.29604768753  8.697518E-13
1210.74370460806  8.907563E-13
1212.1913615286  9.004000E-13
1213.63901844914  1.005345E-12
1215.08667536967  9.837948E-13
1216.53433229021  1.251334E-12
1217.98198921075  1.119051E-12
1219.42964613129  1.060868E-12
1220.87730305182  8.974304E-13
1222.32495997236  7.892597E-13
1223.7726168929  6.453556E-13
1225.22027381343  6.431383E-13
1226.66793073397  5.596312E-13
1228.11558765451  5.427733E-13
1229.56324457504  5.540245E-13
1231.01090149558  5.015319E-13
1232.45855841612  5.581143E-13
1233.90621533665  4.783470E-13
1235.35387225719  4.757596E-13
1236.80152917773  5.040019E-13
1238.24918609826  5.199745E-13
1239.6968430188  5.307204E-13
1241.14449993934  4.770531E-13
1242.59215685987  4.366105E-13
1244.03981378041  4.522674E-13
1245.48747070095  4.033924E-13
1246.93512762148  4.024322E-13
1248.38278454202  4.242522E-13
1249.83044146256  4.059443E-13
1251.27809838309  3.585389E-13
1252.72575530363  3.518589E-13
1254.17341222417  3.464233E-13
1255.62106914471  3.389463E-13
1257.06872606524  3.329711E-13
1258.51638298578  3.148068E-13
1259.96403990632  3.264705E-13
1261.41169682685  3.366540E-13
1262.85935374739  3.283815E-13
1264.30701066793  3.251181E-13
1265.75466758846  3.509841E-13
1267.202324509  3.385197E-13
1268.64998142954  2.848223E-13
1270.09763835007  2.789633E-13
1271.54529527061  2.857934E-13
1272.99295219115  3.109329E-13
1274.44060911168  2.876301E-13
1275.88826603222  2.653131E-13
1277.33592295276  2.251152E-13
1278.78357987329  2.771119E-13
1280.23123679383  3.094527E-13
1281.67889371437  2.642635E-13
1283.1265506349  2.460906E-13
1284.57420755544  2.748588E-13
1286.02186447598  2.880827E-13
1287.46952139651  2.810772E-13
1288.91717831705  3.016405E-13
1290.36483523759  2.808647E-13
1291.81249215812  2.511796E-13
1293.26014907866  2.520392E-13
1294.7078059992  2.982897E-13
1296.15546291974  2.868524E-13
1297.60311984027  3.178144E-13
1299.05077676081  2.575608E-13
1300.49843368135  2.487480E-13
1301.94609060188  2.841976E-13
1303.39374752242  2.665522E-13
1304.84140444296  2.377401E-13
1306.28906136349  2.564608E-13
1307.73671828403  2.603377E-13
1309.18437520457  2.811135E-13
1310.6320321251  2.598480E-13
1312.07968904564  2.490616E-13
1313.52734596618  2.777966E-13
1314.97500288671  2.804265E-13
1316.42265980725  2.870594E-13
1317.87031672779  2.372688E-13
1319.31797364832  2.371366E-13
1320.76563056886  2.275505E-13
1322.2132874894  2.540882E-13
1323.66094440993  2.357502E-13
1325.10860133047  2.621957E-13
1326.55625825101  2.517485E-13
1328.00391517154  2.530139E-13
1329.45157209208  2.578953E-13
1330.89922901262  2.691463E-13
1332.34688593315  2.691844E-13
1333.79454285369  2.553228E-13
1335.24219977423  2.521195E-13
1336.68985669477  2.514027E-13
1338.1375136153  2.133400E-13
1339.58517053584  2.270789E-13
1341.03282745638  2.546814E-13
1342.48048437691  2.971064E-13
1343.92814129745  2.911649E-13
1345.37579821799  2.511771E-13
1346.82345513852  2.404817E-13
1348.27111205906  2.526522E-13
1349.7187689796  2.408945E-13
1351.16642590013  2.811227E-13
1352.61408282067  2.874906E-13
1354.06173974121  2.505346E-13
1355.50939666174  2.591365E-13
1356.95705358228  2.882716E-13
1358.40471050282  2.541784E-13
1359.85236742335  2.214221E-13
1361.30002434389  2.612672E-13
1362.74768126443  2.876037E-13
1364.19533818496  3.077715E-13
1365.6429951055  2.836926E-13
1367.09065202604  2.478644E-13
1368.53830894657  2.927038E-13
1369.98596586711  2.608017E-13
1371.43362278765  2.999009E-13
1372.88127970819  2.563897E-13
1374.32893662872  2.338757E-13
1375.77659354926  2.626221E-13
1377.2242504698  2.656369E-13
1378.67190739033  2.802432E-13
1380.11956431087  2.772044E-13
1381.56722123141  2.864864E-13
1383.01487815194  2.354195E-13
1384.46253507248  2.608583E-13
1385.91019199302  2.650255E-13
1387.35784891355  2.598044E-13
1388.80550583409  2.647238E-13
1390.25316275463  2.785145E-13
1391.70081967516  2.672819E-13
1393.1484765957  2.691634E-13
1394.59613351624  3.105712E-13
1396.04379043677  3.294704E-13
1397.49144735731  3.414748E-13
1398.93910427785  3.055137E-13
1400.38676119838  2.772366E-13
1401.83441811892  3.137161E-13
1403.28207503946  3.343687E-13
1404.72973195999  2.783410E-13
1406.17738888053  2.616057E-13
1407.62504580107  2.418254E-13
1409.0727027216  2.385361E-13
1410.52035964214  2.717262E-13
1411.96801656268  2.870157E-13
1413.41567348322  2.838548E-13
1414.86333040375  2.471737E-13
1416.31098732429  2.379536E-13
1417.75864424483  2.119351E-13
1419.20630116536  2.187170E-13
1420.6539580859  2.417730E-13
1422.10161500644  2.796038E-13
1423.54927192697  2.970354E-13
1424.99692884751  2.402974E-13
1426.44458576805  2.452502E-13
1427.89224268858  2.273859E-13
1429.33989960912  2.474079E-13
1430.78755652966  2.246055E-13
1432.23521345019  2.264751E-13
1433.68287037073  2.056735E-13
1435.13052729127  2.384106E-13
1436.5781842118  2.529072E-13
1438.02584113234  2.276685E-13
1439.47349805288  2.386752E-13
1440.92115497341  2.610315E-13
1442.36881189395  2.369993E-13
1443.81646881449  2.083571E-13
1445.26412573502  2.259001E-13
1446.71178265556  2.059284E-13
1448.1594395761  2.130168E-13
1449.60709649664  2.406005E-13
1451.05475341717  2.155959E-13
1452.50241033771  2.301917E-13
1453.95006725825  2.403079E-13
1455.39772417878  2.277976E-13
1456.84538109932  2.236813E-13
1458.29303801986  2.036180E-13
1459.74069494039  2.005892E-13
1461.18835186093  2.412288E-13
1462.63600878147  1.921676E-13
1464.083665702  1.854211E-13
1465.53132262254  1.960547E-13
1466.97897954308  2.267812E-13
1468.42663646361  2.436420E-13
1469.87429338415  2.219241E-13
1471.32195030469  2.017355E-13
1472.76960722522  2.091947E-13
1474.21726414576  2.360198E-13
1475.6649210663  2.107536E-13
1477.11257798683  2.275251E-13
1478.56023490737  2.470697E-13
1480.00789182791  2.364522E-13
1481.45554874844  2.403531E-13
1482.90320566898  2.438871E-13
1484.35086258952  2.314459E-13
1485.79851951005  2.242801E-13
1487.24617643059  2.045166E-13
1488.69383335113  2.100625E-13
1490.14149027167  2.266694E-13
1491.5891471922  2.265219E-13
1493.03680411274  1.954333E-13
1494.48446103328  2.325716E-13
1495.93211795381  2.311807E-13
1497.37977487435  2.254175E-13
1498.82743179489  2.172507E-13
1500.27508871542  2.311653E-13
1501.72274563596  2.431009E-13
1503.1704025565  2.415573E-13
1504.61805947703  2.361717E-13
1506.06571639757  2.444976E-13
1507.51337331811  2.448064E-13
1508.96103023864  2.361038E-13
1510.40868715918  2.530480E-13
1511.85634407972  2.677841E-13
1513.30400100025  2.529064E-13
1514.75165792079  2.573424E-13
1516.19931484133  2.393629E-13
1517.64697176186  2.529397E-13
1519.0946286824  2.643760E-13
1520.54228560294  2.524828E-13
1521.98994252347  2.695115E-13
1523.43759944401  2.700622E-13
1524.88525636455  2.630003E-13
1526.33291328509  2.765685E-13
1527.78057020562  2.929898E-13
1529.22822712616  2.849879E-13
1530.6758840467  2.764708E-13
1532.12354096723  2.825184E-13
1533.57119788777  3.364912E-13
1535.01885480831  3.521553E-13
1536.46651172884  3.435106E-13
1537.91416864938  3.506014E-13
1539.36182556992  4.002040E-13
1540.80948249045  4.042496E-13
1542.25713941099  4.260643E-13
1543.70479633153  4.404829E-13
1545.15245325206  4.365388E-13
1546.6001101726  4.639564E-13
1548.04776709314  4.311994E-13
1549.49542401367  4.082759E-13
1550.94308093421  4.189428E-13
1552.39073785475  4.309801E-13
1553.83839477528  3.992349E-13
1555.28605169582  3.918680E-13
1556.73370861636  3.617456E-13
1558.18136553689  3.258911E-13
1559.62902245743  3.193089E-13
1561.07667937797  2.825812E-13
1562.5243362985  2.760694E-13
1563.97199321904  2.781152E-13
1565.41965013958  2.616868E-13
1566.86730706012  2.704194E-13
1568.31496398065  2.485873E-13
1569.76262090119  2.488313E-13
1571.21027782173  2.443613E-13
1572.65793474226  2.386651E-13
1574.1055916628  2.191773E-13
1575.55324858334  2.293651E-13
1577.00090550387  2.313251E-13
1578.44856242441  2.303846E-13
1579.89621934495  2.393657E-13
1581.34387626548  2.461282E-13
1582.79153318602  2.387661E-13
1584.23919010656  2.480164E-13
1585.68684702709  2.424050E-13
1587.13450394763  2.219136E-13
1588.58216086817  2.064973E-13
1590.0298177887  2.115913E-13
1591.47747470924  2.349155E-13
1592.92513162978  2.436259E-13
1594.37278855031  2.411651E-13
1595.82044547085  2.287206E-13
1597.26810239139  2.271440E-13
1598.71575931192  2.112405E-13
1600.16341623246  2.182050E-13
1601.611073153  2.281394E-13
1603.05873007354  2.365062E-13
1604.50638699407  2.328517E-13
1605.95404391461  2.242534E-13
1607.40170083515  2.439591E-13
1608.84935775568  2.339716E-13
1610.29701467622  2.329202E-13
1611.74467159676  2.164933E-13
1613.19232851729  2.026253E-13
1614.63998543783  2.252517E-13
1616.08764235837  2.254762E-13
1617.5352992789  2.314176E-13
1618.98295619944  2.330603E-13
1620.43061311998  2.321198E-13
1621.87827004051  2.367206E-13
1623.32592696105  2.259921E-13
1624.77358388159  2.278242E-13
1626.22124080212  2.334034E-13
1627.66889772266  2.221601E-13
1629.1165546432  2.390549E-13
1630.56421156373  2.597958E-13
1632.01186848427  2.335442E-13
1633.45952540481  2.214681E-13
1634.90718232534  2.251204E-13
1636.35483924588  2.248847E-13
1637.80249616642  2.251595E-13
1639.25015308695  2.219721E-13
1640.69781000749  2.270860E-13
1642.14546692803  2.198323E-13
1643.59312384857  2.261965E-13
1645.0407807691  2.233973E-13
1646.48843768964  2.189481E-13
1647.93609461018  2.161629E-13
1649.38375153071  2.017809E-13
1650.83140845125  1.949667E-13
1652.27906537179  2.056142E-13
1653.72672229232  2.134152E-13
1655.17437921286  2.208823E-13
1656.6220361334  2.257070E-13
1658.06969305393  2.245433E-13
1659.51734997447  2.299991E-13
1660.96500689501  2.322810E-13
1662.41266381554  2.350864E-13
1663.86032073608  2.247001E-13
1665.30797765662  2.158815E-13
1666.75563457715  2.172072E-13
1668.20329149769  2.138088E-13
1669.65094841823  2.144772E-13
1671.09860533876  2.171879E-13
1672.5462622593  2.141539E-13
1673.99391917984  2.086631E-13
1675.44157610038  2.145591E-13
1676.88923302091  2.112038E-13
1678.33688994145  2.100258E-13
1679.78454686199  2.080384E-13
1681.23220378252  2.048679E-13
1682.67986070306  2.039985E-13
1684.1275176236  2.159834E-13
1685.57517454413  2.074752E-13
1687.02283146467  2.041445E-13
1688.47048838521  2.003725E-13
1689.91814530574  2.006140E-13
1691.36580222628  2.011870E-13
1692.81345914682  1.995437E-13
1694.26111606735  2.006956E-13
1695.70877298789  2.014783E-13
1697.15642990843  2.214445E-13
1698.60408682896  2.175176E-13
1700.0517437495  2.146501E-13
1701.49940067004  2.036873E-13
1702.94705759057  1.991658E-13
1704.39471451111  1.994912E-13
1705.84237143165  1.990782E-13
1707.29002835218  1.897524E-13
1708.73768527272  1.879379E-13
1710.18534219326  0.
1711.63299911379  0.
1713.08065603433  0.
1714.52831295487  0.
1715.97596987541  0.
1717.42362679594  0.
1718.87128371648  0.
1720.31894063702  0.
1721.76659755755  0.
1723.21425447809  0.
1724.66191139863  0.
1726.10956831916  0.
1727.5572252397  0.
1729.00488216024  0.
1730.45253908077  0.
1731.90019600131  0.
1733.34785292185  0.
1734.79550984238  0.
1736.24316676292  0.
1737.69082368346  0.
1739.13848060399  0.
1740.58613752453  0.
1742.03379444507  0.
1743.4814513656  0.
1744.92910828614  0.
1746.37676520668  0.
1747.82442212721  0.
1749.27207904775  0.
1750.71973596829  0.
1752.16739288882  0.
1753.61504980936  0.
1755.0627067299  0.
1756.51036365043  0.
1757.95802057097  0.
1759.40567749151  0.
1760.85333441205  0.
1762.30099133258  0.
1763.74864825312  0.
1765.19630517366  0.
1766.64396209419  0.
1768.09161901473  0.
1769.53927593527  0.
1770.9869328558  0.
1772.43458977634  0.
1773.88224669688  0.
1775.32990361741  0.
1776.77756053795  0.
1778.22521745849  0.
1779.67287437902  0.
1781.12053129956  0.
1782.5681882201  0.
1784.01584514063  0.
1785.46350206117  0.
1786.91115898171  0.
1788.35881590224  0.
1789.80647282278  0.
1791.25412974332  0.
1792.70178666385  0.
1794.14944358439  0.
1795.59710050493  0.
1797.04475742547  0.
1798.492414346  0.
1799.94007126654  0.
1801.38772818708  0.
1802.83538510761  0.
1804.28304202815  0.
1805.73069894869  0.
1807.17835586922  0.
1808.62601278976  0.
1810.0736697103  0.
1811.52132663083  0.
1812.96898355137  0.
1814.41664047191  0.
1815.86429739244  0.
1817.31195431298  0.
1818.75961123352  0.
1820.20726815405  0.
1821.65492507459  0.
1823.10258199513  0.
1824.55023891566  0.
1825.9978958362  0.
1827.44555275674  0.
1828.89320967727  0.
1830.34086659781  0.
1831.78852351835  0.
