906.735751295338  0.
908.183408215875  0.
909.631065136412  0.
911.078722056949  0.
912.526378977485  0.
913.974035898022  0.
915.421692818559  0.
916.869349739096  0.
918.317006659633  0.
919.764663580169  0.
921.212320500706  0.
922.659977421243  0.
924.10763434178  0.
925.555291262316  0.
927.002948182853  0.
928.45060510339  0.
929.898262023927  0.
931.345918944464  0.
932.793575865  0.
934.241232785537  0.
935.688889706074  0.
937.136546626611  0.
938.584203547148  0.
940.031860467684  0.
941.479517388221  0.
942.927174308758  0.
944.374831229295  0.
945.822488149832  0.
947.270145070369  0.
948.717801990905  0.
950.165458911442  0.
951.613115831979  0.
953.060772752515  0.
954.508429673052  0.
955.956086593589  0.
957.403743514126  0.
958.851400434663  0.
960.2990573552  0.
961.746714275736  0.
963.194371196273  0.
964.64202811681  0.
966.089685037347  0.
967.537341957883  0.
968.98499887842  0.
970.432655798957  0.
971.880312719494  0.
973.327969640031  0.
974.775626560567  0.
976.223283481104  0.
977.670940401641  0.
979.118597322178  0.
980.566254242715  0.
982.013911163251  0.
983.461568083788  0.
984.909225004325  0.
986.356881924862  0.
987.804538845399  0.
989.252195765935  0.
990.699852686472  0.
992.147509607009  0.
993.595166527546  1.612887E-13
995.042823448082  4.844188E-13
996.490480368619  4.219293E-13
997.938137289156  5.218171E-13
999.385794209693  4.684003E-13
1000.83345113023  6.496614E-13
1002.28110805077  4.480372E-13
1003.7287649713  5.621226E-13
1005.17642189184  6.822840E-13
1006.62407881238  4.790012E-13
1008.07173573291  3.914113E-13
1009.51939265345  4.689754E-13
1010.96704957399  4.577346E-13
1012.41470649452  4.309311E-13
1013.86236341506  5.134524E-13
1015.3100203356  5.184101E-13
1016.75767725613  3.789585E-13
1018.20533417667  4.781615E-13
1019.65299109721  5.401323E-13
1021.10064801775  4.574524E-13
1022.54830493828  4.834548E-13
1023.99596185882  5.148324E-13
1025.44361877936  5.400531E-13
1026.89127569989  4.700421E-13
1028.33893262043  4.810779E-13
1029.78658954097  4.541697E-13
1031.2342464615  4.252103E-13
1032.68190338204  3.809003E-13
1034.12956030258  5.060674E-13
1035.57721722311  4.867357E-13
1037.02487414365  4.401155E-13
1038.47253106419  3.635883E-13
1039.92018798472  4.155043E-13
1041.36784490526  4.712652E-13
1042.8155018258  4.659622E-13
1044.26315874633  5.056660E-13
1045.71081566687  7.616051E-13
1047.15847258741  9.286363E-13
1048.60612950794  7.094105E-13
1050.05378642848  5.377859E-13
1051.50144334902  5.101795E-13
1052.94910026955  4.992232E-13
1054.39675719009  4.773685E-13
1055.84441411063  3.849403E-13
1057.29207103116  3.478460E-13
1058.7397279517  3.451684E-13
1060.18738487224  3.499092E-13
1061.63504179277  3.534330E-13
1063.08269871331  3.548261E-13
1064.53035563385  3.871366E-13
1065.97801255439  4.072008E-13
1067.42566947492  4.086981E-13
1068.87332639546  3.717099E-13
1070.320983316  3.872431E-13
1071.76864023653  3.364327E-13
1073.21629715707  3.806693E-13
1074.66395407761  3.546651E-13
1076.11161099814  4.002647E-13
1077.55926791868  3.990237E-13
1079.00692483922  3.995897E-13
1080.45458175975  3.705622E-13
1081.90223868029  3.948574E-13
1083.34989560083  3.154557E-13
1084.79755252136  2.758191E-13
1086.2452094419  3.092239E-13
1087.69286636244  3.294064E-13
1089.14052328297  3.141677E-13
1090.58818020351  2.826365E-13
1092.03583712405  2.867971E-13
1093.48349404458  2.924484E-13
1094.93115096512  3.020924E-13
1096.37880788566  2.969349E-13
1097.82646480619  3.658315E-13
1099.27412172673  3.584186E-13
1100.72177864727  3.340645E-13
1102.1694355678  3.631886E-13
1103.61709248834  3.493447E-13
1105.06474940888  2.842938E-13
1106.51240632942  3.175042E-13
1107.96006324995  3.139746E-13
1109.40772017049  3.353490E-13
1110.85537709103  3.356809E-13
1112.30303401156  2.926170E-13
1113.7506909321  2.882229E-13
1115.19834785264  3.317438E-13
1116.64600477317  3.072077E-13
1118.09366169371  3.189702E-13
1119.54131861425  3.085944E-13
1120.98897553478  2.975968E-13
1122.43663245532  3.122426E-13
1123.88428937586  3.204567E-13
1125.33194629639  3.058956E-13
1126.77960321693  2.956935E-13
1128.22726013747  2.874233E-13
1129.674917058  3.133798E-13
1131.12257397854  3.324951E-13
1132.57023089908  3.096768E-13
1134.01788781961  3.281954E-13
1135.46554474015  3.402276E-13
1136.91320166069  3.183390E-13
1138.36085858122  3.158577E-13
1139.80851550176  2.771021E-13
1141.2561724223  2.903612E-13
1142.70382934284  3.139233E-13
1144.15148626337  3.184235E-13
1145.59914318391  3.111104E-13
1147.04680010445  3.045204E-13
1148.49445702498  2.812438E-13
1149.94211394552  2.997051E-13
1151.38977086606  3.054996E-13
1152.83742778659  3.114666E-13
1154.28508470713  2.642833E-13
1155.73274162767  2.334622E-13
1157.1803985482  2.919410E-13
1158.62805546874  3.297632E-13
1160.07571238928  2.912187E-13
1161.52336930981  2.864528E-13
1162.97102623035  2.955773E-13
1164.41868315089  2.969124E-13
1165.86634007142  3.254908E-13
1167.31399699196  3.472272E-13
1168.7616539125  3.399433E-13
1170.20931083303  3.459837E-13
1171.65696775357  4.424564E-13
1173.10462467411  3.934497E-13
1174.55228159464  3.322159E-13
1175.99993851518  3.628833E-13
1177.44759543572  3.478035E-13
1178.89525235625  3.660773E-13
1180.34290927679  3.176775E-13
1181.79056619733  3.907314E-13
1183.23822311787  3.733592E-13
1184.6858800384  3.457915E-13
1186.13353695894  3.300154E-13
1187.58119387948  3.901301E-13
1189.02885080001  4.189932E-13
1190.47650772055  3.810831E-13
1191.92416464109  4.143726E-13
1193.37182156162  4.552008E-13
1194.81947848216  5.138260E-13
1196.2671354027  4.999603E-13
1197.71479232323  5.026476E-13
1199.16244924377  4.786297E-13
1200.61010616431  5.414888E-13
1202.05776308484  5.215714E-13
1203.50542000538  5.702021E-13
1204.95307692592  5.912906E-13
1206.40073384645  6.806047E-13
1207.84839076699  7.095074E-13
1209.29604768753  7.896915E-13
1210.74370460806  1.010704E-12
1212.1913615286  8.756676E-13
1213.63901844914  9.355969E-13
1215.08667536967  1.132021E-12
1216.53433229021  1.169870E-12
1217.98198921075  8.903235E-13
1219.42964613129  1.104401E-12
1220.87730305182  9.484542E-13
1222.32495997236  7.852785E-13
1223.7726168929  6.513941E-13
1225.22027381343  6.737394E-13
1226.66793073397  5.826536E-13
1228.11558765451  5.380901E-13
1229.56324457504  5.499910E-13
1231.01090149558  5.021558E-13
1232.45855841612  4.995967E-13
1233.90621533665  5.073186E-13
1235.35387225719  5.314462E-13
1236.80152917773  5.276145E-13
1238.24918609826  4.856799E-13
1239.6968430188  4.457764E-13
1241.14449993934  5.074111E-13
1242.59215685987  4.827751E-13
1244.03981378041  4.882153E-13
1245.48747070095  4.243664E-13
1246.93512762148  4.448128E-13
1248.38278454202  4.378856E-13
1249.83044146256  4.028114E-13
1251.27809838309  3.860573E-13
1252.72575530363  3.627785E-13
1254.17341222417  3.418792E-13
1255.62106914471  3.690385E-13
1257.06872606524  3.816140E-13
1258.51638298578  3.867654E-13
1259.96403990632  3.416887E-13
1261.41169682685  3.367986E-13
1262.85935374739  3.412545E-13
1264.30701066793  3.139001E-13
1265.75466758846  2.864256E-13
1267.202324509  2.944454E-13
1268.64998142954  2.910733E-13
1270.09763835007  2.945992E-13
1271.54529527061  3.206583E-13
1272.99295219115  2.798508E-13
1274.44060911168  2.598255E-13
1275.88826603222  3.035581E-13
1277.33592295276  2.662214E-13
1278.78357987329  3.058102E-13
1280.23123679383  3.009741E-13
1281.67889371437  2.676857E-13
1283.1265506349  2.757270E-13
1284.57420755544  2.765930E-13
1286.02186447598  2.672457E-13
1287.46952139651  2.736842E-13
1288.91717831705  2.932495E-13
1290.36483523759  2.551085E-13
1291.81249215812  2.596143E-13
1293.26014907866  2.418672E-13
1294.7078059992  2.590633E-13
1296.15546291974  2.695939E-13
1297.60311984027  2.863752E-13
1299.05077676081  2.628475E-13
1300.49843368135  2.480589E-13
1301.94609060188  2.794844E-13
1303.39374752242  3.009888E-13
1304.84140444296  2.622041E-13
1306.28906136349  2.549256E-13
1307.73671828403  2.511445E-13
1309.18437520457  2.903445E-13
1310.6320321251  2.816546E-13
1312.07968904564  2.883886E-13
1313.52734596618  2.931543E-13
1314.97500288671  3.003711E-13
1316.42265980725  3.145305E-13
1317.87031672779  3.058032E-13
1319.31797364832  2.378620E-13
1320.76563056886  2.240803E-13
1322.2132874894  2.696063E-13
1323.66094440993  2.899826E-13
1325.10860133047  2.786561E-13
1326.55625825101  2.222961E-13
1328.00391517154  2.258663E-13
1329.45157209208  2.737935E-13
1330.89922901262  2.917239E-13
1332.34688593315  2.792921E-13
1333.79454285369  2.898869E-13
1335.24219977423  2.798277E-13
1336.68985669477  2.509482E-13
1338.1375136153  2.385377E-13
1339.58517053584  2.381038E-13
1341.03282745638  2.259964E-13
1342.48048437691  2.320901E-13
1343.92814129745  2.450107E-13
1345.37579821799  2.475087E-13
1346.82345513852  2.715152E-13
1348.27111205906  2.584572E-13
1349.7187689796  2.658054E-13
1351.16642590013  3.060252E-13
1352.61408282067  2.940965E-13
1354.06173974121  2.380249E-13
1355.50939666174  2.455725E-13
1356.95705358228  2.548590E-13
1358.40471050282  2.363353E-13
1359.85236742335  2.538697E-13
1361.30002434389  3.067655E-13
1362.74768126443  2.962669E-13
1364.19533818496  2.716516E-13
1365.6429951055  2.298137E-13
1367.09065202604  2.141909E-13
1368.53830894657  2.542950E-13
1369.98596586711  2.628214E-13
1371.43362278765  2.750582E-13
1372.88127970819  2.628093E-13
1374.32893662872  2.516466E-13
1375.77659354926  2.683800E-13
1377.2242504698  2.524519E-13
1378.67190739033  2.597125E-13
1380.11956431087  2.457398E-13
1381.56722123141  3.067210E-13
1383.01487815194  2.618608E-13
1384.46253507248  2.622893E-13
1385.91019199302  2.545199E-13
1387.35784891355  2.675627E-13
1388.80550583409  2.922945E-13
1390.25316275463  2.850060E-13
1391.70081967516  2.784018E-13
1393.1484765957  3.002577E-13
1394.59613351624  3.168157E-13
1396.04379043677  3.230446E-13
1397.49144735731  3.006254E-13
1398.93910427785  3.071199E-13
1400.38676119838  3.408081E-13
1401.83441811892  3.089693E-13
1403.28207503946  2.959316E-13
1404.72973195999  2.687157E-13
1406.17738888053  2.971338E-13
1407.62504580107  2.731581E-13
1409.0727027216  2.831677E-13
1410.52035964214  2.834380E-13
1411.96801656268  2.907283E-13
1413.41567348322  3.086711E-13
1414.86333040375  2.503212E-13
1416.31098732429  2.337700E-13
1417.75864424483  2.261381E-13
1419.20630116536  2.314028E-13
1420.6539580859  2.539217E-13
1422.10161500644  2.730261E-13
1423.54927192697  2.510225E-13
1424.99692884751  2.532876E-13
1426.44458576805  2.240823E-13
1427.89224268858  2.456291E-13
1429.33989960912  2.732051E-13
1430.78755652966  2.736926E-13
1432.23521345019  2.674144E-13
1433.68287037073  2.737548E-13
1435.13052729127  2.700311E-13
1436.5781842118  2.524062E-13
1438.02584113234  2.562195E-13
1439.47349805288  2.434419E-13
1440.92115497341  2.469261E-13
1442.36881189395  2.182057E-13
1443.81646881449  2.313393E-13
1445.26412573502  1.958100E-13
1446.71178265556  1.921379E-13
1448.1594395761  2.274970E-13
1449.60709649664  2.233843E-13
1451.05475341717  2.091910E-13
1452.50241033771  2.433399E-13
1453.95006725825  2.513877E-13
1455.39772417878  2.524524E-13
1456.84538109932  2.076855E-13
1458.29303801986  2.174965E-13
1459.74069494039  2.364770E-13
1461.18835186093  2.275942E-13
1462.63600878147  2.009723E-13
1464.083665702  2.257131E-13
1465.53132262254  2.252484E-13
1466.97897954308  2.172061E-13
1468.42663646361  2.273205E-13
1469.87429338415  1.856762E-13
1471.32195030469  1.948355E-13
1472.76960722522  2.153860E-13
1474.21726414576  2.421269E-13
1475.6649210663  2.393336E-13
1477.11257798683  2.328205E-13
1478.56023490737  2.169600E-13
1480.00789182791  2.122773E-13
1481.45554874844  2.151607E-13
1482.90320566898  2.138776E-13
1484.35086258952  2.324414E-13
1485.79851951005  2.263911E-13
1487.24617643059  2.003369E-13
1488.69383335113  1.876865E-13
1490.14149027167  2.014930E-13
1491.5891471922  2.425089E-13
1493.03680411274  2.180706E-13
1494.48446103328  2.147705E-13
1495.93211795381  2.161700E-13
1497.37977487435  2.327572E-13
1498.82743179489  2.325204E-13
1500.27508871542  2.567747E-13
1501.72274563596  2.448733E-13
1503.1704025565  2.286094E-13
1504.61805947703  2.227285E-13
1506.06571639757  2.272485E-13
1507.51337331811  2.294106E-13
1508.96103023864  2.315673E-13
1510.40868715918  2.323317E-13
1511.85634407972  2.582012E-13
1513.30400100025  2.386581E-13
1514.75165792079  2.492267E-13
1516.19931484133  2.339682E-13
1517.64697176186  2.447940E-13
1519.0946286824  2.439134E-13
1520.54228560294  2.483394E-13
1521.98994252347  2.524499E-13
1523.43759944401  2.525329E-13
1524.88525636455  2.544244E-13
1526.33291328509  2.703665E-13
1527.78057020562  2.942910E-13
1529.22822712616  2.847040E-13
1530.6758840467  2.778280E-13
1532.12354096723  2.868123E-13
1533.57119788777  3.164788E-13
1535.01885480831  3.411818E-13
1536.46651172884  3.432959E-13
1537.91416864938  3.525278E-13
1539.36182556992  4.018948E-13
1540.80948249045  4.168669E-13
1542.25713941099  4.382395E-13
1543.70479633153  4.453962E-13
1545.15245325206  4.484721E-13
1546.6001101726  4.486327E-13
1548.04776709314  4.722592E-13
1549.49542401367  4.648295E-13
1550.94308093421  4.436198E-13
1552.39073785475  4.201000E-13
1553.83839477528  3.894574E-13
1555.28605169582  3.740492E-13
1556.73370861636  3.600162E-13
1558.18136553689  3.589707E-13
1559.62902245743  3.606876E-13
1561.07667937797  3.224525E-13
1562.5243362985  3.150308E-13
1563.97199321904  2.905936E-13
1565.41965013958  2.843204E-13
1566.86730706012  2.699940E-13
1568.31496398065  2.694223E-13
1569.76262090119  2.669159E-13
1571.21027782173  2.578249E-13
1572.65793474226  2.655870E-13
1574.1055916628  2.578672E-13
1575.55324858334  2.721143E-13
1577.00090550387  2.593992E-13
1578.44856242441  2.458184E-13
1579.89621934495  2.426014E-13
1581.34387626548  2.442718E-13
1582.79153318602  2.413204E-13
1584.23919010656  2.581458E-13
1585.68684702709  2.298600E-13
1587.13450394763  2.366312E-13
1588.58216086817  2.196277E-13
1590.0298177887  2.121425E-13
1591.47747470924  2.243217E-13
1592.92513162978  2.335007E-13
1594.37278855031  2.352073E-13
1595.82044547085  2.196325E-13
1597.26810239139  2.232412E-13
1598.71575931192  2.275149E-13
1600.16341623246  2.332312E-13
1601.611073153  2.190014E-13
1603.05873007354  2.081094E-13
1604.50638699407  2.185916E-13
1605.95404391461  2.160390E-13
1607.40170083515  2.275545E-13
1608.84935775568  2.362236E-13
1610.29701467622  2.335101E-13
1611.74467159676  2.350747E-13
1613.19232851729  2.300219E-13
1614.63998543783  2.288910E-13
1616.08764235837  2.267684E-13
1617.5352992789  2.337477E-13
1618.98295619944  2.361698E-13
1620.43061311998  2.310733E-13
1621.87827004051  2.272373E-13
1623.32592696105  2.273612E-13
1624.77358388159  2.244831E-13
1626.22124080212  2.273453E-13
1627.66889772266  2.239770E-13
1629.1165546432  2.296022E-13
1630.56421156373  2.328828E-13
1632.01186848427  2.324259E-13
1633.45952540481  2.335833E-13
1634.90718232534  2.418652E-13
1636.35483924588  2.339078E-13
1637.80249616642  2.287543E-13
1639.25015308695  2.226270E-13
1640.69781000749  2.211985E-13
1642.14546692803  2.153094E-13
1643.59312384857  2.199210E-13
1645.0407807691  2.126901E-13
1646.48843768964  2.131114E-13
1647.93609461018  2.148772E-13
1649.38375153071  2.256220E-13
1650.83140845125  2.239669E-13
1652.27906537179  2.256649E-13
1653.72672229232  2.194134E-13
1655.17437921286  2.096038E-13
1656.6220361334  2.234716E-13
1658.06969305393  2.311055E-13
1659.51734997447  2.317507E-13
1660.96500689501  2.274028E-13
1662.41266381554  2.225713E-13
1663.86032073608  2.198337E-13
1665.30797765662  2.100631E-13
1666.75563457715  2.061818E-13
1668.20329149769  2.075491E-13
1669.65094841823  2.032661E-13
1671.09860533876  1.997319E-13
1672.5462622593  2.036722E-13
1673.99391917984  2.005259E-13
1675.44157610038  1.989640E-13
1676.88923302091  1.914537E-13
1678.33688994145  1.945396E-13
1679.78454686199  1.958918E-13
1681.23220378252  1.976300E-13
1682.67986070306  2.006986E-13
1684.1275176236  1.993344E-13
1685.57517454413  2.033636E-13
1687.02283146467  2.108285E-13
1688.47048838521  2.076982E-13
1689.91814530574  2.060140E-13
1691.36580222628  2.040792E-13
1692.81345914682  1.830765E-13
1694.26111606735  1.819580E-13
1695.70877298789  1.753225E-13
1697.15642990843  1.913412E-13
1698.60408682896  1.947013E-13
1700.0517437495  2.056219E-13
1701.49940067004  2.081546E-13
1702.94705759057  2.115517E-13
1704.39471451111  2.067712E-13
1705.84237143165  2.076196E-13
1707.29002835218  2.004869E-13
1708.73768527272  1.943268E-13
1710.18534219326  0.
1711.63299911379  0.
1713.08065603433  0.
1714.52831295487  0.
1715.97596987541  0.
1717.42362679594  0.
1718.87128371648  0.
1720.31894063702  0.
1721.76659755755  0.
1723.21425447809  0.
1724.66191139863  0.
1726.10956831916  0.
1727.5572252397  0.
1729.00488216024  0.
1730.45253908077  0.
1731.90019600131  0.
1733.34785292185  0.
1734.79550984238  0.
1736.24316676292  0.
1737.69082368346  0.
1739.13848060399  0.
1740.58613752453  0.
1742.03379444507  0.
1743.4814513656  0.
1744.92910828614  0.
1746.37676520668  0.
1747.82442212721  0.
1749.27207904775  0.
1750.71973596829  0.
1752.16739288882  0.
1753.61504980936  0.
1755.0627067299  0.
1756.51036365043  0.
1757.95802057097  0.
1759.40567749151  0.
1760.85333441205  0.
1762.30099133258  0.
1763.74864825312  0.
1765.19630517366  0.
1766.64396209419  0.
1768.09161901473  0.
1769.53927593527  0.
1770.9869328558  0.
1772.43458977634  0.
1773.88224669688  0.
1775.32990361741  0.
1776.77756053795  0.
1778.22521745849  0.
1779.67287437902  0.
1781.12053129956  0.
1782.5681882201  0.
1784.01584514063  0.
1785.46350206117  0.
1786.91115898171  0.
1788.35881590224  0.
1789.80647282278  0.
1791.25412974332  0.
1792.70178666385  0.
1794.14944358439  0.
1795.59710050493  0.
1797.04475742547  0.
1798.492414346  0.
1799.94007126654  0.
1801.38772818708  0.
1802.83538510761  0.
1804.28304202815  0.
1805.73069894869  0.
1807.17835586922  0.
1808.62601278976  0.
1810.0736697103  0.
1811.52132663083  0.
1812.96898355137  0.
1814.41664047191  0.
1815.86429739244  0.
1817.31195431298  0.
1818.75961123352  0.
1820.20726815405  0.
1821.65492507459  0.
1823.10258199513  0.
1824.55023891566  0.
1825.9978958362  0.
1827.44555275674  0.
1828.89320967727  0.
1830.34086659781  0.
1831.78852351835  0.
