906.735751295338  0.
908.183408215875  0.
909.631065136412  0.
911.078722056949  0.
912.526378977485  0.
913.974035898022  0.
915.421692818559  0.
916.869349739096  0.
918.317006659633  0.
919.764663580169  0.
921.212320500706  0.
922.659977421243  0.
924.10763434178  0.
925.555291262316  0.
927.002948182853  0.
928.45060510339  0.
929.898262023927  0.
931.345918944464  0.
932.793575865  0.
934.241232785537  0.
935.688889706074  0.
937.136546626611  0.
938.584203547148  0.
940.031860467684  0.
941.479517388221  0.
942.927174308758  0.
944.374831229295  0.
945.822488149832  0.
947.270145070369  0.
948.717801990905  0.
950.165458911442  0.
951.613115831979  0.
953.060772752515  0.
954.508429673052  0.
955.956086593589  0.
957.403743514126  0.
958.851400434663  0.
960.2990573552  0.
961.746714275736  0.
963.194371196273  0.
964.64202811681  0.
966.089685037347  0.
967.537341957883  0.
968.98499887842  0.
970.432655798957  0.
971.880312719494  0.
973.327969640031  0.
974.775626560567  0.
976.223283481104  0.
977.670940401641  0.
979.118597322178  0.
980.566254242715  0.
982.013911163251  0.
983.461568083788  0.
984.909225004325  0.
986.356881924862  0.
987.804538845399  0.
989.252195765935  0.
990.699852686472  0.
992.147509607009  0.
993.595166527546  1.741900E-13
995.042823448082  -2.745135E-13
996.490480368619  1.005594E-13
997.938137289156  -6.565225E-14
999.385794209693  9.179048E-14
1000.83345113023  8.600430E-14
1002.28110805077  -3.490289E-14
1003.7287649713  -5.448607E-14
1005.17642189184  -5.798924E-15
1006.62407881238  -1.715430E-14
1008.07173573291  2.253434E-14
1009.51939265345  1.880731E-14
1010.96704957399  9.676311E-14
1012.41470649452  -1.315508E-13
1013.86236341506  -1.017880E-13
1015.3100203356  4.182929E-14
1016.75767725613  1.603068E-14
1018.20533417667  1.845843E-14
1019.65299109721  -3.542545E-14
1021.10064801775  5.604647E-14
1022.54830493828  -1.906426E-14
1023.99596185882  -1.372669E-14
1025.44361877936  1.324531E-14
1026.89127569989  -1.965407E-14
1028.33893262043  -2.867172E-15
1029.78658954097  2.251411E-15
1031.2342464615  7.112306E-15
1032.68190338204  -5.959186E-16
1034.12956030258  -6.234287E-14
1035.57721722311  4.056144E-14
1037.02487414365  1.266048E-14
1038.47253106419  -1.298946E-14
1039.92018798472  2.586914E-15
1041.36784490526  3.625321E-14
1042.8155018258  3.254033E-14
1044.26315874633  4.339487E-14
1045.71081566687  1.328381E-13
1047.15847258741  1.457447E-13
1048.60612950794  2.045772E-13
1050.05378642848  1.654832E-13
1051.50144334902  2.741622E-13
1052.94910026955  2.032493E-13
1054.39675719009  1.326275E-13
1055.84441411063  7.141619E-14
1057.29207103116  1.649824E-14
1058.7397279517  -9.951184E-15
1060.18738487224  3.596829E-15
1061.63504179277  1.056242E-14
1063.08269871331  9.106958E-15
1064.53035563385  7.673645E-15
1065.97801255439  1.314845E-14
1067.42566947492  1.890180E-14
1068.87332639546  -1.335164E-14
1070.320983316  1.425581E-14
1071.76864023653  4.877408E-15
1073.21629715707  -2.980102E-17
1074.66395407761  -7.229558E-15
1076.11161099814  -3.311441E-14
1077.55926791868  1.137256E-14
1079.00692483922  1.479830E-14
1080.45458175975  1.579769E-14
1081.90223868029  -2.522194E-15
1083.34989560083  -3.256058E-15
1084.79755252136  5.146737E-16
1086.2452094419  3.564534E-15
1087.69286636244  3.841784E-16
1089.14052328297  -4.989361E-15
1090.58818020351  1.302856E-14
1092.03583712405  -5.788164E-15
1093.48349404458  5.316549E-15
1094.93115096512  4.469672E-15
1096.37880788566  -2.581780E-15
1097.82646480619  3.947566E-15
1099.27412172673  -6.222639E-15
1100.72177864727  -3.515546E-15
1102.1694355678  -8.735239E-15
1103.61709248834  1.147257E-14
1105.06474940888  -1.406829E-14
1106.51240632942  -2.661976E-15
1107.96006324995  1.259499E-14
1109.40772017049  5.678743E-15
1110.85537709103  1.049214E-14
1112.30303401156  1.355327E-15
1113.7506909321  6.394208E-15
1115.19834785264  6.241815E-16
1116.64600477317  1.120714E-14
1118.09366169371  7.239212E-16
1119.54131861425  -2.413024E-15
1120.98897553478  1.180525E-14
1122.43663245532  1.095450E-14
1123.88428937586  -3.200500E-15
1125.33194629639  -9.086777E-15
1126.77960321693  3.484622E-15
1128.22726013747  1.178262E-14
1129.674917058  4.486953E-15
1131.12257397854  -3.207878E-15
1132.57023089908  -2.448003E-15
1134.01788781961  4.967750E-15
1135.46554474015  -3.861068E-14
1136.91320166069  -1.201447E-14
1138.36085858122  8.185626E-15
1139.80851550176  7.288636E-15
1141.2561724223  -3.551530E-14
1142.70382934284  1.653039E-14
1144.15148626337  -2.890946E-15
1145.59914318391  -6.264759E-15
1147.04680010445  1.030635E-15
1148.49445702498  6.299018E-16
1149.94211394552  5.642909E-16
1151.38977086606  -1.347606E-15
1152.83742778659  2.378459E-15
1154.28508470713  -1.258994E-14
1155.73274162767  6.372563E-15
1157.1803985482  -1.382544E-14
1158.62805546874  -2.811831E-15
1160.07571238928  -1.657708E-16
1161.52336930981  -1.598896E-14
1162.97102623035  6.394281E-15
1164.41868315089  -1.689405E-14
1165.86634007142  6.565571E-15
1167.31399699196  -1.812111E-14
1168.7616539125  -1.749907E-14
1170.20931083303  7.965680E-15
1171.65696775357  4.629966E-15
1173.10462467411  -3.287026E-15
1174.55228159464  1.090584E-14
1175.99993851518  -2.765232E-15
1177.44759543572  -1.281140E-14
1178.89525235625  -3.507255E-15
1180.34290927679  5.431792E-15
1181.79056619733  2.119089E-15
1183.23822311787  4.802016E-15
1184.6858800384  4.216085E-15
1186.13353695894  3.976451E-15
1187.58119387948  1.924184E-15
1189.02885080001  -2.501252E-15
1190.47650772055  8.459130E-15
1191.92416464109  -1.112882E-14
1193.37182156162  1.109384E-14
1194.81947848216  2.463307E-15
1196.2671354027  -1.309081E-14
1197.71479232323  -7.013413E-15
1199.16244924377  -2.084964E-14
1200.61010616431  -1.605394E-15
1202.05776308484  1.944007E-14
1203.50542000538  6.394663E-15
1204.95307692592  -1.355619E-14
1206.40073384645  -1.983655E-14
1207.84839076699  -7.028071E-16
1209.29604768753  -2.049507E-15
1210.74370460806  -8.927806E-16
1212.1913615286  -5.581254E-15
1213.63901844914  -9.009892E-15
1215.08667536967  1.079041E-14
1216.53433229021  1.583959E-14
1217.98198921075  2.392693E-15
1219.42964613129  8.609788E-15
1220.87730305182  -3.956825E-15
1222.32495997236  1.822031E-15
1223.7726168929  1.173277E-14
1225.22027381343  -1.387364E-14
1226.66793073397  -5.802699E-15
1228.11558765451  -9.541226E-15
1229.56324457504  -3.118650E-15
1231.01090149558  1.965449E-15
1232.45855841612  -1.632080E-15
1233.90621533665  5.360719E-15
1235.35387225719  1.159944E-14
1236.80152917773  -2.010630E-15
1238.24918609826  -8.126128E-16
1239.6968430188  3.825831E-15
1241.14449993934  -7.360307E-15
1242.59215685987  6.302893E-16
1244.03981378041  -5.137206E-16
1245.48747070095  -2.958646E-15
1246.93512762148  1.235686E-14
1248.38278454202  2.519822E-15
1249.83044146256  -5.619755E-15
1251.27809838309  2.644044E-15
1252.72575530363  -3.884335E-15
1254.17341222417  6.960688E-15
1255.62106914471  8.605499E-15
1257.06872606524  -9.855167E-15
1258.51638298578  -3.026189E-15
1259.96403990632  1.278841E-14
1261.41169682685  1.725106E-14
1262.85935374739  5.815867E-15
1264.30701066793  -1.608360E-15
1265.75466758846  -3.317458E-15
1267.202324509  6.188324E-16
1268.64998142954  6.896145E-15
1270.09763835007  6.042362E-15
1271.54529527061  9.179029E-15
1272.99295219115  5.422067E-15
1274.44060911168  -1.824968E-15
1275.88826603222  -4.720978E-15
1277.33592295276  2.433219E-15
1278.78357987329  2.121107E-15
1280.23123679383  -1.571743E-14
1281.67889371437  3.753633E-15
1283.1265506349  1.355906E-14
1284.57420755544  -9.107272E-15
1286.02186447598  1.568339E-15
1287.46952139651  5.549105E-15
1288.91717831705  7.356163E-15
1290.36483523759  -1.894354E-14
1291.81249215812  5.915459E-15
1293.26014907866  -1.055912E-14
1294.7078059992  2.888746E-15
1296.15546291974  3.163536E-15
1297.60311984027  2.364221E-15
1299.05077676081  -3.697349E-16
1300.49843368135  1.533535E-14
1301.94609060188  -7.012825E-15
1303.39374752242  1.579271E-15
1304.84140444296  7.612995E-15
1306.28906136349  8.541988E-15
1307.73671828403  -5.122863E-15
1309.18437520457  -2.192342E-14
1310.6320321251  -1.173490E-14
1312.07968904564  4.380520E-15
1313.52734596618  6.474764E-15
1314.97500288671  -8.628024E-15
1316.42265980725  -7.352483E-15
1317.87031672779  5.848134E-15
1319.31797364832  -2.655210E-15
1320.76563056886  -4.734864E-15
1322.2132874894  -1.214745E-14
1323.66094440993  -5.462319E-15
1325.10860133047  -5.268090E-15
1326.55625825101  -1.826136E-16
1328.00391517154  -1.802237E-15
1329.45157209208  -3.323321E-15
1330.89922901262  -1.083741E-14
1332.34688593315  1.147405E-14
1333.79454285369  -1.418468E-15
1335.24219977423  -1.603748E-14
1336.68985669477  -8.018404E-15
1338.1375136153  6.119759E-15
1339.58517053584  5.003791E-15
1341.03282745638  -7.916404E-17
1342.48048437691  -5.386888E-15
1343.92814129745  -1.390970E-15
1345.37579821799  -1.239787E-15
1346.82345513852  -1.956879E-15
1348.27111205906  1.429116E-15
1349.7187689796  1.810799E-14
1351.16642590013  1.395157E-14
1352.61408282067  -1.441785E-14
1354.06173974121  1.776811E-15
1355.50939666174  4.106698E-16
1356.95705358228  1.686259E-14
1358.40471050282  1.193057E-14
1359.85236742335  -6.480958E-15
1361.30002434389  3.479516E-15
1362.74768126443  4.924691E-15
1364.19533818496  8.033444E-15
1365.6429951055  -3.288003E-16
1367.09065202604  7.442471E-16
1368.53830894657  3.686148E-15
1369.98596586711  -1.491000E-14
1371.43362278765  4.654955E-15
1372.88127970819  -4.087680E-16
1374.32893662872  5.645974E-15
1375.77659354926  8.113779E-15
1377.2242504698  9.019636E-16
1378.67190739033  5.326043E-16
1380.11956431087  -2.593652E-15
1381.56722123141  2.480292E-15
1383.01487815194  -5.683931E-15
1384.46253507248  5.219443E-15
1385.91019199302  -3.271672E-15
1387.35784891355  -1.307323E-15
1388.80550583409  5.069304E-15
1390.25316275463  -2.368133E-15
1391.70081967516  7.532869E-15
1393.1484765957  1.298058E-14
1394.59613351624  -8.275864E-16
1396.04379043677  -6.965811E-15
1397.49144735731  -3.281000E-16
1398.93910427785  5.281626E-16
1400.38676119838  -7.730770E-15
1401.83441811892  -1.728888E-15
1403.28207503946  -6.189731E-15
1404.72973195999  -5.598512E-15
1406.17738888053  -5.958010E-15
1407.62504580107  1.856052E-15
1409.0727027216  3.405131E-15
1410.52035964214  -1.736521E-15
1411.96801656268  5.474406E-15
1413.41567348322  9.937719E-15
1414.86333040375  7.459275E-16
1416.31098732429  7.126579E-15
1417.75864424483  4.528571E-15
1419.20630116536  3.556554E-15
1420.6539580859  6.288124E-18
1422.10161500644  4.960117E-15
1423.54927192697  1.054031E-15
1424.99692884751  -1.204663E-16
1426.44458576805  1.879163E-15
1427.89224268858  2.566059E-15
1429.33989960912  6.535830E-16
1430.78755652966  8.725310E-15
1432.23521345019  -5.887604E-15
1433.68287037073  -3.047079E-15
1435.13052729127  -3.055272E-15
1436.5781842118  4.803371E-15
1438.02584113234  1.159214E-14
1439.47349805288  2.178879E-14
1440.92115497341  8.102472E-15
1442.36881189395  4.737008E-15
1443.81646881449  7.690076E-15
1445.26412573502  -3.232245E-15
1446.71178265556  3.666112E-15
1448.1594395761  -3.633626E-15
1449.60709649664  -1.232261E-16
1451.05475341717  2.014185E-15
1452.50241033771  -3.377922E-15
1453.95006725825  -1.551891E-15
1455.39772417878  -5.240883E-15
1456.84538109932  1.596527E-16
1458.29303801986  7.357363E-16
1459.74069494039  2.250940E-15
1461.18835186093  -3.364130E-15
1462.63600878147  -1.559616E-16
1464.083665702  -5.831359E-15
1465.53132262254  2.136521E-16
1466.97897954308  -8.563855E-15
1468.42663646361  -5.934304E-16
1469.87429338415  -1.792412E-15
1471.32195030469  4.460712E-15
1472.76960722522  6.426970E-15
1474.21726414576  2.709035E-15
1475.6649210663  -3.288202E-15
1477.11257798683  -2.679117E-15
1478.56023490737  2.353554E-15
1480.00789182791  -7.090347E-16
1481.45554874844  -2.117148E-15
1482.90320566898  -6.952111E-15
1484.35086258952  -5.748995E-15
1485.79851951005  -4.967729E-15
1487.24617643059  -7.325437E-16
1488.69383335113  7.008339E-16
1490.14149027167  4.292714E-15
1491.5891471922  8.077842E-15
1493.03680411274  2.685067E-15
1494.48446103328  -7.299062E-16
1495.93211795381  7.474493E-16
1497.37977487435  1.434412E-15
1498.82743179489  4.605567E-15
1500.27508871542  -5.411239E-16
1501.72274563596  -1.018615E-16
1503.1704025565  8.330037E-15
1504.61805947703  4.773279E-15
1506.06571639757  -2.419349E-16
1507.51337331811  -3.672580E-15
1508.96103023864  -3.850527E-15
1510.40868715918  -5.086082E-16
1511.85634407972  3.961625E-15
1513.30400100025  1.052443E-14
1514.75165792079  7.381865E-15
1516.19931484133  1.218351E-15
1517.64697176186  2.479734E-15
1519.0946286824  3.064412E-15
1520.54228560294  3.262276E-15
1521.98994252347  4.938124E-15
1523.43759944401  3.153643E-15
1524.88525636455  -1.706532E-15
1526.33291328509  1.284960E-15
1527.78057020562  1.099305E-15
1529.22822712616  -1.646207E-16
1530.6758840467  -3.587003E-15
1532.12354096723  -5.262717E-15
1533.57119788777  -4.245703E-15
1535.01885480831  -5.057153E-15
1536.46651172884  1.057570E-16
1537.91416864938  5.906667E-15
1539.36182556992  -1.089596E-15
1540.80948249045  3.308735E-16
1542.25713941099  -1.023448E-16
1543.70479633153  9.506437E-16
1545.15245325206  -2.799480E-15
1546.6001101726  1.219318E-15
1548.04776709314  -3.777217E-16
1549.49542401367  -1.532384E-15
1550.94308093421  -5.161043E-16
1552.39073785475  1.545467E-15
1553.83839477528  -6.688192E-15
1555.28605169582  -5.251135E-15
1556.73370861636  8.739351E-16
1558.18136553689  3.618111E-15
1559.62902245743  9.254657E-16
1561.07667937797  -1.238886E-15
1562.5243362985  -1.871197E-15
1563.97199321904  -4.230290E-16
1565.41965013958  2.389376E-16
1566.86730706012  2.300168E-15
1568.31496398065  6.166335E-16
1569.76262090119  2.218722E-15
1571.21027782173  -5.142995E-16
1572.65793474226  -4.875413E-15
1574.1055916628  -1.361879E-15
1575.55324858334  -1.790886E-15
1577.00090550387  -1.476492E-15
1578.44856242441  -1.527521E-15
1579.89621934495  -2.625770E-15
1581.34387626548  -3.068797E-15
1582.79153318602  -2.104703E-15
1584.23919010656  2.071755E-15
1585.68684702709  -9.852450E-16
1587.13450394763  -1.296147E-15
1588.58216086817  1.275558E-15
1590.0298177887  -6.569239E-16
1591.47747470924  2.697185E-15
1592.92513162978  3.543876E-15
1594.37278855031  -5.583069E-16
1595.82044547085  1.562793E-15
1597.26810239139  1.829369E-16
1598.71575931192  3.895911E-17
1600.16341623246  -2.862104E-15
1601.611073153  -2.127492E-16
1603.05873007354  -1.685531E-15
1604.50638699407  1.043498E-16
1605.95404391461  -2.412982E-15
1607.40170083515  5.381878E-16
1608.84935775568  -5.585540E-16
1610.29701467622  -2.351452E-15
1611.74467159676  1.964533E-15
1613.19232851729  3.595851E-15
1614.63998543783  3.297405E-15
1616.08764235837  2.465793E-15
1617.5352992789  2.298777E-15
1618.98295619944  2.107630E-15
1620.43061311998  4.471443E-15
1621.87827004051  4.241454E-15
1623.32592696105  8.959923E-16
1624.77358388159  -1.541793E-15
1626.22124080212  5.478494E-16
1627.66889772266  2.998843E-15
1629.1165546432  2.052453E-15
1630.56421156373  5.513648E-16
1632.01186848427  -1.311637E-15
1633.45952540481  -3.669211E-15
1634.90718232534  -2.452531E-15
1636.35483924588  -1.099330E-15
1637.80249616642  -2.214869E-15
1639.25015308695  -7.495656E-16
1640.69781000749  3.814051E-15
1642.14546692803  7.677124E-16
1643.59312384857  -1.807446E-15
1645.0407807691  -2.509313E-15
1646.48843768964  -3.114304E-15
1647.93609461018  -7.994059E-17
1649.38375153071  -1.067687E-15
1650.83140845125  -1.098241E-15
1652.27906537179  -9.008362E-16
1653.72672229232  -2.136276E-15
1655.17437921286  1.100108E-15
1656.6220361334  1.732423E-15
1658.06969305393  1.891681E-15
1659.51734997447  3.376719E-15
1660.96500689501  5.082082E-15
1662.41266381554  5.243748E-15
1663.86032073608  4.347313E-15
1665.30797765662  3.486639E-15
1666.75563457715  4.902859E-15
1668.20329149769  3.326466E-15
1669.65094841823  4.661128E-15
1671.09860533876  1.653403E-15
1672.5462622593  -4.988205E-16
1673.99391917984  -1.902803E-15
1675.44157610038  -3.326239E-16
1676.88923302091  1.021955E-15
1678.33688994145  5.163469E-15
1679.78454686199  6.364959E-15
1681.23220378252  3.612761E-15
1682.67986070306  4.778917E-15
1684.1275176236  2.765767E-15
1685.57517454413  -4.294050E-16
1687.02283146467  4.787888E-15
1688.47048838521  8.213759E-15
1689.91814530574  5.453059E-15
1691.36580222628  4.608418E-15
1692.81345914682  2.240655E-15
1694.26111606735  -1.220318E-15
1695.70877298789  7.151608E-16
1697.15642990843  -8.864039E-16
1698.60408682896  3.797918E-16
1700.0517437495  1.774209E-15
1701.49940067004  5.489482E-15
1702.94705759057  3.674792E-15
1704.39471451111  4.607688E-15
1705.84237143165  3.524677E-15
1707.29002835218  3.706297E-15
1708.73768527272  1.892111E-15
1710.18534219326  0.
1711.63299911379  0.
1713.08065603433  0.
1714.52831295487  0.
1715.97596987541  0.
1717.42362679594  0.
1718.87128371648  0.
1720.31894063702  0.
1721.76659755755  0.
1723.21425447809  0.
1724.66191139863  0.
1726.10956831916  0.
1727.5572252397  0.
1729.00488216024  0.
1730.45253908077  0.
1731.90019600131  0.
1733.34785292185  0.
1734.79550984238  0.
1736.24316676292  0.
1737.69082368346  0.
1739.13848060399  0.
1740.58613752453  0.
1742.03379444507  0.
1743.4814513656  0.
1744.92910828614  0.
1746.37676520668  0.
1747.82442212721  0.
1749.27207904775  0.
1750.71973596829  0.
1752.16739288882  0.
1753.61504980936  0.
1755.0627067299  0.
1756.51036365043  0.
1757.95802057097  0.
1759.40567749151  0.
1760.85333441205  0.
1762.30099133258  0.
1763.74864825312  0.
1765.19630517366  0.
1766.64396209419  0.
1768.09161901473  0.
1769.53927593527  0.
1770.9869328558  0.
1772.43458977634  0.
1773.88224669688  0.
1775.32990361741  0.
1776.77756053795  0.
1778.22521745849  0.
1779.67287437902  0.
1781.12053129956  0.
1782.5681882201  0.
1784.01584514063  0.
1785.46350206117  0.
1786.91115898171  0.
1788.35881590224  0.
1789.80647282278  0.
1791.25412974332  0.
1792.70178666385  0.
1794.14944358439  0.
1795.59710050493  0.
1797.04475742547  0.
1798.492414346  0.
1799.94007126654  0.
1801.38772818708  0.
1802.83538510761  0.
1804.28304202815  0.
1805.73069894869  0.
1807.17835586922  0.
1808.62601278976  0.
1810.0736697103  0.
1811.52132663083  0.
1812.96898355137  0.
1814.41664047191  0.
1815.86429739244  0.
1817.31195431298  0.
1818.75961123352  0.
1820.20726815405  0.
1821.65492507459  0.
1823.10258199513  0.
1824.55023891566  0.
1825.9978958362  0.
1827.44555275674  0.
1828.89320967727  0.
1830.34086659781  0.
1831.78852351835  0.
