906.735751295338  0.
908.183408215875  0.
909.631065136412  0.
911.078722056949  0.
912.526378977485  0.
913.974035898022  0.
915.421692818559  0.
916.869349739096  0.
918.317006659633  0.
919.764663580169  0.
921.212320500706  0.
922.659977421243  0.
924.10763434178  0.
925.555291262316  0.
927.002948182853  0.
928.45060510339  0.
929.898262023927  0.
931.345918944464  0.
932.793575865  0.
934.241232785537  0.
935.688889706074  0.
937.136546626611  0.
938.584203547148  0.
940.031860467684  0.
941.479517388221  0.
942.927174308758  0.
944.374831229295  0.
945.822488149832  0.
947.270145070369  0.
948.717801990905  0.
950.165458911442  0.
951.613115831979  0.
953.060772752515  0.
954.508429673052  0.
955.956086593589  0.
957.403743514126  0.
958.851400434663  0.
960.2990573552  0.
961.746714275736  0.
963.194371196273  0.
964.64202811681  0.
966.089685037347  0.
967.537341957883  0.
968.98499887842  0.
970.432655798957  0.
971.880312719494  0.
973.327969640031  0.
974.775626560567  0.
976.223283481104  0.
977.670940401641  0.
979.118597322178  0.
980.566254242715  0.
982.013911163251  0.
983.461568083788  0.
984.909225004325  0.
986.356881924862  0.
987.804538845399  0.
989.252195765935  0.
990.699852686472  0.
992.147509607009  0.
993.595166527546  3.024770E-13
995.042823448082  -2.304921E-13
996.490480368619  1.649894E-13
997.938137289156  -1.821504E-13
999.385794209693  -9.048742E-14
1000.83345113023  -5.141720E-14
1002.28110805077  -9.715551E-14
1003.7287649713  -1.850984E-14
1005.17642189184  4.966348E-14
1006.62407881238  2.023017E-14
1008.07173573291  -8.228956E-15
1009.51939265345  3.866351E-14
1010.96704957399  4.586374E-14
1012.41470649452  -1.562392E-13
1013.86236341506  -9.139728E-14
1015.3100203356  7.370144E-14
1016.75767725613  -2.019655E-14
1018.20533417667  3.922855E-14
1019.65299109721  -1.255452E-14
1021.10064801775  5.784742E-14
1022.54830493828  -3.029083E-14
1023.99596185882  1.593144E-14
1025.44361877936  5.082423E-14
1026.89127569989  -1.825102E-14
1028.33893262043  -1.188551E-14
1029.78658954097  1.742163E-14
1031.2342464615  2.783280E-14
1032.68190338204  -2.471149E-14
1034.12956030258  -9.783024E-14
1035.57721722311  4.866081E-14
1037.02487414365  1.043749E-14
1038.47253106419  -8.894114E-15
1039.92018798472  1.924555E-14
1041.36784490526  4.212724E-14
1042.8155018258  3.808744E-14
1044.26315874633  5.114199E-14
1045.71081566687  1.485138E-13
1047.15847258741  7.433422E-14
1048.60612950794  2.076862E-13
1050.05378642848  2.411732E-13
1051.50144334902  2.763871E-13
1052.94910026955  2.346388E-13
1054.39675719009  1.442133E-13
1055.84441411063  6.999981E-14
1057.29207103116  1.973037E-15
1058.7397279517  -2.291783E-15
1060.18738487224  8.840025E-15
1061.63504179277  1.642241E-14
1063.08269871331  1.718721E-14
1064.53035563385  2.647669E-14
1065.97801255439  2.086770E-14
1067.42566947492  1.291697E-14
1068.87332639546  -1.714413E-14
1070.320983316  1.898507E-14
1071.76864023653  -1.535171E-14
1073.21629715707  1.594408E-14
1074.66395407761  1.431839E-14
1076.11161099814  -3.526879E-14
1077.55926791868  1.140101E-14
1079.00692483922  1.852001E-14
1080.45458175975  1.591226E-14
1081.90223868029  9.470340E-15
1083.34989560083  7.100264E-15
1084.79755252136  5.329986E-15
1086.2452094419  1.177273E-14
1087.69286636244  1.198723E-14
1089.14052328297  4.328008E-15
1090.58818020351  1.246414E-14
1092.03583712405  -6.933160E-15
1093.48349404458  -7.706490E-15
1094.93115096512  -7.017394E-16
1096.37880788566  9.009647E-16
1097.82646480619  2.296707E-14
1099.27412172673  -8.520856E-15
1100.72177864727  -4.236620E-15
1102.1694355678  -1.045760E-14
1103.61709248834  2.012695E-14
1105.06474940888  -8.790271E-15
1106.51240632942  4.156154E-15
1107.96006324995  2.320385E-14
1109.40772017049  2.078896E-14
1110.85537709103  3.276183E-14
1112.30303401156  1.610887E-14
1113.7506909321  1.891930E-14
1115.19834785264  1.485873E-14
1116.64600477317  1.322453E-14
1118.09366169371  1.102793E-14
1119.54131861425  -1.200681E-15
1120.98897553478  4.144442E-14
1122.43663245532  4.169034E-14
1123.88428937586  1.891728E-14
1125.33194629639  1.846391E-14
1126.77960321693  2.629616E-14
1128.22726013747  2.661605E-14
1129.674917058  4.357268E-15
1131.12257397854  5.048589E-15
1132.57023089908  -2.185051E-15
1134.01788781961  7.282630E-15
1135.46554474015  -6.605673E-14
1136.91320166069  -1.614675E-14
1138.36085858122  6.732021E-15
1139.80851550176  -2.031489E-15
1141.2561724223  -5.003754E-14
1142.70382934284  2.387862E-14
1144.15148626337  -1.111649E-14
1145.59914318391  8.739312E-16
1147.04680010445  4.759805E-15
1148.49445702498  1.461786E-14
1149.94211394552  4.798973E-15
1151.38977086606  1.994171E-15
1152.83742778659  2.765498E-15
1154.28508470713  -1.452169E-14
1155.73274162767  9.828170E-17
1157.1803985482  -6.109669E-15
1158.62805546874  3.327112E-15
1160.07571238928  6.069854E-15
1161.52336930981  -9.957672E-15
1162.97102623035  9.033506E-15
1164.41868315089  -2.046658E-14
1165.86634007142  1.860038E-14
1167.31399699196  -1.751930E-14
1168.7616539125  -2.412546E-14
1170.20931083303  9.592917E-15
1171.65696775357  8.985879E-15
1173.10462467411  3.690819E-15
1174.55228159464  1.424953E-14
1175.99993851518  7.397076E-16
1177.44759543572  -9.949070E-15
1178.89525235625  9.426319E-16
1180.34290927679  -3.369169E-15
1181.79056619733  1.867407E-15
1183.23822311787  2.912420E-15
1184.6858800384  3.312655E-16
1186.13353695894  1.078355E-14
1187.58119387948  3.533160E-15
1189.02885080001  2.024401E-16
1190.47650772055  7.954567E-15
1191.92416464109  -1.286580E-14
1193.37182156162  2.080750E-14
1194.81947848216  4.646185E-14
1196.2671354027  1.007888E-14
1197.71479232323  3.572644E-15
1199.16244924377  -1.396418E-14
1200.61010616431  9.116942E-15
1202.05776308484  2.627169E-14
1203.50542000538  7.494040E-15
1204.95307692592  6.862960E-15
1206.40073384645  -1.598845E-14
1207.84839076699  5.635402E-15
1209.29604768753  7.270185E-15
1210.74370460806  2.681930E-14
1212.1913615286  5.021678E-15
1213.63901844914  -4.276204E-15
1215.08667536967  9.061866E-15
1216.53433229021  5.892958E-15
1217.98198921075  -7.182476E-16
1219.42964613129  -1.112365E-14
1220.87730305182  -5.800487E-15
1222.32495997236  2.380564E-15
1223.7726168929  2.246476E-14
1225.22027381343  -1.989875E-14
1226.66793073397  -1.110607E-14
1228.11558765451  -5.936654E-15
1229.56324457504  3.028946E-15
1231.01090149558  6.348949E-15
1232.45855841612  -9.508606E-15
1233.90621533665  7.086051E-15
1235.35387225719  7.082582E-15
1236.80152917773  -4.335308E-15
1238.24918609826  -4.926787E-15
1239.6968430188  1.167663E-14
1241.14449993934  -1.180407E-14
1242.59215685987  1.045383E-14
1244.03981378041  8.726288E-15
1245.48747070095  9.961209E-16
1246.93512762148  8.254553E-15
1248.38278454202  -9.357178E-15
1249.83044146256  3.071065E-15
1251.27809838309  1.429477E-14
1252.72575530363  -1.362891E-14
1254.17341222417  1.424600E-14
1255.62106914471  2.644139E-14
1257.06872606524  -5.855951E-15
1258.51638298578  -8.879279E-15
1259.96403990632  1.547030E-14
1261.41169682685  1.843743E-14
1262.85935374739  -8.387108E-16
1264.30701066793  -2.014133E-15
1265.75466758846  -2.360662E-15
1267.202324509  1.092369E-14
1268.64998142954  1.817222E-15
1270.09763835007  5.914093E-15
1271.54529527061  1.868150E-14
1272.99295219115  -2.359314E-15
1274.44060911168  -7.600771E-15
1275.88826603222  7.640361E-15
1277.33592295276  1.703519E-15
1278.78357987329  1.618883E-14
1280.23123679383  -6.152921E-15
1281.67889371437  2.409564E-14
1283.1265506349  1.913309E-14
1284.57420755544  -5.820934E-15
1286.02186447598  -7.326806E-15
1287.46952139651  -3.885972E-15
1288.91717831705  8.638399E-15
1290.36483523759  -3.890484E-15
1291.81249215812  2.181551E-14
1293.26014907866  -1.225440E-14
1294.7078059992  2.681748E-14
1296.15546291974  -2.100321E-14
1297.60311984027  8.573218E-15
1299.05077676081  -2.021099E-14
1300.49843368135  7.072983E-15
1301.94609060188  -1.585405E-14
1303.39374752242  2.811014E-15
1304.84140444296  2.229584E-14
1306.28906136349  1.176479E-14
1307.73671828403  1.634958E-14
1309.18437520457  -2.044187E-15
1310.6320321251  1.495582E-15
1312.07968904564  6.800397E-15
1313.52734596618  8.608363E-17
1314.97500288671  -8.589228E-15
1316.42265980725  2.747875E-15
1317.87031672779  1.104507E-14
1319.31797364832  6.477243E-15
1320.76563056886  -2.582265E-15
1322.2132874894  -2.121280E-14
1323.66094440993  -6.055588E-15
1325.10860133047  3.786205E-15
1326.55625825101  -4.747514E-16
1328.00391517154  -3.664854E-16
1329.45157209208  -7.131632E-15
1330.89922901262  -4.347336E-15
1332.34688593315  7.190414E-15
1333.79454285369  6.374610E-15
1335.24219977423  -9.315272E-15
1336.68985669477  4.786872E-15
1338.1375136153  5.096901E-15
1339.58517053584  1.970592E-14
1341.03282745638  3.512500E-15
1342.48048437691  -6.483155E-15
1343.92814129745  3.919393E-15
1345.37579821799  4.816497E-15
1346.82345513852  -3.020944E-15
1348.27111205906  -2.897257E-16
1349.7187689796  7.445315E-15
1351.16642590013  1.194778E-15
1352.61408282067  -1.725430E-15
1354.06173974121  3.759095E-15
1355.50939666174  1.657359E-16
1356.95705358228  -1.378269E-15
1358.40471050282  1.187141E-14
1359.85236742335  -1.169439E-15
1361.30002434389  1.098069E-14
1362.74768126443  -5.314320E-15
1364.19533818496  -2.619000E-15
1365.6429951055  5.321387E-15
1367.09065202604  -6.436461E-15
1368.53830894657  -8.647073E-15
1369.98596586711  -1.280282E-14
1371.43362278765  8.285776E-16
1372.88127970819  3.704212E-15
1374.32893662872  -3.078290E-15
1375.77659354926  9.378187E-16
1377.2242504698  1.280380E-14
1378.67190739033  4.058839E-15
1380.11956431087  -1.364484E-15
1381.56722123141  9.108812E-15
1383.01487815194  -4.283067E-15
1384.46253507248  8.070280E-15
1385.91019199302  -7.126776E-15
1387.35784891355  -1.272918E-14
1388.80550583409  3.613399E-16
1390.25316275463  -4.633234E-15
1391.70081967516  -1.696426E-15
1393.1484765957  4.219188E-15
1394.59613351624  8.082719E-15
1396.04379043677  -7.784847E-15
1397.49144735731  3.382436E-15
1398.93910427785  5.189290E-15
1400.38676119838  -1.064032E-15
1401.83441811892  -1.138360E-15
1403.28207503946  -1.574163E-16
1404.72973195999  9.509544E-15
1406.17738888053  1.357547E-15
1407.62504580107  -8.258385E-15
1409.0727027216  -7.423245E-16
1410.52035964214  -3.984789E-15
1411.96801656268  -1.444612E-15
1413.41567348322  1.979569E-15
1414.86333040375  -4.500056E-15
1416.31098732429  9.322863E-16
1417.75864424483  9.095713E-15
1419.20630116536  1.126571E-14
1420.6539580859  5.434128E-15
1422.10161500644  8.877436E-15
1423.54927192697  5.106423E-15
1424.99692884751  1.477180E-15
1426.44458576805  2.934646E-15
1427.89224268858  7.713581E-15
1429.33989960912  1.298124E-14
1430.78755652966  2.887646E-15
1432.23521345019  -3.399281E-15
1433.68287037073  1.083424E-14
1435.13052729127  6.041713E-15
1436.5781842118  6.908217E-15
1438.02584113234  1.354163E-14
1439.47349805288  8.992229E-15
1440.92115497341  2.453298E-15
1442.36881189395  2.054934E-15
1443.81646881449  7.569421E-15
1445.26412573502  -4.970441E-15
1446.71178265556  5.206972E-15
1448.1594395761  -8.186025E-15
1449.60709649664  4.138628E-15
1451.05475341717  -3.237573E-15
1452.50241033771  2.626774E-15
1453.95006725825  5.279647E-15
1455.39772417878  4.126523E-15
1456.84538109932  7.471483E-15
1458.29303801986  -3.115294E-15
1459.74069494039  4.159972E-15
1461.18835186093  -4.781063E-15
1462.63600878147  -2.292062E-15
1464.083665702  -4.147433E-15
1465.53132262254  2.373588E-15
1466.97897954308  6.494698E-15
1468.42663646361  3.289436E-15
1469.87429338415  -5.934472E-15
1471.32195030469  2.951247E-15
1472.76960722522  6.179438E-15
1474.21726414576  3.703941E-15
1475.6649210663  1.678981E-15
1477.11257798683  4.078489E-16
1478.56023490737  3.186101E-15
1480.00789182791  6.760175E-15
1481.45554874844  1.394074E-15
1482.90320566898  -9.279606E-15
1484.35086258952  2.136968E-15
1485.79851951005  3.399941E-15
1487.24617643059  -1.846399E-15
1488.69383335113  -3.493141E-15
1490.14149027167  -2.542651E-15
1491.5891471922  3.063077E-15
1493.03680411274  -3.021749E-16
1494.48446103328  5.728636E-16
1495.93211795381  5.423757E-15
1497.37977487435  1.626433E-15
1498.82743179489  1.348050E-15
1500.27508871542  -2.947144E-15
1501.72274563596  -2.175725E-15
1503.1704025565  4.953652E-15
1504.61805947703  2.875379E-15
1506.06571639757  9.597045E-15
1507.51337331811  3.752739E-15
1508.96103023864  -1.538766E-15
1510.40868715918  -2.229331E-15
1511.85634407972  3.965977E-15
1513.30400100025  2.638225E-16
1514.75165792079  1.197143E-15
1516.19931484133  3.440705E-15
1517.64697176186  -4.166115E-16
1519.0946286824  -1.817508E-15
1520.54228560294  3.144957E-15
1521.98994252347  1.224288E-15
1523.43759944401  -3.249290E-15
1524.88525636455  -2.545155E-15
1526.33291328509  4.045046E-16
1527.78057020562  5.685613E-15
1529.22822712616  1.483527E-15
1530.6758840467  -1.481925E-15
1532.12354096723  -1.643773E-15
1533.57119788777  -4.566355E-15
1535.01885480831  -2.071467E-15
1536.46651172884  3.787425E-16
1537.91416864938  5.382940E-15
1539.36182556992  -4.608996E-15
1540.80948249045  -1.693372E-15
1542.25713941099  -3.648261E-15
1543.70479633153  2.696781E-15
1545.15245325206  -1.188106E-15
1546.6001101726  -2.967829E-15
1548.04776709314  -1.195125E-15
1549.49542401367  -8.868249E-16
1550.94308093421  -4.177135E-15
1552.39073785475  4.242001E-16
1553.83839477528  -2.184690E-16
1555.28605169582  1.484158E-16
1556.73370861636  -2.408074E-16
1558.18136553689  8.315280E-15
1559.62902245743  7.128002E-15
1561.07667937797  3.755428E-15
1562.5243362985  4.428842E-15
1563.97199321904  6.412891E-15
1565.41965013958  4.080256E-15
1566.86730706012  2.330137E-16
1568.31496398065  -1.514205E-15
1569.76262090119  2.791090E-15
1571.21027782173  -1.201472E-15
1572.65793474226  -1.038491E-15
1574.1055916628  -2.256503E-15
1575.55324858334  2.140927E-15
1577.00090550387  2.054294E-15
1578.44856242441  1.267637E-15
1579.89621934495  1.703824E-15
1581.34387626548  -4.839181E-15
1582.79153318602  1.709497E-15
1584.23919010656  6.670273E-15
1585.68684702709  1.748652E-15
1587.13450394763  4.515360E-15
1588.58216086817  3.601512E-15
1590.0298177887  4.403265E-15
1591.47747470924  6.433153E-15
1592.92513162978  2.802210E-15
1594.37278855031  -1.298261E-16
1595.82044547085  -1.472637E-15
1597.26810239139  1.601920E-15
1598.71575931192  -1.241827E-15
1600.16341623246  -5.688469E-15
1601.611073153  -3.077139E-15
1603.05873007354  -1.143054E-15
1604.50638699407  1.982205E-15
1605.95404391461  -9.222551E-16
1607.40170083515  7.312971E-16
1608.84935775568  -1.679612E-16
1610.29701467622  2.575221E-16
1611.74467159676  2.137471E-15
1613.19232851729  -1.865273E-15
1614.63998543783  3.901280E-15
1616.08764235837  2.100579E-15
1617.5352992789  4.489032E-15
1618.98295619944  3.567277E-15
1620.43061311998  2.247651E-15
1621.87827004051  2.447343E-15
1623.32592696105  1.605459E-15
1624.77358388159  -2.297641E-15
1626.22124080212  -1.464872E-16
1627.66889772266  -1.935124E-15
1629.1165546432  -1.979203E-15
1630.56421156373  -1.303357E-15
1632.01186848427  3.577791E-16
1633.45952540481  -5.942614E-17
1634.90718232534  1.455942E-15
1636.35483924588  1.079140E-15
1637.80249616642  1.797247E-15
1639.25015308695  -1.066508E-15
1640.69781000749  -2.180136E-15
1642.14546692803  -8.441812E-15
1643.59312384857  -4.714522E-15
1645.0407807691  -2.682470E-15
1646.48843768964  -4.792096E-15
1647.93609461018  -3.653995E-15
1649.38375153071  -2.944355E-15
1650.83140845125  2.491434E-15
1652.27906537179  9.818775E-16
1653.72672229232  3.866209E-15
1655.17437921286  3.248984E-15
1656.6220361334  -7.684831E-16
1658.06969305393  -4.621087E-16
1659.51734997447  2.045627E-15
1660.96500689501  4.895094E-15
1662.41266381554  1.440406E-15
1663.86032073608  2.753739E-15
1665.30797765662  7.485202E-16
1666.75563457715  1.307707E-15
1668.20329149769  -6.551675E-17
1669.65094841823  1.293152E-16
1671.09860533876  -3.557928E-15
1672.5462622593  -4.352995E-15
1673.99391917984  -4.775188E-15
1675.44157610038  2.856491E-15
1676.88923302091  7.641982E-16
1678.33688994145  7.446090E-16
1679.78454686199  -1.855585E-15
1681.23220378252  1.088603E-16
1682.67986070306  2.866513E-15
1684.1275176236  1.238094E-15
1685.57517454413  -2.404589E-15
1687.02283146467  -5.294812E-16
1688.47048838521  2.999069E-15
1689.91814530574  3.037290E-15
1691.36580222628  4.200012E-15
1692.81345914682  2.460317E-15
1694.26111606735  5.142692E-15
1695.70877298789  4.981271E-15
1697.15642990843  4.049087E-15
1698.60408682896  3.594137E-15
1700.0517437495  1.434213E-15
1701.49940067004  7.736330E-15
1702.94705759057  6.097977E-15
1704.39471451111  7.626608E-15
1705.84237143165  4.132602E-15
1707.29002835218  2.470394E-15
1708.73768527272  3.325480E-15
1710.18534219326  0.
1711.63299911379  0.
1713.08065603433  0.
1714.52831295487  0.
1715.97596987541  0.
1717.42362679594  0.
1718.87128371648  0.
1720.31894063702  0.
1721.76659755755  0.
1723.21425447809  0.
1724.66191139863  0.
1726.10956831916  0.
1727.5572252397  0.
1729.00488216024  0.
1730.45253908077  0.
1731.90019600131  0.
1733.34785292185  0.
1734.79550984238  0.
1736.24316676292  0.
1737.69082368346  0.
1739.13848060399  0.
1740.58613752453  0.
1742.03379444507  0.
1743.4814513656  0.
1744.92910828614  0.
1746.37676520668  0.
1747.82442212721  0.
1749.27207904775  0.
1750.71973596829  0.
1752.16739288882  0.
1753.61504980936  0.
1755.0627067299  0.
1756.51036365043  0.
1757.95802057097  0.
1759.40567749151  0.
1760.85333441205  0.
1762.30099133258  0.
1763.74864825312  0.
1765.19630517366  0.
1766.64396209419  0.
1768.09161901473  0.
1769.53927593527  0.
1770.9869328558  0.
1772.43458977634  0.
1773.88224669688  0.
1775.32990361741  0.
1776.77756053795  0.
1778.22521745849  0.
1779.67287437902  0.
1781.12053129956  0.
1782.5681882201  0.
1784.01584514063  0.
1785.46350206117  0.
1786.91115898171  0.
1788.35881590224  0.
1789.80647282278  0.
1791.25412974332  0.
1792.70178666385  0.
1794.14944358439  0.
1795.59710050493  0.
1797.04475742547  0.
1798.492414346  0.
1799.94007126654  0.
1801.38772818708  0.
1802.83538510761  0.
1804.28304202815  0.
1805.73069894869  0.
1807.17835586922  0.
1808.62601278976  0.
1810.0736697103  0.
1811.52132663083  0.
1812.96898355137  0.
1814.41664047191  0.
1815.86429739244  0.
1817.31195431298  0.
1818.75961123352  0.
1820.20726815405  0.
1821.65492507459  0.
1823.10258199513  0.
1824.55023891566  0.
1825.9978958362  0.
1827.44555275674  0.
1828.89320967727  0.
1830.34086659781  0.
1831.78852351835  0.
