906.735751295338  0.
908.183408215875  0.
909.631065136412  0.
911.078722056949  0.
912.526378977485  0.
913.974035898022  0.
915.421692818559  0.
916.869349739096  0.
918.317006659633  0.
919.764663580169  0.
921.212320500706  0.
922.659977421243  0.
924.10763434178  0.
925.555291262316  0.
927.002948182853  0.
928.45060510339  0.
929.898262023927  0.
931.345918944464  0.
932.793575865  0.
934.241232785537  0.
935.688889706074  0.
937.136546626611  0.
938.584203547148  0.
940.031860467684  0.
941.479517388221  0.
942.927174308758  0.
944.374831229295  0.
945.822488149832  0.
947.270145070369  0.
948.717801990905  0.
950.165458911442  0.
951.613115831979  0.
953.060772752515  0.
954.508429673052  0.
955.956086593589  0.
957.403743514126  0.
958.851400434663  0.
960.2990573552  0.
961.746714275736  0.
963.194371196273  0.
964.64202811681  0.
966.089685037347  0.
967.537341957883  0.
968.98499887842  0.
970.432655798957  0.
971.880312719494  0.
973.327969640031  0.
974.775626560567  0.
976.223283481104  0.
977.670940401641  0.
979.118597322178  0.
980.566254242715  0.
982.013911163251  0.
983.461568083788  0.
984.909225004325  0.
986.356881924862  0.
987.804538845399  0.
989.252195765935  0.
990.699852686472  0.
992.147509607009  0.
993.595166527546  -3.971321E-15
995.042823448082  1.346626E-13
996.490480368619  -1.824890E-13
997.938137289156  4.358279E-13
999.385794209693  7.335887E-13
1000.83345113023  6.722667E-13
1002.28110805077  3.428606E-13
1003.7287649713  6.071315E-13
1005.17642189184  5.142660E-13
1006.62407881238  5.194599E-13
1008.07173573291  4.925556E-13
1009.51939265345  5.786649E-13
1010.96704957399  4.911312E-13
1012.41470649452  3.896366E-13
1013.86236341506  4.365487E-13
1015.3100203356  3.168603E-13
1016.75767725613  2.226967E-13
1018.20533417667  3.621693E-13
1019.65299109721  4.517844E-13
1021.10064801775  4.826363E-13
1022.54830493828  5.953594E-13
1023.99596185882  4.852849E-13
1025.44361877936  5.090131E-13
1026.89127569989  4.393649E-13
1028.33893262043  3.889017E-13
1029.78658954097  4.929680E-13
1031.2342464615  4.552574E-13
1032.68190338204  4.291596E-13
1034.12956030258  4.126256E-13
1035.57721722311  5.676020E-13
1037.02487414365  4.774938E-13
1038.47253106419  3.089722E-13
1039.92018798472  3.372052E-13
1041.36784490526  4.678645E-13
1042.8155018258  3.721797E-13
1044.26315874633  4.784486E-13
1045.71081566687  5.932545E-13
1047.15847258741  6.372548E-13
1048.60612950794  6.943690E-13
1050.05378642848  5.380761E-13
1051.50144334902  5.020960E-13
1052.94910026955  4.032532E-13
1054.39675719009  3.228246E-13
1055.84441411063  2.461250E-13
1057.29207103116  2.789639E-13
1058.7397279517  2.718590E-13
1060.18738487224  3.387350E-13
1061.63504179277  3.727391E-13
1063.08269871331  3.427747E-13
1064.53035563385  4.123637E-13
1065.97801255439  3.908428E-13
1067.42566947492  3.727023E-13
1068.87332639546  3.581255E-13
1070.320983316  3.540901E-13
1071.76864023653  3.353719E-13
1073.21629715707  3.646368E-13
1074.66395407761  3.577827E-13
1076.11161099814  3.720598E-13
1077.55926791868  3.907915E-13
1079.00692483922  3.297235E-13
1080.45458175975  3.234091E-13
1081.90223868029  3.535769E-13
1083.34989560083  3.620670E-13
1084.79755252136  2.844998E-13
1086.2452094419  2.861076E-13
1087.69286636244  3.411818E-13
1089.14052328297  3.140329E-13
1090.58818020351  2.791812E-13
1092.03583712405  2.769533E-13
1093.48349404458  2.783678E-13
1094.93115096512  3.082519E-13
1096.37880788566  3.382247E-13
1097.82646480619  3.227061E-13
1099.27412172673  2.836446E-13
1100.72177864727  2.914057E-13
1102.1694355678  3.007743E-13
1103.61709248834  2.819577E-13
1105.06474940888  2.805459E-13
1106.51240632942  3.389000E-13
1107.96006324995  2.840963E-13
1109.40772017049  3.038050E-13
1110.85537709103  2.920889E-13
1112.30303401156  3.056398E-13
1113.7506909321  2.958612E-13
1115.19834785264  3.037664E-13
1116.64600477317  3.152725E-13
1118.09366169371  3.165056E-13
1119.54131861425  3.262623E-13
1120.98897553478  3.012626E-13
1122.43663245532  2.861099E-13
1123.88428937586  3.175454E-13
1125.33194629639  2.915166E-13
1126.77960321693  2.550073E-13
1128.22726013747  2.369706E-13
1129.674917058  2.982755E-13
1131.12257397854  2.870972E-13
1132.57023089908  3.023080E-13
1134.01788781961  3.005062E-13
1135.46554474015  3.061746E-13
1136.91320166069  3.417742E-13
1138.36085858122  3.351389E-13
1139.80851550176  3.322666E-13
1141.2561724223  3.136416E-13
1142.70382934284  2.839701E-13
1144.15148626337  2.767630E-13
1145.59914318391  2.860490E-13
1147.04680010445  3.431301E-13
1148.49445702498  3.106581E-13
1149.94211394552  3.079458E-13
1151.38977086606  3.089482E-13
1152.83742778659  3.147551E-13
1154.28508470713  2.949508E-13
1155.73274162767  2.702386E-13
1157.1803985482  2.651799E-13
1158.62805546874  3.331472E-13
1160.07571238928  3.707296E-13
1161.52336930981  2.828135E-13
1162.97102623035  3.120821E-13
1164.41868315089  3.195379E-13
1165.86634007142  3.304240E-13
1167.31399699196  3.032350E-13
1168.7616539125  3.075094E-13
1170.20931083303  3.038966E-13
1171.65696775357  3.310009E-13
1173.10462467411  3.014576E-13
1174.55228159464  3.286398E-13
1175.99993851518  3.775021E-13
1177.44759543572  3.418249E-13
1178.89525235625  3.281096E-13
1180.34290927679  3.564130E-13
1181.79056619733  3.256658E-13
1183.23822311787  3.449157E-13
1184.6858800384  3.277079E-13
1186.13353695894  3.839593E-13
1187.58119387948  3.736139E-13
1189.02885080001  4.022828E-13
1190.47650772055  3.957875E-13
1191.92416464109  4.062715E-13
1193.37182156162  4.107650E-13
1194.81947848216  4.084939E-13
1196.2671354027  4.385938E-13
1197.71479232323  4.152158E-13
1199.16244924377  4.659159E-13
1200.61010616431  4.501125E-13
1202.05776308484  5.185237E-13
1203.50542000538  4.964438E-13
1204.95307692592  5.813357E-13
1206.40073384645  5.817094E-13
1207.84839076699  6.213618E-13
1209.29604768753  7.156350E-13
1210.74370460806  7.702030E-13
1212.1913615286  9.117479E-13
1213.63901844914  1.005775E-12
1215.08667536967  1.078935E-12
1216.53433229021  1.093996E-12
1217.98198921075  1.075057E-12
1219.42964613129  1.156026E-12
1220.87730305182  1.008078E-12
1222.32495997236  8.086849E-13
1223.7726168929  7.106283E-13
1225.22027381343  6.066069E-13
1226.66793073397  5.768172E-13
1228.11558765451  5.193350E-13
1229.56324457504  4.712739E-13
1231.01090149558  5.098447E-13
1232.45855841612  4.288482E-13
1233.90621533665  4.854288E-13
1235.35387225719  5.542826E-13
1236.80152917773  4.871407E-13
1238.24918609826  5.371948E-13
1239.6968430188  4.772878E-13
1241.14449993934  4.863878E-13
1242.59215685987  4.983424E-13
1244.03981378041  5.252149E-13
1245.48747070095  4.384522E-13
1246.93512762148  4.130215E-13
1248.38278454202  4.732394E-13
1249.83044146256  4.204859E-13
1251.27809838309  3.763547E-13
1252.72575530363  3.739652E-13
1254.17341222417  3.852378E-13
1255.62106914471  3.708484E-13
1257.06872606524  3.639491E-13
1258.51638298578  3.599463E-13
1259.96403990632  3.513697E-13
1261.41169682685  3.275801E-13
1262.85935374739  4.168608E-13
1264.30701066793  3.276525E-13
1265.75466758846  3.028461E-13
1267.202324509  3.253324E-13
1268.64998142954  2.698220E-13
1270.09763835007  2.518605E-13
1271.54529527061  2.701624E-13
1272.99295219115  2.637259E-13
1274.44060911168  2.816096E-13
1275.88826603222  3.002769E-13
1277.33592295276  2.681133E-13
1278.78357987329  3.009193E-13
1280.23123679383  2.837710E-13
1281.67889371437  2.624310E-13
1283.1265506349  2.520474E-13
1284.57420755544  2.799889E-13
1286.02186447598  2.549241E-13
1287.46952139651  2.710099E-13
1288.91717831705  2.588858E-13
1290.36483523759  2.883200E-13
1291.81249215812  2.853338E-13
1293.26014907866  2.472743E-13
1294.7078059992  2.352560E-13
1296.15546291974  2.349128E-13
1297.60311984027  2.658459E-13
1299.05077676081  2.295362E-13
1300.49843368135  3.051957E-13
1301.94609060188  3.408585E-13
1303.39374752242  3.030005E-13
1304.84140444296  3.111033E-13
1306.28906136349  2.671635E-13
1307.73671828403  2.338699E-13
1309.18437520457  2.839972E-13
1310.6320321251  2.969133E-13
1312.07968904564  2.608459E-13
1313.52734596618  2.410805E-13
1314.97500288671  2.448200E-13
1316.42265980725  2.777645E-13
1317.87031672779  2.693196E-13
1319.31797364832  2.065226E-13
1320.76563056886  2.607090E-13
1322.2132874894  2.658106E-13
1323.66094440993  2.512386E-13
1325.10860133047  2.401614E-13
1326.55625825101  2.853301E-13
1328.00391517154  2.476124E-13
1329.45157209208  2.465225E-13
1330.89922901262  2.713162E-13
1332.34688593315  2.996846E-13
1333.79454285369  2.562631E-13
1335.24219977423  2.494638E-13
1336.68985669477  2.158961E-13
1338.1375136153  2.683422E-13
1339.58517053584  2.714952E-13
1341.03282745638  2.171095E-13
1342.48048437691  2.512678E-13
1343.92814129745  2.545774E-13
1345.37579821799  2.565635E-13
1346.82345513852  2.529784E-13
1348.27111205906  2.561657E-13
1349.7187689796  1.936518E-13
1351.16642590013  2.848047E-13
1352.61408282067  2.894674E-13
1354.06173974121  2.789929E-13
1355.50939666174  2.865971E-13
1356.95705358228  2.627265E-13
1358.40471050282  2.254788E-13
1359.85236742335  2.537609E-13
1361.30002434389  2.858159E-13
1362.74768126443  2.754597E-13
1364.19533818496  2.726718E-13
1365.6429951055  2.197646E-13
1367.09065202604  2.008640E-13
1368.53830894657  2.778140E-13
1369.98596586711  2.380959E-13
1371.43362278765  1.874592E-13
1372.88127970819  2.307198E-13
1374.32893662872  2.162136E-13
1375.77659354926  2.632994E-13
1377.2242504698  2.413536E-13
1378.67190739033  2.496124E-13
1380.11956431087  2.371197E-13
1381.56722123141  2.697571E-13
1383.01487815194  2.231108E-13
1384.46253507248  2.339653E-13
1385.91019199302  2.541975E-13
1387.35784891355  2.748109E-13
1388.80550583409  2.569489E-13
1390.25316275463  2.572753E-13
1391.70081967516  2.141264E-13
1393.1484765957  2.391927E-13
1394.59613351624  2.552168E-13
1396.04379043677  2.622154E-13
1397.49144735731  3.050551E-13
1398.93910427785  2.899866E-13
1400.38676119838  2.844493E-13
1401.83441811892  3.595737E-13
1403.28207503946  3.179756E-13
1404.72973195999  3.106688E-13
1406.17738888053  2.918816E-13
1407.62504580107  2.992132E-13
1409.0727027216  3.231736E-13
1410.52035964214  2.892546E-13
1411.96801656268  3.054898E-13
1413.41567348322  2.560636E-13
1414.86333040375  2.648848E-13
1416.31098732429  2.723334E-13
1417.75864424483  2.155483E-13
1419.20630116536  2.206953E-13
1420.6539580859  2.459384E-13
1422.10161500644  2.690347E-13
1423.54927192697  2.693451E-13
1424.99692884751  2.687836E-13
1426.44458576805  2.472692E-13
1427.89224268858  2.609328E-13
1429.33989960912  2.381535E-13
1430.78755652966  2.264635E-13
1432.23521345019  2.356396E-13
1433.68287037073  2.126564E-13
1435.13052729127  1.965043E-13
1436.5781842118  2.145567E-13
1438.02584113234  2.127462E-13
1439.47349805288  2.194009E-13
1440.92115497341  2.006705E-13
1442.36881189395  2.164683E-13
1443.81646881449  2.164946E-13
1445.26412573502  1.972425E-13
1446.71178265556  2.104815E-13
1448.1594395761  2.069621E-13
1449.60709649664  1.880720E-13
1451.05475341717  1.616268E-13
1452.50241033771  2.210300E-13
1453.95006725825  2.081070E-13
1455.39772417878  2.433641E-13
1456.84538109932  2.236041E-13
1458.29303801986  2.351004E-13
1459.74069494039  2.294990E-13
1461.18835186093  2.167882E-13
1462.63600878147  2.250185E-13
1464.083665702  2.587778E-13
1465.53132262254  2.262006E-13
1466.97897954308  2.209288E-13
1468.42663646361  2.265630E-13
1469.87429338415  2.321648E-13
1471.32195030469  2.106030E-13
1472.76960722522  2.284473E-13
1474.21726414576  2.456293E-13
1475.6649210663  2.213988E-13
1477.11257798683  2.189372E-13
1478.56023490737  2.364582E-13
1480.00789182791  2.094303E-13
1481.45554874844  2.134108E-13
1482.90320566898  2.262426E-13
1484.35086258952  1.950175E-13
1485.79851951005  2.196626E-13
1487.24617643059  2.066228E-13
1488.69383335113  1.965934E-13
1490.14149027167  2.154478E-13
1491.5891471922  2.339558E-13
1493.03680411274  2.030019E-13
1494.48446103328  2.323870E-13
1495.93211795381  2.037772E-13
1497.37977487435  2.020498E-13
1498.82743179489  2.033914E-13
1500.27508871542  1.943881E-13
1501.72274563596  2.298231E-13
1503.1704025565  2.417851E-13
1504.61805947703  2.077898E-13
1506.06571639757  2.344463E-13
1507.51337331811  2.389849E-13
1508.96103023864  2.416771E-13
1510.40868715918  2.295117E-13
1511.85634407972  2.443177E-13
1513.30400100025  2.269995E-13
1514.75165792079  2.259931E-13
1516.19931484133  2.522130E-13
1517.64697176186  2.684692E-13
1519.0946286824  2.506129E-13
1520.54228560294  2.599781E-13
1521.98994252347  2.791141E-13
1523.43759944401  2.966884E-13
1524.88525636455  2.941313E-13
1526.33291328509  2.866507E-13
1527.78057020562  2.625354E-13
1529.22822712616  2.730405E-13
1530.6758840467  2.804015E-13
1532.12354096723  3.181737E-13
1533.57119788777  3.032746E-13
1535.01885480831  2.947915E-13
1536.46651172884  3.358592E-13
1537.91416864938  3.748009E-13
1539.36182556992  3.984531E-13
1540.80948249045  3.898500E-13
1542.25713941099  4.089260E-13
1543.70479633153  4.171525E-13
1545.15245325206  4.480183E-13
1546.6001101726  4.885619E-13
1548.04776709314  4.715878E-13
1549.49542401367  4.637616E-13
1550.94308093421  4.807879E-13
1552.39073785475  4.658403E-13
1553.83839477528  4.549647E-13
1555.28605169582  4.042726E-13
1556.73370861636  3.739388E-13
1558.18136553689  3.250428E-13
1559.62902245743  3.071577E-13
1561.07667937797  2.813407E-13
1562.5243362985  3.125692E-13
1563.97199321904  3.148226E-13
1565.41965013958  2.981383E-13
1566.86730706012  2.780948E-13
1568.31496398065  2.928895E-13
1569.76262090119  2.671453E-13
1571.21027782173  2.461541E-13
1572.65793474226  2.552128E-13
1574.1055916628  2.543603E-13
1575.55324858334  2.544525E-13
1577.00090550387  2.553193E-13
1578.44856242441  2.459451E-13
1579.89621934495  2.529220E-13
1581.34387626548  2.461972E-13
1582.79153318602  2.646100E-13
1584.23919010656  2.485973E-13
1585.68684702709  2.338265E-13
1587.13450394763  2.141450E-13
1588.58216086817  2.203844E-13
1590.0298177887  2.295509E-13
1591.47747470924  2.417154E-13
1592.92513162978  2.408187E-13
1594.37278855031  2.421547E-13
1595.82044547085  2.315139E-13
1597.26810239139  2.305775E-13
1598.71575931192  2.288941E-13
1600.16341623246  2.249528E-13
1601.611073153  2.227567E-13
1603.05873007354  2.175193E-13
1604.50638699407  2.387873E-13
1605.95404391461  2.497995E-13
1607.40170083515  2.202861E-13
1608.84935775568  2.104149E-13
1610.29701467622  2.198159E-13
1611.74467159676  2.137152E-13
1613.19232851729  2.373317E-13
1614.63998543783  2.422318E-13
1616.08764235837  2.440608E-13
1617.5352992789  2.204753E-13
1618.98295619944  2.107244E-13
1620.43061311998  2.280784E-13
1621.87827004051  2.322623E-13
1623.32592696105  2.251150E-13
1624.77358388159  2.152336E-13
1626.22124080212  2.120792E-13
1627.66889772266  2.159593E-13
1629.1165546432  2.268750E-13
1630.56421156373  2.279473E-13
1632.01186848427  2.246999E-13
1633.45952540481  2.349536E-13
1634.90718232534  2.517027E-13
1636.35483924588  2.590316E-13
1637.80249616642  2.397303E-13
1639.25015308695  2.197961E-13
1640.69781000749  2.085806E-13
1642.14546692803  2.173017E-13
1643.59312384857  2.291227E-13
1645.0407807691  2.255997E-13
1646.48843768964  2.195138E-13
1647.93609461018  2.128571E-13
1649.38375153071  2.256352E-13
1650.83140845125  2.323501E-13
1652.27906537179  2.330367E-13
1653.72672229232  2.322277E-13
1655.17437921286  2.261303E-13
1656.6220361334  2.178994E-13
1658.06969305393  2.247590E-13
1659.51734997447  2.510001E-13
1660.96500689501  2.743446E-13
1662.41266381554  2.358261E-13
1663.86032073608  2.292165E-13
1665.30797765662  2.439258E-13
1666.75563457715  2.278933E-13
1668.20329149769  2.286000E-13
1669.65094841823  2.109062E-13
1671.09860533876  1.965732E-13
1672.5462622593  2.025042E-13
1673.99391917984  2.029520E-13
1675.44157610038  2.060436E-13
1676.88923302091  2.064303E-13
1678.33688994145  2.039500E-13
1679.78454686199  1.999767E-13
1681.23220378252  2.064836E-13
1682.67986070306  1.999347E-13
1684.1275176236  2.009053E-13
1685.57517454413  1.930874E-13
1687.02283146467  1.984956E-13
1688.47048838521  1.977363E-13
1689.91814530574  2.063890E-13
1691.36580222628  2.077874E-13
1692.81345914682  2.102850E-13
1694.26111606735  2.043103E-13
1695.70877298789  1.905026E-13
1697.15642990843  2.011999E-13
1698.60408682896  2.034696E-13
1700.0517437495  2.045649E-13
1701.49940067004  2.024976E-13
1702.94705759057  2.086967E-13
1704.39471451111  2.117462E-13
1705.84237143165  2.015479E-13
1707.29002835218  1.947835E-13
1708.73768527272  1.945686E-13
1710.18534219326  0.
1711.63299911379  0.
1713.08065603433  0.
1714.52831295487  0.
1715.97596987541  0.
1717.42362679594  0.
1718.87128371648  0.
1720.31894063702  0.
1721.76659755755  0.
1723.21425447809  0.
1724.66191139863  0.
1726.10956831916  0.
1727.5572252397  0.
1729.00488216024  0.
1730.45253908077  0.
1731.90019600131  0.
1733.34785292185  0.
1734.79550984238  0.
1736.24316676292  0.
1737.69082368346  0.
1739.13848060399  0.
1740.58613752453  0.
1742.03379444507  0.
1743.4814513656  0.
1744.92910828614  0.
1746.37676520668  0.
1747.82442212721  0.
1749.27207904775  0.
1750.71973596829  0.
1752.16739288882  0.
1753.61504980936  0.
1755.0627067299  0.
1756.51036365043  0.
1757.95802057097  0.
1759.40567749151  0.
1760.85333441205  0.
1762.30099133258  0.
1763.74864825312  0.
1765.19630517366  0.
1766.64396209419  0.
1768.09161901473  0.
1769.53927593527  0.
1770.9869328558  0.
1772.43458977634  0.
1773.88224669688  0.
1775.32990361741  0.
1776.77756053795  0.
1778.22521745849  0.
1779.67287437902  0.
1781.12053129956  0.
1782.5681882201  0.
1784.01584514063  0.
1785.46350206117  0.
1786.91115898171  0.
1788.35881590224  0.
1789.80647282278  0.
1791.25412974332  0.
1792.70178666385  0.
1794.14944358439  0.
1795.59710050493  0.
1797.04475742547  0.
1798.492414346  0.
1799.94007126654  0.
1801.38772818708  0.
1802.83538510761  0.
1804.28304202815  0.
1805.73069894869  0.
1807.17835586922  0.
1808.62601278976  0.
1810.0736697103  0.
1811.52132663083  0.
1812.96898355137  0.
1814.41664047191  0.
1815.86429739244  0.
1817.31195431298  0.
1818.75961123352  0.
1820.20726815405  0.
1821.65492507459  0.
1823.10258199513  0.
1824.55023891566  0.
1825.9978958362  0.
1827.44555275674  0.
1828.89320967727  0.
1830.34086659781  0.
1831.78852351835  0.
