906.735751295338  0.
908.183408215875  0.
909.631065136412  0.
911.078722056949  0.
912.526378977485  0.
913.974035898022  0.
915.421692818559  0.
916.869349739096  0.
918.317006659633  0.
919.764663580169  0.
921.212320500706  0.
922.659977421243  0.
924.10763434178  0.
925.555291262316  0.
927.002948182853  0.
928.45060510339  0.
929.898262023927  0.
931.345918944464  0.
932.793575865  0.
934.241232785537  0.
935.688889706074  0.
937.136546626611  0.
938.584203547148  0.
940.031860467684  0.
941.479517388221  0.
942.927174308758  0.
944.374831229295  0.
945.822488149832  0.
947.270145070369  0.
948.717801990905  0.
950.165458911442  0.
951.613115831979  0.
953.060772752515  0.
954.508429673052  0.
955.956086593589  0.
957.403743514126  0.
958.851400434663  0.
960.2990573552  0.
961.746714275736  0.
963.194371196273  0.
964.64202811681  0.
966.089685037347  0.
967.537341957883  0.
968.98499887842  0.
970.432655798957  0.
971.880312719494  0.
973.327969640031  0.
974.775626560567  0.
976.223283481104  0.
977.670940401641  0.
979.118597322178  0.
980.566254242715  0.
982.013911163251  0.
983.461568083788  0.
984.909225004325  0.
986.356881924862  0.
987.804538845399  0.
989.252195765935  0.
990.699852686472  0.
992.147509607009  0.
993.595166527546  5.764750E-13
995.042823448082  2.503127E-13
996.490480368619  3.936921E-13
997.938137289156  3.918543E-13
999.385794209693  5.927747E-13
1000.83345113023  4.218824E-13
1002.28110805077  6.793330E-13
1003.7287649713  4.186810E-13
1005.17642189184  4.755890E-13
1006.62407881238  5.455725E-13
1008.07173573291  3.519010E-13
1009.51939265345  5.540741E-13
1010.96704957399  4.997023E-13
1012.41470649452  3.564171E-13
1013.86236341506  4.483194E-13
1015.3100203356  5.297529E-13
1016.75767725613  4.193303E-13
1018.20533417667  4.106673E-13
1019.65299109721  4.501862E-13
1021.10064801775  5.438195E-13
1022.54830493828  4.659449E-13
1023.99596185882  3.863263E-13
1025.44361877936  5.515816E-13
1026.89127569989  5.131163E-13
1028.33893262043  4.908671E-13
1029.78658954097  4.662940E-13
1031.2342464615  4.982048E-13
1032.68190338204  3.078501E-13
1034.12956030258  3.926516E-13
1035.57721722311  3.748054E-13
1037.02487414365  3.951666E-13
1038.47253106419  4.339754E-13
1039.92018798472  4.222036E-13
1041.36784490526  4.463302E-13
1042.8155018258  4.516344E-13
1044.26315874633  4.018061E-13
1045.71081566687  5.792459E-13
1047.15847258741  5.448120E-13
1048.60612950794  4.870406E-13
1050.05378642848  4.445151E-13
1051.50144334902  4.010155E-13
1052.94910026955  4.526153E-13
1054.39675719009  4.633996E-13
1055.84441411063  3.933682E-13
1057.29207103116  3.075186E-13
1058.7397279517  3.108158E-13
1060.18738487224  3.023029E-13
1061.63504179277  3.750053E-13
1063.08269871331  3.704438E-13
1064.53035563385  3.962724E-13
1065.97801255439  3.723754E-13
1067.42566947492  4.110570E-13
1068.87332639546  3.781224E-13
1070.320983316  4.058043E-13
1071.76864023653  3.363746E-13
1073.21629715707  3.754542E-13
1074.66395407761  3.526836E-13
1076.11161099814  3.885323E-13
1077.55926791868  3.712461E-13
1079.00692483922  3.312182E-13
1080.45458175975  3.560500E-13
1081.90223868029  3.374140E-13
1083.34989560083  3.196773E-13
1084.79755252136  3.467137E-13
1086.2452094419  3.335547E-13
1087.69286636244  3.087644E-13
1089.14052328297  2.980880E-13
1090.58818020351  3.216074E-13
1092.03583712405  3.120273E-13
1093.48349404458  3.664376E-13
1094.93115096512  3.619714E-13
1096.37880788566  3.218526E-13
1097.82646480619  3.339193E-13
1099.27412172673  3.446294E-13
1100.72177864727  3.067034E-13
1102.1694355678  2.982324E-13
1103.61709248834  3.458612E-13
1105.06474940888  3.255240E-13
1106.51240632942  2.978022E-13
1107.96006324995  3.475368E-13
1109.40772017049  3.337536E-13
1110.85537709103  3.740680E-13
1112.30303401156  3.234693E-13
1113.7506909321  3.621518E-13
1115.19834785264  3.414513E-13
1116.64600477317  3.278187E-13
1118.09366169371  3.318529E-13
1119.54131861425  2.821315E-13
1120.98897553478  3.017179E-13
1122.43663245532  2.835160E-13
1123.88428937586  2.883971E-13
1125.33194629639  2.647657E-13
1126.77960321693  2.641164E-13
1128.22726013747  3.081855E-13
1129.674917058  2.930268E-13
1131.12257397854  3.512293E-13
1132.57023089908  3.515022E-13
1134.01788781961  3.674719E-13
1135.46554474015  3.254577E-13
1136.91320166069  3.248688E-13
1138.36085858122  3.162976E-13
1139.80851550176  3.264618E-13
1141.2561724223  2.934605E-13
1142.70382934284  3.284205E-13
1144.15148626337  3.232187E-13
1145.59914318391  3.007491E-13
1147.04680010445  3.413089E-13
1148.49445702498  3.117874E-13
1149.94211394552  3.095142E-13
1151.38977086606  3.128177E-13
1152.83742778659  3.049114E-13
1154.28508470713  2.860268E-13
1155.73274162767  3.213866E-13
1157.1803985482  3.260145E-13
1158.62805546874  3.227502E-13
1160.07571238928  3.481639E-13
1161.52336930981  3.390354E-13
1162.97102623035  3.460949E-13
1164.41868315089  3.358256E-13
1165.86634007142  3.521164E-13
1167.31399699196  3.680821E-13
1168.7616539125  3.482994E-13
1170.20931083303  3.663045E-13
1171.65696775357  3.685952E-13
1173.10462467411  3.720115E-13
1174.55228159464  3.588525E-13
1175.99993851518  3.571576E-13
1177.44759543572  3.560538E-13
1178.89525235625  3.694904E-13
1180.34290927679  3.909202E-13
1181.79056619733  4.280370E-13
1183.23822311787  3.876760E-13
1184.6858800384  4.004718E-13
1186.13353695894  4.081733E-13
1187.58119387948  3.912586E-13
1189.02885080001  3.768713E-13
1190.47650772055  4.256284E-13
1191.92416464109  4.671823E-13
1193.37182156162  4.460387E-13
1194.81947848216  4.712732E-13
1196.2671354027  5.318681E-13
1197.71479232323  4.877601E-13
1199.16244924377  4.850432E-13
1200.61010616431  5.545385E-13
1202.05776308484  5.526415E-13
1203.50542000538  5.923438E-13
1204.95307692592  5.961452E-13
1206.40073384645  5.844669E-13
1207.84839076699  7.222137E-13
1209.29604768753  8.180195E-13
1210.74370460806  8.839603E-13
1212.1913615286  9.265270E-13
1213.63901844914  1.044428E-12
1215.08667536967  1.111057E-12
1216.53433229021  1.189912E-12
1217.98198921075  1.043108E-12
1219.42964613129  1.046348E-12
1220.87730305182  9.166368E-13
1222.32495997236  7.218589E-13
1223.7726168929  6.383458E-13
1225.22027381343  5.892534E-13
1226.66793073397  5.992895E-13
1228.11558765451  5.889390E-13
1229.56324457504  4.967059E-13
1231.01090149558  5.234790E-13
1232.45855841612  5.525976E-13
1233.90621533665  5.631179E-13
1235.35387225719  5.571238E-13
1236.80152917773  5.196196E-13
1238.24918609826  5.260520E-13
1239.6968430188  5.226320E-13
1241.14449993934  4.976242E-13
1242.59215685987  4.925828E-13
1244.03981378041  4.422794E-13
1245.48747070095  4.352948E-13
1246.93512762148  4.231459E-13
1248.38278454202  3.949146E-13
1249.83044146256  4.191187E-13
1251.27809838309  4.133722E-13
1252.72575530363  4.027572E-13
1254.17341222417  4.485576E-13
1255.62106914471  3.784583E-13
1257.06872606524  3.422134E-13
1258.51638298578  3.346849E-13
1259.96403990632  3.428460E-13
1261.41169682685  3.653693E-13
1262.85935374739  3.710394E-13
1264.30701066793  3.453905E-13
1265.75466758846  3.471797E-13
1267.202324509  3.517273E-13
1268.64998142954  2.912693E-13
1270.09763835007  2.646765E-13
1271.54529527061  3.019489E-13
1272.99295219115  2.926197E-13
1274.44060911168  3.647507E-13
1275.88826603222  4.940198E-13
1277.33592295276  4.647474E-13
1278.78357987329  3.729419E-13
1280.23123679383  3.744560E-13
1281.67889371437  3.482737E-13
1283.1265506349  2.852334E-13
1284.57420755544  2.833909E-13
1286.02186447598  2.723170E-13
1287.46952139651  2.895108E-13
1288.91717831705  3.073265E-13
1290.36483523759  3.135139E-13
1291.81249215812  3.119626E-13
1293.26014907866  2.888344E-13
1294.7078059992  3.209118E-13
1296.15546291974  3.537069E-13
1297.60311984027  3.716841E-13
1299.05077676081  3.163644E-13
1300.49843368135  2.960124E-13
1301.94609060188  2.914964E-13
1303.39374752242  3.198358E-13
1304.84140444296  3.034764E-13
1306.28906136349  2.686987E-13
1307.73671828403  2.722203E-13
1309.18437520457  2.846022E-13
1310.6320321251  2.369916E-13
1312.07968904564  2.641998E-13
1313.52734596618  2.779925E-13
1314.97500288671  3.133780E-13
1316.42265980725  2.689912E-13
1317.87031672779  2.549063E-13
1319.31797364832  2.489258E-13
1320.76563056886  2.485413E-13
1322.2132874894  2.615508E-13
1323.66094440993  2.808921E-13
1325.10860133047  2.863684E-13
1326.55625825101  2.721107E-13
1328.00391517154  2.467038E-13
1329.45157209208  3.060504E-13
1330.89922901262  2.846720E-13
1332.34688593315  2.583323E-13
1333.79454285369  2.676807E-13
1335.24219977423  2.815258E-13
1336.68985669477  2.498500E-13
1338.1375136153  2.499420E-13
1339.58517053584  2.572572E-13
1341.03282745638  2.659166E-13
1342.48048437691  2.540253E-13
1343.92814129745  2.642928E-13
1345.37579821799  2.748924E-13
1346.82345513852  2.549393E-13
1348.27111205906  2.780358E-13
1349.7187689796  2.753222E-13
1351.16642590013  2.722293E-13
1352.61408282067  2.965563E-13
1354.06173974121  2.590045E-13
1355.50939666174  2.214539E-13
1356.95705358228  2.849314E-13
1358.40471050282  2.644704E-13
1359.85236742335  2.631311E-13
1361.30002434389  2.737117E-13
1362.74768126443  2.623339E-13
1364.19533818496  2.759119E-13
1365.6429951055  2.545434E-13
1367.09065202604  2.614192E-13
1368.53830894657  3.128142E-13
1369.98596586711  3.223940E-13
1371.43362278765  2.701855E-13
1372.88127970819  2.787980E-13
1374.32893662872  2.610136E-13
1375.77659354926  2.746084E-13
1377.2242504698  2.488380E-13
1378.67190739033  2.481668E-13
1380.11956431087  2.509606E-13
1381.56722123141  3.048845E-13
1383.01487815194  2.986351E-13
1384.46253507248  2.801054E-13
1385.91019199302  2.758169E-13
1387.35784891355  2.764694E-13
1388.80550583409  3.016593E-13
1390.25316275463  3.170426E-13
1391.70081967516  2.933620E-13
1393.1484765957  2.910836E-13
1394.59613351624  3.307173E-13
1396.04379043677  3.537174E-13
1397.49144735731  3.525121E-13
1398.93910427785  3.467725E-13
1400.38676119838  3.336316E-13
1401.83441811892  3.341185E-13
1403.28207503946  3.448985E-13
1404.72973195999  3.064147E-13
1406.17738888053  2.933297E-13
1407.62504580107  2.836263E-13
1409.0727027216  2.734238E-13
1410.52035964214  2.889790E-13
1411.96801656268  2.935942E-13
1413.41567348322  3.056581E-13
1414.86333040375  2.924078E-13
1416.31098732429  2.824849E-13
1417.75864424483  2.540350E-13
1419.20630116536  2.566200E-13
1420.6539580859  2.540371E-13
1422.10161500644  2.657162E-13
1423.54927192697  2.367680E-13
1424.99692884751  2.650118E-13
1426.44458576805  2.558965E-13
1427.89224268858  2.461544E-13
1429.33989960912  2.444320E-13
1430.78755652966  2.174850E-13
1432.23521345019  2.362993E-13
1433.68287037073  2.900562E-13
1435.13052729127  2.790777E-13
1436.5781842118  2.693971E-13
1438.02584113234  2.605692E-13
1439.47349805288  2.432509E-13
1440.92115497341  2.473586E-13
1442.36881189395  2.191972E-13
1443.81646881449  2.408451E-13
1445.26412573502  2.392933E-13
1446.71178265556  2.336516E-13
1448.1594395761  2.277475E-13
1449.60709649664  2.411110E-13
1451.05475341717  2.287067E-13
1452.50241033771  2.552231E-13
1453.95006725825  2.203010E-13
1455.39772417878  2.215217E-13
1456.84538109932  2.366651E-13
1458.29303801986  2.376285E-13
1459.74069494039  2.431223E-13
1461.18835186093  2.347580E-13
1462.63600878147  2.277691E-13
1464.083665702  2.471813E-13
1465.53132262254  2.410624E-13
1466.97897954308  2.501041E-13
1468.42663646361  2.601894E-13
1469.87429338415  2.383167E-13
1471.32195030469  2.345435E-13
1472.76960722522  2.331596E-13
1474.21726414576  2.306823E-13
1475.6649210663  2.275540E-13
1477.11257798683  2.280552E-13
1478.56023490737  2.296317E-13
1480.00789182791  2.222092E-13
1481.45554874844  1.996636E-13
1482.90320566898  2.298342E-13
1484.35086258952  2.538012E-13
1485.79851951005  2.437919E-13
1487.24617643059  2.387854E-13
1488.69383335113  2.210587E-13
1490.14149027167  2.158202E-13
1491.5891471922  2.121914E-13
1493.03680411274  2.126450E-13
1494.48446103328  2.544859E-13
1495.93211795381  2.341818E-13
1497.37977487435  2.190781E-13
1498.82743179489  2.402899E-13
1500.27508871542  2.466764E-13
1501.72274563596  2.402247E-13
1503.1704025565  2.433076E-13
1504.61805947703  2.396630E-13
1506.06571639757  2.700264E-13
1507.51337331811  2.544606E-13
1508.96103023864  2.608606E-13
1510.40868715918  2.530725E-13
1511.85634407972  2.595306E-13
1513.30400100025  2.656517E-13
1514.75165792079  2.689628E-13
1516.19931484133  2.537323E-13
1517.64697176186  2.563660E-13
1519.0946286824  2.869951E-13
1520.54228560294  2.889129E-13
1521.98994252347  2.747352E-13
1523.43759944401  3.019379E-13
1524.88525636455  2.975510E-13
1526.33291328509  3.088025E-13
1527.78057020562  3.145032E-13
1529.22822712616  2.980219E-13
1530.6758840467  3.162376E-13
1532.12354096723  3.295664E-13
1533.57119788777  3.365691E-13
1535.01885480831  3.488615E-13
1536.46651172884  3.366589E-13
1537.91416864938  3.683655E-13
1539.36182556992  4.051375E-13
1540.80948249045  4.129777E-13
1542.25713941099  4.125528E-13
1543.70479633153  4.497164E-13
1545.15245325206  4.386954E-13
1546.6001101726  4.601108E-13
1548.04776709314  4.432278E-13
1549.49542401367  3.887890E-13
1550.94308093421  4.015379E-13
1552.39073785475  3.920022E-13
1553.83839477528  4.137368E-13
1555.28605169582  3.859875E-13
1556.73370861636  3.509654E-13
1558.18136553689  3.421221E-13
1559.62902245743  3.272412E-13
1561.07667937797  2.958686E-13
1562.5243362985  2.993978E-13
1563.97199321904  2.963945E-13
1565.41965013958  3.047181E-13
1566.86730706012  2.861854E-13
1568.31496398065  2.730275E-13
1569.76262090119  2.699223E-13
1571.21027782173  2.775571E-13
1572.65793474226  2.701839E-13
1574.1055916628  2.727399E-13
1575.55324858334  2.604400E-13
1577.00090550387  2.779524E-13
1578.44856242441  2.729024E-13
1579.89621934495  2.704620E-13
1581.34387626548  2.590194E-13
1582.79153318602  2.656472E-13
1584.23919010656  2.574729E-13
1585.68684702709  2.375634E-13
1587.13450394763  2.338124E-13
1588.58216086817  2.484632E-13
1590.0298177887  2.429767E-13
1591.47747470924  2.540569E-13
1592.92513162978  2.391255E-13
1594.37278855031  2.269516E-13
1595.82044547085  2.323467E-13
1597.26810239139  2.338605E-13
1598.71575931192  2.357560E-13
1600.16341623246  2.504740E-13
1601.611073153  2.437824E-13
1603.05873007354  2.242816E-13
1604.50638699407  2.259271E-13
1605.95404391461  2.156968E-13
1607.40170083515  2.357089E-13
1608.84935775568  2.369463E-13
1610.29701467622  2.349749E-13
1611.74467159676  2.329644E-13
1613.19232851729  2.288115E-13
1614.63998543783  2.439033E-13
1616.08764235837  2.409169E-13
1617.5352992789  2.362860E-13
1618.98295619944  2.415415E-13
1620.43061311998  2.418115E-13
1621.87827004051  2.499361E-13
1623.32592696105  2.422102E-13
1624.77358388159  2.406613E-13
1626.22124080212  2.400542E-13
1627.66889772266  2.402045E-13
1629.1165546432  2.364805E-13
1630.56421156373  2.470628E-13
1632.01186848427  2.454464E-13
1633.45952540481  2.327229E-13
1634.90718232534  2.368408E-13
1636.35483924588  2.483267E-13
1637.80249616642  2.445090E-13
1639.25015308695  2.526575E-13
1640.69781000749  2.449537E-13
1642.14546692803  2.375622E-13
1643.59312384857  2.388323E-13
1645.0407807691  2.319937E-13
1646.48843768964  2.293568E-13
1647.93609461018  2.377125E-13
1649.38375153071  2.476396E-13
1650.83140845125  2.555663E-13
1652.27906537179  2.458051E-13
1653.72672229232  2.509633E-13
1655.17437921286  2.356498E-13
1656.6220361334  2.347333E-13
1658.06969305393  2.430572E-13
1659.51734997447  2.389949E-13
1660.96500689501  2.516100E-13
1662.41266381554  2.666271E-13
1663.86032073608  2.545868E-13
1665.30797765662  2.350547E-13
1666.75563457715  2.243924E-13
1668.20329149769  2.277372E-13
1669.65094841823  2.289427E-13
1671.09860533876  2.232380E-13
1672.5462622593  2.195232E-13
1673.99391917984  2.149708E-13
1675.44157610038  2.146295E-13
1676.88923302091  2.201756E-13
1678.33688994145  2.257007E-13
1679.78454686199  2.175613E-13
1681.23220378252  2.094721E-13
1682.67986070306  2.070417E-13
1684.1275176236  2.149239E-13
1685.57517454413  2.075173E-13
1687.02283146467  2.187261E-13
1688.47048838521  2.171941E-13
1689.91814530574  2.189587E-13
1691.36580222628  2.153088E-13
1692.81345914682  1.978448E-13
1694.26111606735  1.958613E-13
1695.70877298789  2.014937E-13
1697.15642990843  2.127146E-13
1698.60408682896  2.093712E-13
1700.0517437495  2.055680E-13
1701.49940067004  2.040581E-13
1702.94705759057  2.087683E-13
1704.39471451111  2.080743E-13
1705.84237143165  2.121864E-13
1707.29002835218  2.098727E-13
1708.73768527272  2.048805E-13
1710.18534219326  0.
1711.63299911379  0.
1713.08065603433  0.
1714.52831295487  0.
1715.97596987541  0.
1717.42362679594  0.
1718.87128371648  0.
1720.31894063702  0.
1721.76659755755  0.
1723.21425447809  0.
1724.66191139863  0.
1726.10956831916  0.
1727.5572252397  0.
1729.00488216024  0.
1730.45253908077  0.
1731.90019600131  0.
1733.34785292185  0.
1734.79550984238  0.
1736.24316676292  0.
1737.69082368346  0.
1739.13848060399  0.
1740.58613752453  0.
1742.03379444507  0.
1743.4814513656  0.
1744.92910828614  0.
1746.37676520668  0.
1747.82442212721  0.
1749.27207904775  0.
1750.71973596829  0.
1752.16739288882  0.
1753.61504980936  0.
1755.0627067299  0.
1756.51036365043  0.
1757.95802057097  0.
1759.40567749151  0.
1760.85333441205  0.
1762.30099133258  0.
1763.74864825312  0.
1765.19630517366  0.
1766.64396209419  0.
1768.09161901473  0.
1769.53927593527  0.
1770.9869328558  0.
1772.43458977634  0.
1773.88224669688  0.
1775.32990361741  0.
1776.77756053795  0.
1778.22521745849  0.
1779.67287437902  0.
1781.12053129956  0.
1782.5681882201  0.
1784.01584514063  0.
1785.46350206117  0.
1786.91115898171  0.
1788.35881590224  0.
1789.80647282278  0.
1791.25412974332  0.
1792.70178666385  0.
1794.14944358439  0.
1795.59710050493  0.
1797.04475742547  0.
1798.492414346  0.
1799.94007126654  0.
1801.38772818708  0.
1802.83538510761  0.
1804.28304202815  0.
1805.73069894869  0.
1807.17835586922  0.
1808.62601278976  0.
1810.0736697103  0.
1811.52132663083  0.
1812.96898355137  0.
1814.41664047191  0.
1815.86429739244  0.
1817.31195431298  0.
1818.75961123352  0.
1820.20726815405  0.
1821.65492507459  0.
1823.10258199513  0.
1824.55023891566  0.
1825.9978958362  0.
1827.44555275674  0.
1828.89320967727  0.
1830.34086659781  0.
1831.78852351835  0.
