906.735751295338  0.
908.183408215875  0.
909.631065136412  0.
911.078722056949  0.
912.526378977485  0.
913.974035898022  0.
915.421692818559  0.
916.869349739096  0.
918.317006659633  0.
919.764663580169  0.
921.212320500706  0.
922.659977421243  0.
924.10763434178  0.
925.555291262316  0.
927.002948182853  0.
928.45060510339  0.
929.898262023927  0.
931.345918944464  0.
932.793575865  0.
934.241232785537  0.
935.688889706074  0.
937.136546626611  0.
938.584203547148  0.
940.031860467684  0.
941.479517388221  0.
942.927174308758  0.
944.374831229295  0.
945.822488149832  0.
947.270145070369  0.
948.717801990905  0.
950.165458911442  0.
951.613115831979  0.
953.060772752515  0.
954.508429673052  0.
955.956086593589  0.
957.403743514126  0.
958.851400434663  0.
960.2990573552  0.
961.746714275736  0.
963.194371196273  0.
964.64202811681  0.
966.089685037347  0.
967.537341957883  0.
968.98499887842  0.
970.432655798957  0.
971.880312719494  0.
973.327969640031  0.
974.775626560567  0.
976.223283481104  0.
977.670940401641  0.
979.118597322178  0.
980.566254242715  0.
982.013911163251  0.
983.461568083788  0.
984.909225004325  0.
986.356881924862  0.
987.804538845399  0.
989.252195765935  0.
990.699852686472  0.
992.147509607009  0.
993.595166527546  3.104552E-13
995.042823448082  -1.189181E-13
996.490480368619  4.210499E-13
997.938137289156  -2.971228E-15
999.385794209693  1.624025E-13
1000.83345113023  4.023921E-13
1002.28110805077  2.962392E-13
1003.7287649713  2.779109E-13
1005.17642189184  3.923409E-13
1006.62407881238  3.618845E-13
1008.07173573291  2.828412E-13
1009.51939265345  1.961485E-13
1010.96704957399  4.227386E-13
1012.41470649452  1.945938E-13
1013.86236341506  1.832624E-13
1015.3100203356  3.800832E-13
1016.75767725613  3.280256E-13
1018.20533417667  2.850140E-13
1019.65299109721  3.254496E-13
1021.10064801775  3.818986E-13
1022.54830493828  3.064874E-13
1023.99596185882  3.421982E-13
1025.44361877936  3.504278E-13
1026.89127569989  4.351021E-13
1028.33893262043  3.696818E-13
1029.78658954097  4.022745E-13
1031.2342464615  3.230851E-13
1032.68190338204  3.379235E-13
1034.12956030258  2.921349E-13
1035.57721722311  4.117554E-13
1037.02487414365  3.657075E-13
1038.47253106419  4.554479E-13
1039.92018798472  4.018389E-13
1041.36784490526  4.292530E-13
1042.8155018258  4.107090E-13
1044.26315874633  3.417488E-13
1045.71081566687  4.579600E-13
1047.15847258741  4.244522E-13
1048.60612950794  4.401747E-13
1050.05378642848  3.919853E-13
1051.50144334902  4.264036E-13
1052.94910026955  3.623696E-13
1054.39675719009  2.838249E-13
1055.84441411063  2.262531E-13
1057.29207103116  2.393792E-13
1058.7397279517  2.286783E-13
1060.18738487224  3.103962E-13
1061.63504179277  2.737997E-13
1063.08269871331  3.103917E-13
1064.53035563385  3.294224E-13
1065.97801255439  2.988820E-13
1067.42566947492  3.925003E-13
1068.87332639546  3.311952E-13
1070.320983316  3.257491E-13
1071.76864023653  3.464465E-13
1073.21629715707  2.646507E-13
1074.66395407761  3.632244E-13
1076.11161099814  2.923638E-13
1077.55926791868  3.602562E-13
1079.00692483922  3.575031E-13
1080.45458175975  3.135059E-13
1081.90223868029  3.301401E-13
1083.34989560083  3.353842E-13
1084.79755252136  3.013742E-13
1086.2452094419  2.599463E-13
1087.69286636244  2.898990E-13
1089.14052328297  2.712879E-13
1090.58818020351  2.727105E-13
1092.03583712405  2.391960E-13
1093.48349404458  2.785660E-13
1094.93115096512  2.999407E-13
1096.37880788566  2.552833E-13
1097.82646480619  2.901505E-13
1099.27412172673  3.020440E-13
1100.72177864727  2.804723E-13
1102.1694355678  3.118347E-13
1103.61709248834  3.599124E-13
1105.06474940888  3.044707E-13
1106.51240632942  2.501776E-13
1107.96006324995  2.773932E-13
1109.40772017049  2.864104E-13
1110.85537709103  3.129051E-13
1112.30303401156  2.799631E-13
1113.7506909321  3.204896E-13
1115.19834785264  3.087664E-13
1116.64600477317  2.839235E-13
1118.09366169371  3.125684E-13
1119.54131861425  3.336037E-13
1120.98897553478  2.745351E-13
1122.43663245532  2.671284E-13
1123.88428937586  3.309967E-13
1125.33194629639  2.782134E-13
1126.77960321693  2.561713E-13
1128.22726013747  2.684985E-13
1129.674917058  2.841389E-13
1131.12257397854  2.882836E-13
1132.57023089908  2.910803E-13
1134.01788781961  2.925929E-13
1135.46554474015  3.661353E-13
1136.91320166069  2.671862E-13
1138.36085858122  2.711973E-13
1139.80851550176  2.890151E-13
1141.2561724223  3.179974E-13
1142.70382934284  2.962930E-13
1144.15148626337  2.895403E-13
1145.59914318391  3.301467E-13
1147.04680010445  2.922833E-13
1148.49445702498  3.344078E-13
1149.94211394552  2.606887E-13
1151.38977086606  2.874463E-13
1152.83742778659  2.644096E-13
1154.28508470713  2.521300E-13
1155.73274162767  2.576435E-13
1157.1803985482  2.390429E-13
1158.62805546874  2.827496E-13
1160.07571238928  3.065748E-13
1161.52336930981  2.504589E-13
1162.97102623035  3.045575E-13
1164.41868315089  2.680639E-13
1165.86634007142  2.995035E-13
1167.31399699196  3.367527E-13
1168.7616539125  3.054993E-13
1170.20931083303  3.040025E-13
1171.65696775357  3.386067E-13
1173.10462467411  3.619243E-13
1174.55228159464  3.650794E-13
1175.99993851518  2.932428E-13
1177.44759543572  3.431317E-13
1178.89525235625  3.834689E-13
1180.34290927679  3.092951E-13
1181.79056619733  3.001342E-13
1183.23822311787  3.481767E-13
1184.6858800384  3.386346E-13
1186.13353695894  3.609028E-13
1187.58119387948  4.236155E-13
1189.02885080001  3.592138E-13
1190.47650772055  3.885062E-13
1191.92416464109  3.805943E-13
1193.37182156162  4.161640E-13
1194.81947848216  4.243733E-13
1196.2671354027  4.933856E-13
1197.71479232323  4.287063E-13
1199.16244924377  4.468812E-13
1200.61010616431  4.698057E-13
1202.05776308484  5.340061E-13
1203.50542000538  5.417541E-13
1204.95307692592  4.980176E-13
1206.40073384645  5.001313E-13
1207.84839076699  6.334099E-13
1209.29604768753  7.386018E-13
1210.74370460806  7.894583E-13
1212.1913615286  8.698883E-13
1213.63901844914  9.857123E-13
1215.08667536967  9.525736E-13
1216.53433229021  1.069005E-12
1217.98198921075  1.049352E-12
1219.42964613129  1.004054E-12
1220.87730305182  8.846201E-13
1222.32495997236  8.101054E-13
1223.7726168929  7.346762E-13
1225.22027381343  5.491301E-13
1226.66793073397  6.076081E-13
1228.11558765451  5.185623E-13
1229.56324457504  5.048090E-13
1231.01090149558  4.772800E-13
1232.45855841612  4.560692E-13
1233.90621533665  4.284910E-13
1235.35387225719  4.785494E-13
1236.80152917773  4.722996E-13
1238.24918609826  4.797885E-13
1239.6968430188  4.701497E-13
1241.14449993934  4.492354E-13
1242.59215685987  4.719894E-13
1244.03981378041  4.665909E-13
1245.48747070095  3.752774E-13
1246.93512762148  3.562494E-13
1248.38278454202  3.565776E-13
1249.83044146256  4.183789E-13
1251.27809838309  3.554207E-13
1252.72575530363  3.528506E-13
1254.17341222417  3.697602E-13
1255.62106914471  3.831789E-13
1257.06872606524  3.409940E-13
1258.51638298578  3.335469E-13
1259.96403990632  3.484990E-13
1261.41169682685  3.395583E-13
1262.85935374739  2.932652E-13
1264.30701066793  2.765812E-13
1265.75466758846  3.323733E-13
1267.202324509  2.955098E-13
1268.64998142954  3.106437E-13
1270.09763835007  3.168292E-13
1271.54529527061  3.088221E-13
1272.99295219115  3.238167E-13
1274.44060911168  3.330340E-13
1275.88826603222  2.626433E-13
1277.33592295276  2.673861E-13
1278.78357987329  2.822228E-13
1280.23123679383  2.883503E-13
1281.67889371437  2.469742E-13
1283.1265506349  2.642967E-13
1284.57420755544  2.439255E-13
1286.02186447598  2.326643E-13
1287.46952139651  2.342306E-13
1288.91717831705  2.246328E-13
1290.36483523759  2.561372E-13
1291.81249215812  2.674662E-13
1293.26014907866  2.880719E-13
1294.7078059992  2.904775E-13
1296.15546291974  2.867565E-13
1297.60311984027  2.457275E-13
1299.05077676081  2.549389E-13
1300.49843368135  2.490725E-13
1301.94609060188  2.647854E-13
1303.39374752242  2.672858E-13
1304.84140444296  2.374638E-13
1306.28906136349  2.283608E-13
1307.73671828403  2.347477E-13
1309.18437520457  2.634523E-13
1310.6320321251  1.963105E-13
1312.07968904564  2.154257E-13
1313.52734596618  2.225162E-13
1314.97500288671  2.895191E-13
1316.42265980725  2.515666E-13
1317.87031672779  2.134119E-13
1319.31797364832  2.207942E-13
1320.76563056886  2.108029E-13
1322.2132874894  2.226656E-13
1323.66094440993  2.144273E-13
1325.10860133047  2.682537E-13
1326.55625825101  2.579732E-13
1328.00391517154  2.597455E-13
1329.45157209208  2.507871E-13
1330.89922901262  2.225869E-13
1332.34688593315  2.711319E-13
1333.79454285369  3.050682E-13
1335.24219977423  2.252015E-13
1336.68985669477  2.496342E-13
1338.1375136153  2.503849E-13
1339.58517053584  2.318528E-13
1341.03282745638  2.158505E-13
1342.48048437691  1.742179E-13
1343.92814129745  2.354779E-13
1345.37579821799  2.842675E-13
1346.82345513852  2.759636E-13
1348.27111205906  2.328102E-13
1349.7187689796  2.309112E-13
1351.16642590013  2.586314E-13
1352.61408282067  2.049899E-13
1354.06173974121  1.984050E-13
1355.50939666174  2.352443E-13
1356.95705358228  2.831218E-13
1358.40471050282  2.494318E-13
1359.85236742335  1.924075E-13
1361.30002434389  2.710178E-13
1362.74768126443  2.795914E-13
1364.19533818496  2.637804E-13
1365.6429951055  2.529127E-13
1367.09065202604  2.564296E-13
1368.53830894657  2.758332E-13
1369.98596586711  2.798567E-13
1371.43362278765  2.490842E-13
1372.88127970819  2.450542E-13
1374.32893662872  2.130884E-13
1375.77659354926  2.315588E-13
1377.2242504698  2.127556E-13
1378.67190739033  2.498240E-13
1380.11956431087  2.534398E-13
1381.56722123141  2.851818E-13
1383.01487815194  2.500664E-13
1384.46253507248  2.706713E-13
1385.91019199302  2.846881E-13
1387.35784891355  2.616851E-13
1388.80550583409  2.739554E-13
1390.25316275463  2.767128E-13
1391.70081967516  2.688022E-13
1393.1484765957  2.699131E-13
1394.59613351624  2.944588E-13
1396.04379043677  3.140915E-13
1397.49144735731  2.617711E-13
1398.93910427785  2.887783E-13
1400.38676119838  2.876661E-13
1401.83441811892  2.631632E-13
1403.28207503946  2.860587E-13
1404.72973195999  2.971205E-13
1406.17738888053  2.576263E-13
1407.62504580107  3.024750E-13
1409.0727027216  2.756195E-13
1410.52035964214  2.844837E-13
1411.96801656268  2.405871E-13
1413.41567348322  2.448471E-13
1414.86333040375  2.923101E-13
1416.31098732429  2.760321E-13
1417.75864424483  2.582223E-13
1419.20630116536  2.435214E-13
1420.6539580859  2.455041E-13
1422.10161500644  2.465861E-13
1423.54927192697  2.663548E-13
1424.99692884751  2.588241E-13
1426.44458576805  2.558097E-13
1427.89224268858  2.359953E-13
1429.33989960912  2.251963E-13
1430.78755652966  2.225365E-13
1432.23521345019  2.125507E-13
1433.68287037073  2.331055E-13
1435.13052729127  2.366460E-13
1436.5781842118  2.195475E-13
1438.02584113234  2.157880E-13
1439.47349805288  2.444294E-13
1440.92115497341  1.968783E-13
1442.36881189395  2.364327E-13
1443.81646881449  2.307242E-13
1445.26412573502  2.160106E-13
1446.71178265556  2.277677E-13
1448.1594395761  2.224183E-13
1449.60709649664  2.324895E-13
1451.05475341717  2.050526E-13
1452.50241033771  2.079645E-13
1453.95006725825  2.234870E-13
1455.39772417878  2.137253E-13
1456.84538109932  2.286884E-13
1458.29303801986  2.096256E-13
1459.74069494039  2.162677E-13
1461.18835186093  2.255437E-13
1462.63600878147  2.199081E-13
1464.083665702  2.240687E-13
1465.53132262254  2.051118E-13
1466.97897954308  2.055124E-13
1468.42663646361  2.283147E-13
1469.87429338415  2.335863E-13
1471.32195030469  2.347465E-13
1472.76960722522  2.136870E-13
1474.21726414576  2.004505E-13
1475.6649210663  1.908305E-13
1477.11257798683  1.922244E-13
1478.56023490737  1.997917E-13
1480.00789182791  2.117760E-13
1481.45554874844  2.205878E-13
1482.90320566898  2.288508E-13
1484.35086258952  2.281748E-13
1485.79851951005  2.246779E-13
1487.24617643059  2.183890E-13
1488.69383335113  2.130239E-13
1490.14149027167  2.000719E-13
1491.5891471922  2.169066E-13
1493.03680411274  2.328359E-13
1494.48446103328  2.233265E-13
1495.93211795381  2.147496E-13
1497.37977487435  2.249819E-13
1498.82743179489  2.199152E-13
1500.27508871542  2.421326E-13
1501.72274563596  2.491858E-13
1503.1704025565  2.368797E-13
1504.61805947703  2.294974E-13
1506.06571639757  2.047896E-13
1507.51337331811  2.270484E-13
1508.96103023864  2.510328E-13
1510.40868715918  2.470552E-13
1511.85634407972  2.318909E-13
1513.30400100025  2.151644E-13
1514.75165792079  2.417289E-13
1516.19931484133  2.518257E-13
1517.64697176186  2.357397E-13
1519.0946286824  2.275902E-13
1520.54228560294  2.349747E-13
1521.98994252347  2.560559E-13
1523.43759944401  2.917989E-13
1524.88525636455  2.868665E-13
1526.33291328509  2.761490E-13
1527.78057020562  3.000227E-13
1529.22822712616  2.901902E-13
1530.6758840467  2.674346E-13
1532.12354096723  2.485904E-13
1533.57119788777  2.822230E-13
1535.01885480831  2.910333E-13
1536.46651172884  2.813962E-13
1537.91416864938  3.237456E-13
1539.36182556992  3.772317E-13
1540.80948249045  3.860331E-13
1542.25713941099  4.021747E-13
1543.70479633153  3.965786E-13
1545.15245325206  4.257459E-13
1546.6001101726  4.195309E-13
1548.04776709314  4.300456E-13
1549.49542401367  3.943447E-13
1550.94308093421  4.224506E-13
1552.39073785475  4.267443E-13
1553.83839477528  4.248676E-13
1555.28605169582  3.870644E-13
1556.73370861636  3.678906E-13
1558.18136553689  3.354379E-13
1559.62902245743  3.182493E-13
1561.07667937797  2.974892E-13
1562.5243362985  2.973839E-13
1563.97199321904  2.658112E-13
1565.41965013958  2.801835E-13
1566.86730706012  2.895288E-13
1568.31496398065  2.516252E-13
1569.76262090119  2.400642E-13
1571.21027782173  2.373984E-13
1572.65793474226  2.558312E-13
1574.1055916628  2.532262E-13
1575.55324858334  2.541637E-13
1577.00090550387  2.466012E-13
1578.44856242441  2.295694E-13
1579.89621934495  2.387011E-13
1581.34387626548  2.399110E-13
1582.79153318602  2.367154E-13
1584.23919010656  2.352591E-13
1585.68684702709  2.132805E-13
1587.13450394763  2.093228E-13
1588.58216086817  2.031051E-13
1590.0298177887  2.063562E-13
1591.47747470924  2.123560E-13
1592.92513162978  2.104605E-13
1594.37278855031  2.119089E-13
1595.82044547085  2.183929E-13
1597.26810239139  2.201578E-13
1598.71575931192  2.307335E-13
1600.16341623246  2.366188E-13
1601.611073153  2.220764E-13
1603.05873007354  2.090209E-13
1604.50638699407  2.131903E-13
1605.95404391461  2.153491E-13
1607.40170083515  2.138411E-13
1608.84935775568  2.181179E-13
1610.29701467622  2.136092E-13
1611.74467159676  2.101793E-13
1613.19232851729  2.061292E-13
1614.63998543783  2.096745E-13
1616.08764235837  2.075590E-13
1617.5352992789  2.163158E-13
1618.98295619944  2.222365E-13
1620.43061311998  2.193923E-13
1621.87827004051  2.368410E-13
1623.32592696105  2.275613E-13
1624.77358388159  2.225855E-13
1626.22124080212  2.210292E-13
1627.66889772266  2.209907E-13
1629.1165546432  2.199091E-13
1630.56421156373  2.118008E-13
1632.01186848427  2.235149E-13
1633.45952540481  2.231366E-13
1634.90718232534  2.245149E-13
1636.35483924588  2.361465E-13
1637.80249616642  2.260893E-13
1639.25015308695  2.317738E-13
1640.69781000749  2.323284E-13
1642.14546692803  2.333424E-13
1643.59312384857  2.350338E-13
1645.0407807691  2.343219E-13
1646.48843768964  2.357140E-13
1647.93609461018  2.412702E-13
1649.38375153071  2.397176E-13
1650.83140845125  2.343013E-13
1652.27906537179  2.157240E-13
1653.72672229232  2.233451E-13
1655.17437921286  2.169410E-13
1656.6220361334  2.128244E-13
1658.06969305393  2.204063E-13
1659.51734997447  2.285394E-13
1660.96500689501  2.419529E-13
1662.41266381554  2.325243E-13
1663.86032073608  2.278117E-13
1665.30797765662  2.280611E-13
1666.75563457715  2.200834E-13
1668.20329149769  2.061589E-13
1669.65094841823  2.057725E-13
1671.09860533876  2.021604E-13
1672.5462622593  2.117487E-13
1673.99391917984  2.115673E-13
1675.44157610038  2.078788E-13
1676.88923302091  2.032813E-13
1678.33688994145  1.877218E-13
1679.78454686199  1.896681E-13
1681.23220378252  2.012406E-13
1682.67986070306  1.969050E-13
1684.1275176236  1.974388E-13
1685.57517454413  1.996230E-13
1687.02283146467  1.968262E-13
1688.47048838521  1.843071E-13
1689.91814530574  1.931318E-13
1691.36580222628  2.056714E-13
1692.81345914682  2.056659E-13
1694.26111606735  1.973248E-13
1695.70877298789  1.957955E-13
1697.15642990843  2.133525E-13
1698.60408682896  2.219278E-13
1700.0517437495  2.136184E-13
1701.49940067004  2.055809E-13
1702.94705759057  2.025598E-13
1704.39471451111  1.984650E-13
1705.84237143165  1.970603E-13
1707.29002835218  1.979796E-13
1708.73768527272  1.936366E-13
1710.18534219326  0.
1711.63299911379  0.
1713.08065603433  0.
1714.52831295487  0.
1715.97596987541  0.
1717.42362679594  0.
1718.87128371648  0.
1720.31894063702  0.
1721.76659755755  0.
1723.21425447809  0.
1724.66191139863  0.
1726.10956831916  0.
1727.5572252397  0.
1729.00488216024  0.
1730.45253908077  0.
1731.90019600131  0.
1733.34785292185  0.
1734.79550984238  0.
1736.24316676292  0.
1737.69082368346  0.
1739.13848060399  0.
1740.58613752453  0.
1742.03379444507  0.
1743.4814513656  0.
1744.92910828614  0.
1746.37676520668  0.
1747.82442212721  0.
1749.27207904775  0.
1750.71973596829  0.
1752.16739288882  0.
1753.61504980936  0.
1755.0627067299  0.
1756.51036365043  0.
1757.95802057097  0.
1759.40567749151  0.
1760.85333441205  0.
1762.30099133258  0.
1763.74864825312  0.
1765.19630517366  0.
1766.64396209419  0.
1768.09161901473  0.
1769.53927593527  0.
1770.9869328558  0.
1772.43458977634  0.
1773.88224669688  0.
1775.32990361741  0.
1776.77756053795  0.
1778.22521745849  0.
1779.67287437902  0.
1781.12053129956  0.
1782.5681882201  0.
1784.01584514063  0.
1785.46350206117  0.
1786.91115898171  0.
1788.35881590224  0.
1789.80647282278  0.
1791.25412974332  0.
1792.70178666385  0.
1794.14944358439  0.
1795.59710050493  0.
1797.04475742547  0.
1798.492414346  0.
1799.94007126654  0.
1801.38772818708  0.
1802.83538510761  0.
1804.28304202815  0.
1805.73069894869  0.
1807.17835586922  0.
1808.62601278976  0.
1810.0736697103  0.
1811.52132663083  0.
1812.96898355137  0.
1814.41664047191  0.
1815.86429739244  0.
1817.31195431298  0.
1818.75961123352  0.
1820.20726815405  0.
1821.65492507459  0.
1823.10258199513  0.
1824.55023891566  0.
1825.9978958362  0.
1827.44555275674  0.
1828.89320967727  0.
1830.34086659781  0.
1831.78852351835  0.
