906.735751295338  0.
908.183408215875  0.
909.631065136412  0.
911.078722056949  0.
912.526378977485  0.
913.974035898022  0.
915.421692818559  0.
916.869349739096  0.
918.317006659633  0.
919.764663580169  0.
921.212320500706  0.
922.659977421243  0.
924.10763434178  0.
925.555291262316  0.
927.002948182853  0.
928.45060510339  0.
929.898262023927  0.
931.345918944464  0.
932.793575865  0.
934.241232785537  0.
935.688889706074  0.
937.136546626611  0.
938.584203547148  0.
940.031860467684  0.
941.479517388221  0.
942.927174308758  0.
944.374831229295  0.
945.822488149832  0.
947.270145070369  0.
948.717801990905  0.
950.165458911442  0.
951.613115831979  0.
953.060772752515  0.
954.508429673052  0.
955.956086593589  0.
957.403743514126  0.
958.851400434663  0.
960.2990573552  0.
961.746714275736  0.
963.194371196273  0.
964.64202811681  0.
966.089685037347  0.
967.537341957883  0.
968.98499887842  0.
970.432655798957  0.
971.880312719494  0.
973.327969640031  0.
974.775626560567  0.
976.223283481104  0.
977.670940401641  0.
979.118597322178  0.
980.566254242715  0.
982.013911163251  0.
983.461568083788  0.
984.909225004325  0.
986.356881924862  0.
987.804538845399  0.
989.252195765935  0.
990.699852686472  0.
992.147509607009  0.
993.595166527546  8.633099E-13
995.042823448082  -1.009557E-13
996.490480368619  2.309184E-13
997.938137289156  1.556533E-13
999.385794209693  3.754051E-13
1000.83345113023  3.066782E-13
1002.28110805077  1.978132E-13
1003.7287649713  1.478667E-13
1005.17642189184  1.924331E-13
1006.62407881238  1.477023E-13
1008.07173573291  2.424651E-14
1009.51939265345  2.295424E-13
1010.96704957399  4.608042E-13
1012.41470649452  1.524338E-13
1013.86236341506  1.921236E-13
1015.3100203356  4.771531E-13
1016.75767725613  3.128392E-13
1018.20533417667  2.592815E-13
1019.65299109721  1.369057E-13
1021.10064801775  2.381575E-13
1022.54830493828  1.913440E-13
1023.99596185882  2.716629E-13
1025.44361877936  3.724806E-13
1026.89127569989  4.030567E-13
1028.33893262043  3.704073E-13
1029.78658954097  3.848726E-13
1031.2342464615  3.167526E-13
1032.68190338204  2.107738E-13
1034.12956030258  1.580824E-13
1035.57721722311  4.123185E-13
1037.02487414365  2.876322E-13
1038.47253106419  3.687349E-13
1039.92018798472  3.092260E-13
1041.36784490526  3.753093E-13
1042.8155018258  3.597091E-13
1044.26315874633  3.179554E-13
1045.71081566687  5.828677E-13
1047.15847258741  5.305380E-13
1048.60612950794  6.500710E-13
1050.05378642848  4.689221E-13
1051.50144334902  4.380481E-13
1052.94910026955  3.194177E-13
1054.39675719009  3.057328E-13
1055.84441411063  2.355100E-13
1057.29207103116  1.474146E-13
1058.7397279517  1.346816E-13
1060.18738487224  2.199980E-13
1061.63504179277  2.163036E-13
1063.08269871331  2.039018E-13
1064.53035563385  2.865635E-13
1065.97801255439  2.265673E-13
1067.42566947492  3.336593E-13
1068.87332639546  2.621588E-13
1070.320983316  2.981079E-13
1071.76864023653  2.313215E-13
1073.21629715707  2.527065E-13
1074.66395407761  3.243260E-13
1076.11161099814  2.383640E-13
1077.55926791868  2.916412E-13
1079.00692483922  2.666233E-13
1080.45458175975  2.637781E-13
1081.90223868029  2.670054E-13
1083.34989560083  2.424192E-13
1084.79755252136  2.302069E-13
1086.2452094419  2.160854E-13
1087.69286636244  2.094246E-13
1089.14052328297  2.143077E-13
1090.58818020351  2.649875E-13
1092.03583712405  2.051485E-13
1093.48349404458  2.455816E-13
1094.93115096512  2.315250E-13
1096.37880788566  2.065828E-13
1097.82646480619  2.103476E-13
1099.27412172673  2.453980E-13
1100.72177864727  2.142172E-13
1102.1694355678  2.332232E-13
1103.61709248834  2.657002E-13
1105.06474940888  2.227349E-13
1106.51240632942  2.206639E-13
1107.96006324995  2.868432E-13
1109.40772017049  2.894168E-13
1110.85537709103  3.089833E-13
1112.30303401156  2.390421E-13
1113.7506909321  2.858510E-13
1115.19834785264  2.526198E-13
1116.64600477317  2.313471E-13
1118.09366169371  2.572331E-13
1119.54131861425  2.569635E-13
1120.98897553478  2.645038E-13
1122.43663245532  2.299027E-13
1123.88428937586  2.357534E-13
1125.33194629639  2.191444E-13
1126.77960321693  2.005586E-13
1128.22726013747  2.354193E-13
1129.674917058  2.445204E-13
1131.12257397854  2.609955E-13
1132.57023089908  2.038355E-13
1134.01788781961  2.503062E-13
1135.46554474015  2.542496E-13
1136.91320166069  2.265031E-13
1138.36085858122  2.602544E-13
1139.80851550176  2.541722E-13
1141.2561724223  2.256887E-13
1142.70382934284  2.351537E-13
1144.15148626337  1.605643E-13
1145.59914318391  2.365011E-13
1147.04680010445  2.425274E-13
1148.49445702498  3.016441E-13
1149.94211394552  2.420462E-13
1151.38977086606  2.953516E-13
1152.83742778659  2.285389E-13
1154.28508470713  2.375125E-13
1155.73274162767  2.425724E-13
1157.1803985482  1.936665E-13
1158.62805546874  2.173237E-13
1160.07571238928  3.199567E-13
1161.52336930981  2.231487E-13
1162.97102623035  2.703609E-13
1164.41868315089  2.195888E-13
1165.86634007142  2.627121E-13
1167.31399699196  2.532121E-13
1168.7616539125  2.471090E-13
1170.20931083303  2.775639E-13
1171.65696775357  2.699725E-13
1173.10462467411  3.231791E-13
1174.55228159464  3.463857E-13
1175.99993851518  2.697988E-13
1177.44759543572  2.598850E-13
1178.89525235625  2.533242E-13
1180.34290927679  2.497308E-13
1181.79056619733  2.439126E-13
1183.23822311787  2.947411E-13
1184.6858800384  2.674978E-13
1186.13353695894  2.843037E-13
1187.58119387948  3.402688E-13
1189.02885080001  2.729702E-13
1190.47650772055  3.468790E-13
1191.92416464109  3.113428E-13
1193.37182156162  3.682413E-13
1194.81947848216  3.515665E-13
1196.2671354027  3.966948E-13
1197.71479232323  3.560623E-13
1199.16244924377  3.394192E-13
1200.61010616431  4.059778E-13
1202.05776308484  5.002286E-13
1203.50542000538  4.522191E-13
1204.95307692592  4.261045E-13
1206.40073384645  4.442375E-13
1207.84839076699  4.623195E-13
1209.29604768753  4.908925E-13
1210.74370460806  6.356613E-13
1212.1913615286  6.062862E-13
1213.63901844914  6.903088E-13
1215.08667536967  7.267770E-13
1216.53433229021  9.652604E-13
1217.98198921075  1.005242E-12
1219.42964613129  9.191078E-13
1220.87730305182  7.855225E-13
1222.32495997236  6.708825E-13
1223.7726168929  6.368964E-13
1225.22027381343  5.009454E-13
1226.66793073397  5.306177E-13
1228.11558765451  4.888201E-13
1229.56324457504  4.508658E-13
1231.01090149558  3.930269E-13
1232.45855841612  4.285293E-13
1233.90621533665  3.754454E-13
1235.35387225719  3.855908E-13
1236.80152917773  4.111018E-13
1238.24918609826  4.606159E-13
1239.6968430188  3.769239E-13
1241.14449993934  3.260119E-13
1242.59215685987  4.015497E-13
1244.03981378041  4.818437E-13
1245.48747070095  3.596754E-13
1246.93512762148  3.915941E-13
1248.38278454202  3.664048E-13
1249.83044146256  3.430105E-13
1251.27809838309  2.777772E-13
1252.72575530363  2.691849E-13
1254.17341222417  3.256532E-13
1255.62106914471  3.841707E-13
1257.06872606524  3.168458E-13
1258.51638298578  2.673049E-13
1259.96403990632  2.482813E-13
1261.41169682685  2.885225E-13
1262.85935374739  2.585219E-13
1264.30701066793  2.825192E-13
1265.75466758846  3.139810E-13
1267.202324509  2.770681E-13
1268.64998142954  2.386789E-13
1270.09763835007  2.209987E-13
1271.54529527061  2.703086E-13
1272.99295219115  2.588528E-13
1274.44060911168  2.379739E-13
1275.88826603222  2.404637E-13
1277.33592295276  2.308996E-13
1278.78357987329  2.279170E-13
1280.23123679383  2.759701E-13
1281.67889371437  2.836759E-13
1283.1265506349  2.477280E-13
1284.57420755544  2.280346E-13
1286.02186447598  2.471725E-13
1287.46952139651  2.011239E-13
1288.91717831705  2.501105E-13
1290.36483523759  2.359394E-13
1291.81249215812  2.097702E-13
1293.26014907866  1.842471E-13
1294.7078059992  2.473629E-13
1296.15546291974  1.854262E-13
1297.60311984027  2.260300E-13
1299.05077676081  2.130836E-13
1300.49843368135  2.209180E-13
1301.94609060188  2.440329E-13
1303.39374752242  2.504297E-13
1304.84140444296  2.860831E-13
1306.28906136349  2.542744E-13
1307.73671828403  2.163463E-13
1309.18437520457  2.584231E-13
1310.6320321251  1.992464E-13
1312.07968904564  1.964454E-13
1313.52734596618  1.969593E-13
1314.97500288671  2.173250E-13
1316.42265980725  2.074597E-13
1317.87031672779  1.986366E-13
1319.31797364832  2.271562E-13
1320.76563056886  1.567221E-13
1322.2132874894  1.496188E-13
1323.66094440993  1.768998E-13
1325.10860133047  2.163514E-13
1326.55625825101  2.248007E-13
1328.00391517154  1.851270E-13
1329.45157209208  1.838962E-13
1330.89922901262  1.289683E-13
1332.34688593315  1.955623E-13
1333.79454285369  2.063142E-13
1335.24219977423  2.183250E-13
1336.68985669477  2.451562E-13
1338.1375136153  2.831870E-13
1339.58517053584  2.283938E-13
1341.03282745638  2.346435E-13
1342.48048437691  1.828924E-13
1343.92814129745  1.753684E-13
1345.37579821799  2.183250E-13
1346.82345513852  1.752231E-13
1348.27111205906  1.448312E-13
1349.7187689796  2.143122E-13
1351.16642590013  2.730237E-13
1352.61408282067  1.657335E-13
1354.06173974121  1.633151E-13
1355.50939666174  1.737119E-13
1356.95705358228  2.059413E-13
1358.40471050282  2.079802E-13
1359.85236742335  1.828513E-13
1361.30002434389  1.834511E-13
1362.74768126443  2.234656E-13
1364.19533818496  2.407432E-13
1365.6429951055  1.625048E-13
1367.09065202604  1.840647E-13
1368.53830894657  1.574927E-13
1369.98596586711  1.906780E-13
1371.43362278765  2.535110E-13
1372.88127970819  2.287539E-13
1374.32893662872  2.248552E-13
1375.77659354926  2.165588E-13
1377.2242504698  2.229201E-13
1378.67190739033  2.678086E-13
1380.11956431087  2.151966E-13
1381.56722123141  2.190169E-13
1383.01487815194  1.954344E-13
1384.46253507248  1.968515E-13
1385.91019199302  1.709220E-13
1387.35784891355  2.163049E-13
1388.80550583409  2.783496E-13
1390.25316275463  2.361236E-13
1391.70081967516  2.383894E-13
1393.1484765957  2.145557E-13
1394.59613351624  2.454037E-13
1396.04379043677  2.885923E-13
1397.49144735731  3.292854E-13
1398.93910427785  2.693604E-13
1400.38676119838  2.251205E-13
1401.83441811892  2.476478E-13
1403.28207503946  2.705701E-13
1404.72973195999  2.411432E-13
1406.17738888053  2.149115E-13
1407.62504580107  1.955345E-13
1409.0727027216  1.892622E-13
1410.52035964214  2.195996E-13
1411.96801656268  2.169562E-13
1413.41567348322  2.054409E-13
1414.86333040375  2.293461E-13
1416.31098732429  2.203744E-13
1417.75864424483  1.956043E-13
1419.20630116536  2.240952E-13
1420.6539580859  2.260595E-13
1422.10161500644  1.847535E-13
1423.54927192697  1.920219E-13
1424.99692884751  1.856489E-13
1426.44458576805  1.925125E-13
1427.89224268858  1.674685E-13
1429.33989960912  1.906931E-13
1430.78755652966  1.876810E-13
1432.23521345019  1.851317E-13
1433.68287037073  1.953793E-13
1435.13052729127  2.048532E-13
1436.5781842118  1.739484E-13
1438.02584113234  2.011433E-13
1439.47349805288  2.113483E-13
1440.92115497341  1.902725E-13
1442.36881189395  1.568557E-13
1443.81646881449  1.390145E-13
1445.26412573502  1.770139E-13
1446.71178265556  1.777057E-13
1448.1594395761  1.705985E-13
1449.60709649664  1.607298E-13
1451.05475341717  1.665690E-13
1452.50241033771  1.711222E-13
1453.95006725825  1.667274E-13
1455.39772417878  1.552444E-13
1456.84538109932  1.841088E-13
1458.29303801986  1.955186E-13
1459.74069494039  1.882643E-13
1461.18835186093  1.836491E-13
1462.63600878147  1.456226E-13
1464.083665702  1.796445E-13
1465.53132262254  2.104836E-13
1466.97897954308  2.357141E-13
1468.42663646361  2.243728E-13
1469.87429338415  2.217542E-13
1471.32195030469  1.960611E-13
1472.76960722522  1.764016E-13
1474.21726414576  1.814887E-13
1475.6649210663  1.688908E-13
1477.11257798683  1.738701E-13
1478.56023490737  1.621621E-13
1480.00789182791  1.724069E-13
1481.45554874844  1.915019E-13
1482.90320566898  1.929659E-13
1484.35086258952  1.792442E-13
1485.79851951005  1.710085E-13
1487.24617643059  1.874281E-13
1488.69383335113  1.581210E-13
1490.14149027167  1.633400E-13
1491.5891471922  1.747561E-13
1493.03680411274  1.739933E-13
1494.48446103328  2.170548E-13
1495.93211795381  2.105330E-13
1497.37977487435  1.890281E-13
1498.82743179489  1.902138E-13
1500.27508871542  2.051869E-13
1501.72274563596  2.029609E-13
1503.1704025565  2.000600E-13
1504.61805947703  1.998654E-13
1506.06571639757  2.200471E-13
1507.51337331811  2.232090E-13
1508.96103023864  1.840537E-13
1510.40868715918  2.010088E-13
1511.85634407972  2.097077E-13
1513.30400100025  2.066914E-13
1514.75165792079  1.776652E-13
1516.19931484133  1.928838E-13
1517.64697176186  2.256253E-13
1519.0946286824  2.016349E-13
1520.54228560294  2.128399E-13
1521.98994252347  2.210771E-13
1523.43759944401  2.438665E-13
1524.88525636455  2.306234E-13
1526.33291328509  2.410976E-13
1527.78057020562  2.560894E-13
1529.22822712616  2.250089E-13
1530.6758840467  2.219382E-13
1532.12354096723  2.217572E-13
1533.57119788777  2.349534E-13
1535.01885480831  2.436309E-13
1536.46651172884  2.747672E-13
1537.91416864938  2.834033E-13
1539.36182556992  2.810893E-13
1540.80948249045  3.040665E-13
1542.25713941099  3.505984E-13
1543.70479633153  3.366006E-13
1545.15245325206  3.521695E-13
1546.6001101726  3.506313E-13
1548.04776709314  3.208207E-13
1549.49542401367  3.078921E-13
1550.94308093421  3.004722E-13
1552.39073785475  3.672826E-13
1553.83839477528  3.662279E-13
1555.28605169582  3.324378E-13
1556.73370861636  3.243112E-13
1558.18136553689  3.293197E-13
1559.62902245743  3.025405E-13
1561.07667937797  2.523695E-13
1562.5243362985  2.164257E-13
1563.97199321904  2.218170E-13
1565.41965013958  2.268455E-13
1566.86730706012  2.230089E-13
1568.31496398065  2.099036E-13
1569.76262090119  2.028711E-13
1571.21027782173  2.088540E-13
1572.65793474226  2.140242E-13
1574.1055916628  1.771807E-13
1575.55324858334  1.761635E-13
1577.00090550387  1.929400E-13
1578.44856242441  2.007119E-13
1579.89621934495  2.086932E-13
1581.34387626548  1.916464E-13
1582.79153318602  1.755048E-13
1584.23919010656  1.884509E-13
1585.68684702709  1.961332E-13
1587.13450394763  1.919936E-13
1588.58216086817  1.921333E-13
1590.0298177887  1.816734E-13
1591.47747470924  1.720388E-13
1592.92513162978  1.790129E-13
1594.37278855031  1.826667E-13
1595.82044547085  1.791027E-13
1597.26810239139  1.719765E-13
1598.71575931192  1.616661E-13
1600.16341623246  1.735828E-13
1601.611073153  1.895964E-13
1603.05873007354  1.971830E-13
1604.50638699407  1.991406E-13
1605.95404391461  1.921999E-13
1607.40170083515  1.922027E-13
1608.84935775568  1.846113E-13
1610.29701467622  1.918008E-13
1611.74467159676  1.775335E-13
1613.19232851729  1.563270E-13
1614.63998543783  1.694031E-13
1616.08764235837  1.783722E-13
1617.5352992789  1.896870E-13
1618.98295619944  1.869917E-13
1620.43061311998  1.915059E-13
1621.87827004051  2.045767E-13
1623.32592696105  1.827075E-13
1624.77358388159  1.730282E-13
1626.22124080212  1.863256E-13
1627.66889772266  1.991252E-13
1629.1165546432  2.142510E-13
1630.56421156373  2.056157E-13
1632.01186848427  2.118095E-13
1633.45952540481  1.984199E-13
1634.90718232534  2.038429E-13
1636.35483924588  1.986582E-13
1637.80249616642  2.018087E-13
1639.25015308695  2.138247E-13
1640.69781000749  2.084707E-13
1642.14546692803  1.962885E-13
1643.59312384857  1.926517E-13
1645.0407807691  1.869668E-13
1646.48843768964  1.918274E-13
1647.93609461018  1.988677E-13
1649.38375153071  1.987348E-13
1650.83140845125  1.977353E-13
1652.27906537179  1.820867E-13
1653.72672229232  1.790421E-13
1655.17437921286  1.790976E-13
1656.6220361334  1.858997E-13
1658.06969305393  1.919217E-13
1659.51734997447  1.829046E-13
1660.96500689501  1.745470E-13
1662.41266381554  1.560708E-13
1663.86032073608  1.717057E-13
1665.30797765662  1.929218E-13
1666.75563457715  2.112613E-13
1668.20329149769  2.040619E-13
1669.65094841823  2.041958E-13
1671.09860533876  2.064594E-13
1672.5462622593  2.130077E-13
1673.99391917984  2.054363E-13
1675.44157610038  1.986778E-13
1676.88923302091  1.957151E-13
1678.33688994145  1.810069E-13
1679.78454686199  1.743001E-13
1681.23220378252  1.777101E-13
1682.67986070306  1.832764E-13
1684.1275176236  1.870063E-13
1685.57517454413  1.881907E-13
1687.02283146467  1.865835E-13
1688.47048838521  1.840095E-13
1689.91814530574  1.803996E-13
1691.36580222628  1.731277E-13
1692.81345914682  1.760363E-13
1694.26111606735  1.690910E-13
1695.70877298789  1.538522E-13
1697.15642990843  1.593939E-13
1698.60408682896  1.646135E-13
1700.0517437495  1.634292E-13
1701.49940067004  1.678927E-13
1702.94705759057  1.698465E-13
1704.39471451111  1.832305E-13
1705.84237143165  1.951125E-13
1707.29002835218  1.877374E-13
1708.73768527272  1.739400E-13
1710.18534219326  0.
1711.63299911379  0.
1713.08065603433  0.
1714.52831295487  0.
1715.97596987541  0.
1717.42362679594  0.
1718.87128371648  0.
1720.31894063702  0.
1721.76659755755  0.
1723.21425447809  0.
1724.66191139863  0.
1726.10956831916  0.
1727.5572252397  0.
1729.00488216024  0.
1730.45253908077  0.
1731.90019600131  0.
1733.34785292185  0.
1734.79550984238  0.
1736.24316676292  0.
1737.69082368346  0.
1739.13848060399  0.
1740.58613752453  0.
1742.03379444507  0.
1743.4814513656  0.
1744.92910828614  0.
1746.37676520668  0.
1747.82442212721  0.
1749.27207904775  0.
1750.71973596829  0.
1752.16739288882  0.
1753.61504980936  0.
1755.0627067299  0.
1756.51036365043  0.
1757.95802057097  0.
1759.40567749151  0.
1760.85333441205  0.
1762.30099133258  0.
1763.74864825312  0.
1765.19630517366  0.
1766.64396209419  0.
1768.09161901473  0.
1769.53927593527  0.
1770.9869328558  0.
1772.43458977634  0.
1773.88224669688  0.
1775.32990361741  0.
1776.77756053795  0.
1778.22521745849  0.
1779.67287437902  0.
1781.12053129956  0.
1782.5681882201  0.
1784.01584514063  0.
1785.46350206117  0.
1786.91115898171  0.
1788.35881590224  0.
1789.80647282278  0.
1791.25412974332  0.
1792.70178666385  0.
1794.14944358439  0.
1795.59710050493  0.
1797.04475742547  0.
1798.492414346  0.
1799.94007126654  0.
1801.38772818708  0.
1802.83538510761  0.
1804.28304202815  0.
1805.73069894869  0.
1807.17835586922  0.
1808.62601278976  0.
1810.0736697103  0.
1811.52132663083  0.
1812.96898355137  0.
1814.41664047191  0.
1815.86429739244  0.
1817.31195431298  0.
1818.75961123352  0.
1820.20726815405  0.
1821.65492507459  0.
1823.10258199513  0.
1824.55023891566  0.
1825.9978958362  0.
1827.44555275674  0.
1828.89320967727  0.
1830.34086659781  0.
1831.78852351835  0.
