906.735751295338  0.
908.183408215875  0.
909.631065136412  0.
911.078722056949  0.
912.526378977485  0.
913.974035898022  0.
915.421692818559  0.
916.869349739096  0.
918.317006659633  0.
919.764663580169  0.
921.212320500706  0.
922.659977421243  0.
924.10763434178  0.
925.555291262316  0.
927.002948182853  0.
928.45060510339  0.
929.898262023927  0.
931.345918944464  0.
932.793575865  0.
934.241232785537  0.
935.688889706074  0.
937.136546626611  0.
938.584203547148  0.
940.031860467684  0.
941.479517388221  0.
942.927174308758  0.
944.374831229295  0.
945.822488149832  0.
947.270145070369  0.
948.717801990905  0.
950.165458911442  0.
951.613115831979  0.
953.060772752515  0.
954.508429673052  0.
955.956086593589  0.
957.403743514126  0.
958.851400434663  0.
960.2990573552  0.
961.746714275736  0.
963.194371196273  0.
964.64202811681  0.
966.089685037347  0.
967.537341957883  0.
968.98499887842  0.
970.432655798957  0.
971.880312719494  0.
973.327969640031  0.
974.775626560567  0.
976.223283481104  0.
977.670940401641  0.
979.118597322178  0.
980.566254242715  0.
982.013911163251  0.
983.461568083788  0.
984.909225004325  0.
986.356881924862  0.
987.804538845399  0.
989.252195765935  0.
990.699852686472  0.
992.147509607009  0.
993.595166527546  1.012891E-13
995.042823448082  8.301387E-14
996.490480368619  6.217731E-13
997.938137289156  2.360768E-13
999.385794209693  4.786226E-13
1000.83345113023  4.291393E-13
1002.28110805077  4.681670E-13
1003.7287649713  4.518648E-13
1005.17642189184  5.171043E-13
1006.62407881238  4.201045E-13
1008.07173573291  2.316603E-13
1009.51939265345  3.607292E-13
1010.96704957399  4.249489E-13
1012.41470649452  5.118340E-13
1013.86236341506  4.505589E-13
1015.3100203356  3.200764E-13
1016.75767725613  3.664271E-13
1018.20533417667  4.603617E-13
1019.65299109721  3.310760E-13
1021.10064801775  4.968466E-13
1022.54830493828  3.310909E-13
1023.99596185882  4.261022E-13
1025.44361877936  4.316924E-13
1026.89127569989  5.162279E-13
1028.33893262043  4.581226E-13
1029.78658954097  5.207303E-13
1031.2342464615  5.121799E-13
1032.68190338204  5.301198E-13
1034.12956030258  4.928725E-13
1035.57721722311  4.941028E-13
1037.02487414365  4.400311E-13
1038.47253106419  4.225707E-13
1039.92018798472  3.191391E-13
1041.36784490526  3.764708E-13
1042.8155018258  4.151525E-13
1044.26315874633  3.675673E-13
1045.71081566687  6.202392E-13
1047.15847258741  5.774868E-13
1048.60612950794  5.662148E-13
1050.05378642848  4.206156E-13
1051.50144334902  4.216542E-13
1052.94910026955  3.454984E-13
1054.39675719009  3.214624E-13
1055.84441411063  3.166271E-13
1057.29207103116  2.792423E-13
1058.7397279517  2.706082E-13
1060.18738487224  3.733181E-13
1061.63504179277  4.133258E-13
1063.08269871331  3.952338E-13
1064.53035563385  3.540830E-13
1065.97801255439  3.620817E-13
1067.42566947492  4.343734E-13
1068.87332639546  3.600830E-13
1070.320983316  3.906827E-13
1071.76864023653  4.146097E-13
1073.21629715707  3.575004E-13
1074.66395407761  3.823142E-13
1076.11161099814  3.714105E-13
1077.55926791868  3.919493E-13
1079.00692483922  3.707517E-13
1080.45458175975  3.371587E-13
1081.90223868029  3.557844E-13
1083.34989560083  3.240088E-13
1084.79755252136  3.092152E-13
1086.2452094419  3.154723E-13
1087.69286636244  3.137333E-13
1089.14052328297  3.292482E-13
1090.58818020351  3.115653E-13
1092.03583712405  2.779029E-13
1093.48349404458  3.224896E-13
1094.93115096512  3.374424E-13
1096.37880788566  2.658642E-13
1097.82646480619  3.049262E-13
1099.27412172673  3.636382E-13
1100.72177864727  3.750552E-13
1102.1694355678  2.669260E-13
1103.61709248834  3.158020E-13
1105.06474940888  3.773235E-13
1106.51240632942  3.246333E-13
1107.96006324995  3.534725E-13
1109.40772017049  3.966679E-13
1110.85537709103  3.064108E-13
1112.30303401156  3.401706E-13
1113.7506909321  3.327811E-13
1115.19834785264  3.146054E-13
1116.64600477317  3.485507E-13
1118.09366169371  4.138769E-13
1119.54131861425  2.861932E-13
1120.98897553478  3.718160E-13
1122.43663245532  3.001985E-13
1123.88428937586  3.520515E-13
1125.33194629639  3.075286E-13
1126.77960321693  3.052609E-13
1128.22726013747  3.187826E-13
1129.674917058  3.609789E-13
1131.12257397854  3.229661E-13
1132.57023089908  3.185362E-13
1134.01788781961  3.365668E-13
1135.46554474015  3.482503E-13
1136.91320166069  3.020750E-13
1138.36085858122  2.839556E-13
1139.80851550176  3.298377E-13
1141.2561724223  3.008193E-13
1142.70382934284  3.398194E-13
1144.15148626337  3.609350E-13
1145.59914318391  3.544955E-13
1147.04680010445  2.966016E-13
1148.49445702498  3.481321E-13
1149.94211394552  3.412983E-13
1151.38977086606  3.371383E-13
1152.83742778659  3.122919E-13
1154.28508470713  2.875005E-13
1155.73274162767  2.873070E-13
1157.1803985482  2.800588E-13
1158.62805546874  2.725736E-13
1160.07571238928  3.877424E-13
1161.52336930981  3.301099E-13
1162.97102623035  3.529633E-13
1164.41868315089  3.783954E-13
1165.86634007142  3.088445E-13
1167.31399699196  4.149511E-13
1168.7616539125  3.432881E-13
1170.20931083303  4.261903E-13
1171.65696775357  3.891189E-13
1173.10462467411  3.647845E-13
1174.55228159464  3.831979E-13
1175.99993851518  3.850865E-13
1177.44759543572  3.880961E-13
1178.89525235625  3.515552E-13
1180.34290927679  3.678526E-13
1181.79056619733  4.290732E-13
1183.23822311787  3.327846E-13
1184.6858800384  4.434349E-13
1186.13353695894  3.557290E-13
1187.58119387948  4.606693E-13
1189.02885080001  3.907846E-13
1190.47650772055  4.145857E-13
1191.92416464109  3.993735E-13
1193.37182156162  4.630388E-13
1194.81947848216  5.215668E-13
1196.2671354027  5.138205E-13
1197.71479232323  4.660851E-13
1199.16244924377  5.629610E-13
1200.61010616431  5.439278E-13
1202.05776308484  5.775597E-13
1203.50542000538  5.184704E-13
1204.95307692592  5.277478E-13
1206.40073384645  5.836753E-13
1207.84839076699  7.410773E-13
1209.29604768753  7.342008E-13
1210.74370460806  7.923784E-13
1212.1913615286  8.992227E-13
1213.63901844914  1.100043E-12
1215.08667536967  8.722016E-13
1216.53433229021  1.044033E-12
1217.98198921075  1.010547E-12
1219.42964613129  9.763290E-13
1220.87730305182  1.057895E-12
1222.32495997236  8.913584E-13
1223.7726168929  6.850134E-13
1225.22027381343  5.800992E-13
1226.66793073397  5.727927E-13
1228.11558765451  5.863188E-13
1229.56324457504  5.244682E-13
1231.01090149558  5.372735E-13
1232.45855841612  5.025033E-13
1233.90621533665  4.868646E-13
1235.35387225719  5.715019E-13
1236.80152917773  5.454974E-13
1238.24918609826  5.611678E-13
1239.6968430188  4.993376E-13
1241.14449993934  5.676546E-13
1242.59215685987  4.202719E-13
1244.03981378041  4.663126E-13
1245.48747070095  4.127912E-13
1246.93512762148  3.820968E-13
1248.38278454202  3.907441E-13
1249.83044146256  3.820494E-13
1251.27809838309  3.977737E-13
1252.72575530363  4.054647E-13
1254.17341222417  4.176130E-13
1255.62106914471  3.304299E-13
1257.06872606524  2.998394E-13
1258.51638298578  3.796618E-13
1259.96403990632  3.917714E-13
1261.41169682685  3.973049E-13
1262.85935374739  3.916831E-13
1264.30701066793  3.452863E-13
1265.75466758846  2.864688E-13
1267.202324509  3.077183E-13
1268.64998142954  3.669364E-13
1270.09763835007  3.151806E-13
1271.54529527061  3.476687E-13
1272.99295219115  2.932417E-13
1274.44060911168  3.095105E-13
1275.88826603222  2.871313E-13
1277.33592295276  2.900736E-13
1278.78357987329  2.996031E-13
1280.23123679383  3.457206E-13
1281.67889371437  3.384477E-13
1283.1265506349  2.910770E-13
1284.57420755544  2.706981E-13
1286.02186447598  2.443435E-13
1287.46952139651  2.689340E-13
1288.91717831705  2.448451E-13
1290.36483523759  3.129999E-13
1291.81249215812  2.645983E-13
1293.26014907866  2.494233E-13
1294.7078059992  2.732045E-13
1296.15546291974  2.892467E-13
1297.60311984027  2.895776E-13
1299.05077676081  3.317687E-13
1300.49843368135  3.035309E-13
1301.94609060188  3.239277E-13
1303.39374752242  3.169643E-13
1304.84140444296  2.513897E-13
1306.28906136349  2.631438E-13
1307.73671828403  2.687462E-13
1309.18437520457  3.171978E-13
1310.6320321251  2.627620E-13
1312.07968904564  2.739404E-13
1313.52734596618  2.765588E-13
1314.97500288671  3.550571E-13
1316.42265980725  2.680422E-13
1317.87031672779  2.779060E-13
1319.31797364832  2.849268E-13
1320.76563056886  2.179573E-13
1322.2132874894  2.409676E-13
1323.66094440993  3.215174E-13
1325.10860133047  3.426350E-13
1326.55625825101  2.727952E-13
1328.00391517154  3.068512E-13
1329.45157209208  3.561002E-13
1330.89922901262  2.532411E-13
1332.34688593315  3.031321E-13
1333.79454285369  2.859045E-13
1335.24219977423  3.308097E-13
1336.68985669477  2.910425E-13
1338.1375136153  2.949336E-13
1339.58517053584  2.495221E-13
1341.03282745638  2.703895E-13
1342.48048437691  2.451611E-13
1343.92814129745  2.784230E-13
1345.37579821799  2.858264E-13
1346.82345513852  3.114240E-13
1348.27111205906  2.899382E-13
1349.7187689796  2.632331E-13
1351.16642590013  3.399035E-13
1352.61408282067  2.914606E-13
1354.06173974121  2.080695E-13
1355.50939666174  2.921618E-13
1356.95705358228  2.905856E-13
1358.40471050282  2.527644E-13
1359.85236742335  2.614851E-13
1361.30002434389  2.715394E-13
1362.74768126443  3.187739E-13
1364.19533818496  2.599223E-13
1365.6429951055  2.340459E-13
1367.09065202604  2.685858E-13
1368.53830894657  3.143621E-13
1369.98596586711  2.633834E-13
1371.43362278765  2.271650E-13
1372.88127970819  2.880224E-13
1374.32893662872  2.357374E-13
1375.77659354926  3.281366E-13
1377.2242504698  2.757159E-13
1378.67190739033  2.816508E-13
1380.11956431087  3.481286E-13
1381.56722123141  3.222667E-13
1383.01487815194  2.637260E-13
1384.46253507248  3.035441E-13
1385.91019199302  2.516801E-13
1387.35784891355  3.285889E-13
1388.80550583409  3.066761E-13
1390.25316275463  3.016693E-13
1391.70081967516  2.624515E-13
1393.1484765957  2.769172E-13
1394.59613351624  2.468233E-13
1396.04379043677  3.153305E-13
1397.49144735731  3.452277E-13
1398.93910427785  3.344125E-13
1400.38676119838  3.173258E-13
1401.83441811892  3.307698E-13
1403.28207503946  2.812110E-13
1404.72973195999  2.997817E-13
1406.17738888053  2.639305E-13
1407.62504580107  2.932341E-13
1409.0727027216  3.174161E-13
1410.52035964214  2.778510E-13
1411.96801656268  3.194185E-13
1413.41567348322  3.234821E-13
1414.86333040375  2.913912E-13
1416.31098732429  2.826559E-13
1417.75864424483  2.712752E-13
1419.20630116536  2.306969E-13
1420.6539580859  2.478093E-13
1422.10161500644  2.517816E-13
1423.54927192697  2.667687E-13
1424.99692884751  2.731145E-13
1426.44458576805  2.371054E-13
1427.89224268858  2.546665E-13
1429.33989960912  2.544483E-13
1430.78755652966  2.418543E-13
1432.23521345019  2.597217E-13
1433.68287037073  2.691170E-13
1435.13052729127  2.700388E-13
1436.5781842118  2.532537E-13
1438.02584113234  2.735915E-13
1439.47349805288  2.538446E-13
1440.92115497341  2.085507E-13
1442.36881189395  2.221518E-13
1443.81646881449  2.121234E-13
1445.26412573502  2.297304E-13
1446.71178265556  2.327820E-13
1448.1594395761  2.377943E-13
1449.60709649664  2.492453E-13
1451.05475341717  2.632366E-13
1452.50241033771  2.732470E-13
1453.95006725825  2.402566E-13
1455.39772417878  2.631280E-13
1456.84538109932  2.391599E-13
1458.29303801986  2.342555E-13
1459.74069494039  2.496915E-13
1461.18835186093  2.333343E-13
1462.63600878147  2.432010E-13
1464.083665702  2.271231E-13
1465.53132262254  2.383550E-13
1466.97897954308  2.569424E-13
1468.42663646361  2.656238E-13
1469.87429338415  2.553658E-13
1471.32195030469  2.549530E-13
1472.76960722522  2.367482E-13
1474.21726414576  2.267176E-13
1475.6649210663  2.586822E-13
1477.11257798683  2.263021E-13
1478.56023490737  2.380308E-13
1480.00789182791  2.099634E-13
1481.45554874844  2.440279E-13
1482.90320566898  2.660392E-13
1484.35086258952  2.663025E-13
1485.79851951005  2.457669E-13
1487.24617643059  2.271051E-13
1488.69383335113  2.230496E-13
1490.14149027167  2.244210E-13
1491.5891471922  2.395394E-13
1493.03680411274  2.432076E-13
1494.48446103328  2.179800E-13
1495.93211795381  2.365629E-13
1497.37977487435  2.504341E-13
1498.82743179489  2.983843E-13
1500.27508871542  3.002465E-13
1501.72274563596  2.880201E-13
1503.1704025565  2.687496E-13
1504.61805947703  2.736396E-13
1506.06571639757  2.489296E-13
1507.51337331811  2.811367E-13
1508.96103023864  2.839968E-13
1510.40868715918  2.929259E-13
1511.85634407972  2.680667E-13
1513.30400100025  2.823438E-13
1514.75165792079  2.356836E-13
1516.19931484133  2.787270E-13
1517.64697176186  2.969412E-13
1519.0946286824  2.765219E-13
1520.54228560294  2.592279E-13
1521.98994252347  2.654708E-13
1523.43759944401  2.769870E-13
1524.88525636455  3.142942E-13
1526.33291328509  3.319687E-13
1527.78057020562  2.988250E-13
1529.22822712616  2.966405E-13
1530.6758840467  2.709116E-13
1532.12354096723  2.987114E-13
1533.57119788777  3.397304E-13
1535.01885480831  3.287704E-13
1536.46651172884  3.453598E-13
1537.91416864938  3.623089E-13
1539.36182556992  3.631029E-13
1540.80948249045  3.781495E-13
1542.25713941099  3.824588E-13
1543.70479633153  4.260336E-13
1545.15245325206  4.395491E-13
1546.6001101726  4.367248E-13
1548.04776709314  4.179396E-13
1549.49542401367  4.365380E-13
1550.94308093421  4.208528E-13
1552.39073785475  4.219632E-13
1553.83839477528  4.125030E-13
1555.28605169582  3.791889E-13
1556.73370861636  3.481375E-13
1558.18136553689  3.161089E-13
1559.62902245743  2.954153E-13
1561.07667937797  3.116354E-13
1562.5243362985  2.919646E-13
1563.97199321904  2.816126E-13
1565.41965013958  2.714509E-13
1566.86730706012  2.737506E-13
1568.31496398065  2.833295E-13
1569.76262090119  2.759634E-13
1571.21027782173  2.575696E-13
1572.65793474226  2.601748E-13
1574.1055916628  2.657898E-13
1575.55324858334  2.650866E-13
1577.00090550387  2.501855E-13
1578.44856242441  2.574413E-13
1579.89621934495  2.450786E-13
1581.34387626548  2.475473E-13
1582.79153318602  2.495447E-13
1584.23919010656  2.551651E-13
1585.68684702709  2.373935E-13
1587.13450394763  2.330601E-13
1588.58216086817  2.482639E-13
1590.0298177887  2.478694E-13
1591.47747470924  2.495124E-13
1592.92513162978  2.423144E-13
1594.37278855031  2.485867E-13
1595.82044547085  2.394088E-13
1597.26810239139  2.184555E-13
1598.71575931192  2.215199E-13
1600.16341623246  2.205691E-13
1601.611073153  2.052462E-13
1603.05873007354  2.044279E-13
1604.50638699407  2.149504E-13
1605.95404391461  2.415177E-13
1607.40170083515  2.326318E-13
1608.84935775568  2.198560E-13
1610.29701467622  2.172996E-13
1611.74467159676  2.040085E-13
1613.19232851729  2.196633E-13
1614.63998543783  2.216337E-13
1616.08764235837  2.239673E-13
1617.5352992789  2.375949E-13
1618.98295619944  2.468739E-13
1620.43061311998  2.357984E-13
1621.87827004051  2.267716E-13
1623.32592696105  2.337643E-13
1624.77358388159  2.271707E-13
1626.22124080212  2.291725E-13
1627.66889772266  2.435677E-13
1629.1165546432  2.509673E-13
1630.56421156373  2.268551E-13
1632.01186848427  2.214953E-13
1633.45952540481  2.314186E-13
1634.90718232534  2.374137E-13
1636.35483924588  2.359667E-13
1637.80249616642  2.409010E-13
1639.25015308695  2.394885E-13
1640.69781000749  2.319174E-13
1642.14546692803  2.392325E-13
1643.59312384857  2.363868E-13
1645.0407807691  2.194454E-13
1646.48843768964  2.262816E-13
1647.93609461018  2.424284E-13
1649.38375153071  2.480825E-13
1650.83140845125  2.335347E-13
1652.27906537179  2.411681E-13
1653.72672229232  2.321845E-13
1655.17437921286  2.284640E-13
1656.6220361334  2.263726E-13
1658.06969305393  2.249342E-13
1659.51734997447  2.276641E-13
1660.96500689501  2.312348E-13
1662.41266381554  2.254089E-13
1663.86032073608  2.341430E-13
1665.30797765662  2.371202E-13
1666.75563457715  2.241907E-13
1668.20329149769  2.282957E-13
1669.65094841823  2.108088E-13
1671.09860533876  2.050011E-13
1672.5462622593  2.132911E-13
1673.99391917984  2.073872E-13
1675.44157610038  2.147796E-13
1676.88923302091  2.156600E-13
1678.33688994145  2.156541E-13
1679.78454686199  2.031770E-13
1681.23220378252  1.958730E-13
1682.67986070306  2.063835E-13
1684.1275176236  2.205396E-13
1685.57517454413  2.032669E-13
1687.02283146467  2.027667E-13
1688.47048838521  2.086671E-13
1689.91814530574  2.168430E-13
1691.36580222628  2.162989E-13
1692.81345914682  2.062043E-13
1694.26111606735  2.034658E-13
1695.70877298789  2.092065E-13
1697.15642990843  2.153728E-13
1698.60408682896  2.145832E-13
1700.0517437495  2.164034E-13
1701.49940067004  2.273561E-13
1702.94705759057  2.196125E-13
1704.39471451111  2.061030E-13
1705.84237143165  2.003682E-13
1707.29002835218  1.917973E-13
1708.73768527272  1.919544E-13
1710.18534219326  0.
1711.63299911379  0.
1713.08065603433  0.
1714.52831295487  0.
1715.97596987541  0.
1717.42362679594  0.
1718.87128371648  0.
1720.31894063702  0.
1721.76659755755  0.
1723.21425447809  0.
1724.66191139863  0.
1726.10956831916  0.
1727.5572252397  0.
1729.00488216024  0.
1730.45253908077  0.
1731.90019600131  0.
1733.34785292185  0.
1734.79550984238  0.
1736.24316676292  0.
1737.69082368346  0.
1739.13848060399  0.
1740.58613752453  0.
1742.03379444507  0.
1743.4814513656  0.
1744.92910828614  0.
1746.37676520668  0.
1747.82442212721  0.
1749.27207904775  0.
1750.71973596829  0.
1752.16739288882  0.
1753.61504980936  0.
1755.0627067299  0.
1756.51036365043  0.
1757.95802057097  0.
1759.40567749151  0.
1760.85333441205  0.
1762.30099133258  0.
1763.74864825312  0.
1765.19630517366  0.
1766.64396209419  0.
1768.09161901473  0.
1769.53927593527  0.
1770.9869328558  0.
1772.43458977634  0.
1773.88224669688  0.
1775.32990361741  0.
1776.77756053795  0.
1778.22521745849  0.
1779.67287437902  0.
1781.12053129956  0.
1782.5681882201  0.
1784.01584514063  0.
1785.46350206117  0.
1786.91115898171  0.
1788.35881590224  0.
1789.80647282278  0.
1791.25412974332  0.
1792.70178666385  0.
1794.14944358439  0.
1795.59710050493  0.
1797.04475742547  0.
1798.492414346  0.
1799.94007126654  0.
1801.38772818708  0.
1802.83538510761  0.
1804.28304202815  0.
1805.73069894869  0.
1807.17835586922  0.
1808.62601278976  0.
1810.0736697103  0.
1811.52132663083  0.
1812.96898355137  0.
1814.41664047191  0.
1815.86429739244  0.
1817.31195431298  0.
1818.75961123352  0.
1820.20726815405  0.
1821.65492507459  0.
1823.10258199513  0.
1824.55023891566  0.
1825.9978958362  0.
1827.44555275674  0.
1828.89320967727  0.
1830.34086659781  0.
1831.78852351835  0.
