906.735751295338  0.
908.183408215875  0.
909.631065136412  0.
911.078722056949  0.
912.526378977485  0.
913.974035898022  0.
915.421692818559  0.
916.869349739096  0.
918.317006659633  0.
919.764663580169  0.
921.212320500706  0.
922.659977421243  0.
924.10763434178  0.
925.555291262316  0.
927.002948182853  0.
928.45060510339  0.
929.898262023927  0.
931.345918944464  0.
932.793575865  0.
934.241232785537  0.
935.688889706074  0.
937.136546626611  0.
938.584203547148  0.
940.031860467684  0.
941.479517388221  0.
942.927174308758  0.
944.374831229295  0.
945.822488149832  0.
947.270145070369  0.
948.717801990905  0.
950.165458911442  0.
951.613115831979  0.
953.060772752515  0.
954.508429673052  0.
955.956086593589  0.
957.403743514126  0.
958.851400434663  0.
960.2990573552  0.
961.746714275736  0.
963.194371196273  0.
964.64202811681  0.
966.089685037347  0.
967.537341957883  0.
968.98499887842  0.
970.432655798957  0.
971.880312719494  0.
973.327969640031  0.
974.775626560567  0.
976.223283481104  0.
977.670940401641  0.
979.118597322178  0.
980.566254242715  0.
982.013911163251  0.
983.461568083788  0.
984.909225004325  0.
986.356881924862  0.
987.804538845399  0.
989.252195765935  0.
990.699852686472  0.
992.147509607009  0.
993.595166527546  7.610308E-13
995.042823448082  1.999664E-13
996.490480368619  6.217444E-13
997.938137289156  7.181363E-13
999.385794209693  6.827049E-13
1000.83345113023  7.431780E-13
1002.28110805077  2.844804E-13
1003.7287649713  5.638637E-13
1005.17642189184  5.988720E-13
1006.62407881238  4.730856E-13
1008.07173573291  6.245690E-13
1009.51939265345  3.433533E-13
1010.96704957399  5.914310E-13
1012.41470649452  3.397220E-13
1013.86236341506  4.004908E-13
1015.3100203356  5.565903E-13
1016.75767725613  6.015011E-13
1018.20533417667  3.917316E-13
1019.65299109721  4.989154E-13
1021.10064801775  6.093469E-13
1022.54830493828  5.133563E-13
1023.99596185882  4.357638E-13
1025.44361877936  3.898231E-13
1026.89127569989  5.304465E-13
1028.33893262043  4.279287E-13
1029.78658954097  5.108533E-13
1031.2342464615  4.503099E-13
1032.68190338204  5.105781E-13
1034.12956030258  4.226722E-13
1035.57721722311  4.953944E-13
1037.02487414365  4.643281E-13
1038.47253106419  5.405840E-13
1039.92018798472  5.072424E-13
1041.36784490526  4.069817E-13
1042.8155018258  4.357616E-13
1044.26315874633  4.261136E-13
1045.71081566687  4.424217E-13
1047.15847258741  4.625056E-13
1048.60612950794  4.120663E-13
1050.05378642848  3.273048E-13
1051.50144334902  4.235836E-13
1052.94910026955  5.463557E-13
1054.39675719009  4.258257E-13
1055.84441411063  3.872504E-13
1057.29207103116  3.968127E-13
1058.7397279517  3.423681E-13
1060.18738487224  3.966831E-13
1061.63504179277  4.117798E-13
1063.08269871331  4.140026E-13
1064.53035563385  4.599759E-13
1065.97801255439  3.842628E-13
1067.42566947492  4.360861E-13
1068.87332639546  3.835101E-13
1070.320983316  3.651409E-13
1071.76864023653  4.416694E-13
1073.21629715707  3.391813E-13
1074.66395407761  4.367613E-13
1076.11161099814  3.149836E-13
1077.55926791868  4.219262E-13
1079.00692483922  3.973032E-13
1080.45458175975  3.169518E-13
1081.90223868029  3.990042E-13
1083.34989560083  3.661852E-13
1084.79755252136  3.455061E-13
1086.2452094419  3.228918E-13
1087.69286636244  3.028968E-13
1089.14052328297  3.129890E-13
1090.58818020351  3.772497E-13
1092.03583712405  3.206946E-13
1093.48349404458  3.148411E-13
1094.93115096512  3.621617E-13
1096.37880788566  3.268459E-13
1097.82646480619  3.891258E-13
1099.27412172673  3.635675E-13
1100.72177864727  3.244899E-13
1102.1694355678  3.097053E-13
1103.61709248834  3.835325E-13
1105.06474940888  3.729184E-13
1106.51240632942  3.361630E-13
1107.96006324995  4.016080E-13
1109.40772017049  3.425043E-13
1110.85537709103  3.714371E-13
1112.30303401156  3.498692E-13
1113.7506909321  3.938098E-13
1115.19834785264  3.523854E-13
1116.64600477317  3.551634E-13
1118.09366169371  3.889521E-13
1119.54131861425  3.639091E-13
1120.98897553478  3.483929E-13
1122.43663245532  3.242356E-13
1123.88428937586  3.392544E-13
1125.33194629639  2.905655E-13
1126.77960321693  3.208291E-13
1128.22726013747  3.114861E-13
1129.674917058  3.680501E-13
1131.12257397854  3.220675E-13
1132.57023089908  3.753269E-13
1134.01788781961  3.103080E-13
1135.46554474015  3.758444E-13
1136.91320166069  2.901067E-13
1138.36085858122  3.131499E-13
1139.80851550176  3.073976E-13
1141.2561724223  3.353784E-13
1142.70382934284  3.356416E-13
1144.15148626337  2.658954E-13
1145.59914318391  3.209491E-13
1147.04680010445  2.968383E-13
1148.49445702498  3.493455E-13
1149.94211394552  3.036344E-13
1151.38977086606  3.425325E-13
1152.83742778659  2.842748E-13
1154.28508470713  2.853946E-13
1155.73274162767  3.218479E-13
1157.1803985482  3.069254E-13
1158.62805546874  3.670316E-13
1160.07571238928  4.018472E-13
1161.52336930981  3.201735E-13
1162.97102623035  3.262160E-13
1164.41868315089  3.071817E-13
1165.86634007142  3.241138E-13
1167.31399699196  4.143580E-13
1168.7616539125  3.448345E-13
1170.20931083303  4.024323E-13
1171.65696775357  3.475410E-13
1173.10462467411  3.665016E-13
1174.55228159464  3.725153E-13
1175.99993851518  3.777473E-13
1177.44759543572  3.717866E-13
1178.89525235625  3.868675E-13
1180.34290927679  3.973840E-13
1181.79056619733  3.494876E-13
1183.23822311787  4.230910E-13
1184.6858800384  4.313835E-13
1186.13353695894  4.414449E-13
1187.58119387948  4.525538E-13
1189.02885080001  4.098874E-13
1190.47650772055  4.431930E-13
1191.92416464109  4.159179E-13
1193.37182156162  5.388278E-13
1194.81947848216  4.911567E-13
1196.2671354027  5.499743E-13
1197.71479232323  4.657720E-13
1199.16244924377  5.053890E-13
1200.61010616431  5.231346E-13
1202.05776308484  5.783332E-13
1203.50542000538  5.750384E-13
1204.95307692592  6.063925E-13
1206.40073384645  6.839432E-13
1207.84839076699  8.642252E-13
1209.29604768753  8.218745E-13
1210.74370460806  9.554030E-13
1212.1913615286  1.045645E-12
1213.63901844914  9.731980E-13
1215.08667536967  9.434137E-13
1216.53433229021  1.042160E-12
1217.98198921075  9.039868E-13
1219.42964613129  9.421413E-13
1220.87730305182  7.674115E-13
1222.32495997236  6.036561E-13
1223.7726168929  6.279477E-13
1225.22027381343  5.584443E-13
1226.66793073397  5.771687E-13
1228.11558765451  5.645816E-13
1229.56324457504  5.421893E-13
1231.01090149558  5.312373E-13
1232.45855841612  5.368145E-13
1233.90621533665  6.277820E-13
1235.35387225719  5.175181E-13
1236.80152917773  5.192013E-13
1238.24918609826  5.516375E-13
1239.6968430188  3.945840E-13
1241.14449993934  5.036723E-13
1242.59215685987  4.173235E-13
1244.03981378041  4.945062E-13
1245.48747070095  4.425315E-13
1246.93512762148  4.886010E-13
1248.38278454202  4.522444E-13
1249.83044146256  4.220442E-13
1251.27809838309  3.192511E-13
1252.72575530363  4.074173E-13
1254.17341222417  3.903755E-13
1255.62106914471  3.723758E-13
1257.06872606524  3.450780E-13
1258.51638298578  3.946496E-13
1259.96403990632  3.932029E-13
1261.41169682685  3.925116E-13
1262.85935374739  3.785462E-13
1264.30701066793  3.388431E-13
1265.75466758846  3.393319E-13
1267.202324509  3.323619E-13
1268.64998142954  3.463844E-13
1270.09763835007  3.418067E-13
1271.54529527061  3.393963E-13
1272.99295219115  3.290402E-13
1274.44060911168  3.520315E-13
1275.88826603222  3.087212E-13
1277.33592295276  2.914684E-13
1278.78357987329  3.112719E-13
1280.23123679383  3.561601E-13
1281.67889371437  3.438188E-13
1283.1265506349  3.607208E-13
1284.57420755544  3.175274E-13
1286.02186447598  2.856180E-13
1287.46952139651  3.206247E-13
1288.91717831705  3.063926E-13
1290.36483523759  2.877737E-13
1291.81249215812  2.854658E-13
1293.26014907866  3.408094E-13
1294.7078059992  2.896530E-13
1296.15546291974  3.174480E-13
1297.60311984027  3.313440E-13
1299.05077676081  3.093454E-13
1300.49843368135  2.833933E-13
1301.94609060188  2.636377E-13
1303.39374752242  3.060403E-13
1304.84140444296  3.090592E-13
1306.28906136349  2.974939E-13
1307.73671828403  2.468206E-13
1309.18437520457  2.964928E-13
1310.6320321251  2.499794E-13
1312.07968904564  2.805582E-13
1313.52734596618  3.076636E-13
1314.97500288671  3.337032E-13
1316.42265980725  3.115804E-13
1317.87031672779  2.403302E-13
1319.31797364832  2.750310E-13
1320.76563056886  2.598467E-13
1322.2132874894  2.691904E-13
1323.66094440993  2.791978E-13
1325.10860133047  3.146299E-13
1326.55625825101  2.936348E-13
1328.00391517154  2.384406E-13
1329.45157209208  2.532767E-13
1330.89922901262  3.505529E-13
1332.34688593315  3.470499E-13
1333.79454285369  3.136992E-13
1335.24219977423  2.661397E-13
1336.68985669477  2.647169E-13
1338.1375136153  2.393919E-13
1339.58517053584  2.470198E-13
1341.03282745638  2.790904E-13
1342.48048437691  2.498405E-13
1343.92814129745  2.890321E-13
1345.37579821799  3.093212E-13
1346.82345513852  2.985079E-13
1348.27111205906  2.931225E-13
1349.7187689796  2.727653E-13
1351.16642590013  2.801378E-13
1352.61408282067  3.140867E-13
1354.06173974121  2.797992E-13
1355.50939666174  2.993118E-13
1356.95705358228  3.190408E-13
1358.40471050282  2.763899E-13
1359.85236742335  2.598378E-13
1361.30002434389  2.875009E-13
1362.74768126443  2.951628E-13
1364.19533818496  3.275031E-13
1365.6429951055  2.647807E-13
1367.09065202604  2.643027E-13
1368.53830894657  2.759789E-13
1369.98596586711  3.112069E-13
1371.43362278765  2.780853E-13
1372.88127970819  2.717810E-13
1374.32893662872  2.712322E-13
1375.77659354926  2.883232E-13
1377.2242504698  3.135758E-13
1378.67190739033  2.886259E-13
1380.11956431087  2.882626E-13
1381.56722123141  3.215560E-13
1383.01487815194  2.921717E-13
1384.46253507248  2.948983E-13
1385.91019199302  3.023446E-13
1387.35784891355  3.177197E-13
1388.80550583409  3.254056E-13
1390.25316275463  3.561371E-13
1391.70081967516  3.174195E-13
1393.1484765957  2.934704E-13
1394.59613351624  3.256033E-13
1396.04379043677  3.043113E-13
1397.49144735731  3.295321E-13
1398.93910427785  3.480010E-13
1400.38676119838  3.528485E-13
1401.83441811892  3.389921E-13
1403.28207503946  3.440777E-13
1404.72973195999  3.371778E-13
1406.17738888053  3.112239E-13
1407.62504580107  3.372964E-13
1409.0727027216  3.023337E-13
1410.52035964214  2.837012E-13
1411.96801656268  2.778909E-13
1413.41567348322  2.873796E-13
1414.86333040375  3.217850E-13
1416.31098732429  3.126484E-13
1417.75864424483  3.059961E-13
1419.20630116536  2.813883E-13
1420.6539580859  2.961341E-13
1422.10161500644  2.683286E-13
1423.54927192697  2.821942E-13
1424.99692884751  2.712085E-13
1426.44458576805  2.734635E-13
1427.89224268858  2.709282E-13
1429.33989960912  2.932505E-13
1430.78755652966  2.941637E-13
1432.23521345019  2.650834E-13
1433.68287037073  2.680425E-13
1435.13052729127  2.827717E-13
1436.5781842118  2.870791E-13
1438.02584113234  2.678518E-13
1439.47349805288  2.775407E-13
1440.92115497341  2.736972E-13
1442.36881189395  2.638197E-13
1443.81646881449  2.291410E-13
1445.26412573502  2.293405E-13
1446.71178265556  2.341054E-13
1448.1594395761  2.555217E-13
1449.60709649664  2.752370E-13
1451.05475341717  2.496013E-13
1452.50241033771  2.237319E-13
1453.95006725825  2.467606E-13
1455.39772417878  2.551190E-13
1456.84538109932  2.590968E-13
1458.29303801986  2.858962E-13
1459.74069494039  2.555060E-13
1461.18835186093  2.349533E-13
1462.63600878147  2.440314E-13
1464.083665702  2.290011E-13
1465.53132262254  2.319387E-13
1466.97897954308  2.343070E-13
1468.42663646361  2.522136E-13
1469.87429338415  2.691080E-13
1471.32195030469  2.400055E-13
1472.76960722522  2.279417E-13
1474.21726414576  2.428120E-13
1475.6649210663  2.423826E-13
1477.11257798683  2.264914E-13
1478.56023490737  2.450457E-13
1480.00789182791  2.462807E-13
1481.45554874844  2.483996E-13
1482.90320566898  2.504440E-13
1484.35086258952  2.417170E-13
1485.79851951005  2.429024E-13
1487.24617643059  2.493171E-13
1488.69383335113  2.278382E-13
1490.14149027167  2.283989E-13
1491.5891471922  2.437225E-13
1493.03680411274  2.541704E-13
1494.48446103328  2.478778E-13
1495.93211795381  2.505373E-13
1497.37977487435  2.444958E-13
1498.82743179489  2.685699E-13
1500.27508871542  2.381369E-13
1501.72274563596  2.583507E-13
1503.1704025565  2.715495E-13
1504.61805947703  2.553804E-13
1506.06571639757  2.651685E-13
1507.51337331811  2.648312E-13
1508.96103023864  2.473873E-13
1510.40868715918  2.661985E-13
1511.85634407972  2.608599E-13
1513.30400100025  2.604813E-13
1514.75165792079  2.764318E-13
1516.19931484133  2.605184E-13
1517.64697176186  2.802776E-13
1519.0946286824  2.960827E-13
1520.54228560294  2.971194E-13
1521.98994252347  2.754869E-13
1523.43759944401  2.988841E-13
1524.88525636455  3.007293E-13
1526.33291328509  3.131766E-13
1527.78057020562  3.281632E-13
1529.22822712616  3.153350E-13
1530.6758840467  3.132416E-13
1532.12354096723  3.200746E-13
1533.57119788777  3.488471E-13
1535.01885480831  3.763408E-13
1536.46651172884  3.810483E-13
1537.91416864938  3.919736E-13
1539.36182556992  4.325061E-13
1540.80948249045  4.344236E-13
1542.25713941099  4.278846E-13
1543.70479633153  4.280159E-13
1545.15245325206  4.250074E-13
1546.6001101726  4.374487E-13
1548.04776709314  4.287224E-13
1549.49542401367  3.959409E-13
1550.94308093421  4.114429E-13
1552.39073785475  4.006832E-13
1553.83839477528  3.850705E-13
1555.28605169582  3.728672E-13
1556.73370861636  3.814927E-13
1558.18136553689  3.685170E-13
1559.62902245743  3.518229E-13
1561.07667937797  3.146594E-13
1562.5243362985  2.971786E-13
1563.97199321904  3.135039E-13
1565.41965013958  3.123962E-13
1566.86730706012  3.048161E-13
1568.31496398065  2.957811E-13
1569.76262090119  2.759348E-13
1571.21027782173  2.704676E-13
1572.65793474226  2.657239E-13
1574.1055916628  2.427473E-13
1575.55324858334  2.607282E-13
1577.00090550387  2.574888E-13
1578.44856242441  2.629228E-13
1579.89621934495  2.776708E-13
1581.34387626548  2.626907E-13
1582.79153318602  2.669632E-13
1584.23919010656  2.688644E-13
1585.68684702709  2.513467E-13
1587.13450394763  2.444785E-13
1588.58216086817  2.472128E-13
1590.0298177887  2.590493E-13
1591.47747470924  2.402507E-13
1592.92513162978  2.355424E-13
1594.37278855031  2.465896E-13
1595.82044547085  2.344424E-13
1597.26810239139  2.393584E-13
1598.71575931192  2.400821E-13
1600.16341623246  2.353793E-13
1601.611073153  2.355514E-13
1603.05873007354  2.364394E-13
1604.50638699407  2.379400E-13
1605.95404391461  2.342805E-13
1607.40170083515  2.489131E-13
1608.84935775568  2.602233E-13
1610.29701467622  2.497270E-13
1611.74467159676  2.470567E-13
1613.19232851729  2.282603E-13
1614.63998543783  2.379375E-13
1616.08764235837  2.427731E-13
1617.5352992789  2.503714E-13
1618.98295619944  2.578202E-13
1620.43061311998  2.497715E-13
1621.87827004051  2.465680E-13
1623.32592696105  2.517439E-13
1624.77358388159  2.581926E-13
1626.22124080212  2.539252E-13
1627.66889772266  2.522931E-13
1629.1165546432  2.606055E-13
1630.56421156373  2.668670E-13
1632.01186848427  2.748361E-13
1633.45952540481  2.752567E-13
1634.90718232534  2.615028E-13
1636.35483924588  2.599070E-13
1637.80249616642  2.497305E-13
1639.25015308695  2.480512E-13
1640.69781000749  2.336431E-13
1642.14546692803  2.294297E-13
1643.59312384857  2.355615E-13
1645.0407807691  2.368688E-13
1646.48843768964  2.357664E-13
1647.93609461018  2.347502E-13
1649.38375153071  2.464742E-13
1650.83140845125  2.592129E-13
1652.27906537179  2.477615E-13
1653.72672229232  2.531430E-13
1655.17437921286  2.473559E-13
1656.6220361334  2.457371E-13
1658.06969305393  2.507582E-13
1659.51734997447  2.621479E-13
1660.96500689501  2.604904E-13
1662.41266381554  2.390069E-13
1663.86032073608  2.434703E-13
1665.30797765662  2.404304E-13
1666.75563457715  2.289187E-13
1668.20329149769  2.311808E-13
1669.65094841823  2.258985E-13
1671.09860533876  2.335015E-13
1672.5462622593  2.281175E-13
1673.99391917984  2.350347E-13
1675.44157610038  2.393402E-13
1676.88923302091  2.442127E-13
1678.33688994145  2.285831E-13
1679.78454686199  2.266254E-13
1681.23220378252  2.272283E-13
1682.67986070306  2.272203E-13
1684.1275176236  2.234302E-13
1685.57517454413  2.255520E-13
1687.02283146467  2.216683E-13
1688.47048838521  2.129289E-13
1689.91814530574  2.132765E-13
1691.36580222628  2.203885E-13
1692.81345914682  2.165716E-13
1694.26111606735  2.109885E-13
1695.70877298789  2.079491E-13
1697.15642990843  2.226562E-13
1698.60408682896  2.274318E-13
1700.0517437495  2.265103E-13
1701.49940067004  2.297028E-13
1702.94705759057  2.271581E-13
1704.39471451111  2.196385E-13
1705.84237143165  2.198048E-13
1707.29002835218  2.239197E-13
1708.73768527272  2.165557E-13
1710.18534219326  0.
1711.63299911379  0.
1713.08065603433  0.
1714.52831295487  0.
1715.97596987541  0.
1717.42362679594  0.
1718.87128371648  0.
1720.31894063702  0.
1721.76659755755  0.
1723.21425447809  0.
1724.66191139863  0.
1726.10956831916  0.
1727.5572252397  0.
1729.00488216024  0.
1730.45253908077  0.
1731.90019600131  0.
1733.34785292185  0.
1734.79550984238  0.
1736.24316676292  0.
1737.69082368346  0.
1739.13848060399  0.
1740.58613752453  0.
1742.03379444507  0.
1743.4814513656  0.
1744.92910828614  0.
1746.37676520668  0.
1747.82442212721  0.
1749.27207904775  0.
1750.71973596829  0.
1752.16739288882  0.
1753.61504980936  0.
1755.0627067299  0.
1756.51036365043  0.
1757.95802057097  0.
1759.40567749151  0.
1760.85333441205  0.
1762.30099133258  0.
1763.74864825312  0.
1765.19630517366  0.
1766.64396209419  0.
1768.09161901473  0.
1769.53927593527  0.
1770.9869328558  0.
1772.43458977634  0.
1773.88224669688  0.
1775.32990361741  0.
1776.77756053795  0.
1778.22521745849  0.
1779.67287437902  0.
1781.12053129956  0.
1782.5681882201  0.
1784.01584514063  0.
1785.46350206117  0.
1786.91115898171  0.
1788.35881590224  0.
1789.80647282278  0.
1791.25412974332  0.
1792.70178666385  0.
1794.14944358439  0.
1795.59710050493  0.
1797.04475742547  0.
1798.492414346  0.
1799.94007126654  0.
1801.38772818708  0.
1802.83538510761  0.
1804.28304202815  0.
1805.73069894869  0.
1807.17835586922  0.
1808.62601278976  0.
1810.0736697103  0.
1811.52132663083  0.
1812.96898355137  0.
1814.41664047191  0.
1815.86429739244  0.
1817.31195431298  0.
1818.75961123352  0.
1820.20726815405  0.
1821.65492507459  0.
1823.10258199513  0.
1824.55023891566  0.
1825.9978958362  0.
1827.44555275674  0.
1828.89320967727  0.
1830.34086659781  0.
1831.78852351835  0.
