906.735751295338  0.
908.183408215875  0.
909.631065136412  0.
911.078722056949  0.
912.526378977485  0.
913.974035898022  0.
915.421692818559  0.
916.869349739096  0.
918.317006659633  0.
919.764663580169  0.
921.212320500706  0.
922.659977421243  0.
924.10763434178  0.
925.555291262316  0.
927.002948182853  0.
928.45060510339  0.
929.898262023927  0.
931.345918944464  0.
932.793575865  0.
934.241232785537  0.
935.688889706074  0.
937.136546626611  0.
938.584203547148  0.
940.031860467684  0.
941.479517388221  0.
942.927174308758  0.
944.374831229295  0.
945.822488149832  0.
947.270145070369  0.
948.717801990905  0.
950.165458911442  0.
951.613115831979  0.
953.060772752515  0.
954.508429673052  0.
955.956086593589  0.
957.403743514126  0.
958.851400434663  0.
960.2990573552  0.
961.746714275736  0.
963.194371196273  0.
964.64202811681  0.
966.089685037347  0.
967.537341957883  0.
968.98499887842  0.
970.432655798957  0.
971.880312719494  0.
973.327969640031  0.
974.775626560567  0.
976.223283481104  0.
977.670940401641  0.
979.118597322178  0.
980.566254242715  0.
982.013911163251  0.
983.461568083788  0.
984.909225004325  0.
986.356881924862  0.
987.804538845399  0.
989.252195765935  0.
990.699852686472  0.
992.147509607009  0.
993.595166527546  1.087135E-13
995.042823448082  3.776225E-13
996.490480368619  2.519078E-13
997.938137289156  4.761905E-13
999.385794209693  4.994211E-13
1000.83345113023  5.415139E-13
1002.28110805077  5.168815E-13
1003.7287649713  4.505080E-13
1005.17642189184  4.608163E-13
1006.62407881238  5.437748E-13
1008.07173573291  4.663280E-13
1009.51939265345  5.685539E-13
1010.96704957399  4.345603E-13
1012.41470649452  3.320915E-13
1013.86236341506  4.705600E-13
1015.3100203356  5.321409E-13
1016.75767725613  3.460568E-13
1018.20533417667  4.474335E-13
1019.65299109721  4.476382E-13
1021.10064801775  4.782188E-13
1022.54830493828  4.182965E-13
1023.99596185882  4.523112E-13
1025.44361877936  5.706307E-13
1026.89127569989  4.625682E-13
1028.33893262043  5.295299E-13
1029.78658954097  5.670734E-13
1031.2342464615  5.630013E-13
1032.68190338204  4.434955E-13
1034.12956030258  4.858274E-13
1035.57721722311  5.460167E-13
1037.02487414365  4.934669E-13
1038.47253106419  4.043573E-13
1039.92018798472  4.060499E-13
1041.36784490526  4.157194E-13
1042.8155018258  3.796113E-13
1044.26315874633  3.968017E-13
1045.71081566687  6.133530E-13
1047.15847258741  6.848014E-13
1048.60612950794  6.014380E-13
1050.05378642848  4.599945E-13
1051.50144334902  3.698652E-13
1052.94910026955  3.560275E-13
1054.39675719009  3.956716E-13
1055.84441411063  3.864166E-13
1057.29207103116  2.927967E-13
1058.7397279517  2.953310E-13
1060.18738487224  3.509056E-13
1061.63504179277  3.596335E-13
1063.08269871331  3.624145E-13
1064.53035563385  3.420699E-13
1065.97801255439  3.731357E-13
1067.42566947492  3.789359E-13
1068.87332639546  3.797799E-13
1070.320983316  4.078499E-13
1071.76864023653  3.404829E-13
1073.21629715707  4.146016E-13
1074.66395407761  3.753262E-13
1076.11161099814  4.127204E-13
1077.55926791868  3.962209E-13
1079.00692483922  3.993760E-13
1080.45458175975  3.613591E-13
1081.90223868029  3.665287E-13
1083.34989560083  3.354675E-13
1084.79755252136  3.348200E-13
1086.2452094419  3.195304E-13
1087.69286636244  3.281889E-13
1089.14052328297  2.993963E-13
1090.58818020351  3.082874E-13
1092.03583712405  2.938844E-13
1093.48349404458  3.074365E-13
1094.93115096512  3.253458E-13
1096.37880788566  3.041829E-13
1097.82646480619  3.327260E-13
1099.27412172673  3.272761E-13
1100.72177864727  3.182163E-13
1102.1694355678  3.226789E-13
1103.61709248834  3.014188E-13
1105.06474940888  3.119955E-13
1106.51240632942  3.104545E-13
1107.96006324995  3.172131E-13
1109.40772017049  3.122899E-13
1110.85537709103  3.201566E-13
1112.30303401156  3.619996E-13
1113.7506909321  3.685983E-13
1115.19834785264  3.229932E-13
1116.64600477317  3.340601E-13
1118.09366169371  3.390321E-13
1119.54131861425  3.014260E-13
1120.98897553478  3.070505E-13
1122.43663245532  2.988296E-13
1123.88428937586  3.137665E-13
1125.33194629639  2.990311E-13
1126.77960321693  2.748950E-13
1128.22726013747  2.542764E-13
1129.674917058  3.036635E-13
1131.12257397854  3.866802E-13
1132.57023089908  3.254839E-13
1134.01788781961  3.525028E-13
1135.46554474015  3.590473E-13
1136.91320166069  3.185698E-13
1138.36085858122  3.088650E-13
1139.80851550176  3.110929E-13
1141.2561724223  3.422918E-13
1142.70382934284  3.499596E-13
1144.15148626337  3.431362E-13
1145.59914318391  3.120129E-13
1147.04680010445  3.528188E-13
1148.49445702498  3.329327E-13
1149.94211394552  3.326140E-13
1151.38977086606  3.140972E-13
1152.83742778659  2.990820E-13
1154.28508470713  2.533284E-13
1155.73274162767  2.649064E-13
1157.1803985482  3.264077E-13
1158.62805546874  3.382390E-13
1160.07571238928  3.348872E-13
1161.52336930981  3.188414E-13
1162.97102623035  3.069589E-13
1164.41868315089  3.214752E-13
1165.86634007142  3.424802E-13
1167.31399699196  3.502262E-13
1168.7616539125  3.421822E-13
1170.20931083303  3.225809E-13
1171.65696775357  3.779347E-13
1173.10462467411  3.703689E-13
1174.55228159464  3.372918E-13
1175.99993851518  3.484530E-13
1177.44759543572  4.001729E-13
1178.89525235625  3.932829E-13
1180.34290927679  3.661356E-13
1181.79056619733  4.182171E-13
1183.23822311787  3.917245E-13
1184.6858800384  3.952882E-13
1186.13353695894  4.040160E-13
1187.58119387948  3.848529E-13
1189.02885080001  3.864792E-13
1190.47650772055  4.074906E-13
1191.92416464109  4.448898E-13
1193.37182156162  5.002340E-13
1194.81947848216  4.890773E-13
1196.2671354027  4.557283E-13
1197.71479232323  4.895712E-13
1199.16244924377  4.914597E-13
1200.61010616431  5.570693E-13
1202.05776308484  5.374063E-13
1203.50542000538  5.693879E-13
1204.95307692592  5.401105E-13
1206.40073384645  6.435264E-13
1207.84839076699  7.205530E-13
1209.29604768753  8.701527E-13
1210.74370460806  9.077608E-13
1212.1913615286  9.508526E-13
1213.63901844914  9.755249E-13
1215.08667536967  1.209704E-12
1216.53433229021  1.243895E-12
1217.98198921075  1.206709E-12
1219.42964613129  1.057775E-12
1220.87730305182  9.590374E-13
1222.32495997236  7.477165E-13
1223.7726168929  6.078071E-13
1225.22027381343  6.038139E-13
1226.66793073397  5.667878E-13
1228.11558765451  5.552053E-13
1229.56324457504  5.299044E-13
1231.01090149558  4.849894E-13
1232.45855841612  5.001421E-13
1233.90621533665  5.047698E-13
1235.35387225719  5.655181E-13
1236.80152917773  5.210378E-13
1238.24918609826  5.656996E-13
1239.6968430188  5.234629E-13
1241.14449993934  5.043229E-13
1242.59215685987  4.583845E-13
1244.03981378041  4.947195E-13
1245.48747070095  4.809320E-13
1246.93512762148  4.235203E-13
1248.38278454202  4.528843E-13
1249.83044146256  4.477463E-13
1251.27809838309  3.963806E-13
1252.72575530363  4.021497E-13
1254.17341222417  3.798509E-13
1255.62106914471  3.982529E-13
1257.06872606524  3.477789E-13
1258.51638298578  3.816445E-13
1259.96403990632  3.468043E-13
1261.41169682685  3.383916E-13
1262.85935374739  3.568610E-13
1264.30701066793  3.316614E-13
1265.75466758846  3.140482E-13
1267.202324509  2.933231E-13
1268.64998142954  2.952826E-13
1270.09763835007  2.846336E-13
1271.54529527061  3.003383E-13
1272.99295219115  3.294043E-13
1274.44060911168  3.393998E-13
1275.88826603222  2.991103E-13
1277.33592295276  2.934270E-13
1278.78357987329  3.115627E-13
1280.23123679383  3.011102E-13
1281.67889371437  3.016272E-13
1283.1265506349  2.593719E-13
1284.57420755544  2.921002E-13
1286.02186447598  2.863697E-13
1287.46952139651  3.079920E-13
1288.91717831705  3.293094E-13
1290.36483523759  3.066022E-13
1291.81249215812  3.214640E-13
1293.26014907866  2.886538E-13
1294.7078059992  2.907808E-13
1296.15546291974  2.732795E-13
1297.60311984027  2.952944E-13
1299.05077676081  2.992556E-13
1300.49843368135  3.133646E-13
1301.94609060188  3.283050E-13
1303.39374752242  3.025637E-13
1304.84140444296  2.979144E-13
1306.28906136349  3.081010E-13
1307.73671828403  2.749728E-13
1309.18437520457  2.881525E-13
1310.6320321251  3.196321E-13
1312.07968904564  3.047273E-13
1313.52734596618  2.902331E-13
1314.97500288671  2.976847E-13
1316.42265980725  2.749916E-13
1317.87031672779  2.527142E-13
1319.31797364832  2.570073E-13
1320.76563056886  2.571670E-13
1322.2132874894  2.648399E-13
1323.66094440993  3.024380E-13
1325.10860133047  2.827204E-13
1326.55625825101  2.833225E-13
1328.00391517154  2.830214E-13
1329.45157209208  3.029554E-13
1330.89922901262  3.246633E-13
1332.34688593315  3.078262E-13
1333.79454285369  3.098130E-13
1335.24219977423  2.840957E-13
1336.68985669477  2.772427E-13
1338.1375136153  2.158780E-13
1339.58517053584  2.775648E-13
1341.03282745638  2.711416E-13
1342.48048437691  2.785035E-13
1343.92814129745  2.720443E-13
1345.37579821799  2.569515E-13
1346.82345513852  2.651210E-13
1348.27111205906  2.851223E-13
1349.7187689796  2.435621E-13
1351.16642590013  3.006225E-13
1352.61408282067  2.820347E-13
1354.06173974121  2.604488E-13
1355.50939666174  2.790221E-13
1356.95705358228  2.890396E-13
1358.40471050282  2.838356E-13
1359.85236742335  3.001899E-13
1361.30002434389  2.924254E-13
1362.74768126443  3.209940E-13
1364.19533818496  2.997258E-13
1365.6429951055  2.550490E-13
1367.09065202604  2.519122E-13
1368.53830894657  3.104410E-13
1369.98596586711  2.830491E-13
1371.43362278765  2.570179E-13
1372.88127970819  2.949152E-13
1374.32893662872  2.617409E-13
1375.77659354926  2.542106E-13
1377.2242504698  2.231664E-13
1378.67190739033  2.693399E-13
1380.11956431087  2.744009E-13
1381.56722123141  3.179426E-13
1383.01487815194  2.732895E-13
1384.46253507248  2.938994E-13
1385.91019199302  2.780217E-13
1387.35784891355  2.902577E-13
1388.80550583409  3.149787E-13
1390.25316275463  2.886854E-13
1391.70081967516  2.603606E-13
1393.1484765957  2.476987E-13
1394.59613351624  2.784731E-13
1396.04379043677  3.224258E-13
1397.49144735731  3.137115E-13
1398.93910427785  3.197315E-13
1400.38676119838  2.843698E-13
1401.83441811892  3.356663E-13
1403.28207503946  3.345334E-13
1404.72973195999  2.817335E-13
1406.17738888053  2.919401E-13
1407.62504580107  2.919631E-13
1409.0727027216  3.092142E-13
1410.52035964214  2.770654E-13
1411.96801656268  2.717959E-13
1413.41567348322  3.078688E-13
1414.86333040375  2.606902E-13
1416.31098732429  2.649708E-13
1417.75864424483  2.570574E-13
1419.20630116536  2.565028E-13
1420.6539580859  2.477948E-13
1422.10161500644  2.516609E-13
1423.54927192697  2.501918E-13
1424.99692884751  2.651917E-13
1426.44458576805  2.704031E-13
1427.89224268858  2.562590E-13
1429.33989960912  2.406971E-13
1430.78755652966  2.602492E-13
1432.23521345019  2.559167E-13
1433.68287037073  2.829092E-13
1435.13052729127  2.258709E-13
1436.5781842118  2.546524E-13
1438.02584113234  2.567678E-13
1439.47349805288  2.595074E-13
1440.92115497341  2.822922E-13
1442.36881189395  2.224747E-13
1443.81646881449  1.905819E-13
1445.26412573502  2.243426E-13
1446.71178265556  2.405082E-13
1448.1594395761  2.610820E-13
1449.60709649664  2.646411E-13
1451.05475341717  2.285990E-13
1452.50241033771  2.582990E-13
1453.95006725825  2.484818E-13
1455.39772417878  2.613382E-13
1456.84538109932  2.530883E-13
1458.29303801986  2.310674E-13
1459.74069494039  2.234042E-13
1461.18835186093  2.399577E-13
1462.63600878147  2.154478E-13
1464.083665702  2.254734E-13
1465.53132262254  2.403645E-13
1466.97897954308  2.319197E-13
1468.42663646361  2.496015E-13
1469.87429338415  2.399591E-13
1471.32195030469  2.210644E-13
1472.76960722522  2.220557E-13
1474.21726414576  2.188322E-13
1475.6649210663  2.372531E-13
1477.11257798683  2.393220E-13
1478.56023490737  2.170667E-13
1480.00789182791  2.316590E-13
1481.45554874844  2.127567E-13
1482.90320566898  2.149809E-13
1484.35086258952  2.362173E-13
1485.79851951005  2.411561E-13
1487.24617643059  2.288903E-13
1488.69383335113  2.276561E-13
1490.14149027167  2.177208E-13
1491.5891471922  2.403885E-13
1493.03680411274  2.181449E-13
1494.48446103328  2.576587E-13
1495.93211795381  2.387107E-13
1497.37977487435  2.390664E-13
1498.82743179489  2.452323E-13
1500.27508871542  2.665962E-13
1501.72274563596  2.526504E-13
1503.1704025565  2.457405E-13
1504.61805947703  2.361743E-13
1506.06571639757  2.509301E-13
1507.51337331811  2.453944E-13
1508.96103023864  2.670302E-13
1510.40868715918  2.697490E-13
1511.85634407972  2.808513E-13
1513.30400100025  2.659905E-13
1514.75165792079  2.806260E-13
1516.19931484133  2.637209E-13
1517.64697176186  2.860535E-13
1519.0946286824  2.958667E-13
1520.54228560294  2.955686E-13
1521.98994252347  3.047868E-13
1523.43759944401  2.964121E-13
1524.88525636455  2.941573E-13
1526.33291328509  3.003702E-13
1527.78057020562  3.258680E-13
1529.22822712616  2.940968E-13
1530.6758840467  2.903167E-13
1532.12354096723  3.127630E-13
1533.57119788777  3.491004E-13
1535.01885480831  3.421147E-13
1536.46651172884  3.404770E-13
1537.91416864938  3.675325E-13
1539.36182556992  3.993201E-13
1540.80948249045  3.908999E-13
1542.25713941099  4.310881E-13
1543.70479633153  4.384036E-13
1545.15245325206  4.666866E-13
1546.6001101726  4.718653E-13
1548.04776709314  4.893668E-13
1549.49542401367  4.379136E-13
1550.94308093421  4.334991E-13
1552.39073785475  4.165369E-13
1553.83839477528  4.239244E-13
1555.28605169582  3.755643E-13
1556.73370861636  3.504098E-13
1558.18136553689  3.363515E-13
1559.62902245743  3.340645E-13
1561.07667937797  2.984933E-13
1562.5243362985  2.917164E-13
1563.97199321904  3.063017E-13
1565.41965013958  3.093406E-13
1566.86730706012  2.786673E-13
1568.31496398065  2.907877E-13
1569.76262090119  2.784166E-13
1571.21027782173  2.588577E-13
1572.65793474226  2.562457E-13
1574.1055916628  2.620383E-13
1575.55324858334  2.690760E-13
1577.00090550387  2.573264E-13
1578.44856242441  2.547309E-13
1579.89621934495  2.635392E-13
1581.34387626548  2.582861E-13
1582.79153318602  2.606057E-13
1584.23919010656  2.545632E-13
1585.68684702709  2.296614E-13
1587.13450394763  2.258298E-13
1588.58216086817  2.235740E-13
1590.0298177887  2.385044E-13
1591.47747470924  2.268141E-13
1592.92513162978  2.381003E-13
1594.37278855031  2.493280E-13
1595.82044547085  2.523820E-13
1597.26810239139  2.447504E-13
1598.71575931192  2.359561E-13
1600.16341623246  2.520678E-13
1601.611073153  2.394862E-13
1603.05873007354  2.396997E-13
1604.50638699407  2.350463E-13
1605.95404391461  2.328737E-13
1607.40170083515  2.320444E-13
1608.84935775568  2.358996E-13
1610.29701467622  2.399269E-13
1611.74467159676  2.339317E-13
1613.19232851729  2.270930E-13
1614.63998543783  2.250590E-13
1616.08764235837  2.385401E-13
1617.5352992789  2.436699E-13
1618.98295619944  2.576674E-13
1620.43061311998  2.518659E-13
1621.87827004051  2.371548E-13
1623.32592696105  2.309862E-13
1624.77358388159  2.249161E-13
1626.22124080212  2.287699E-13
1627.66889772266  2.353659E-13
1629.1165546432  2.365940E-13
1630.56421156373  2.458901E-13
1632.01186848427  2.383703E-13
1633.45952540481  2.382360E-13
1634.90718232534  2.359922E-13
1636.35483924588  2.259452E-13
1637.80249616642  2.362176E-13
1639.25015308695  2.460400E-13
1640.69781000749  2.412209E-13
1642.14546692803  2.378898E-13
1643.59312384857  2.348975E-13
1645.0407807691  2.343983E-13
1646.48843768964  2.361793E-13
1647.93609461018  2.267654E-13
1649.38375153071  2.332062E-13
1650.83140845125  2.385087E-13
1652.27906537179  2.495418E-13
1653.72672229232  2.458554E-13
1655.17437921286  2.313109E-13
1656.6220361334  2.315312E-13
1658.06969305393  2.393127E-13
1659.51734997447  2.552319E-13
1660.96500689501  2.624991E-13
1662.41266381554  2.574831E-13
1663.86032073608  2.489103E-13
1665.30797765662  2.389537E-13
1666.75563457715  2.341598E-13
1668.20329149769  2.309655E-13
1669.65094841823  2.224381E-13
1671.09860533876  2.298957E-13
1672.5462622593  2.300150E-13
1673.99391917984  2.257813E-13
1675.44157610038  2.199761E-13
1676.88923302091  2.146101E-13
1678.33688994145  2.139517E-13
1679.78454686199  2.113292E-13
1681.23220378252  1.960433E-13
1682.67986070306  1.938720E-13
1684.1275176236  1.966309E-13
1685.57517454413  1.919162E-13
1687.02283146467  1.983984E-13
1688.47048838521  1.958743E-13
1689.91814530574  1.874180E-13
1691.36580222628  1.907285E-13
1692.81345914682  1.957606E-13
1694.26111606735  2.026375E-13
1695.70877298789  1.986178E-13
1697.15642990843  2.242935E-13
1698.60408682896  2.288297E-13
1700.0517437495  2.207139E-13
1701.49940067004  2.125879E-13
1702.94705759057  2.107675E-13
1704.39471451111  2.028063E-13
1705.84237143165  1.953293E-13
1707.29002835218  1.849472E-13
1708.73768527272  1.824688E-13
1710.18534219326  0.
1711.63299911379  0.
1713.08065603433  0.
1714.52831295487  0.
1715.97596987541  0.
1717.42362679594  0.
1718.87128371648  0.
1720.31894063702  0.
1721.76659755755  0.
1723.21425447809  0.
1724.66191139863  0.
1726.10956831916  0.
1727.5572252397  0.
1729.00488216024  0.
1730.45253908077  0.
1731.90019600131  0.
1733.34785292185  0.
1734.79550984238  0.
1736.24316676292  0.
1737.69082368346  0.
1739.13848060399  0.
1740.58613752453  0.
1742.03379444507  0.
1743.4814513656  0.
1744.92910828614  0.
1746.37676520668  0.
1747.82442212721  0.
1749.27207904775  0.
1750.71973596829  0.
1752.16739288882  0.
1753.61504980936  0.
1755.0627067299  0.
1756.51036365043  0.
1757.95802057097  0.
1759.40567749151  0.
1760.85333441205  0.
1762.30099133258  0.
1763.74864825312  0.
1765.19630517366  0.
1766.64396209419  0.
1768.09161901473  0.
1769.53927593527  0.
1770.9869328558  0.
1772.43458977634  0.
1773.88224669688  0.
1775.32990361741  0.
1776.77756053795  0.
1778.22521745849  0.
1779.67287437902  0.
1781.12053129956  0.
1782.5681882201  0.
1784.01584514063  0.
1785.46350206117  0.
1786.91115898171  0.
1788.35881590224  0.
1789.80647282278  0.
1791.25412974332  0.
1792.70178666385  0.
1794.14944358439  0.
1795.59710050493  0.
1797.04475742547  0.
1798.492414346  0.
1799.94007126654  0.
1801.38772818708  0.
1802.83538510761  0.
1804.28304202815  0.
1805.73069894869  0.
1807.17835586922  0.
1808.62601278976  0.
1810.0736697103  0.
1811.52132663083  0.
1812.96898355137  0.
1814.41664047191  0.
1815.86429739244  0.
1817.31195431298  0.
1818.75961123352  0.
1820.20726815405  0.
1821.65492507459  0.
1823.10258199513  0.
1824.55023891566  0.
1825.9978958362  0.
1827.44555275674  0.
1828.89320967727  0.
1830.34086659781  0.
1831.78852351835  0.
