906.735751295338  0.
908.183408215875  0.
909.631065136412  0.
911.078722056949  0.
912.526378977485  0.
913.974035898022  0.
915.421692818559  0.
916.869349739096  0.
918.317006659633  0.
919.764663580169  0.
921.212320500706  0.
922.659977421243  0.
924.10763434178  0.
925.555291262316  0.
927.002948182853  0.
928.45060510339  0.
929.898262023927  0.
931.345918944464  0.
932.793575865  0.
934.241232785537  0.
935.688889706074  0.
937.136546626611  0.
938.584203547148  0.
940.031860467684  0.
941.479517388221  0.
942.927174308758  0.
944.374831229295  0.
945.822488149832  0.
947.270145070369  0.
948.717801990905  0.
950.165458911442  0.
951.613115831979  0.
953.060772752515  0.
954.508429673052  0.
955.956086593589  0.
957.403743514126  0.
958.851400434663  0.
960.2990573552  0.
961.746714275736  0.
963.194371196273  0.
964.64202811681  0.
966.089685037347  0.
967.537341957883  0.
968.98499887842  0.
970.432655798957  0.
971.880312719494  0.
973.327969640031  0.
974.775626560567  0.
976.223283481104  0.
977.670940401641  0.
979.118597322178  0.
980.566254242715  0.
982.013911163251  0.
983.461568083788  0.
984.909225004325  0.
986.356881924862  0.
987.804538845399  0.
989.252195765935  0.
990.699852686472  0.
992.147509607009  0.
993.595166527546  2.832448E-13
995.042823448082  3.362509E-13
996.490480368619  4.202248E-13
997.938137289156  4.582559E-13
999.385794209693  4.183091E-13
1000.83345113023  3.492986E-13
1002.28110805077  3.697085E-13
1003.7287649713  4.665729E-13
1005.17642189184  4.174043E-13
1006.62407881238  3.764555E-13
1008.07173573291  3.366200E-13
1009.51939265345  3.676975E-13
1010.96704957399  3.725404E-13
1012.41470649452  4.109633E-13
1013.86236341506  3.880959E-13
1015.3100203356  3.687195E-13
1016.75767725613  3.779282E-13
1018.20533417667  3.852192E-13
1019.65299109721  4.003725E-13
1021.10064801775  4.234972E-13
1022.54830493828  4.085506E-13
1023.99596185882  4.175870E-13
1025.44361877936  4.843119E-13
1026.89127569989  4.401586E-13
1028.33893262043  4.263543E-13
1029.78658954097  4.422863E-13
1031.2342464615  4.320141E-13
1032.68190338204  4.529624E-13
1034.12956030258  5.103008E-13
1035.57721722311  4.909521E-13
1037.02487414365  4.083272E-13
1038.47253106419  4.187413E-13
1039.92018798472  4.313277E-13
1041.36784490526  4.400296E-13
1042.8155018258  4.924691E-13
1044.26315874633  5.381266E-13
1045.71081566687  7.950053E-13
1047.15847258741  1.849650E-12
1048.60612950794  1.511621E-12
1050.05378642848  1.423130E-12
1051.50144334902  1.406311E-12
1052.94910026955  3.653944E-13
1054.39675719009  2.978637E-13
1055.84441411063  2.731956E-13
1057.29207103116  2.452573E-13
1058.7397279517  2.772739E-13
1060.18738487224  3.098826E-13
1061.63504179277  3.178624E-13
1063.08269871331  3.023462E-13
1064.53035563385  3.451708E-13
1065.97801255439  4.211893E-13
1067.42566947492  3.595949E-13
1068.87332639546  3.495241E-13
1070.320983316  3.770665E-13
1071.76864023653  3.377709E-13
1073.21629715707  3.789531E-13
1074.66395407761  2.876983E-13
1076.11161099814  3.172731E-13
1077.55926791868  3.222424E-13
1079.00692483922  3.349429E-13
1080.45458175975  3.177272E-13
1081.90223868029  3.293532E-13
1083.34989560083  3.014618E-13
1084.79755252136  3.136324E-13
1086.2452094419  3.063209E-13
1087.69286636244  3.151358E-13
1089.14052328297  2.456936E-13
1090.58818020351  2.600688E-13
1092.03583712405  2.579044E-13
1093.48349404458  2.900139E-13
1094.93115096512  3.120459E-13
1096.37880788566  2.696165E-13
1097.82646480619  3.267918E-13
1099.27412172673  2.968233E-13
1100.72177864727  3.091764E-13
1102.1694355678  3.119514E-13
1103.61709248834  2.790792E-13
1105.06474940888  2.963174E-13
1106.51240632942  2.930510E-13
1107.96006324995  3.298885E-13
1109.40772017049  3.214125E-13
1110.85537709103  3.313094E-13
1112.30303401156  3.570970E-13
1113.7506909321  2.709063E-13
1115.19834785264  2.947136E-13
1116.64600477317  2.982627E-13
1118.09366169371  3.014589E-13
1119.54131861425  2.935191E-13
1120.98897553478  3.371368E-13
1122.43663245532  2.801920E-13
1123.88428937586  2.838611E-13
1125.33194629639  3.437862E-13
1126.77960321693  2.760518E-13
1128.22726013747  2.610725E-13
1129.674917058  2.607823E-13
1131.12257397854  2.524688E-13
1132.57023089908  2.729854E-13
1134.01788781961  2.714353E-13
1135.46554474015  2.860447E-13
1136.91320166069  2.532800E-13
1138.36085858122  2.754575E-13
1139.80851550176  2.976083E-13
1141.2561724223  3.029774E-13
1142.70382934284  2.762274E-13
1144.15148626337  2.903564E-13
1145.59914318391  2.716674E-13
1147.04680010445  2.648126E-13
1148.49445702498  2.283121E-13
1149.94211394552  3.308519E-13
1151.38977086606  2.935139E-13
1152.83742778659  2.714430E-13
1154.28508470713  2.536915E-13
1155.73274162767  2.193740E-13
1157.1803985482  2.596795E-13
1158.62805546874  2.766787E-13
1160.07571238928  2.907529E-13
1161.52336930981  3.116330E-13
1162.97102623035  2.666105E-13
1164.41868315089  2.920806E-13
1165.86634007142  3.087416E-13
1167.31399699196  3.140841E-13
1168.7616539125  3.093903E-13
1170.20931083303  3.127820E-13
1171.65696775357  3.261024E-13
1173.10462467411  3.223732E-13
1174.55228159464  3.020855E-13
1175.99993851518  3.264183E-13
1177.44759543572  3.081461E-13
1178.89525235625  3.028111E-13
1180.34290927679  2.909608E-13
1181.79056619733  3.441903E-13
1183.23822311787  3.526241E-13
1184.6858800384  3.437140E-13
1186.13353695894  3.608540E-13
1187.58119387948  3.713614E-13
1189.02885080001  3.936790E-13
1190.47650772055  3.219696E-13
1191.92416464109  3.826151E-13
1193.37182156162  3.963300E-13
1194.81947848216  3.633974E-13
1196.2671354027  5.121621E-13
1197.71479232323  3.266327E-13
1199.16244924377  4.062873E-13
1200.61010616431  5.216995E-13
1202.05776308484  5.757710E-13
1203.50542000538  4.855583E-13
1204.95307692592  4.972241E-13
1206.40073384645  4.257200E-13
1207.84839076699  6.269421E-13
1209.29604768753  5.998624E-13
1210.74370460806  6.397750E-13
1212.1913615286  7.257458E-13
1213.63901844914  8.047566E-13
1215.08667536967  9.200336E-13
1216.53433229021  9.095118E-13
1217.98198921075  8.869965E-13
1219.42964613129  7.492852E-13
1220.87730305182  7.980356E-13
1222.32495997236  5.892290E-13
1223.7726168929  4.862146E-13
1225.22027381343  7.407599E-13
1226.66793073397  5.973612E-13
1228.11558765451  5.582635E-13
1229.56324457504  5.819814E-13
1231.01090149558  5.134811E-13
1232.45855841612  4.924774E-13
1233.90621533665  4.460994E-13
1235.35387225719  4.577681E-13
1236.80152917773  4.171492E-13
1238.24918609826  3.940318E-13
1239.6968430188  5.054114E-13
1241.14449993934  5.237962E-13
1242.59215685987  4.156972E-13
1244.03981378041  4.083640E-13
1245.48747070095  4.058649E-13
1246.93512762148  4.003061E-13
1248.38278454202  3.886223E-13
1249.83044146256  3.977844E-13
1251.27809838309  3.765419E-13
1252.72575530363  3.366492E-13
1254.17341222417  3.417735E-13
1255.62106914471  3.794182E-13
1257.06872606524  3.051427E-13
1258.51638298578  3.305241E-13
1259.96403990632  3.553026E-13
1261.41169682685  3.364776E-13
1262.85935374739  3.283406E-13
1264.30701066793  3.667561E-13
1265.75466758846  3.167565E-13
1267.202324509  3.141151E-13
1268.64998142954  3.248106E-13
1270.09763835007  2.958290E-13
1271.54529527061  3.169649E-13
1272.99295219115  2.951650E-13
1274.44060911168  3.101725E-13
1275.88826603222  3.064287E-13
1277.33592295276  2.857651E-13
1278.78357987329  2.858525E-13
1280.23123679383  2.763477E-13
1281.67889371437  2.669680E-13
1283.1265506349  2.724081E-13
1284.57420755544  2.521723E-13
1286.02186447598  3.002380E-13
1287.46952139651  2.683289E-13
1288.91717831705  2.967640E-13
1290.36483523759  2.684806E-13
1291.81249215812  2.310817E-13
1293.26014907866  2.573849E-13
1294.7078059992  2.577989E-13
1296.15546291974  2.707150E-13
1297.60311984027  2.735073E-13
1299.05077676081  2.677361E-13
1300.49843368135  2.658072E-13
1301.94609060188  2.695836E-13
1303.39374752242  2.971077E-13
1304.84140444296  2.698191E-13
1306.28906136349  2.628595E-13
1307.73671828403  2.445412E-13
1309.18437520457  2.571053E-13
1310.6320321251  2.342968E-13
1312.07968904564  2.547430E-13
1313.52734596618  2.685970E-13
1314.97500288671  2.697471E-13
1316.42265980725  2.743366E-13
1317.87031672779  2.514433E-13
1319.31797364832  2.444547E-13
1320.76563056886  2.270209E-13
1322.2132874894  2.204939E-13
1323.66094440993  2.301272E-13
1325.10860133047  2.417761E-13
1326.55625825101  2.526749E-13
1328.00391517154  2.570843E-13
1329.45157209208  2.604890E-13
1330.89922901262  2.404251E-13
1332.34688593315  2.505963E-13
1333.79454285369  2.442256E-13
1335.24219977423  2.641722E-13
1336.68985669477  2.463681E-13
1338.1375136153  2.435456E-13
1339.58517053584  2.434348E-13
1341.03282745638  2.179688E-13
1342.48048437691  2.312805E-13
1343.92814129745  2.409708E-13
1345.37579821799  2.453646E-13
1346.82345513852  2.304831E-13
1348.27111205906  2.252306E-13
1349.7187689796  2.437523E-13
1351.16642590013  2.493063E-13
1352.61408282067  2.503748E-13
1354.06173974121  2.424258E-13
1355.50939666174  2.422084E-13
1356.95705358228  2.595941E-13
1358.40471050282  2.388034E-13
1359.85236742335  2.578727E-13
1361.30002434389  2.500283E-13
1362.74768126443  2.335058E-13
1364.19533818496  2.541945E-13
1365.6429951055  2.444218E-13
1367.09065202604  2.552287E-13
1368.53830894657  2.532915E-13
1369.98596586711  2.360260E-13
1371.43362278765  2.619259E-13
1372.88127970819  2.368548E-13
1374.32893662872  2.394989E-13
1375.77659354926  2.605790E-13
1377.2242504698  2.391611E-13
1378.67190739033  2.358666E-13
1380.11956431087  2.573870E-13
1381.56722123141  2.503032E-13
1383.01487815194  2.340877E-13
1384.46253507248  2.347584E-13
1385.91019199302  2.301190E-13
1387.35784891355  2.578006E-13
1388.80550583409  2.658105E-13
1390.25316275463  2.729254E-13
1391.70081967516  2.757093E-13
1393.1484765957  2.453642E-13
1394.59613351624  3.071231E-13
1396.04379043677  2.892236E-13
1397.49144735731  3.071725E-13
1398.93910427785  3.191019E-13
1400.38676119838  3.406273E-13
1401.83441811892  3.196590E-13
1403.28207503946  3.105424E-13
1404.72973195999  2.918588E-13
1406.17738888053  2.600265E-13
1407.62504580107  2.633719E-13
1409.0727027216  2.906271E-13
1410.52035964214  2.766564E-13
1411.96801656268  2.515289E-13
1413.41567348322  2.673067E-13
1414.86333040375  2.317964E-13
1416.31098732429  2.634802E-13
1417.75864424483  2.556911E-13
1419.20630116536  2.410525E-13
1420.6539580859  2.669409E-13
1422.10161500644  2.441117E-13
1423.54927192697  2.424466E-13
1424.99692884751  2.411352E-13
1426.44458576805  2.372071E-13
1427.89224268858  2.121437E-13
1429.33989960912  2.489280E-13
1430.78755652966  2.393441E-13
1432.23521345019  2.362279E-13
1433.68287037073  2.035526E-13
1435.13052729127  2.163065E-13
1436.5781842118  2.224298E-13
1438.02584113234  2.330343E-13
1439.47349805288  2.203580E-13
1440.92115497341  2.447678E-13
1442.36881189395  2.101595E-13
1443.81646881449  2.116547E-13
1445.26412573502  1.954110E-13
1446.71178265556  1.986245E-13
1448.1594395761  2.188811E-13
1449.60709649664  2.248276E-13
1451.05475341717  2.127641E-13
1452.50241033771  2.005076E-13
1453.95006725825  2.051692E-13
1455.39772417878  2.199706E-13
1456.84538109932  2.255152E-13
1458.29303801986  2.263573E-13
1459.74069494039  2.174292E-13
1461.18835186093  2.414991E-13
1462.63600878147  2.410289E-13
1464.083665702  2.316545E-13
1465.53132262254  2.288572E-13
1466.97897954308  2.211242E-13
1468.42663646361  2.261617E-13
1469.87429338415  2.273788E-13
1471.32195030469  2.342967E-13
1472.76960722522  2.421689E-13
1474.21726414576  2.474766E-13
1475.6649210663  2.535670E-13
1477.11257798683  2.481309E-13
1478.56023490737  2.271446E-13
1480.00789182791  2.277717E-13
1481.45554874844  2.277572E-13
1482.90320566898  2.363228E-13
1484.35086258952  2.336457E-13
1485.79851951005  2.289736E-13
1487.24617643059  2.216694E-13
1488.69383335113  2.208292E-13
1490.14149027167  2.065635E-13
1491.5891471922  2.161239E-13
1493.03680411274  2.110188E-13
1494.48446103328  2.220311E-13
1495.93211795381  2.132661E-13
1497.37977487435  2.405247E-13
1498.82743179489  2.304132E-13
1500.27508871542  2.418372E-13
1501.72274563596  2.455457E-13
1503.1704025565  2.209099E-13
1504.61805947703  2.100340E-13
1506.06571639757  2.244609E-13
1507.51337331811  2.483332E-13
1508.96103023864  2.320593E-13
1510.40868715918  2.401736E-13
1511.85634407972  2.574565E-13
1513.30400100025  2.386858E-13
1514.75165792079  2.568342E-13
1516.19931484133  2.739717E-13
1517.64697176186  2.658315E-13
1519.0946286824  3.011445E-13
1520.54228560294  2.867089E-13
1521.98994252347  2.702445E-13
1523.43759944401  2.356548E-13
1524.88525636455  2.546114E-13
1526.33291328509  2.622765E-13
1527.78057020562  2.696807E-13
1529.22822712616  2.552118E-13
1530.6758840467  2.739117E-13
1532.12354096723  2.649446E-13
1533.57119788777  3.060339E-13
1535.01885480831  3.269310E-13
1536.46651172884  3.032201E-13
1537.91416864938  3.536760E-13
1539.36182556992  3.201851E-13
1540.80948249045  4.448190E-13
1542.25713941099  4.442962E-13
1543.70479633153  4.456926E-13
1545.15245325206  5.369853E-13
1546.6001101726  4.647100E-13
1548.04776709314  5.300699E-13
1549.49542401367  5.366123E-13
1550.94308093421  5.430338E-13
1552.39073785475  5.000629E-13
1553.83839477528  4.058399E-13
1555.28605169582  4.841163E-13
1556.73370861636  3.780734E-13
1558.18136553689  3.316789E-13
1559.62902245743  3.560990E-13
1561.07667937797  3.174226E-13
1562.5243362985  2.698391E-13
1563.97199321904  2.751505E-13
1565.41965013958  2.857378E-13
1566.86730706012  2.869764E-13
1568.31496398065  3.070657E-13
1569.76262090119  2.276114E-13
1571.21027782173  2.419545E-13
1572.65793474226  2.195304E-13
1574.1055916628  2.603645E-13
1575.55324858334  2.016672E-13
1577.00090550387  1.854738E-13
1578.44856242441  2.224325E-13
1579.89621934495  2.624425E-13
1581.34387626548  2.365453E-13
1582.79153318602  2.503474E-13
1584.23919010656  2.204063E-13
1585.68684702709  1.928358E-13
1587.13450394763  2.276547E-13
1588.58216086817  2.226042E-13
1590.0298177887  2.361830E-13
1591.47747470924  2.308780E-13
1592.92513162978  2.389892E-13
1594.37278855031  2.532571E-13
1595.82044547085  2.014026E-13
1597.26810239139  2.095107E-13
1598.71575931192  2.195295E-13
1600.16341623246  2.126470E-13
1601.611073153  2.095031E-13
1603.05873007354  2.007705E-13
1604.50638699407  2.196125E-13
1605.95404391461  2.383540E-13
1607.40170083515  2.227354E-13
1608.84935775568  2.363423E-13
1610.29701467622  2.294160E-13
1611.74467159676  2.161780E-13
1613.19232851729  2.358631E-13
1614.63998543783  2.307252E-13
1616.08764235837  2.049673E-13
1617.5352992789  2.183011E-13
1618.98295619944  2.196578E-13
1620.43061311998  2.152301E-13
1621.87827004051  2.349302E-13
1623.32592696105  2.165855E-13
1624.77358388159  2.092011E-13
1626.22124080212  2.224543E-13
1627.66889772266  2.321310E-13
1629.1165546432  2.345659E-13
1630.56421156373  2.290374E-13
1632.01186848427  2.245869E-13
1633.45952540481  2.535365E-13
1634.90718232534  2.195444E-13
1636.35483924588  2.226419E-13
1637.80249616642  2.380276E-13
1639.25015308695  2.076381E-13
1640.69781000749  2.157480E-13
1642.14546692803  2.211330E-13
1643.59312384857  2.022329E-13
1645.0407807691  2.183842E-13
1646.48843768964  2.232236E-13
1647.93609461018  2.214425E-13
1649.38375153071  2.315497E-13
1650.83140845125  2.043187E-13
1652.27906537179  2.686496E-13
1653.72672229232  2.514655E-13
1655.17437921286  2.068217E-13
1656.6220361334  2.060445E-13
1658.06969305393  2.203606E-13
1659.51734997447  2.219008E-13
1660.96500689501  2.524340E-13
1662.41266381554  2.506210E-13
1663.86032073608  2.578742E-13
1665.30797765662  2.594529E-13
1666.75563457715  2.234933E-13
1668.20329149769  2.381652E-13
1669.65094841823  2.281235E-13
1671.09860533876  2.320447E-13
1672.5462622593  2.252132E-13
1673.99391917984  1.976531E-13
1675.44157610038  2.187415E-13
1676.88923302091  2.397746E-13
1678.33688994145  2.144353E-13
1679.78454686199  2.039935E-13
1681.23220378252  2.094475E-13
1682.67986070306  2.331700E-13
1684.1275176236  2.004998E-13
1685.57517454413  2.019545E-13
1687.02283146467  2.291371E-13
1688.47048838521  2.022172E-13
1689.91814530574  2.144365E-13
1691.36580222628  2.012092E-13
1692.81345914682  2.055215E-13
1694.26111606735  2.304038E-13
1695.70877298789  1.753188E-13
1697.15642990843  2.477360E-13
1698.60408682896  2.190419E-13
1700.0517437495  2.163590E-13
1701.49940067004  2.202899E-13
1702.94705759057  2.172146E-13
1704.39471451111  2.163965E-13
1705.84237143165  2.208716E-13
1707.29002835218  2.077486E-13
1708.73768527272  2.147152E-13
1710.18534219326  0.
1711.63299911379  0.
1713.08065603433  0.
1714.52831295487  0.
1715.97596987541  0.
1717.42362679594  0.
1718.87128371648  0.
1720.31894063702  0.
1721.76659755755  0.
1723.21425447809  0.
1724.66191139863  0.
1726.10956831916  0.
1727.5572252397  0.
1729.00488216024  0.
1730.45253908077  0.
1731.90019600131  0.
1733.34785292185  0.
1734.79550984238  0.
1736.24316676292  0.
1737.69082368346  0.
1739.13848060399  0.
1740.58613752453  0.
1742.03379444507  0.
1743.4814513656  0.
1744.92910828614  0.
1746.37676520668  0.
1747.82442212721  0.
1749.27207904775  0.
1750.71973596829  0.
1752.16739288882  0.
1753.61504980936  0.
1755.0627067299  0.
1756.51036365043  0.
1757.95802057097  0.
1759.40567749151  0.
1760.85333441205  0.
1762.30099133258  0.
1763.74864825312  0.
1765.19630517366  0.
1766.64396209419  0.
1768.09161901473  0.
1769.53927593527  0.
1770.9869328558  0.
1772.43458977634  0.
1773.88224669688  0.
1775.32990361741  0.
1776.77756053795  0.
1778.22521745849  0.
1779.67287437902  0.
1781.12053129956  0.
1782.5681882201  0.
1784.01584514063  0.
1785.46350206117  0.
1786.91115898171  0.
1788.35881590224  0.
1789.80647282278  0.
1791.25412974332  0.
1792.70178666385  0.
1794.14944358439  0.
1795.59710050493  0.
1797.04475742547  0.
1798.492414346  0.
1799.94007126654  0.
1801.38772818708  0.
1802.83538510761  0.
1804.28304202815  0.
1805.73069894869  0.
1807.17835586922  0.
1808.62601278976  0.
1810.0736697103  0.
1811.52132663083  0.
1812.96898355137  0.
1814.41664047191  0.
1815.86429739244  0.
1817.31195431298  0.
1818.75961123352  0.
1820.20726815405  0.
1821.65492507459  0.
1823.10258199513  0.
1824.55023891566  0.
1825.9978958362  0.
1827.44555275674  0.
1828.89320967727  0.
1830.34086659781  0.
1831.78852351835  0.
