906.735751295338  0.
908.183365802898  0.
909.630980310458  0.
911.078594818018  0.
912.526209325578  0.
913.973823833137  0.
915.421438340697  0.
916.869052848257  0.
918.316667355817  0.
919.764281863377  0.
921.211896370937  0.
922.659510878497  0.
924.107125386056  0.
925.554739893616  0.
927.002354401176  0.
928.449968908736  0.
929.897583416296  0.
931.345197923856  0.
932.792812431415  0.
934.240426938975  0.
935.688041446535  0.
937.135655954095  0.
938.583270461655  0.
940.030884969215  0.
941.478499476774  0.
942.926113984334  0.
944.373728491894  0.
945.821342999454  0.
947.268957507014  0.
948.716572014574  0.
950.164186522133  0.
951.611801029693  0.
953.059415537253  0.
954.507030044813  0.
955.954644552373  0.
957.402259059933  0.
958.849873567493  0.
960.297488075052  0.
961.745102582612  0.
963.192717090172  0.
964.640331597732  0.
966.087946105292  0.
967.535560612852  0.
968.983175120411  0.
970.430789627971  0.
971.878404135531  0.
973.326018643091  0.
974.773633150651  0.
976.221247658211  0.
977.668862165771  0.
979.11647667333  0.
980.56409118089  0.
982.01170568845  0.
983.45932019601  0.
984.90693470357  0.
986.35454921113  0.
987.802163718689  0.
989.249778226249  0.
990.697392733809  0.
992.145007241369  0.
993.592621748929  5.638171E-13
995.040236256489  4.891060E-13
996.487850764048  3.453049E-13
997.935465271608  3.883304E-13
999.383079779168  2.536545E-13
1000.83069428673  2.777702E-13
1002.27830879429  2.263730E-13
1003.72592330185  3.307934E-13
1005.17353780941  3.280941E-13
1006.62115231697  2.213979E-13
1008.06876682453  4.127915E-13
1009.51638133209  3.653702E-13
1010.96399583965  3.848357E-13
1012.41161034721  3.206790E-13
1013.85922485477  3.535004E-13
1015.30683936233  2.808758E-13
1016.75445386989  3.565271E-13
1018.20206837745  3.097616E-13
1019.64968288501  2.950283E-13
1021.09729739257  3.938577E-13
1022.54491190013  4.060909E-13
1023.99252640769  4.172178E-13
1025.44014091525  3.693110E-13
1026.8877554228  4.548940E-13
1028.33536993037  3.842654E-13
1029.78298443792  4.637384E-13
1031.23059894548  4.297863E-13
1032.67821345304  4.769034E-13
1034.1258279606  4.488175E-13
1035.57344246816  3.938161E-13
1037.02105697572  3.688030E-13
1038.46867148328  3.254536E-13
1039.91628599084  2.868197E-13
1041.3639004984  3.124116E-13
1042.81151500596  2.819206E-13
1044.25912951352  3.205791E-13
1045.70674402108  3.161262E-13
1047.15435852864  4.168692E-13
1048.6019730362  4.177915E-13
1050.04958754376  2.989998E-13
1051.49720205132  3.901443E-13
1052.94481655888  3.777942E-13
1054.39243106644  3.565647E-13
1055.840045574  2.997503E-13
1057.28766008156  2.571340E-13
1058.73527458912  2.471186E-13
1060.18288909668  2.562428E-13
1061.63050360424  2.597657E-13
1063.0781181118  2.724066E-13
1064.52573261936  2.494831E-13
1065.97334712692  2.280370E-13
1067.42096163448  2.482107E-13
1068.86857614204  2.622361E-13
1070.3161906496  2.166977E-13
1071.76380515716  2.642600E-13
1073.21141966472  2.381318E-13
1074.65903417228  2.577809E-13
1076.10664867984  2.647898E-13
1077.5542631874  2.667869E-13
1079.00187769496  2.633240E-13
1080.44949220252  2.301631E-13
1081.89710671008  2.325517E-13
1083.34472121764  2.269435E-13
1084.7923357252  2.071835E-13
1086.23995023276  2.305351E-13
1087.68756474032  2.085160E-13
1089.13517924788  2.142518E-13
1090.58279375544  2.090519E-13
1092.030408263  2.286528E-13
1093.47802277056  2.147058E-13
1094.92563727812  2.185851E-13
1096.37325178568  2.168130E-13
1097.82086629324  2.256085E-13
1099.2684808008  2.012821E-13
1100.71609530836  2.071274E-13
1102.16370981592  2.122932E-13
1103.61132432348  2.138549E-13
1105.05893883104  1.988864E-13
1106.5065533386  1.984060E-13
1107.95416784616  2.165693E-13
1109.40178235372  2.246733E-13
1110.84939686128  2.132134E-13
1112.29701136884  2.292164E-13
1113.7446258764  2.236298E-13
1115.19224038396  2.594532E-13
1116.63985489152  2.607035E-13
1118.08746939908  2.207321E-13
1119.53508390664  2.015823E-13
1120.98269841419  1.883151E-13
1122.43031292175  1.747387E-13
1123.87792742931  2.041596E-13
1125.32554193687  1.853152E-13
1126.77315644443  1.995425E-13
1128.22077095199  2.009444E-13
1129.66838545955  2.225433E-13
1131.11599996711  2.503077E-13
1132.56361447467  2.255564E-13
1134.01122898223  1.872652E-13
1135.45884348979  1.956898E-13
1136.90645799735  2.034166E-13
1138.35407250491  2.280787E-13
1139.80168701247  1.984976E-13
1141.24930152003  1.724160E-13
1142.69691602759  1.943439E-13
1144.14453053515  1.728036E-13
1145.59214504271  1.978049E-13
1147.03975955027  1.895410E-13
1148.48737405783  2.068613E-13
1149.93498856539  2.143291E-13
1151.38260307295  1.718712E-13
1152.83021758051  1.718883E-13
1154.27783208807  1.735634E-13
1155.72544659563  1.927187E-13
1157.17306110319  2.063003E-13
1158.62067561075  1.805623E-13
1160.06829011831  1.982922E-13
1161.51590462587  2.158631E-13
1162.96351913343  2.047563E-13
1164.41113364099  2.117068E-13
1165.85874814855  1.897573E-13
1167.30636265611  2.102282E-13
1168.75397716367  2.476883E-13
1170.20159167123  2.362258E-13
1171.64920617879  2.477570E-13
1173.09682068635  2.298108E-13
1174.54443519391  2.320092E-13
1175.99204970147  2.110438E-13
1177.43966420903  2.447027E-13
1178.88727871659  2.496469E-13
1180.33489322415  2.631210E-13
1181.78250773171  2.511398E-13
1183.23012223927  2.317515E-13
1184.67773674683  2.590601E-13
1186.12535125439  2.574753E-13
1187.57296576195  2.703567E-13
1189.02058026951  2.657369E-13
1190.46819477707  3.092163E-13
1191.91580928463  3.271795E-13
1193.36342379219  3.561980E-13
1194.81103829975  3.172137E-13
1196.25865280731  2.942234E-13
1197.70626731487  3.367638E-13
1199.15388182243  3.577548E-13
1200.60149632999  3.642000E-13
1202.04911083755  3.452149E-13
1203.49672534511  3.673415E-13
1204.94433985267  4.445400E-13
1206.39195436023  5.383796E-13
1207.83956886779  5.886957E-13
1209.28718337535  6.208576E-13
1210.7347978829  7.485749E-13
1212.18241239046  7.861000E-13
1213.63002689802  6.896907E-13
1215.07764140558  7.783512E-13
1216.52525591314  7.699986E-13
1217.9728704207  7.816837E-13
1219.42048492826  6.365975E-13
1220.86809943582  6.755009E-13
1222.31571394338  5.462409E-13
1223.76332845094  4.317945E-13
1225.2109429585  4.063844E-13
1226.65855746606  3.928659E-13
1228.10617197362  3.513308E-13
1229.55378648118  3.468559E-13
1231.00140098874  3.578192E-13
1232.4490154963  3.756083E-13
1233.89663000386  3.574411E-13
1235.34424451142  3.389292E-13
1236.79185901898  3.703043E-13
1238.23947352654  3.634691E-13
1239.6870880341  3.425620E-13
1241.13470254166  3.694285E-13
1242.58231704922  3.429485E-13
1244.02993155678  3.000515E-13
1245.47754606434  2.741456E-13
1246.9251605719  2.764073E-13
1248.37277507946  2.707850E-13
1249.82038958702  2.835344E-13
1251.26800409458  2.600905E-13
1252.71561860214  2.751660E-13
1254.1632331097  2.625722E-13
1255.61084761726  2.352741E-13
1257.05846212482  2.504681E-13
1258.50607663238  2.528719E-13
1259.95369113994  2.343694E-13
1261.4013056475  2.193767E-13
1262.84892015506  2.226310E-13
1264.29653466262  2.322747E-13
1265.74414917018  2.404879E-13
1267.19176367774  2.352342E-13
1268.6393781853  2.334681E-13
1270.08699269286  1.963522E-13
1271.53460720042  2.178716E-13
1272.98222170798  1.903560E-13
1274.42983621554  1.907342E-13
1275.8774507231  1.896198E-13
1277.32506523066  2.031970E-13
1278.77267973822  1.702746E-13
1280.22029424578  1.878891E-13
1281.66790875334  1.914886E-13
1283.1155232609  1.711155E-13
1284.56313776846  1.947278E-13
1286.01075227602  1.996376E-13
1287.45836678358  1.972929E-13
1288.90598129114  1.999604E-13
1290.3535957987  1.966861E-13
1291.80121030626  1.857384E-13
1293.24882481382  1.980515E-13
1294.69643932138  1.978269E-13
1296.14405382894  2.155510E-13
1297.5916683365  2.119078E-13
1299.03928284406  2.163176E-13
1300.48689735162  2.066564E-13
1301.93451185917  1.891852E-13
1303.38212636674  1.901135E-13
1304.82974087429  1.878021E-13
1306.27735538185  2.235457E-13
1307.72496988941  1.691056E-13
1309.17258439697  1.635104E-13
1310.62019890453  1.819177E-13
1312.06781341209  1.933334E-13
1313.51542791965  2.045002E-13
1314.96304242721  1.586606E-13
1316.41065693477  1.732834E-13
1317.85827144233  1.637705E-13
1319.30588594989  1.845056E-13
1320.75350045745  1.853321E-13
1322.20111496501  1.827110E-13
1323.64872947257  1.951488E-13
1325.09634398013  1.814929E-13
1326.54395848769  1.566975E-13
1327.99157299525  1.825312E-13
1329.43918750281  1.947004E-13
1330.88680201037  1.955328E-13
1332.33441651793  2.064449E-13
1333.78203102549  1.853496E-13
1335.22964553305  1.803345E-13
1336.67726004061  1.533373E-13
1338.12487454817  2.031772E-13
1339.57248905573  1.797579E-13
1341.02010356329  1.768381E-13
1342.46771807085  1.998596E-13
1343.91533257841  1.871937E-13
1345.36294708597  1.803657E-13
1346.81056159353  1.749102E-13
1348.25817610109  1.718323E-13
1349.70579060865  1.566994E-13
1351.15340511621  1.748091E-13
1352.60101962377  1.943536E-13
1354.04863413133  1.861540E-13
1355.49624863889  1.689602E-13
1356.94386314645  1.686514E-13
1358.39147765401  1.682777E-13
1359.83909216157  1.887821E-13
1361.28670666913  1.810635E-13
1362.73432117669  1.834703E-13
1364.18193568425  1.782821E-13
1365.62955019181  1.820329E-13
1367.07716469937  1.995263E-13
1368.52477920693  1.818194E-13
1369.97239371449  1.878291E-13
1371.42000822205  1.763610E-13
1372.86762272961  1.595008E-13
1374.31523723717  1.910781E-13
1375.76285174473  2.116336E-13
1377.21046625229  2.085809E-13
1378.65808075985  1.995893E-13
1380.10569526741  1.739781E-13
1381.55330977497  1.770205E-13
1383.00092428253  1.934289E-13
1384.44853879009  1.589512E-13
1385.89615329765  1.540934E-13
1387.34376780521  1.881963E-13
1388.79138231277  2.055380E-13
1390.23899682033  2.037205E-13
1391.68661132789  2.188198E-13
1393.13422583545  2.141450E-13
1394.581840343  2.216691E-13
1396.02945485057  2.284350E-13
1397.47706935812  2.193925E-13
1398.92468386568  2.384310E-13
1400.37229837324  2.317386E-13
1401.8199128808  1.886762E-13
1403.26752738836  1.934617E-13
1404.71514189592  2.097128E-13
1406.16275640348  1.850834E-13
1407.61037091104  1.614706E-13
1409.0579854186  1.914466E-13
1410.50559992616  1.911068E-13
1411.95321443372  1.744876E-13
1413.40082894128  1.991287E-13
1414.84844344884  2.025219E-13
1416.2960579564  1.768593E-13
1417.74367246396  1.714503E-13
1419.19128697152  1.746974E-13
1420.63890147908  1.712364E-13
1422.08651598664  1.790261E-13
1423.5341304942  1.722992E-13
1424.98174500176  1.623134E-13
1426.42935950932  1.537144E-13
1427.87697401688  1.709340E-13
1429.32458852444  1.679032E-13
1430.772203032  1.619250E-13
1432.21981753956  1.780001E-13
1433.66743204712  1.614362E-13
1435.11504655468  1.636206E-13
1436.56266106224  1.822618E-13
1438.0102755698  1.637521E-13
1439.45789007736  1.590496E-13
1440.90550458492  1.523251E-13
1442.35311909248  1.506330E-13
1443.80073360004  1.672236E-13
1445.2483481076  1.417233E-13
1446.69596261516  1.458236E-13
1448.14357712272  1.483429E-13
1449.59119163028  1.494198E-13
1451.03880613784  1.784842E-13
1452.4864206454  1.752748E-13
1453.93403515296  1.897940E-13
1455.38164966052  1.636172E-13
1456.82926416808  1.461930E-13
1458.27687867564  1.564993E-13
1459.7244931832  1.459539E-13
1461.17210769076  1.487830E-13
1462.61972219832  1.707095E-13
1464.06733670588  1.581268E-13
1465.51495121344  1.630578E-13
1466.962565721  1.550655E-13
1468.41018022856  1.385411E-13
1469.85779473612  1.572646E-13
1471.30540924368  1.529067E-13
1472.75302375124  1.737861E-13
1474.2006382588  1.721791E-13
1475.64825276636  1.760852E-13
1477.09586727392  1.690139E-13
1478.54348178148  1.630458E-13
1479.99109628904  1.623066E-13
1481.4387107966  1.404701E-13
1482.88632530416  1.442635E-13
1484.33393981172  1.811126E-13
1485.78155431928  1.906497E-13
1487.22916882683  1.827788E-13
1488.67678333439  1.594570E-13
1490.12439784195  1.484494E-13
1491.57201234951  1.630683E-13
1493.01962685707  1.597382E-13
1494.46724136463  1.726960E-13
1495.91485587219  1.841243E-13
1497.36247037975  2.069168E-13
1498.81008488731  2.153763E-13
1500.25769939487  2.104197E-13
1501.70531390243  1.868501E-13
1503.15292840999  1.806046E-13
1504.60054291755  1.898915E-13
1506.04815742511  1.916647E-13
1507.49577193267  1.815437E-13
1508.94338644023  2.067900E-13
1510.39100094779  1.954616E-13
1511.83861545535  1.997906E-13
1513.28622996291  1.971633E-13
1514.73384447047  1.926613E-13
1516.18145897803  1.876729E-13
1517.62907348559  2.010656E-13
1519.07668799315  1.972582E-13
1520.52430250071  1.956779E-13
1521.97191700827  2.062421E-13
1523.41953151583  2.052426E-13
1524.86714602339  2.064623E-13
1526.31476053095  2.091354E-13
1527.76237503851  1.933252E-13
1529.20998954607  1.965224E-13
1530.65760405363  2.062350E-13
1532.10521856119  2.243225E-13
1533.55283306875  2.338334E-13
1535.00044757631  2.554170E-13
1536.44806208387  2.748587E-13
1537.89567659143  2.810452E-13
1539.34329109899  3.050144E-13
1540.79090560655  3.206531E-13
1542.23852011411  3.290820E-13
1543.68613462167  3.392935E-13
1545.13374912923  3.323456E-13
1546.58136363679  3.363971E-13
1548.02897814435  3.110060E-13
1549.47659265191  3.005652E-13
1550.92420715947  3.084790E-13
1552.37182166703  3.123331E-13
1553.81943617459  3.000158E-13
1555.26705068215  2.747597E-13
1556.71466518971  2.631738E-13
1558.16227969727  2.296499E-13
1559.60989420483  2.154121E-13
1561.05750871239  2.106821E-13
1562.50512321995  1.949025E-13
1563.95273772751  2.014516E-13
1565.40035223507  1.910698E-13
1566.84796674263  1.859603E-13
1568.29558125019  1.818142E-13
1569.74319575775  1.823265E-13
1571.19081026531  1.876028E-13
1572.63842477287  1.777516E-13
1574.08603928043  1.678252E-13
1575.53365378799  1.621642E-13
1576.98126829555  1.663171E-13
1578.4288828031  1.706288E-13
1579.87649731066  1.762196E-13
1581.32411181822  1.739837E-13
1582.77172632578  1.682972E-13
1584.21934083334  1.634450E-13
1585.6669553409  1.480050E-13
1587.11456984846  1.399101E-13
1588.56218435602  1.367055E-13
1590.00979886358  1.397273E-13
1591.45741337114  1.502388E-13
1592.9050278787  1.520839E-13
1594.35264238626  1.531446E-13
1595.80025689382  1.522503E-13
1597.24787140138  1.585968E-13
1598.69548590894  1.654916E-13
1600.1431004165  1.554505E-13
1601.59071492406  1.520837E-13
1603.03832943162  1.522037E-13
1604.48594393918  1.527282E-13
1605.93355844674  1.581102E-13
1607.3811729543  1.584192E-13
1608.82878746186  1.567438E-13
1610.27640196942  1.548606E-13
1611.72401647698  1.523866E-13
1613.17163098454  1.528681E-13
1614.6192454921  1.493258E-13
1616.06685999966  1.589329E-13
1617.51447450722  1.649661E-13
1618.96208901478  1.716121E-13
1620.40970352234  1.714369E-13
1621.8573180299  1.591779E-13
1623.30493253746  1.578185E-13
1624.75254704502  1.586957E-13
1626.20016155258  1.586172E-13
1627.64777606014  1.528421E-13
1629.0953905677  1.537360E-13
1630.54300507526  1.695093E-13
1631.99061958282  1.687376E-13
1633.43823409038  1.697948E-13
1634.88584859794  1.715938E-13
1636.3334631055  1.633521E-13
1637.78107761306  1.621013E-13
1639.22869212062  1.570362E-13
1640.67630662818  1.516313E-13
1642.12392113574  1.529018E-13
1643.5715356433  1.475603E-13
1645.01915015086  1.558625E-13
1646.46676465842  1.538126E-13
1647.91437916598  1.574580E-13
1649.36199367354  1.588281E-13
1650.8096081811  1.606598E-13
1652.25722268866  1.585652E-13
1653.70483719622  1.515119E-13
1655.15245170378  1.504637E-13
1656.60006621134  1.517196E-13
1658.0476807189  1.589783E-13
1659.49529522646  1.646899E-13
1660.94290973402  1.699420E-13
1662.39052424158  1.558677E-13
1663.83813874914  1.626020E-13
1665.2857532567  1.536594E-13
1666.73336776426  1.548034E-13
1668.18098227181  1.477914E-13
1669.62859677938  1.438300E-13
1671.07621128693  1.450661E-13
1672.52382579449  1.366652E-13
1673.97144030205  1.368797E-13
1675.41905480961  1.391245E-13
1676.86666931717  1.401388E-13
1678.31428382473  1.416380E-13
1679.76189833229  1.428604E-13
1681.20951283985  1.374636E-13
1682.65712734741  1.490743E-13
1684.10474185497  1.520510E-13
1685.55235636253  1.491266E-13
1686.99997087009  1.469175E-13
1688.44758537765  1.509230E-13
1689.89519988521  1.537615E-13
1691.34281439277  1.463086E-13
1692.79042890033  1.381751E-13
1694.23804340789  1.403208E-13
1695.68565791545  1.393963E-13
1697.13327242301  1.347339E-13
1698.58088693057  1.318102E-13
1700.02850143813  1.260733E-13
1701.47611594569  1.299746E-13
1702.92373045325  1.302146E-13
1704.37134496081  1.361605E-13
1705.81895946837  1.403987E-13
1707.26657397593  1.366312E-13
1708.71418848349  1.361421E-13
1710.16180299105  0.
1711.60941749861  0.
1713.05703200617  0.
1714.50464651373  0.
1715.95226102129  0.
1717.39987552885  0.
1718.84749003641  0.
1720.29510454397  0.
1721.74271905153  0.
1723.19033355909  0.
1724.63794806665  0.
1726.08556257421  0.
1727.53317708177  0.
1728.98079158933  0.
1730.42840609689  0.
1731.87602060445  0.
1733.32363511201  0.
1734.77124961957  0.
1736.21886412713  0.
1737.66647863469  0.
1739.11409314225  0.
1740.56170764981  0.
1742.00932215737  0.
1743.45693666493  0.
1744.90455117249  0.
1746.35216568005  0.
1747.79978018761  0.
1749.24739469517  0.
1750.69500920273  0.
1752.14262371029  0.
1753.59023821785  0.
1755.03785272541  0.
1756.48546723297  0.
1757.93308174053  0.
1759.38069624809  0.
1760.82831075565  0.
1762.27592526321  0.
1763.72353977076  0.
1765.17115427832  0.
1766.61876878588  0.
1768.06638329344  0.
1769.513997801  0.
1770.96161230856  0.
1772.40922681612  0.
1773.85684132368  0.
1775.30445583124  0.
1776.7520703388  0.
1778.19968484636  0.
1779.64729935392  0.
1781.09491386148  0.
1782.54252836904  0.
1783.9901428766  0.
1785.43775738416  0.
1786.88537189172  0.
1788.33298639928  0.
1789.78060090684  0.
1791.2282154144  0.
1792.67582992196  0.
1794.12344442952  0.
1795.57105893708  0.
1797.01867344464  0.
1798.4662879522  0.
1799.91390245976  0.
1801.36151696732  0.
1802.80913147488  0.
1804.25674598244  0.
1805.70436049  0.
1807.15197499756  0.
1808.59958950512  0.
1810.04720401268  0.
1811.49481852024  0.
1812.9424330278  0.
1814.39004753536  0.
1815.83766204292  0.
1817.28527655048  0.
1818.73289105804  0.
1820.1805055656  0.
1821.62812007316  0.
1823.07573458072  0.
1824.52334908828  0.
1825.97096359584  0.
1827.4185781034  0.
1828.86619261096  0.
1830.31380711852  0.
1831.76142162608  0.
