906.735751295338  0.
908.183408215875  0.
909.631065136412  0.
911.078722056949  0.
912.526378977485  0.
913.974035898022  0.
915.421692818559  0.
916.869349739096  0.
918.317006659633  0.
919.764663580169  0.
921.212320500706  0.
922.659977421243  0.
924.10763434178  0.
925.555291262316  0.
927.002948182853  0.
928.45060510339  0.
929.898262023927  0.
931.345918944464  0.
932.793575865  0.
934.241232785537  0.
935.688889706074  0.
937.136546626611  0.
938.584203547148  0.
940.031860467684  0.
941.479517388221  0.
942.927174308758  0.
944.374831229295  0.
945.822488149832  0.
947.270145070369  0.
948.717801990905  0.
950.165458911442  0.
951.613115831979  0.
953.060772752515  0.
954.508429673052  0.
955.956086593589  0.
957.403743514126  0.
958.851400434663  0.
960.2990573552  0.
961.746714275736  0.
963.194371196273  0.
964.64202811681  0.
966.089685037347  0.
967.537341957883  0.
968.98499887842  0.
970.432655798957  0.
971.880312719494  0.
973.327969640031  0.
974.775626560567  0.
976.223283481104  0.
977.670940401641  0.
979.118597322178  0.
980.566254242715  0.
982.013911163251  0.
983.461568083788  0.
984.909225004325  0.
986.356881924862  0.
987.804538845399  0.
989.252195765935  0.
990.699852686472  0.
992.147509607009  0.
993.595166527546  4.832083E-13
995.042823448082  5.993283E-13
996.490480368619  5.710095E-13
997.938137289156  3.935183E-13
999.385794209693  5.953312E-13
1000.83345113023  5.024486E-13
1002.28110805077  5.549116E-13
1003.7287649713  5.050778E-13
1005.17642189184  4.170271E-13
1006.62407881238  5.605461E-13
1008.07173573291  4.219293E-13
1009.51939265345  5.499988E-13
1010.96704957399  7.607039E-13
1012.41470649452  5.402288E-13
1013.86236341506  5.134712E-13
1015.3100203356  6.181391E-13
1016.75767725613  5.518322E-13
1018.20533417667  6.186889E-13
1019.65299109721  5.625505E-13
1021.10064801775  5.966750E-13
1022.54830493828  5.315749E-13
1023.99596185882  5.756850E-13
1025.44361877936  6.802626E-13
1026.89127569989  5.011678E-13
1028.33893262043  5.732054E-13
1029.78658954097  5.466650E-13
1031.2342464615  5.555626E-13
1032.68190338204  5.481293E-13
1034.12956030258  5.698511E-13
1035.57721722311  5.710261E-13
1037.02487414365  5.050438E-13
1038.47253106419  4.443782E-13
1039.92018798472  3.449808E-13
1041.36784490526  3.452026E-13
1042.8155018258  3.436690E-13
1044.26315874633  3.755616E-13
1045.71081566687  4.593300E-13
1047.15847258741  3.360654E-13
1048.60612950794  3.528236E-13
1050.05378642848  3.373979E-13
1051.50144334902  4.928631E-13
1052.94910026955  5.124547E-13
1054.39675719009  4.926590E-13
1055.84441411063  4.505632E-13
1057.29207103116  3.279028E-13
1058.7397279517  3.574222E-13
1060.18738487224  3.916529E-13
1061.63504179277  4.278704E-13
1063.08269871331  3.871603E-13
1064.53035563385  4.036890E-13
1065.97801255439  3.829272E-13
1067.42566947492  4.145500E-13
1068.87332639546  3.838489E-13
1070.320983316  4.460717E-13
1071.76864023653  3.786248E-13
1073.21629715707  3.924685E-13
1074.66395407761  4.192314E-13
1076.11161099814  3.981959E-13
1077.55926791868  4.107594E-13
1079.00692483922  4.011099E-13
1080.45458175975  3.726151E-13
1081.90223868029  3.679943E-13
1083.34989560083  4.126419E-13
1084.79755252136  3.723197E-13
1086.2452094419  3.046895E-13
1087.69286636244  3.075564E-13
1089.14052328297  3.219984E-13
1090.58818020351  3.672495E-13
1092.03583712405  3.246280E-13
1093.48349404458  3.375626E-13
1094.93115096512  3.637584E-13
1096.37880788566  3.723308E-13
1097.82646480619  3.627297E-13
1099.27412172673  3.232793E-13
1100.72177864727  3.161821E-13
1102.1694355678  3.667218E-13
1103.61709248834  3.956153E-13
1105.06474940888  3.423068E-13
1106.51240632942  3.152373E-13
1107.96006324995  3.652908E-13
1109.40772017049  3.679868E-13
1110.85537709103  3.617613E-13
1112.30303401156  3.475723E-13
1113.7506909321  3.647248E-13
1115.19834785264  3.422758E-13
1116.64600477317  3.230919E-13
1118.09366169371  3.561403E-13
1119.54131861425  3.305003E-13
1120.98897553478  3.413789E-13
1122.43663245532  3.303570E-13
1123.88428937586  3.190016E-13
1125.33194629639  3.103013E-13
1126.77960321693  2.750103E-13
1128.22726013747  3.295604E-13
1129.674917058  3.614126E-13
1131.12257397854  3.583343E-13
1132.57023089908  3.490047E-13
1134.01788781961  3.780931E-13
1135.46554474015  3.462502E-13
1136.91320166069  3.011877E-13
1138.36085858122  3.520669E-13
1139.80851550176  3.050736E-13
1141.2561724223  3.300750E-13
1142.70382934284  3.688487E-13
1144.15148626337  3.263534E-13
1145.59914318391  3.781759E-13
1147.04680010445  3.518691E-13
1148.49445702498  3.433328E-13
1149.94211394552  2.611733E-13
1151.38977086606  3.210742E-13
1152.83742778659  3.045400E-13
1154.28508470713  3.050720E-13
1155.73274162767  3.328015E-13
1157.1803985482  3.146270E-13
1158.62805546874  3.393242E-13
1160.07571238928  3.520794E-13
1161.52336930981  3.255706E-13
1162.97102623035  3.801662E-13
1164.41868315089  3.333059E-13
1165.86634007142  3.735013E-13
1167.31399699196  4.167813E-13
1168.7616539125  3.666806E-13
1170.20931083303  3.582126E-13
1171.65696775357  3.962159E-13
1173.10462467411  3.952164E-13
1174.55228159464  3.769454E-13
1175.99993851518  3.401466E-13
1177.44759543572  4.062709E-13
1178.89525235625  3.744219E-13
1180.34290927679  4.298857E-13
1181.79056619733  4.279652E-13
1183.23822311787  4.395342E-13
1184.6858800384  4.114712E-13
1186.13353695894  3.901256E-13
1187.58119387948  4.437009E-13
1189.02885080001  4.563585E-13
1190.47650772055  5.301350E-13
1191.92416464109  5.600875E-13
1193.37182156162  5.293018E-13
1194.81947848216  5.071984E-13
1196.2671354027  5.464742E-13
1197.71479232323  5.420915E-13
1199.16244924377  4.981649E-13
1200.61010616431  5.302141E-13
1202.05776308484  5.893915E-13
1203.50542000538  5.848753E-13
1204.95307692592  7.705091E-13
1206.40073384645  8.442944E-13
1207.84839076699  9.652697E-13
1209.29604768753  1.005279E-12
1210.74370460806  9.796995E-13
1212.1913615286  9.288844E-13
1213.63901844914  1.021137E-12
1215.08667536967  1.031414E-12
1216.53433229021  9.006578E-13
1217.98198921075  9.225499E-13
1219.42964613129  8.608677E-13
1220.87730305182  7.551317E-13
1222.32495997236  5.901279E-13
1223.7726168929  5.924201E-13
1225.22027381343  4.886685E-13
1226.66793073397  5.362480E-13
1228.11558765451  5.311812E-13
1229.56324457504  4.843584E-13
1231.01090149558  4.751662E-13
1232.45855841612  5.238175E-13
1233.90621533665  5.148269E-13
1235.35387225719  5.060595E-13
1236.80152917773  5.697608E-13
1238.24918609826  5.088332E-13
1239.6968430188  4.640084E-13
1241.14449993934  4.596545E-13
1242.59215685987  4.592854E-13
1244.03981378041  4.548544E-13
1245.48747070095  4.491776E-13
1246.93512762148  3.947937E-13
1248.38278454202  3.754630E-13
1249.83044146256  4.395704E-13
1251.27809838309  4.018718E-13
1252.72575530363  3.561887E-13
1254.17341222417  4.007555E-13
1255.62106914471  3.481208E-13
1257.06872606524  3.670067E-13
1258.51638298578  3.576926E-13
1259.96403990632  4.046485E-13
1261.41169682685  3.450165E-13
1262.85935374739  3.776481E-13
1264.30701066793  3.625849E-13
1265.75466758846  2.975993E-13
1267.202324509  2.917625E-13
1268.64998142954  3.214295E-13
1270.09763835007  3.233859E-13
1271.54529527061  3.402718E-13
1272.99295219115  3.474905E-13
1274.44060911168  2.763183E-13
1275.88826603222  2.747886E-13
1277.33592295276  2.882464E-13
1278.78357987329  2.855236E-13
1280.23123679383  3.112899E-13
1281.67889371437  2.806009E-13
1283.1265506349  2.418025E-13
1284.57420755544  2.934998E-13
1286.02186447598  2.914091E-13
1287.46952139651  2.765717E-13
1288.91717831705  2.627081E-13
1290.36483523759  2.784153E-13
1291.81249215812  2.481251E-13
1293.26014907866  2.779035E-13
1294.7078059992  3.209231E-13
1296.15546291974  2.882117E-13
1297.60311984027  2.793770E-13
1299.05077676081  2.938705E-13
1300.49843368135  2.875377E-13
1301.94609060188  3.013520E-13
1303.39374752242  2.843102E-13
1304.84140444296  2.869795E-13
1306.28906136349  2.845350E-13
1307.73671828403  2.864667E-13
1309.18437520457  2.805003E-13
1310.6320321251  2.440274E-13
1312.07968904564  2.619863E-13
1313.52734596618  2.802318E-13
1314.97500288671  2.743495E-13
1316.42265980725  2.736441E-13
1317.87031672779  2.359871E-13
1319.31797364832  2.677326E-13
1320.76563056886  2.727597E-13
1322.2132874894  2.898590E-13
1323.66094440993  2.896018E-13
1325.10860133047  3.020068E-13
1326.55625825101  2.860325E-13
1328.00391517154  2.939142E-13
1329.45157209208  2.931088E-13
1330.89922901262  3.050608E-13
1332.34688593315  2.879770E-13
1333.79454285369  3.043891E-13
1335.24219977423  2.885033E-13
1336.68985669477  2.718943E-13
1338.1375136153  2.693141E-13
1339.58517053584  2.664138E-13
1341.03282745638  2.955783E-13
1342.48048437691  3.022757E-13
1343.92814129745  2.967206E-13
1345.37579821799  2.642949E-13
1346.82345513852  2.486749E-13
1348.27111205906  2.713493E-13
1349.7187689796  2.357776E-13
1351.16642590013  2.812827E-13
1352.61408282067  3.109129E-13
1354.06173974121  2.652434E-13
1355.50939666174  2.683957E-13
1356.95705358228  3.113359E-13
1358.40471050282  2.540012E-13
1359.85236742335  2.725293E-13
1361.30002434389  3.027635E-13
1362.74768126443  3.004984E-13
1364.19533818496  2.728373E-13
1365.6429951055  2.763250E-13
1367.09065202604  2.819230E-13
1368.53830894657  3.112281E-13
1369.98596586711  3.414846E-13
1371.43362278765  2.948063E-13
1372.88127970819  2.850389E-13
1374.32893662872  2.633072E-13
1375.77659354926  2.677100E-13
1377.2242504698  2.682899E-13
1378.67190739033  2.856005E-13
1380.11956431087  3.025340E-13
1381.56722123141  3.223352E-13
1383.01487815194  3.205501E-13
1384.46253507248  3.135036E-13
1385.91019199302  2.993513E-13
1387.35784891355  2.917456E-13
1388.80550583409  2.888196E-13
1390.25316275463  3.292582E-13
1391.70081967516  3.183349E-13
1393.1484765957  3.346608E-13
1394.59613351624  3.294048E-13
1396.04379043677  3.688481E-13
1397.49144735731  4.104420E-13
1398.93910427785  3.450863E-13
1400.38676119838  3.330319E-13
1401.83441811892  3.397571E-13
1403.28207503946  3.872577E-13
1404.72973195999  3.508434E-13
1406.17738888053  2.974963E-13
1407.62504580107  3.369831E-13
1409.0727027216  2.878106E-13
1410.52035964214  3.054215E-13
1411.96801656268  2.883402E-13
1413.41567348322  2.999945E-13
1414.86333040375  3.123452E-13
1416.31098732429  2.986312E-13
1417.75864424483  2.630958E-13
1419.20630116536  2.569568E-13
1420.6539580859  2.663677E-13
1422.10161500644  2.731652E-13
1423.54927192697  2.690251E-13
1424.99692884751  2.751321E-13
1426.44458576805  2.496188E-13
1427.89224268858  2.344782E-13
1429.33989960912  2.792957E-13
1430.78755652966  3.018262E-13
1432.23521345019  2.811225E-13
1433.68287037073  3.121264E-13
1435.13052729127  2.822621E-13
1436.5781842118  2.516891E-13
1438.02584113234  2.608503E-13
1439.47349805288  2.514428E-13
1440.92115497341  2.352177E-13
1442.36881189395  2.097433E-13
1443.81646881449  2.323765E-13
1445.26412573502  2.590689E-13
1446.71178265556  2.722782E-13
1448.1594395761  2.469362E-13
1449.60709649664  2.649113E-13
1451.05475341717  2.420970E-13
1452.50241033771  2.665457E-13
1453.95006725825  2.459440E-13
1455.39772417878  2.433576E-13
1456.84538109932  2.517308E-13
1458.29303801986  2.490554E-13
1459.74069494039  2.415512E-13
1461.18835186093  2.358286E-13
1462.63600878147  2.364222E-13
1464.083665702  2.293933E-13
1465.53132262254  2.536568E-13
1466.97897954308  2.494923E-13
1468.42663646361  2.504879E-13
1469.87429338415  2.439128E-13
1471.32195030469  2.267740E-13
1472.76960722522  2.386952E-13
1474.21726414576  2.506533E-13
1475.6649210663  2.456310E-13
1477.11257798683  2.686512E-13
1478.56023490737  2.685872E-13
1480.00789182791  2.761926E-13
1481.45554874844  2.599827E-13
1482.90320566898  2.506771E-13
1484.35086258952  2.381303E-13
1485.79851951005  2.378284E-13
1487.24617643059  2.198935E-13
1488.69383335113  2.383370E-13
1490.14149027167  2.338556E-13
1491.5891471922  2.411922E-13
1493.03680411274  2.500269E-13
1494.48446103328  2.527360E-13
1495.93211795381  2.395308E-13
1497.37977487435  2.630838E-13
1498.82743179489  2.472801E-13
1500.27508871542  2.729713E-13
1501.72274563596  2.660871E-13
1503.1704025565  2.485498E-13
1504.61805947703  2.509167E-13
1506.06571639757  2.544732E-13
1507.51337331811  2.363659E-13
1508.96103023864  2.680823E-13
1510.40868715918  2.499517E-13
1511.85634407972  2.458903E-13
1513.30400100025  2.753111E-13
1514.75165792079  2.904156E-13
1516.19931484133  2.709239E-13
1517.64697176186  2.782070E-13
1519.0946286824  2.837870E-13
1520.54228560294  2.733095E-13
1521.98994252347  3.068195E-13
1523.43759944401  3.297764E-13
1524.88525636455  3.162950E-13
1526.33291328509  3.134865E-13
1527.78057020562  3.157030E-13
1529.22822712616  2.913429E-13
1530.6758840467  2.862763E-13
1532.12354096723  2.985332E-13
1533.57119788777  3.283875E-13
1535.01885480831  3.623683E-13
1536.46651172884  4.040395E-13
1537.91416864938  4.399845E-13
1539.36182556992  4.550816E-13
1540.80948249045  4.659880E-13
1542.25713941099  4.559660E-13
1543.70479633153  4.559906E-13
1545.15245325206  4.540373E-13
1546.6001101726  4.878191E-13
1548.04776709314  4.442406E-13
1549.49542401367  4.015257E-13
1550.94308093421  4.273679E-13
1552.39073785475  3.840108E-13
1553.83839477528  3.879355E-13
1555.28605169582  3.430512E-13
1556.73370861636  3.174878E-13
1558.18136553689  2.972793E-13
1559.62902245743  3.021030E-13
1561.07667937797  2.761208E-13
1562.5243362985  2.815889E-13
1563.97199321904  2.771619E-13
1565.41965013958  2.942730E-13
1566.86730706012  2.845277E-13
1568.31496398065  2.720527E-13
1569.76262090119  2.757304E-13
1571.21027782173  2.663639E-13
1572.65793474226  2.585339E-13
1574.1055916628  2.530636E-13
1575.55324858334  2.430128E-13
1577.00090550387  2.631111E-13
1578.44856242441  2.557744E-13
1579.89621934495  2.732716E-13
1581.34387626548  2.705196E-13
1582.79153318602  2.755200E-13
1584.23919010656  2.797491E-13
1585.68684702709  2.504844E-13
1587.13450394763  2.411511E-13
1588.58216086817  2.394572E-13
1590.0298177887  2.382210E-13
1591.47747470924  2.440682E-13
1592.92513162978  2.570958E-13
1594.37278855031  2.522084E-13
1595.82044547085  2.333379E-13
1597.26810239139  2.312904E-13
1598.71575931192  2.305107E-13
1600.16341623246  2.390943E-13
1601.611073153  2.316772E-13
1603.05873007354  2.464483E-13
1604.50638699407  2.601807E-13
1605.95404391461  2.459527E-13
1607.40170083515  2.556508E-13
1608.84935775568  2.615324E-13
1610.29701467622  2.518847E-13
1611.74467159676  2.369644E-13
1613.19232851729  2.384407E-13
1614.63998543783  2.537470E-13
1616.08764235837  2.483535E-13
1617.5352992789  2.371539E-13
1618.98295619944  2.392411E-13
1620.43061311998  2.297098E-13
1621.87827004051  2.252182E-13
1623.32592696105  2.362741E-13
1624.77358388159  2.578036E-13
1626.22124080212  2.470678E-13
1627.66889772266  2.336097E-13
1629.1165546432  2.351115E-13
1630.56421156373  2.493969E-13
1632.01186848427  2.486275E-13
1633.45952540481  2.335822E-13
1634.90718232534  2.376739E-13
1636.35483924588  2.306290E-13
1637.80249616642  2.507543E-13
1639.25015308695  2.537950E-13
1640.69781000749  2.267024E-13
1642.14546692803  2.273348E-13
1643.59312384857  2.447810E-13
1645.0407807691  2.493843E-13
1646.48843768964  2.390969E-13
1647.93609461018  2.370262E-13
1649.38375153071  2.409915E-13
1650.83140845125  2.469652E-13
1652.27906537179  2.445239E-13
1653.72672229232  2.475350E-13
1655.17437921286  2.383356E-13
1656.6220361334  2.404181E-13
1658.06969305393  2.543708E-13
1659.51734997447  2.579589E-13
1660.96500689501  2.799931E-13
1662.41266381554  2.806804E-13
1663.86032073608  2.592640E-13
1665.30797765662  2.738129E-13
1666.75563457715  2.614259E-13
1668.20329149769  2.461740E-13
1669.65094841823  2.259058E-13
1671.09860533876  2.270789E-13
1672.5462622593  2.290050E-13
1673.99391917984  2.345326E-13
1675.44157610038  2.241284E-13
1676.88923302091  2.243393E-13
1678.33688994145  2.141903E-13
1679.78454686199  2.056379E-13
1681.23220378252  2.034238E-13
1682.67986070306  2.045932E-13
1684.1275176236  2.079945E-13
1685.57517454413  1.967452E-13
1687.02283146467  2.088468E-13
1688.47048838521  2.155174E-13
1689.91814530574  2.172071E-13
1691.36580222628  2.171225E-13
1692.81345914682  2.005148E-13
1694.26111606735  1.955807E-13
1695.70877298789  1.920618E-13
1697.15642990843  2.025385E-13
1698.60408682896  2.068426E-13
1700.0517437495  2.070648E-13
1701.49940067004  2.150342E-13
1702.94705759057  2.104858E-13
1704.39471451111  2.122887E-13
1705.84237143165  2.145590E-13
1707.29002835218  2.176875E-13
1708.73768527272  2.073794E-13
1710.18534219326  0.
1711.63299911379  0.
1713.08065603433  0.
1714.52831295487  0.
1715.97596987541  0.
1717.42362679594  0.
1718.87128371648  0.
1720.31894063702  0.
1721.76659755755  0.
1723.21425447809  0.
1724.66191139863  0.
1726.10956831916  0.
1727.5572252397  0.
1729.00488216024  0.
1730.45253908077  0.
1731.90019600131  0.
1733.34785292185  0.
1734.79550984238  0.
1736.24316676292  0.
1737.69082368346  0.
1739.13848060399  0.
1740.58613752453  0.
1742.03379444507  0.
1743.4814513656  0.
1744.92910828614  0.
1746.37676520668  0.
1747.82442212721  0.
1749.27207904775  0.
1750.71973596829  0.
1752.16739288882  0.
1753.61504980936  0.
1755.0627067299  0.
1756.51036365043  0.
1757.95802057097  0.
1759.40567749151  0.
1760.85333441205  0.
1762.30099133258  0.
1763.74864825312  0.
1765.19630517366  0.
1766.64396209419  0.
1768.09161901473  0.
1769.53927593527  0.
1770.9869328558  0.
1772.43458977634  0.
1773.88224669688  0.
1775.32990361741  0.
1776.77756053795  0.
1778.22521745849  0.
1779.67287437902  0.
1781.12053129956  0.
1782.5681882201  0.
1784.01584514063  0.
1785.46350206117  0.
1786.91115898171  0.
1788.35881590224  0.
1789.80647282278  0.
1791.25412974332  0.
1792.70178666385  0.
1794.14944358439  0.
1795.59710050493  0.
1797.04475742547  0.
1798.492414346  0.
1799.94007126654  0.
1801.38772818708  0.
1802.83538510761  0.
1804.28304202815  0.
1805.73069894869  0.
1807.17835586922  0.
1808.62601278976  0.
1810.0736697103  0.
1811.52132663083  0.
1812.96898355137  0.
1814.41664047191  0.
1815.86429739244  0.
1817.31195431298  0.
1818.75961123352  0.
1820.20726815405  0.
1821.65492507459  0.
1823.10258199513  0.
1824.55023891566  0.
1825.9978958362  0.
1827.44555275674  0.
1828.89320967727  0.
1830.34086659781  0.
1831.78852351835  0.
