906.735751295338  0.
908.183408215875  0.
909.631065136412  0.
911.078722056949  0.
912.526378977485  0.
913.974035898022  0.
915.421692818559  0.
916.869349739096  0.
918.317006659633  0.
919.764663580169  0.
921.212320500706  0.
922.659977421243  0.
924.10763434178  0.
925.555291262316  0.
927.002948182853  0.
928.45060510339  0.
929.898262023927  0.
931.345918944464  0.
932.793575865  0.
934.241232785537  0.
935.688889706074  0.
937.136546626611  0.
938.584203547148  0.
940.031860467684  0.
941.479517388221  0.
942.927174308758  0.
944.374831229295  0.
945.822488149832  0.
947.270145070369  0.
948.717801990905  0.
950.165458911442  0.
951.613115831979  0.
953.060772752515  0.
954.508429673052  0.
955.956086593589  0.
957.403743514126  0.
958.851400434663  0.
960.2990573552  0.
961.746714275736  0.
963.194371196273  0.
964.64202811681  0.
966.089685037347  0.
967.537341957883  0.
968.98499887842  0.
970.432655798957  0.
971.880312719494  0.
973.327969640031  0.
974.775626560567  0.
976.223283481104  0.
977.670940401641  0.
979.118597322178  0.
980.566254242715  0.
982.013911163251  0.
983.461568083788  0.
984.909225004325  0.
986.356881924862  0.
987.804538845399  0.
989.252195765935  0.
990.699852686472  0.
992.147509607009  0.
993.595166527546  2.425224E-13
995.042823448082  3.429073E-13
996.490480368619  4.614964E-13
997.938137289156  4.628457E-13
999.385794209693  5.636508E-13
1000.83345113023  5.166836E-13
1002.28110805077  5.494173E-13
1003.7287649713  6.542229E-13
1005.17642189184  6.438026E-13
1006.62407881238  5.424067E-13
1008.07173573291  5.252815E-13
1009.51939265345  5.739659E-13
1010.96704957399  6.057587E-13
1012.41470649452  5.370131E-13
1013.86236341506  5.240642E-13
1015.3100203356  5.068618E-13
1016.75767725613  5.326645E-13
1018.20533417667  5.691722E-13
1019.65299109721  4.867223E-13
1021.10064801775  4.867233E-13
1022.54830493828  5.291220E-13
1023.99596185882  5.495748E-13
1025.44361877936  5.459328E-13
1026.89127569989  5.525053E-13
1028.33893262043  5.103016E-13
1029.78658954097  4.956154E-13
1031.2342464615  5.360084E-13
1032.68190338204  5.344777E-13
1034.12956030258  5.635597E-13
1035.57721722311  4.696544E-13
1037.02487414365  4.308657E-13
1038.47253106419  4.321113E-13
1039.92018798472  4.520364E-13
1041.36784490526  4.061508E-13
1042.8155018258  4.770903E-13
1044.26315874633  4.290802E-13
1045.71081566687  4.986748E-13
1047.15847258741  5.013761E-13
1048.60612950794  3.630119E-13
1050.05378642848  3.096787E-13
1051.50144334902  3.621536E-13
1052.94910026955  4.079318E-13
1054.39675719009  4.438615E-13
1055.84441411063  4.024888E-13
1057.29207103116  3.891265E-13
1058.7397279517  3.804959E-13
1060.18738487224  4.116506E-13
1061.63504179277  4.293052E-13
1063.08269871331  4.016704E-13
1064.53035563385  4.444378E-13
1065.97801255439  4.572517E-13
1067.42566947492  4.636565E-13
1068.87332639546  4.373448E-13
1070.320983316  4.682564E-13
1071.76864023653  4.200928E-13
1073.21629715707  4.462631E-13
1074.66395407761  4.094805E-13
1076.11161099814  4.379622E-13
1077.55926791868  4.294616E-13
1079.00692483922  3.936281E-13
1080.45458175975  4.342959E-13
1081.90223868029  3.977228E-13
1083.34989560083  3.993143E-13
1084.79755252136  3.703031E-13
1086.2452094419  3.555479E-13
1087.69286636244  3.428415E-13
1089.14052328297  3.591668E-13
1090.58818020351  4.062480E-13
1092.03583712405  3.749771E-13
1093.48349404458  3.566948E-13
1094.93115096512  4.012357E-13
1096.37880788566  3.509613E-13
1097.82646480619  3.478389E-13
1099.27412172673  3.627452E-13
1100.72177864727  3.430125E-13
1102.1694355678  3.541664E-13
1103.61709248834  3.479562E-13
1105.06474940888  3.728588E-13
1106.51240632942  3.473564E-13
1107.96006324995  3.993079E-13
1109.40772017049  3.781014E-13
1110.85537709103  3.933452E-13
1112.30303401156  3.705598E-13
1113.7506909321  3.699980E-13
1115.19834785264  3.692324E-13
1116.64600477317  3.602538E-13
1118.09366169371  3.399010E-13
1119.54131861425  3.330047E-13
1120.98897553478  3.397230E-13
1122.43663245532  3.179595E-13
1123.88428937586  3.863718E-13
1125.33194629639  3.317265E-13
1126.77960321693  3.144579E-13
1128.22726013747  3.622300E-13
1129.674917058  3.536711E-13
1131.12257397854  3.923225E-13
1132.57023089908  3.602076E-13
1134.01788781961  3.393134E-13
1135.46554474015  3.567947E-13
1136.91320166069  3.736709E-13
1138.36085858122  3.440403E-13
1139.80851550176  3.464128E-13
1141.2561724223  3.148688E-13
1142.70382934284  3.469699E-13
1144.15148626337  3.467140E-13
1145.59914318391  3.046551E-13
1147.04680010445  3.510636E-13
1148.49445702498  3.403659E-13
1149.94211394552  3.674096E-13
1151.38977086606  3.476569E-13
1152.83742778659  3.204902E-13
1154.28508470713  3.451749E-13
1155.73274162767  3.784408E-13
1157.1803985482  3.586523E-13
1158.62805546874  3.626839E-13
1160.07571238928  3.580001E-13
1161.52336930981  4.151094E-13
1162.97102623035  3.847559E-13
1164.41868315089  3.538109E-13
1165.86634007142  4.441808E-13
1167.31399699196  4.590474E-13
1168.7616539125  4.141890E-13
1170.20931083303  3.566683E-13
1171.65696775357  3.349964E-13
1173.10462467411  3.629678E-13
1174.55228159464  3.695854E-13
1175.99993851518  4.171873E-13
1177.44759543572  3.988501E-13
1178.89525235625  3.971232E-13
1180.34290927679  4.350341E-13
1181.79056619733  4.304636E-13
1183.23822311787  3.800213E-13
1184.6858800384  4.206326E-13
1186.13353695894  4.803364E-13
1187.58119387948  4.350865E-13
1189.02885080001  4.229208E-13
1190.47650772055  4.506540E-13
1191.92416464109  4.900753E-13
1193.37182156162  6.062278E-13
1194.81947848216  5.238738E-13
1196.2671354027  6.364938E-13
1197.71479232323  4.958807E-13
1199.16244924377  4.219091E-13
1200.61010616431  6.010131E-13
1202.05776308484  6.054068E-13
1203.50542000538  5.301638E-13
1204.95307692592  5.071538E-13
1206.40073384645  5.874194E-13
1207.84839076699  7.977828E-13
1209.29604768753  7.329819E-13
1210.74370460806  8.301574E-13
1212.1913615286  1.088754E-12
1213.63901844914  1.079403E-12
1215.08667536967  1.089266E-12
1216.53433229021  9.740913E-13
1217.98198921075  8.560176E-13
1219.42964613129  9.437069E-13
1220.87730305182  8.546792E-13
1222.32495997236  6.425220E-13
1223.7726168929  6.132572E-13
1225.22027381343  5.888500E-13
1226.66793073397  5.187315E-13
1228.11558765451  5.416923E-13
1229.56324457504  5.712827E-13
1231.01090149558  5.853216E-13
1232.45855841612  5.775341E-13
1233.90621533665  5.765772E-13
1235.35387225719  5.493115E-13
1236.80152917773  5.003937E-13
1238.24918609826  5.083642E-13
1239.6968430188  5.241064E-13
1241.14449993934  5.135659E-13
1242.59215685987  4.589078E-13
1244.03981378041  4.757496E-13
1245.48747070095  4.668707E-13
1246.93512762148  4.698513E-13
1248.38278454202  4.258876E-13
1249.83044146256  4.262484E-13
1251.27809838309  4.198093E-13
1252.72575530363  4.212175E-13
1254.17341222417  4.284851E-13
1255.62106914471  3.945184E-13
1257.06872606524  3.550219E-13
1258.51638298578  3.779210E-13
1259.96403990632  3.718918E-13
1261.41169682685  3.846007E-13
1262.85935374739  3.676751E-13
1264.30701066793  3.610150E-13
1265.75466758846  3.221286E-13
1267.202324509  3.605804E-13
1268.64998142954  3.591175E-13
1270.09763835007  3.302002E-13
1271.54529527061  3.423854E-13
1272.99295219115  2.975416E-13
1274.44060911168  3.190302E-13
1275.88826603222  3.081469E-13
1277.33592295276  2.987013E-13
1278.78357987329  3.192168E-13
1280.23123679383  3.615811E-13
1281.67889371437  3.098163E-13
1283.1265506349  2.905808E-13
1284.57420755544  2.995526E-13
1286.02186447598  2.837870E-13
1287.46952139651  2.979091E-13
1288.91717831705  3.102342E-13
1290.36483523759  2.980680E-13
1291.81249215812  3.048665E-13
1293.26014907866  3.302206E-13
1294.7078059992  3.306799E-13
1296.15546291974  3.044585E-13
1297.60311984027  3.347688E-13
1299.05077676081  3.452532E-13
1300.49843368135  3.285845E-13
1301.94609060188  3.114222E-13
1303.39374752242  3.108543E-13
1304.84140444296  3.334791E-13
1306.28906136349  3.075911E-13
1307.73671828403  3.095963E-13
1309.18437520457  3.141882E-13
1310.6320321251  2.857399E-13
1312.07968904564  2.955511E-13
1313.52734596618  3.171794E-13
1314.97500288671  2.974528E-13
1316.42265980725  3.139867E-13
1317.87031672779  2.789017E-13
1319.31797364832  2.664781E-13
1320.76563056886  2.788051E-13
1322.2132874894  2.844213E-13
1323.66094440993  2.688037E-13
1325.10860133047  2.888375E-13
1326.55625825101  2.941059E-13
1328.00391517154  2.831487E-13
1329.45157209208  2.724878E-13
1330.89922901262  2.943145E-13
1332.34688593315  2.704330E-13
1333.79454285369  2.599629E-13
1335.24219977423  2.759560E-13
1336.68985669477  2.593016E-13
1338.1375136153  2.413483E-13
1339.58517053584  2.824651E-13
1341.03282745638  2.918814E-13
1342.48048437691  2.892978E-13
1343.92814129745  2.676741E-13
1345.37579821799  2.886474E-13
1346.82345513852  2.821286E-13
1348.27111205906  2.792925E-13
1349.7187689796  2.806710E-13
1351.16642590013  3.128249E-13
1352.61408282067  2.891623E-13
1354.06173974121  2.743906E-13
1355.50939666174  2.889581E-13
1356.95705358228  2.880006E-13
1358.40471050282  2.652277E-13
1359.85236742335  3.012551E-13
1361.30002434389  2.925698E-13
1362.74768126443  2.922128E-13
1364.19533818496  2.916980E-13
1365.6429951055  2.973774E-13
1367.09065202604  2.882547E-13
1368.53830894657  3.062835E-13
1369.98596586711  2.830823E-13
1371.43362278765  2.918841E-13
1372.88127970819  2.995658E-13
1374.32893662872  3.009044E-13
1375.77659354926  2.912468E-13
1377.2242504698  2.832701E-13
1378.67190739033  2.903043E-13
1380.11956431087  2.841911E-13
1381.56722123141  2.961744E-13
1383.01487815194  2.830099E-13
1384.46253507248  2.683766E-13
1385.91019199302  2.801500E-13
1387.35784891355  3.108093E-13
1388.80550583409  2.913906E-13
1390.25316275463  2.948483E-13
1391.70081967516  3.075246E-13
1393.1484765957  3.048936E-13
1394.59613351624  3.352364E-13
1396.04379043677  3.316928E-13
1397.49144735731  3.274366E-13
1398.93910427785  3.205605E-13
1400.38676119838  3.286297E-13
1401.83441811892  3.131633E-13
1403.28207503946  3.385239E-13
1404.72973195999  3.314910E-13
1406.17738888053  3.058079E-13
1407.62504580107  3.124148E-13
1409.0727027216  3.317600E-13
1410.52035964214  3.207654E-13
1411.96801656268  2.973681E-13
1413.41567348322  3.006716E-13
1414.86333040375  2.751416E-13
1416.31098732429  3.173251E-13
1417.75864424483  3.177778E-13
1419.20630116536  2.734195E-13
1420.6539580859  2.876185E-13
1422.10161500644  2.890979E-13
1423.54927192697  2.834521E-13
1424.99692884751  2.541508E-13
1426.44458576805  2.715777E-13
1427.89224268858  2.770015E-13
1429.33989960912  2.714365E-13
1430.78755652966  2.665217E-13
1432.23521345019  2.592786E-13
1433.68287037073  2.748021E-13
1435.13052729127  2.956061E-13
1436.5781842118  2.827364E-13
1438.02584113234  2.820723E-13
1439.47349805288  2.707582E-13
1440.92115497341  2.730540E-13
1442.36881189395  2.374715E-13
1443.81646881449  2.346766E-13
1445.26412573502  2.366373E-13
1446.71178265556  2.589134E-13
1448.1594395761  2.531159E-13
1449.60709649664  2.374368E-13
1451.05475341717  2.355396E-13
1452.50241033771  2.392726E-13
1453.95006725825  2.647232E-13
1455.39772417878  2.546932E-13
1456.84538109932  2.479964E-13
1458.29303801986  2.507791E-13
1459.74069494039  2.460011E-13
1461.18835186093  2.600475E-13
1462.63600878147  2.541694E-13
1464.083665702  2.471701E-13
1465.53132262254  2.490551E-13
1466.97897954308  2.475979E-13
1468.42663646361  2.514836E-13
1469.87429338415  2.501980E-13
1471.32195030469  2.515643E-13
1472.76960722522  2.538446E-13
1474.21726414576  2.477483E-13
1475.6649210663  2.341075E-13
1477.11257798683  2.387298E-13
1478.56023490737  2.341959E-13
1480.00789182791  2.411704E-13
1481.45554874844  2.586315E-13
1482.90320566898  2.642614E-13
1484.35086258952  2.507989E-13
1485.79851951005  2.564080E-13
1487.24617643059  2.754519E-13
1488.69383335113  2.648796E-13
1490.14149027167  2.520128E-13
1491.5891471922  2.472274E-13
1493.03680411274  2.378046E-13
1494.48446103328  2.428220E-13
1495.93211795381  2.722685E-13
1497.37977487435  2.578653E-13
1498.82743179489  2.713759E-13
1500.27508871542  2.795632E-13
1501.72274563596  2.872153E-13
1503.1704025565  2.494300E-13
1504.61805947703  2.642962E-13
1506.06571639757  2.646728E-13
1507.51337331811  2.610685E-13
1508.96103023864  2.628475E-13
1510.40868715918  2.646440E-13
1511.85634407972  2.719672E-13
1513.30400100025  2.773210E-13
1514.75165792079  2.599944E-13
1516.19931484133  2.708287E-13
1517.64697176186  2.881390E-13
1519.0946286824  3.116426E-13
1520.54228560294  3.038084E-13
1521.98994252347  3.049497E-13
1523.43759944401  2.932864E-13
1524.88525636455  3.225608E-13
1526.33291328509  3.243777E-13
1527.78057020562  3.367261E-13
1529.22822712616  3.463671E-13
1530.6758840467  3.389633E-13
1532.12354096723  3.313609E-13
1533.57119788777  4.023702E-13
1535.01885480831  3.808289E-13
1536.46651172884  4.234429E-13
1537.91416864938  4.676387E-13
1539.36182556992  5.034627E-13
1540.80948249045  4.394261E-13
1542.25713941099  4.154632E-13
1543.70479633153  4.498921E-13
1545.15245325206  4.886121E-13
1546.6001101726  4.302490E-13
1548.04776709314  4.551104E-13
1549.49542401367  4.492847E-13
1550.94308093421  4.077796E-13
1552.39073785475  3.872464E-13
1553.83839477528  3.607800E-13
1555.28605169582  3.827632E-13
1556.73370861636  3.954919E-13
1558.18136553689  3.462444E-13
1559.62902245743  3.500277E-13
1561.07667937797  3.378529E-13
1562.5243362985  3.043361E-13
1563.97199321904  3.026068E-13
1565.41965013958  2.955545E-13
1566.86730706012  2.907511E-13
1568.31496398065  2.757535E-13
1569.76262090119  2.702620E-13
1571.21027782173  2.834067E-13
1572.65793474226  2.711103E-13
1574.1055916628  2.869974E-13
1575.55324858334  2.915625E-13
1577.00090550387  2.552304E-13
1578.44856242441  2.681995E-13
1579.89621934495  2.713992E-13
1581.34387626548  2.668172E-13
1582.79153318602  2.653313E-13
1584.23919010656  2.543331E-13
1585.68684702709  2.482897E-13
1587.13450394763  2.611445E-13
1588.58216086817  2.495535E-13
1590.0298177887  2.664550E-13
1591.47747470924  2.453107E-13
1592.92513162978  2.476512E-13
1594.37278855031  2.366195E-13
1595.82044547085  2.560188E-13
1597.26810239139  2.381886E-13
1598.71575931192  2.411166E-13
1600.16341623246  2.378566E-13
1601.611073153  2.399647E-13
1603.05873007354  2.436977E-13
1604.50638699407  2.493666E-13
1605.95404391461  2.513339E-13
1607.40170083515  2.418386E-13
1608.84935775568  2.377398E-13
1610.29701467622  2.405110E-13
1611.74467159676  2.383469E-13
1613.19232851729  2.450461E-13
1614.63998543783  2.387387E-13
1616.08764235837  2.483136E-13
1617.5352992789  2.525766E-13
1618.98295619944  2.527445E-13
1620.43061311998  2.429584E-13
1621.87827004051  2.462014E-13
1623.32592696105  2.461519E-13
1624.77358388159  2.435002E-13
1626.22124080212  2.584476E-13
1627.66889772266  2.547121E-13
1629.1165546432  2.514411E-13
1630.56421156373  2.491010E-13
1632.01186848427  2.576985E-13
1633.45952540481  2.567635E-13
1634.90718232534  2.490112E-13
1636.35483924588  2.647896E-13
1637.80249616642  2.642614E-13
1639.25015308695  2.500905E-13
1640.69781000749  2.387768E-13
1642.14546692803  2.424383E-13
1643.59312384857  2.384845E-13
1645.0407807691  2.332660E-13
1646.48843768964  2.410404E-13
1647.93609461018  2.601268E-13
1649.38375153071  2.490593E-13
1650.83140845125  2.515259E-13
1652.27906537179  2.561393E-13
1653.72672229232  2.491791E-13
1655.17437921286  2.492521E-13
1656.6220361334  2.478580E-13
1658.06969305393  2.406350E-13
1659.51734997447  2.413212E-13
1660.96500689501  2.401396E-13
1662.41266381554  2.421559E-13
1663.86032073608  2.368891E-13
1665.30797765662  2.377040E-13
1666.75563457715  2.384054E-13
1668.20329149769  2.421262E-13
1669.65094841823  2.370716E-13
1671.09860533876  2.319607E-13
1672.5462622593  2.210459E-13
1673.99391917984  2.141103E-13
1675.44157610038  2.148847E-13
1676.88923302091  2.175853E-13
1678.33688994145  2.073241E-13
1679.78454686199  2.088290E-13
1681.23220378252  2.056713E-13
1682.67986070306  2.005477E-13
1684.1275176236  1.999564E-13
1685.57517454413  1.931886E-13
1687.02283146467  1.965297E-13
1688.47048838521  2.008325E-13
1689.91814530574  1.946731E-13
1691.36580222628  1.953390E-13
1692.81345914682  2.009680E-13
1694.26111606735  2.083597E-13
1695.70877298789  2.035330E-13
1697.15642990843  2.125159E-13
1698.60408682896  2.137868E-13
1700.0517437495  2.062190E-13
1701.49940067004  2.024214E-13
1702.94705759057  2.046235E-13
1704.39471451111  2.093168E-13
1705.84237143165  2.100301E-13
1707.29002835218  2.167575E-13
1708.73768527272  2.090747E-13
1710.18534219326  0.
1711.63299911379  0.
1713.08065603433  0.
1714.52831295487  0.
1715.97596987541  0.
1717.42362679594  0.
1718.87128371648  0.
1720.31894063702  0.
1721.76659755755  0.
1723.21425447809  0.
1724.66191139863  0.
1726.10956831916  0.
1727.5572252397  0.
1729.00488216024  0.
1730.45253908077  0.
1731.90019600131  0.
1733.34785292185  0.
1734.79550984238  0.
1736.24316676292  0.
1737.69082368346  0.
1739.13848060399  0.
1740.58613752453  0.
1742.03379444507  0.
1743.4814513656  0.
1744.92910828614  0.
1746.37676520668  0.
1747.82442212721  0.
1749.27207904775  0.
1750.71973596829  0.
1752.16739288882  0.
1753.61504980936  0.
1755.0627067299  0.
1756.51036365043  0.
1757.95802057097  0.
1759.40567749151  0.
1760.85333441205  0.
1762.30099133258  0.
1763.74864825312  0.
1765.19630517366  0.
1766.64396209419  0.
1768.09161901473  0.
1769.53927593527  0.
1770.9869328558  0.
1772.43458977634  0.
1773.88224669688  0.
1775.32990361741  0.
1776.77756053795  0.
1778.22521745849  0.
1779.67287437902  0.
1781.12053129956  0.
1782.5681882201  0.
1784.01584514063  0.
1785.46350206117  0.
1786.91115898171  0.
1788.35881590224  0.
1789.80647282278  0.
1791.25412974332  0.
1792.70178666385  0.
1794.14944358439  0.
1795.59710050493  0.
1797.04475742547  0.
1798.492414346  0.
1799.94007126654  0.
1801.38772818708  0.
1802.83538510761  0.
1804.28304202815  0.
1805.73069894869  0.
1807.17835586922  0.
1808.62601278976  0.
1810.0736697103  0.
1811.52132663083  0.
1812.96898355137  0.
1814.41664047191  0.
1815.86429739244  0.
1817.31195431298  0.
1818.75961123352  0.
1820.20726815405  0.
1821.65492507459  0.
1823.10258199513  0.
1824.55023891566  0.
1825.9978958362  0.
1827.44555275674  0.
1828.89320967727  0.
1830.34086659781  0.
1831.78852351835  0.
