906.735751295338  0.
908.183408215875  0.
909.631065136412  0.
911.078722056949  0.
912.526378977485  0.
913.974035898022  0.
915.421692818559  0.
916.869349739096  0.
918.317006659633  0.
919.764663580169  0.
921.212320500706  0.
922.659977421243  0.
924.10763434178  0.
925.555291262316  0.
927.002948182853  0.
928.45060510339  0.
929.898262023927  0.
931.345918944464  0.
932.793575865  0.
934.241232785537  0.
935.688889706074  0.
937.136546626611  0.
938.584203547148  0.
940.031860467684  0.
941.479517388221  0.
942.927174308758  0.
944.374831229295  0.
945.822488149832  0.
947.270145070369  0.
948.717801990905  0.
950.165458911442  0.
951.613115831979  0.
953.060772752515  0.
954.508429673052  0.
955.956086593589  0.
957.403743514126  0.
958.851400434663  0.
960.2990573552  0.
961.746714275736  0.
963.194371196273  0.
964.64202811681  0.
966.089685037347  0.
967.537341957883  0.
968.98499887842  0.
970.432655798957  0.
971.880312719494  0.
973.327969640031  0.
974.775626560567  0.
976.223283481104  0.
977.670940401641  0.
979.118597322178  0.
980.566254242715  0.
982.013911163251  0.
983.461568083788  0.
984.909225004325  0.
986.356881924862  0.
987.804538845399  0.
989.252195765935  0.
990.699852686472  0.
992.147509607009  0.
993.595166527546  5.993264E-13
995.042823448082  5.092594E-13
996.490480368619  8.679122E-13
997.938137289156  8.379009E-13
999.385794209693  7.792318E-13
1000.83345113023  8.530206E-13
1002.28110805077  7.682532E-13
1003.7287649713  9.029437E-13
1005.17642189184  8.509673E-13
1006.62407881238  8.490565E-13
1008.07173573291  6.441141E-13
1009.51939265345  6.691064E-13
1010.96704957399  7.010118E-13
1012.41470649452  6.741206E-13
1013.86236341506  6.961689E-13
1015.3100203356  7.080415E-13
1016.75767725613  6.729436E-13
1018.20533417667  7.242371E-13
1019.65299109721  6.537801E-13
1021.10064801775  7.093695E-13
1022.54830493828  6.984984E-13
1023.99596185882  6.424775E-13
1025.44361877936  6.247872E-13
1026.89127569989  5.690079E-13
1028.33893262043  5.380818E-13
1029.78658954097  5.598657E-13
1031.2342464615  6.194389E-13
1032.68190338204  6.357721E-13
1034.12956030258  5.627685E-13
1035.57721722311  5.322071E-13
1037.02487414365  5.143613E-13
1038.47253106419  5.684005E-13
1039.92018798472  5.141721E-13
1041.36784490526  4.448337E-13
1042.8155018258  5.230132E-13
1044.26315874633  4.689453E-13
1045.71081566687  6.052705E-13
1047.15847258741  4.370483E-13
1048.60612950794  4.971324E-13
1050.05378642848  3.774420E-13
1051.50144334902  5.992865E-13
1052.94910026955  6.230011E-13
1054.39675719009  5.268588E-13
1055.84441411063  4.963289E-13
1057.29207103116  4.947708E-13
1058.7397279517  4.407576E-13
1060.18738487224  4.633664E-13
1061.63504179277  4.826966E-13
1063.08269871331  4.375022E-13
1064.53035563385  4.461579E-13
1065.97801255439  4.416635E-13
1067.42566947492  4.590844E-13
1068.87332639546  4.749715E-13
1070.320983316  5.389601E-13
1071.76864023653  4.793166E-13
1073.21629715707  3.981516E-13
1074.66395407761  4.480325E-13
1076.11161099814  4.289973E-13
1077.55926791868  4.571403E-13
1079.00692483922  4.242440E-13
1080.45458175975  3.926097E-13
1081.90223868029  4.059133E-13
1083.34989560083  3.969380E-13
1084.79755252136  3.422767E-13
1086.2452094419  3.072414E-13
1087.69286636244  3.336005E-13
1089.14052328297  3.551252E-13
1090.58818020351  4.020327E-13
1092.03583712405  4.080866E-13
1093.48349404458  3.746383E-13
1094.93115096512  3.949380E-13
1096.37880788566  3.847229E-13
1097.82646480619  4.216297E-13
1099.27412172673  4.063584E-13
1100.72177864727  3.679528E-13
1102.1694355678  3.690539E-13
1103.61709248834  3.758855E-13
1105.06474940888  3.882665E-13
1106.51240632942  3.521645E-13
1107.96006324995  3.663187E-13
1109.40772017049  3.903180E-13
1110.85537709103  4.058492E-13
1112.30303401156  4.357838E-13
1113.7506909321  4.312827E-13
1115.19834785264  3.714275E-13
1116.64600477317  3.588660E-13
1118.09366169371  3.712817E-13
1119.54131861425  4.115406E-13
1120.98897553478  3.342725E-13
1122.43663245532  3.270700E-13
1123.88428937586  3.638116E-13
1125.33194629639  3.540893E-13
1126.77960321693  3.662957E-13
1128.22726013747  3.526289E-13
1129.674917058  3.841768E-13
1131.12257397854  3.931374E-13
1132.57023089908  3.936179E-13
1134.01788781961  3.968941E-13
1135.46554474015  3.752901E-13
1136.91320166069  3.815434E-13
1138.36085858122  3.693822E-13
1139.80851550176  3.866005E-13
1141.2561724223  3.373394E-13
1142.70382934284  3.830784E-13
1144.15148626337  3.292877E-13
1145.59914318391  3.484622E-13
1147.04680010445  3.715007E-13
1148.49445702498  3.655047E-13
1149.94211394552  3.038950E-13
1151.38977086606  3.279570E-13
1152.83742778659  3.895191E-13
1154.28508470713  3.676647E-13
1155.73274162767  3.615508E-13
1157.1803985482  4.205130E-13
1158.62805546874  4.000660E-13
1160.07571238928  3.912562E-13
1161.52336930981  4.001091E-13
1162.97102623035  3.976053E-13
1164.41868315089  3.584406E-13
1165.86634007142  3.965913E-13
1167.31399699196  4.063821E-13
1168.7616539125  3.766189E-13
1170.20931083303  4.118215E-13
1171.65696775357  4.056093E-13
1173.10462467411  4.241255E-13
1174.55228159464  3.722492E-13
1175.99993851518  3.898421E-13
1177.44759543572  4.077854E-13
1178.89525235625  4.328504E-13
1180.34290927679  4.186383E-13
1181.79056619733  4.658521E-13
1183.23822311787  4.805503E-13
1184.6858800384  4.575287E-13
1186.13353695894  4.548387E-13
1187.58119387948  4.816583E-13
1189.02885080001  4.783091E-13
1190.47650772055  5.219233E-13
1191.92416464109  4.696263E-13
1193.37182156162  5.664425E-13
1194.81947848216  5.825764E-13
1196.2671354027  6.000422E-13
1197.71479232323  5.684948E-13
1199.16244924377  5.913218E-13
1200.61010616431  6.478518E-13
1202.05776308484  5.901070E-13
1203.50542000538  7.069495E-13
1204.95307692592  7.063917E-13
1206.40073384645  7.891103E-13
1207.84839076699  9.959393E-13
1209.29604768753  8.436409E-13
1210.74370460806  8.047973E-13
1212.1913615286  1.084720E-12
1213.63901844914  1.147515E-12
1215.08667536967  9.395576E-13
1216.53433229021  9.260329E-13
1217.98198921075  1.059988E-12
1219.42964613129  9.543964E-13
1220.87730305182  7.376439E-13
1222.32495997236  6.433085E-13
1223.7726168929  6.196024E-13
1225.22027381343  5.632833E-13
1226.66793073397  5.947492E-13
1228.11558765451  5.758568E-13
1229.56324457504  5.061885E-13
1231.01090149558  5.132057E-13
1232.45855841612  5.817382E-13
1233.90621533665  5.578885E-13
1235.35387225719  5.557464E-13
1236.80152917773  5.572413E-13
1238.24918609826  5.456490E-13
1239.6968430188  5.411069E-13
1241.14449993934  5.262628E-13
1242.59215685987  4.888284E-13
1244.03981378041  5.015595E-13
1245.48747070095  4.505465E-13
1246.93512762148  4.481288E-13
1248.38278454202  4.352415E-13
1249.83044146256  4.223549E-13
1251.27809838309  4.286564E-13
1252.72575530363  3.856096E-13
1254.17341222417  4.584284E-13
1255.62106914471  4.045084E-13
1257.06872606524  3.548666E-13
1258.51638298578  3.862693E-13
1259.96403990632  4.295051E-13
1261.41169682685  4.372564E-13
1262.85935374739  4.210772E-13
1264.30701066793  4.338693E-13
1265.75466758846  4.130735E-13
1267.202324509  3.473451E-13
1268.64998142954  3.871074E-13
1270.09763835007  3.651553E-13
1271.54529527061  3.686133E-13
1272.99295219115  3.548797E-13
1274.44060911168  3.451827E-13
1275.88826603222  3.119340E-13
1277.33592295276  3.527416E-13
1278.78357987329  3.592421E-13
1280.23123679383  3.823813E-13
1281.67889371437  3.698907E-13
1283.1265506349  3.175091E-13
1284.57420755544  2.898939E-13
1286.02186447598  3.099211E-13
1287.46952139651  3.601169E-13
1288.91717831705  3.525387E-13
1290.36483523759  3.270865E-13
1291.81249215812  3.320653E-13
1293.26014907866  3.219797E-13
1294.7078059992  3.165199E-13
1296.15546291974  3.079448E-13
1297.60311984027  3.135527E-13
1299.05077676081  3.391889E-13
1300.49843368135  3.158030E-13
1301.94609060188  3.475246E-13
1303.39374752242  3.384854E-13
1304.84140444296  3.077039E-13
1306.28906136349  3.262171E-13
1307.73671828403  2.772594E-13
1309.18437520457  3.055572E-13
1310.6320321251  2.816183E-13
1312.07968904564  3.044528E-13
1313.52734596618  3.109444E-13
1314.97500288671  3.231407E-13
1316.42265980725  2.992431E-13
1317.87031672779  2.854463E-13
1319.31797364832  2.783269E-13
1320.76563056886  2.771381E-13
1322.2132874894  2.790125E-13
1323.66094440993  3.325898E-13
1325.10860133047  3.174652E-13
1326.55625825101  3.035042E-13
1328.00391517154  3.234267E-13
1329.45157209208  3.226848E-13
1330.89922901262  3.164291E-13
1332.34688593315  3.273828E-13
1333.79454285369  3.247705E-13
1335.24219977423  2.940479E-13
1336.68985669477  2.805099E-13
1338.1375136153  2.638368E-13
1339.58517053584  3.060280E-13
1341.03282745638  3.330634E-13
1342.48048437691  3.301374E-13
1343.92814129745  3.559082E-13
1345.37579821799  3.023699E-13
1346.82345513852  2.968428E-13
1348.27111205906  3.204755E-13
1349.7187689796  3.007651E-13
1351.16642590013  3.127749E-13
1352.61408282067  3.039673E-13
1354.06173974121  3.098339E-13
1355.50939666174  3.203827E-13
1356.95705358228  3.108642E-13
1358.40471050282  2.881759E-13
1359.85236742335  3.079107E-13
1361.30002434389  3.292114E-13
1362.74768126443  3.137132E-13
1364.19533818496  2.933433E-13
1365.6429951055  2.912630E-13
1367.09065202604  2.810112E-13
1368.53830894657  3.059245E-13
1369.98596586711  3.245530E-13
1371.43362278765  3.219609E-13
1372.88127970819  3.188220E-13
1374.32893662872  2.888173E-13
1375.77659354926  3.160039E-13
1377.2242504698  3.372266E-13
1378.67190739033  3.402219E-13
1380.11956431087  3.119655E-13
1381.56722123141  3.241763E-13
1383.01487815194  2.872935E-13
1384.46253507248  2.624131E-13
1385.91019199302  3.009680E-13
1387.35784891355  2.985153E-13
1388.80550583409  3.318263E-13
1390.25316275463  3.464193E-13
1391.70081967516  3.566555E-13
1393.1484765957  3.295889E-13
1394.59613351624  3.533241E-13
1396.04379043677  3.411888E-13
1397.49144735731  3.486949E-13
1398.93910427785  3.554886E-13
1400.38676119838  3.663775E-13
1401.83441811892  3.590353E-13
1403.28207503946  3.521409E-13
1404.72973195999  3.117243E-13
1406.17738888053  2.869918E-13
1407.62504580107  3.169086E-13
1409.0727027216  3.149296E-13
1410.52035964214  3.222346E-13
1411.96801656268  3.153100E-13
1413.41567348322  3.271803E-13
1414.86333040375  3.028555E-13
1416.31098732429  3.011814E-13
1417.75864424483  3.076975E-13
1419.20630116536  2.552609E-13
1420.6539580859  2.727653E-13
1422.10161500644  2.655221E-13
1423.54927192697  2.899577E-13
1424.99692884751  2.893803E-13
1426.44458576805  2.851909E-13
1427.89224268858  2.745340E-13
1429.33989960912  2.793836E-13
1430.78755652966  2.747409E-13
1432.23521345019  2.663999E-13
1433.68287037073  2.723507E-13
1435.13052729127  2.568467E-13
1436.5781842118  2.591174E-13
1438.02584113234  2.766736E-13
1439.47349805288  2.882618E-13
1440.92115497341  2.696712E-13
1442.36881189395  2.183702E-13
1443.81646881449  2.484628E-13
1445.26412573502  2.965017E-13
1446.71178265556  2.706003E-13
1448.1594395761  2.792307E-13
1449.60709649664  2.685366E-13
1451.05475341717  2.589545E-13
1452.50241033771  2.617814E-13
1453.95006725825  2.734630E-13
1455.39772417878  2.809834E-13
1456.84538109932  2.752279E-13
1458.29303801986  2.688869E-13
1459.74069494039  2.509371E-13
1461.18835186093  2.531488E-13
1462.63600878147  2.611132E-13
1464.083665702  2.600435E-13
1465.53132262254  2.657130E-13
1466.97897954308  2.516538E-13
1468.42663646361  2.784465E-13
1469.87429338415  2.557932E-13
1471.32195030469  2.432295E-13
1472.76960722522  2.501638E-13
1474.21726414576  2.441106E-13
1475.6649210663  2.574998E-13
1477.11257798683  2.462873E-13
1478.56023490737  2.718908E-13
1480.00789182791  2.604505E-13
1481.45554874844  2.638095E-13
1482.90320566898  2.475660E-13
1484.35086258952  2.469816E-13
1485.79851951005  2.542361E-13
1487.24617643059  2.683105E-13
1488.69383335113  2.506124E-13
1490.14149027167  2.587218E-13
1491.5891471922  2.642851E-13
1493.03680411274  2.360086E-13
1494.48446103328  2.477877E-13
1495.93211795381  2.722200E-13
1497.37977487435  2.766352E-13
1498.82743179489  2.954144E-13
1500.27508871542  2.962310E-13
1501.72274563596  2.637672E-13
1503.1704025565  2.619100E-13
1504.61805947703  2.553969E-13
1506.06571639757  2.608159E-13
1507.51337331811  2.761904E-13
1508.96103023864  2.910115E-13
1510.40868715918  2.829169E-13
1511.85634407972  2.793831E-13
1513.30400100025  2.957483E-13
1514.75165792079  2.819187E-13
1516.19931484133  2.963474E-13
1517.64697176186  3.062295E-13
1519.0946286824  2.945396E-13
1520.54228560294  3.121131E-13
1521.98994252347  3.040404E-13
1523.43759944401  3.024187E-13
1524.88525636455  3.311639E-13
1526.33291328509  3.342043E-13
1527.78057020562  3.553532E-13
1529.22822712616  3.375585E-13
1530.6758840467  3.391569E-13
1532.12354096723  3.411427E-13
1533.57119788777  3.854558E-13
1535.01885480831  3.974531E-13
1536.46651172884  4.293905E-13
1537.91416864938  4.431041E-13
1539.36182556992  4.827119E-13
1540.80948249045  4.816983E-13
1542.25713941099  5.218282E-13
1543.70479633153  5.328591E-13
1545.15245325206  4.639619E-13
1546.6001101726  4.753167E-13
1548.04776709314  5.009094E-13
1549.49542401367  4.297593E-13
1550.94308093421  4.299577E-13
1552.39073785475  4.285735E-13
1553.83839477528  3.979151E-13
1555.28605169582  3.556043E-13
1556.73370861636  3.337278E-13
1558.18136553689  3.350724E-13
1559.62902245743  3.205566E-13
1561.07667937797  3.023649E-13
1562.5243362985  3.000171E-13
1563.97199321904  3.017319E-13
1565.41965013958  2.965962E-13
1566.86730706012  2.885654E-13
1568.31496398065  2.768175E-13
1569.76262090119  2.897895E-13
1571.21027782173  2.863868E-13
1572.65793474226  2.857347E-13
1574.1055916628  2.971663E-13
1575.55324858334  2.855550E-13
1577.00090550387  2.959175E-13
1578.44856242441  2.830339E-13
1579.89621934495  2.757038E-13
1581.34387626548  2.835990E-13
1582.79153318602  2.731843E-13
1584.23919010656  2.659707E-13
1585.68684702709  2.505111E-13
1587.13450394763  2.568728E-13
1588.58216086817  2.575926E-13
1590.0298177887  2.574055E-13
1591.47747470924  2.558404E-13
1592.92513162978  2.642432E-13
1594.37278855031  2.518079E-13
1595.82044547085  2.430388E-13
1597.26810239139  2.319635E-13
1598.71575931192  2.450289E-13
1600.16341623246  2.497420E-13
1601.611073153  2.440904E-13
1603.05873007354  2.451149E-13
1604.50638699407  2.515055E-13
1605.95404391461  2.488277E-13
1607.40170083515  2.499228E-13
1608.84935775568  2.555615E-13
1610.29701467622  2.516631E-13
1611.74467159676  2.511116E-13
1613.19232851729  2.512837E-13
1614.63998543783  2.425559E-13
1616.08764235837  2.533828E-13
1617.5352992789  2.632129E-13
1618.98295619944  2.640668E-13
1620.43061311998  2.510664E-13
1621.87827004051  2.537473E-13
1623.32592696105  2.446803E-13
1624.77358388159  2.638695E-13
1626.22124080212  2.662515E-13
1627.66889772266  2.547373E-13
1629.1165546432  2.600317E-13
1630.56421156373  2.692565E-13
1632.01186848427  2.690612E-13
1633.45952540481  2.655141E-13
1634.90718232534  2.617842E-13
1636.35483924588  2.628035E-13
1637.80249616642  2.561565E-13
1639.25015308695  2.649825E-13
1640.69781000749  2.623065E-13
1642.14546692803  2.523564E-13
1643.59312384857  2.544254E-13
1645.0407807691  2.594103E-13
1646.48843768964  2.553490E-13
1647.93609461018  2.515422E-13
1649.38375153071  2.479955E-13
1650.83140845125  2.600777E-13
1652.27906537179  2.537728E-13
1653.72672229232  2.497748E-13
1655.17437921286  2.512027E-13
1656.6220361334  2.486899E-13
1658.06969305393  2.510922E-13
1659.51734997447  2.579558E-13
1660.96500689501  2.498649E-13
1662.41266381554  2.456665E-13
1663.86032073608  2.442030E-13
1665.30797765662  2.508934E-13
1666.75563457715  2.605273E-13
1668.20329149769  2.513019E-13
1669.65094841823  2.499351E-13
1671.09860533876  2.446096E-13
1672.5462622593  2.266330E-13
1673.99391917984  2.262416E-13
1675.44157610038  2.261681E-13
1676.88923302091  2.304975E-13
1678.33688994145  2.289286E-13
1679.78454686199  2.308426E-13
1681.23220378252  2.254306E-13
1682.67986070306  2.182865E-13
1684.1275176236  2.221461E-13
1685.57517454413  2.206259E-13
1687.02283146467  2.221248E-13
1688.47048838521  2.261680E-13
1689.91814530574  2.266066E-13
1691.36580222628  2.260786E-13
1692.81345914682  2.076387E-13
1694.26111606735  1.998051E-13
1695.70877298789  1.966855E-13
1697.15642990843  2.149312E-13
1698.60408682896  2.185574E-13
1700.0517437495  2.167858E-13
1701.49940067004  2.204793E-13
1702.94705759057  2.140205E-13
1704.39471451111  2.101037E-13
1705.84237143165  2.060104E-13
1707.29002835218  2.133821E-13
1708.73768527272  2.221038E-13
1710.18534219326  0.
1711.63299911379  0.
1713.08065603433  0.
1714.52831295487  0.
1715.97596987541  0.
1717.42362679594  0.
1718.87128371648  0.
1720.31894063702  0.
1721.76659755755  0.
1723.21425447809  0.
1724.66191139863  0.
1726.10956831916  0.
1727.5572252397  0.
1729.00488216024  0.
1730.45253908077  0.
1731.90019600131  0.
1733.34785292185  0.
1734.79550984238  0.
1736.24316676292  0.
1737.69082368346  0.
1739.13848060399  0.
1740.58613752453  0.
1742.03379444507  0.
1743.4814513656  0.
1744.92910828614  0.
1746.37676520668  0.
1747.82442212721  0.
1749.27207904775  0.
1750.71973596829  0.
1752.16739288882  0.
1753.61504980936  0.
1755.0627067299  0.
1756.51036365043  0.
1757.95802057097  0.
1759.40567749151  0.
1760.85333441205  0.
1762.30099133258  0.
1763.74864825312  0.
1765.19630517366  0.
1766.64396209419  0.
1768.09161901473  0.
1769.53927593527  0.
1770.9869328558  0.
1772.43458977634  0.
1773.88224669688  0.
1775.32990361741  0.
1776.77756053795  0.
1778.22521745849  0.
1779.67287437902  0.
1781.12053129956  0.
1782.5681882201  0.
1784.01584514063  0.
1785.46350206117  0.
1786.91115898171  0.
1788.35881590224  0.
1789.80647282278  0.
1791.25412974332  0.
1792.70178666385  0.
1794.14944358439  0.
1795.59710050493  0.
1797.04475742547  0.
1798.492414346  0.
1799.94007126654  0.
1801.38772818708  0.
1802.83538510761  0.
1804.28304202815  0.
1805.73069894869  0.
1807.17835586922  0.
1808.62601278976  0.
1810.0736697103  0.
1811.52132663083  0.
1812.96898355137  0.
1814.41664047191  0.
1815.86429739244  0.
1817.31195431298  0.
1818.75961123352  0.
1820.20726815405  0.
1821.65492507459  0.
1823.10258199513  0.
1824.55023891566  0.
1825.9978958362  0.
1827.44555275674  0.
1828.89320967727  0.
1830.34086659781  0.
1831.78852351835  0.
