906.735751295338  0.
908.183408215875  0.
909.631065136412  0.
911.078722056949  0.
912.526378977485  0.
913.974035898022  0.
915.421692818559  0.
916.869349739096  0.
918.317006659633  0.
919.764663580169  0.
921.212320500706  0.
922.659977421243  0.
924.10763434178  0.
925.555291262316  0.
927.002948182853  0.
928.45060510339  0.
929.898262023927  0.
931.345918944464  0.
932.793575865  0.
934.241232785537  0.
935.688889706074  0.
937.136546626611  0.
938.584203547148  0.
940.031860467684  0.
941.479517388221  0.
942.927174308758  0.
944.374831229295  0.
945.822488149832  0.
947.270145070369  0.
948.717801990905  0.
950.165458911442  0.
951.613115831979  0.
953.060772752515  0.
954.508429673052  0.
955.956086593589  0.
957.403743514126  0.
958.851400434663  0.
960.2990573552  0.
961.746714275736  0.
963.194371196273  0.
964.64202811681  0.
966.089685037347  0.
967.537341957883  0.
968.98499887842  0.
970.432655798957  0.
971.880312719494  0.
973.327969640031  0.
974.775626560567  0.
976.223283481104  0.
977.670940401641  0.
979.118597322178  0.
980.566254242715  0.
982.013911163251  0.
983.461568083788  0.
984.909225004325  0.
986.356881924862  0.
987.804538845399  0.
989.252195765935  0.
990.699852686472  0.
992.147509607009  0.
993.595166527546  5.945107E-13
995.042823448082  2.456837E-13
996.490480368619  2.828426E-13
997.938137289156  5.163020E-13
999.385794209693  4.269080E-13
1000.83345113023  3.261725E-13
1002.28110805077  3.474650E-13
1003.7287649713  4.585249E-13
1005.17642189184  5.801421E-13
1006.62407881238  6.718203E-13
1008.07173573291  3.562770E-13
1009.51939265345  4.243122E-13
1010.96704957399  5.260499E-13
1012.41470649452  5.013686E-13
1013.86236341506  5.056710E-13
1015.3100203356  6.153760E-13
1016.75767725613  4.789763E-13
1018.20533417667  5.666775E-13
1019.65299109721  4.772115E-13
1021.10064801775  5.889382E-13
1022.54830493828  5.581273E-13
1023.99596185882  4.323504E-13
1025.44361877936  5.571898E-13
1026.89127569989  4.966279E-13
1028.33893262043  4.794196E-13
1029.78658954097  5.534742E-13
1031.2342464615  6.106623E-13
1032.68190338204  5.870901E-13
1034.12956030258  5.219163E-13
1035.57721722311  5.679197E-13
1037.02487414365  4.326917E-13
1038.47253106419  5.017129E-13
1039.92018798472  5.389211E-13
1041.36784490526  4.649424E-13
1042.8155018258  4.151063E-13
1044.26315874633  4.815350E-13
1045.71081566687  6.755475E-13
1047.15847258741  5.047680E-13
1048.60612950794  4.961568E-13
1050.05378642848  4.637952E-13
1051.50144334902  4.630987E-13
1052.94910026955  5.661137E-13
1054.39675719009  4.658697E-13
1055.84441411063  4.416323E-13
1057.29207103116  3.955587E-13
1058.7397279517  3.637170E-13
1060.18738487224  4.170365E-13
1061.63504179277  4.719542E-13
1063.08269871331  4.617263E-13
1064.53035563385  4.536828E-13
1065.97801255439  4.075735E-13
1067.42566947492  4.868892E-13
1068.87332639546  4.604660E-13
1070.320983316  4.259103E-13
1071.76864023653  3.250875E-13
1073.21629715707  4.166252E-13
1074.66395407761  4.529582E-13
1076.11161099814  3.830080E-13
1077.55926791868  4.310121E-13
1079.00692483922  4.649406E-13
1080.45458175975  4.100908E-13
1081.90223868029  3.919782E-13
1083.34989560083  3.863685E-13
1084.79755252136  4.029593E-13
1086.2452094419  4.051476E-13
1087.69286636244  3.544639E-13
1089.14052328297  3.933105E-13
1090.58818020351  4.058078E-13
1092.03583712405  3.831971E-13
1093.48349404458  3.741980E-13
1094.93115096512  4.013132E-13
1096.37880788566  3.442578E-13
1097.82646480619  3.796568E-13
1099.27412172673  3.482440E-13
1100.72177864727  3.493331E-13
1102.1694355678  3.723359E-13
1103.61709248834  4.180506E-13
1105.06474940888  4.191636E-13
1106.51240632942  3.801898E-13
1107.96006324995  3.421093E-13
1109.40772017049  3.544307E-13
1110.85537709103  3.484717E-13
1112.30303401156  3.814066E-13
1113.7506909321  4.184978E-13
1115.19834785264  3.615130E-13
1116.64600477317  4.449911E-13
1118.09366169371  4.027956E-13
1119.54131861425  3.707013E-13
1120.98897553478  3.685212E-13
1122.43663245532  3.221125E-13
1123.88428937586  3.720824E-13
1125.33194629639  3.424265E-13
1126.77960321693  3.641476E-13
1128.22726013747  3.826768E-13
1129.674917058  3.996200E-13
1131.12257397854  3.849449E-13
1132.57023089908  3.809712E-13
1134.01788781961  3.918981E-13
1135.46554474015  3.999907E-13
1136.91320166069  3.951176E-13
1138.36085858122  3.744149E-13
1139.80851550176  3.264096E-13
1141.2561724223  3.535713E-13
1142.70382934284  3.636842E-13
1144.15148626337  3.209769E-13
1145.59914318391  3.614553E-13
1147.04680010445  3.349023E-13
1148.49445702498  3.615794E-13
1149.94211394552  3.687168E-13
1151.38977086606  3.674818E-13
1152.83742778659  3.193538E-13
1154.28508470713  3.099195E-13
1155.73274162767  3.304851E-13
1157.1803985482  3.569095E-13
1158.62805546874  3.468130E-13
1160.07571238928  3.578638E-13
1161.52336930981  3.740208E-13
1162.97102623035  3.568646E-13
1164.41868315089  3.718638E-13
1165.86634007142  3.945082E-13
1167.31399699196  3.769078E-13
1168.7616539125  3.772382E-13
1170.20931083303  4.114178E-13
1171.65696775357  4.019218E-13
1173.10462467411  3.841949E-13
1174.55228159464  3.907805E-13
1175.99993851518  3.952376E-13
1177.44759543572  4.048207E-13
1178.89525235625  4.201304E-13
1180.34290927679  4.344319E-13
1181.79056619733  4.054826E-13
1183.23822311787  4.312830E-13
1184.6858800384  3.871766E-13
1186.13353695894  4.170233E-13
1187.58119387948  4.538196E-13
1189.02885080001  4.515137E-13
1190.47650772055  5.212416E-13
1191.92416464109  5.688315E-13
1193.37182156162  4.586262E-13
1194.81947848216  5.591410E-13
1196.2671354027  5.509010E-13
1197.71479232323  5.918133E-13
1199.16244924377  6.289971E-13
1200.61010616431  6.221637E-13
1202.05776308484  6.391983E-13
1203.50542000538  6.384013E-13
1204.95307692592  5.921508E-13
1206.40073384645  7.193593E-13
1207.84839076699  8.093579E-13
1209.29604768753  8.326460E-13
1210.74370460806  1.052919E-12
1212.1913615286  1.102641E-12
1213.63901844914  1.078208E-12
1215.08667536967  1.144506E-12
1216.53433229021  1.139468E-12
1217.98198921075  1.052112E-12
1219.42964613129  1.014593E-12
1220.87730305182  9.608315E-13
1222.32495997236  7.489864E-13
1223.7726168929  6.397581E-13
1225.22027381343  6.066870E-13
1226.66793073397  6.793550E-13
1228.11558765451  6.057408E-13
1229.56324457504  5.538500E-13
1231.01090149558  5.105208E-13
1232.45855841612  5.704857E-13
1233.90621533665  5.606293E-13
1235.35387225719  5.544160E-13
1236.80152917773  5.670770E-13
1238.24918609826  5.609948E-13
1239.6968430188  5.381598E-13
1241.14449993934  4.925910E-13
1242.59215685987  4.879044E-13
1244.03981378041  4.943605E-13
1245.48747070095  4.989728E-13
1246.93512762148  4.986188E-13
1248.38278454202  4.595222E-13
1249.83044146256  4.513890E-13
1251.27809838309  4.499582E-13
1252.72575530363  3.836450E-13
1254.17341222417  4.340870E-13
1255.62106914471  4.500164E-13
1257.06872606524  3.671597E-13
1258.51638298578  3.729982E-13
1259.96403990632  3.751372E-13
1261.41169682685  3.992518E-13
1262.85935374739  4.080036E-13
1264.30701066793  3.670699E-13
1265.75466758846  4.312440E-13
1267.202324509  3.654197E-13
1268.64998142954  4.097904E-13
1270.09763835007  3.873875E-13
1271.54529527061  3.593422E-13
1272.99295219115  4.124828E-13
1274.44060911168  3.524923E-13
1275.88826603222  3.649083E-13
1277.33592295276  3.275705E-13
1278.78357987329  3.094429E-13
1280.23123679383  3.067345E-13
1281.67889371437  3.089388E-13
1283.1265506349  3.005869E-13
1284.57420755544  3.273801E-13
1286.02186447598  3.488013E-13
1287.46952139651  3.332057E-13
1288.91717831705  3.406452E-13
1290.36483523759  3.165536E-13
1291.81249215812  3.227849E-13
1293.26014907866  3.443502E-13
1294.7078059992  3.735741E-13
1296.15546291974  3.310334E-13
1297.60311984027  3.053854E-13
1299.05077676081  3.287706E-13
1300.49843368135  3.453162E-13
1301.94609060188  3.519410E-13
1303.39374752242  3.141348E-13
1304.84140444296  3.054981E-13
1306.28906136349  3.015411E-13
1307.73671828403  2.994612E-13
1309.18437520457  3.147068E-13
1310.6320321251  3.609676E-13
1312.07968904564  3.357359E-13
1313.52734596618  2.943049E-13
1314.97500288671  3.260226E-13
1316.42265980725  3.365865E-13
1317.87031672779  3.185714E-13
1319.31797364832  2.887175E-13
1320.76563056886  2.686656E-13
1322.2132874894  2.915716E-13
1323.66094440993  3.267397E-13
1325.10860133047  3.438772E-13
1326.55625825101  3.209037E-13
1328.00391517154  3.103084E-13
1329.45157209208  3.604189E-13
1330.89922901262  3.356390E-13
1332.34688593315  3.290441E-13
1333.79454285369  3.193808E-13
1335.24219977423  2.895875E-13
1336.68985669477  2.827622E-13
1338.1375136153  3.023952E-13
1339.58517053584  3.171375E-13
1341.03282745638  3.033828E-13
1342.48048437691  3.371557E-13
1343.92814129745  3.020409E-13
1345.37579821799  2.407652E-13
1346.82345513852  2.719345E-13
1348.27111205906  3.026815E-13
1349.7187689796  2.747115E-13
1351.16642590013  2.849061E-13
1352.61408282067  2.862186E-13
1354.06173974121  2.812924E-13
1355.50939666174  3.111508E-13
1356.95705358228  3.284473E-13
1358.40471050282  3.393834E-13
1359.85236742335  3.148799E-13
1361.30002434389  3.405672E-13
1362.74768126443  3.260499E-13
1364.19533818496  3.132304E-13
1365.6429951055  2.803685E-13
1367.09065202604  2.829198E-13
1368.53830894657  2.934694E-13
1369.98596586711  3.200150E-13
1371.43362278765  3.155370E-13
1372.88127970819  3.012907E-13
1374.32893662872  2.861875E-13
1375.77659354926  3.220864E-13
1377.2242504698  2.760781E-13
1378.67190739033  3.263088E-13
1380.11956431087  2.812117E-13
1381.56722123141  3.093141E-13
1383.01487815194  2.867998E-13
1384.46253507248  3.181551E-13
1385.91019199302  2.808512E-13
1387.35784891355  3.079066E-13
1388.80550583409  3.495734E-13
1390.25316275463  3.282112E-13
1391.70081967516  2.921260E-13
1393.1484765957  2.823001E-13
1394.59613351624  3.391796E-13
1396.04379043677  3.239401E-13
1397.49144735731  3.484887E-13
1398.93910427785  3.484359E-13
1400.38676119838  3.206823E-13
1401.83441811892  3.297834E-13
1403.28207503946  3.631261E-13
1404.72973195999  3.531400E-13
1406.17738888053  3.431480E-13
1407.62504580107  3.219506E-13
1409.0727027216  3.179376E-13
1410.52035964214  3.428107E-13
1411.96801656268  3.188017E-13
1413.41567348322  3.754179E-13
1414.86333040375  3.621652E-13
1416.31098732429  3.533366E-13
1417.75864424483  3.257112E-13
1419.20630116536  3.062004E-13
1420.6539580859  3.204490E-13
1422.10161500644  3.150071E-13
1423.54927192697  3.260205E-13
1424.99692884751  2.964189E-13
1426.44458576805  2.761782E-13
1427.89224268858  2.609068E-13
1429.33989960912  2.907887E-13
1430.78755652966  2.749740E-13
1432.23521345019  2.657918E-13
1433.68287037073  2.904065E-13
1435.13052729127  2.793599E-13
1436.5781842118  2.589054E-13
1438.02584113234  2.828783E-13
1439.47349805288  2.937737E-13
1440.92115497341  2.873617E-13
1442.36881189395  2.438587E-13
1443.81646881449  2.286665E-13
1445.26412573502  2.448377E-13
1446.71178265556  2.723112E-13
1448.1594395761  2.794780E-13
1449.60709649664  2.975451E-13
1451.05475341717  2.701895E-13
1452.50241033771  2.625530E-13
1453.95006725825  2.493228E-13
1455.39772417878  2.956778E-13
1456.84538109932  2.805871E-13
1458.29303801986  2.518022E-13
1459.74069494039  2.562953E-13
1461.18835186093  2.777988E-13
1462.63600878147  2.469146E-13
1464.083665702  2.687759E-13
1465.53132262254  2.855301E-13
1466.97897954308  2.481770E-13
1468.42663646361  2.652600E-13
1469.87429338415  2.800305E-13
1471.32195030469  2.851779E-13
1472.76960722522  2.417548E-13
1474.21726414576  2.304386E-13
1475.6649210663  2.465004E-13
1477.11257798683  2.607598E-13
1478.56023490737  2.738056E-13
1480.00789182791  2.621793E-13
1481.45554874844  2.602664E-13
1482.90320566898  2.495019E-13
1484.35086258952  2.798551E-13
1485.79851951005  2.586330E-13
1487.24617643059  2.618105E-13
1488.69383335113  2.591030E-13
1490.14149027167  2.706526E-13
1491.5891471922  2.547109E-13
1493.03680411274  2.377111E-13
1494.48446103328  2.804472E-13
1495.93211795381  2.888729E-13
1497.37977487435  2.838401E-13
1498.82743179489  2.890079E-13
1500.27508871542  2.950008E-13
1501.72274563596  2.797655E-13
1503.1704025565  2.743169E-13
1504.61805947703  2.697645E-13
1506.06571639757  2.957377E-13
1507.51337331811  3.009651E-13
1508.96103023864  3.077807E-13
1510.40868715918  2.905549E-13
1511.85634407972  2.846388E-13
1513.30400100025  2.799285E-13
1514.75165792079  2.905569E-13
1516.19931484133  3.105742E-13
1517.64697176186  3.143987E-13
1519.0946286824  2.962715E-13
1520.54228560294  3.037820E-13
1521.98994252347  3.132135E-13
1523.43759944401  3.328032E-13
1524.88525636455  2.927260E-13
1526.33291328509  2.917456E-13
1527.78057020562  3.337316E-13
1529.22822712616  3.283990E-13
1530.6758840467  3.306001E-13
1532.12354096723  3.364198E-13
1533.57119788777  3.758071E-13
1535.01885480831  3.731811E-13
1536.46651172884  3.981173E-13
1537.91416864938  4.314269E-13
1539.36182556992  4.411928E-13
1540.80948249045  4.465717E-13
1542.25713941099  4.658235E-13
1543.70479633153  4.932724E-13
1545.15245325206  5.067521E-13
1546.6001101726  5.153293E-13
1548.04776709314  5.119074E-13
1549.49542401367  5.116886E-13
1550.94308093421  4.865256E-13
1552.39073785475  4.704770E-13
1553.83839477528  4.578279E-13
1555.28605169582  4.009448E-13
1556.73370861636  3.666934E-13
1558.18136553689  3.395014E-13
1559.62902245743  3.170243E-13
1561.07667937797  3.189611E-13
1562.5243362985  3.160128E-13
1563.97199321904  3.082598E-13
1565.41965013958  3.085932E-13
1566.86730706012  3.228323E-13
1568.31496398065  3.164283E-13
1569.76262090119  3.080215E-13
1571.21027782173  2.941111E-13
1572.65793474226  2.764363E-13
1574.1055916628  2.656770E-13
1575.55324858334  2.820551E-13
1577.00090550387  2.717072E-13
1578.44856242441  2.546360E-13
1579.89621934495  2.840376E-13
1581.34387626548  2.946354E-13
1582.79153318602  2.824687E-13
1584.23919010656  2.768589E-13
1585.68684702709  2.784343E-13
1587.13450394763  2.728316E-13
1588.58216086817  2.575035E-13
1590.0298177887  2.633875E-13
1591.47747470924  2.545876E-13
1592.92513162978  2.744417E-13
1594.37278855031  2.749572E-13
1595.82044547085  2.534599E-13
1597.26810239139  2.485678E-13
1598.71575931192  2.399738E-13
1600.16341623246  2.449064E-13
1601.611073153  2.451959E-13
1603.05873007354  2.270947E-13
1604.50638699407  2.334461E-13
1605.95404391461  2.470217E-13
1607.40170083515  2.590761E-13
1608.84935775568  2.735407E-13
1610.29701467622  2.758340E-13
1611.74467159676  2.675032E-13
1613.19232851729  2.601015E-13
1614.63998543783  2.807269E-13
1616.08764235837  2.732890E-13
1617.5352992789  2.738400E-13
1618.98295619944  2.616493E-13
1620.43061311998  2.610403E-13
1621.87827004051  2.712141E-13
1623.32592696105  2.564405E-13
1624.77358388159  2.471588E-13
1626.22124080212  2.627037E-13
1627.66889772266  2.594519E-13
1629.1165546432  2.598850E-13
1630.56421156373  2.633357E-13
1632.01186848427  2.467885E-13
1633.45952540481  2.471091E-13
1634.90718232534  2.575706E-13
1636.35483924588  2.652500E-13
1637.80249616642  2.535731E-13
1639.25015308695  2.488684E-13
1640.69781000749  2.496094E-13
1642.14546692803  2.566491E-13
1643.59312384857  2.616937E-13
1645.0407807691  2.790763E-13
1646.48843768964  2.776785E-13
1647.93609461018  2.725786E-13
1649.38375153071  2.657002E-13
1650.83140845125  2.430763E-13
1652.27906537179  2.419979E-13
1653.72672229232  2.377833E-13
1655.17437921286  2.371067E-13
1656.6220361334  2.434474E-13
1658.06969305393  2.388378E-13
1659.51734997447  2.566787E-13
1660.96500689501  2.835591E-13
1662.41266381554  2.807038E-13
1663.86032073608  2.683874E-13
1665.30797765662  2.613296E-13
1666.75563457715  2.582362E-13
1668.20329149769  2.595274E-13
1669.65094841823  2.415161E-13
1671.09860533876  2.436790E-13
1672.5462622593  2.576473E-13
1673.99391917984  2.546844E-13
1675.44157610038  2.539944E-13
1676.88923302091  2.500560E-13
1678.33688994145  2.480774E-13
1679.78454686199  2.386862E-13
1681.23220378252  2.398213E-13
1682.67986070306  2.417540E-13
1684.1275176236  2.490782E-13
1685.57517454413  2.353568E-13
1687.02283146467  2.430135E-13
1688.47048838521  2.501467E-13
1689.91814530574  2.491677E-13
1691.36580222628  2.325415E-13
1692.81345914682  2.171827E-13
1694.26111606735  2.257305E-13
1695.70877298789  2.261080E-13
1697.15642990843  2.396153E-13
1698.60408682896  2.345368E-13
1700.0517437495  2.235791E-13
1701.49940067004  2.230240E-13
1702.94705759057  2.288820E-13
1704.39471451111  2.356283E-13
1705.84237143165  2.329055E-13
1707.29002835218  2.264997E-13
1708.73768527272  2.211735E-13
1710.18534219326  0.
1711.63299911379  0.
1713.08065603433  0.
1714.52831295487  0.
1715.97596987541  0.
1717.42362679594  0.
1718.87128371648  0.
1720.31894063702  0.
1721.76659755755  0.
1723.21425447809  0.
1724.66191139863  0.
1726.10956831916  0.
1727.5572252397  0.
1729.00488216024  0.
1730.45253908077  0.
1731.90019600131  0.
1733.34785292185  0.
1734.79550984238  0.
1736.24316676292  0.
1737.69082368346  0.
1739.13848060399  0.
1740.58613752453  0.
1742.03379444507  0.
1743.4814513656  0.
1744.92910828614  0.
1746.37676520668  0.
1747.82442212721  0.
1749.27207904775  0.
1750.71973596829  0.
1752.16739288882  0.
1753.61504980936  0.
1755.0627067299  0.
1756.51036365043  0.
1757.95802057097  0.
1759.40567749151  0.
1760.85333441205  0.
1762.30099133258  0.
1763.74864825312  0.
1765.19630517366  0.
1766.64396209419  0.
1768.09161901473  0.
1769.53927593527  0.
1770.9869328558  0.
1772.43458977634  0.
1773.88224669688  0.
1775.32990361741  0.
1776.77756053795  0.
1778.22521745849  0.
1779.67287437902  0.
1781.12053129956  0.
1782.5681882201  0.
1784.01584514063  0.
1785.46350206117  0.
1786.91115898171  0.
1788.35881590224  0.
1789.80647282278  0.
1791.25412974332  0.
1792.70178666385  0.
1794.14944358439  0.
1795.59710050493  0.
1797.04475742547  0.
1798.492414346  0.
1799.94007126654  0.
1801.38772818708  0.
1802.83538510761  0.
1804.28304202815  0.
1805.73069894869  0.
1807.17835586922  0.
1808.62601278976  0.
1810.0736697103  0.
1811.52132663083  0.
1812.96898355137  0.
1814.41664047191  0.
1815.86429739244  0.
1817.31195431298  0.
1818.75961123352  0.
1820.20726815405  0.
1821.65492507459  0.
1823.10258199513  0.
1824.55023891566  0.
1825.9978958362  0.
1827.44555275674  0.
1828.89320967727  0.
1830.34086659781  0.
1831.78852351835  0.
