906.735751295338  0.
908.183408215875  0.
909.631065136412  0.
911.078722056949  0.
912.526378977485  0.
913.974035898022  0.
915.421692818559  0.
916.869349739096  0.
918.317006659633  0.
919.764663580169  0.
921.212320500706  0.
922.659977421243  0.
924.10763434178  0.
925.555291262316  0.
927.002948182853  0.
928.45060510339  0.
929.898262023927  0.
931.345918944464  0.
932.793575865  0.
934.241232785537  0.
935.688889706074  0.
937.136546626611  0.
938.584203547148  0.
940.031860467684  0.
941.479517388221  0.
942.927174308758  0.
944.374831229295  0.
945.822488149832  0.
947.270145070369  0.
948.717801990905  0.
950.165458911442  0.
951.613115831979  0.
953.060772752515  0.
954.508429673052  0.
955.956086593589  0.
957.403743514126  0.
958.851400434663  0.
960.2990573552  0.
961.746714275736  0.
963.194371196273  0.
964.64202811681  0.
966.089685037347  0.
967.537341957883  0.
968.98499887842  0.
970.432655798957  0.
971.880312719494  0.
973.327969640031  0.
974.775626560567  0.
976.223283481104  0.
977.670940401641  0.
979.118597322178  0.
980.566254242715  0.
982.013911163251  0.
983.461568083788  0.
984.909225004325  0.
986.356881924862  0.
987.804538845399  0.
989.252195765935  0.
990.699852686472  0.
992.147509607009  0.
993.595166527546  5.070831E-13
995.042823448082  4.749401E-13
996.490480368619  4.595172E-13
997.938137289156  3.644231E-13
999.385794209693  5.476627E-13
1000.83345113023  8.118180E-13
1002.28110805077  8.279217E-13
1003.7287649713  6.365469E-13
1005.17642189184  6.136868E-13
1006.62407881238  8.173447E-13
1008.07173573291  5.932448E-13
1009.51939265345  6.483589E-13
1010.96704957399  6.936250E-13
1012.41470649452  4.852640E-13
1013.86236341506  6.348919E-13
1015.3100203356  8.413649E-13
1016.75767725613  7.512554E-13
1018.20533417667  1.044267E-12
1019.65299109721  8.252405E-13
1021.10064801775  6.755862E-13
1022.54830493828  6.945584E-13
1023.99596185882  5.284820E-13
1025.44361877936  6.121439E-13
1026.89127569989  5.691893E-13
1028.33893262043  5.678804E-13
1029.78658954097  5.090105E-13
1031.2342464615  5.992534E-13
1032.68190338204  6.130873E-13
1034.12956030258  6.118787E-13
1035.57721722311  6.179074E-13
1037.02487414365  5.516221E-13
1038.47253106419  5.150876E-13
1039.92018798472  5.336987E-13
1041.36784490526  4.816312E-13
1042.8155018258  5.253163E-13
1044.26315874633  5.360356E-13
1045.71081566687  7.129446E-13
1047.15847258741  5.846502E-13
1048.60612950794  5.533445E-13
1050.05378642848  4.725159E-13
1051.50144334902  6.300508E-13
1052.94910026955  5.769956E-13
1054.39675719009  4.766422E-13
1055.84441411063  4.790202E-13
1057.29207103116  4.363731E-13
1058.7397279517  4.036445E-13
1060.18738487224  4.291554E-13
1061.63504179277  4.584526E-13
1063.08269871331  4.468966E-13
1064.53035563385  4.146030E-13
1065.97801255439  4.424047E-13
1067.42566947492  5.007695E-13
1068.87332639546  4.158041E-13
1070.320983316  4.961553E-13
1071.76864023653  4.471750E-13
1073.21629715707  4.771049E-13
1074.66395407761  4.345157E-13
1076.11161099814  4.357162E-13
1077.55926791868  4.733623E-13
1079.00692483922  4.473562E-13
1080.45458175975  4.054924E-13
1081.90223868029  4.033561E-13
1083.34989560083  3.633671E-13
1084.79755252136  3.479674E-13
1086.2452094419  3.339645E-13
1087.69286636244  3.288549E-13
1089.14052328297  3.091101E-13
1090.58818020351  3.698689E-13
1092.03583712405  3.714091E-13
1093.48349404458  3.905539E-13
1094.93115096512  4.139743E-13
1096.37880788566  3.812899E-13
1097.82646480619  3.910680E-13
1099.27412172673  3.793766E-13
1100.72177864727  3.286183E-13
1102.1694355678  3.823538E-13
1103.61709248834  4.413881E-13
1105.06474940888  3.911379E-13
1106.51240632942  3.776955E-13
1107.96006324995  3.586203E-13
1109.40772017049  3.786564E-13
1110.85537709103  4.218423E-13
1112.30303401156  4.208943E-13
1113.7506909321  3.728113E-13
1115.19834785264  3.730072E-13
1116.64600477317  3.655750E-13
1118.09366169371  3.790530E-13
1119.54131861425  3.735332E-13
1120.98897553478  3.904580E-13
1122.43663245532  3.690571E-13
1123.88428937586  3.834400E-13
1125.33194629639  3.474821E-13
1126.77960321693  3.114701E-13
1128.22726013747  3.535332E-13
1129.674917058  3.976626E-13
1131.12257397854  4.102068E-13
1132.57023089908  3.531593E-13
1134.01788781961  3.821971E-13
1135.46554474015  3.913825E-13
1136.91320166069  3.481653E-13
1138.36085858122  3.613391E-13
1139.80851550176  3.676055E-13
1141.2561724223  3.192948E-13
1142.70382934284  3.551759E-13
1144.15148626337  3.767064E-13
1145.59914318391  4.033094E-13
1147.04680010445  3.905682E-13
1148.49445702498  3.867897E-13
1149.94211394552  3.547035E-13
1151.38977086606  3.234003E-13
1152.83742778659  2.980198E-13
1154.28508470713  3.364428E-13
1155.73274162767  3.729405E-13
1157.1803985482  3.968961E-13
1158.62805546874  3.717725E-13
1160.07571238928  4.139124E-13
1161.52336930981  3.698150E-13
1162.97102623035  3.749444E-13
1164.41868315089  3.664996E-13
1165.86634007142  3.659325E-13
1167.31399699196  4.308724E-13
1168.7616539125  4.168025E-13
1170.20931083303  3.823439E-13
1171.65696775357  4.702755E-13
1173.10462467411  4.517740E-13
1174.55228159464  4.516160E-13
1175.99993851518  4.251326E-13
1177.44759543572  4.064538E-13
1178.89525235625  4.122992E-13
1180.34290927679  4.129450E-13
1181.79056619733  4.141449E-13
1183.23822311787  4.413849E-13
1184.6858800384  4.591302E-13
1186.13353695894  4.864381E-13
1187.58119387948  5.184045E-13
1189.02885080001  4.817936E-13
1190.47650772055  4.971234E-13
1191.92416464109  4.947535E-13
1193.37182156162  5.560200E-13
1194.81947848216  5.742105E-13
1196.2671354027  5.088155E-13
1197.71479232323  5.905626E-13
1199.16244924377  5.049005E-13
1200.61010616431  5.712186E-13
1202.05776308484  5.534389E-13
1203.50542000538  5.880484E-13
1204.95307692592  6.583723E-13
1206.40073384645  7.739971E-13
1207.84839076699  8.332395E-13
1209.29604768753  9.744676E-13
1210.74370460806  1.021133E-12
1212.1913615286  1.155686E-12
1213.63901844914  1.120082E-12
1215.08667536967  1.365119E-12
1216.53433229021  1.279344E-12
1217.98198921075  1.165640E-12
1219.42964613129  9.693165E-13
1220.87730305182  8.038841E-13
1222.32495997236  8.197127E-13
1223.7726168929  7.059417E-13
1225.22027381343  5.988832E-13
1226.66793073397  6.336645E-13
1228.11558765451  6.166360E-13
1229.56324457504  5.988235E-13
1231.01090149558  5.383438E-13
1232.45855841612  5.847005E-13
1233.90621533665  5.411778E-13
1235.35387225719  6.060078E-13
1236.80152917773  5.628913E-13
1238.24918609826  5.397639E-13
1239.6968430188  5.908412E-13
1241.14449993934  5.310569E-13
1242.59215685987  5.411683E-13
1244.03981378041  5.387544E-13
1245.48747070095  4.857213E-13
1246.93512762148  5.036163E-13
1248.38278454202  4.743202E-13
1249.83044146256  4.544865E-13
1251.27809838309  4.283311E-13
1252.72575530363  4.288801E-13
1254.17341222417  4.516489E-13
1255.62106914471  4.855936E-13
1257.06872606524  4.196290E-13
1258.51638298578  4.063074E-13
1259.96403990632  4.233661E-13
1261.41169682685  4.155383E-13
1262.85935374739  3.951853E-13
1264.30701066793  3.810536E-13
1265.75466758846  3.871066E-13
1267.202324509  3.782455E-13
1268.64998142954  3.122104E-13
1270.09763835007  3.123633E-13
1271.54529527061  3.416969E-13
1272.99295219115  3.175458E-13
1274.44060911168  3.393001E-13
1275.88826603222  3.732474E-13
1277.33592295276  3.266423E-13
1278.78357987329  3.324086E-13
1280.23123679383  3.457699E-13
1281.67889371437  3.544443E-13
1283.1265506349  3.205332E-13
1284.57420755544  3.213488E-13
1286.02186447598  3.366472E-13
1287.46952139651  3.405045E-13
1288.91717831705  3.324373E-13
1290.36483523759  3.185247E-13
1291.81249215812  3.587056E-13
1293.26014907866  3.259662E-13
1294.7078059992  3.815861E-13
1296.15546291974  3.314906E-13
1297.60311984027  3.352148E-13
1299.05077676081  3.313950E-13
1300.49843368135  3.400272E-13
1301.94609060188  3.269932E-13
1303.39374752242  3.557365E-13
1304.84140444296  3.099194E-13
1306.28906136349  3.015331E-13
1307.73671828403  3.102822E-13
1309.18437520457  3.487400E-13
1310.6320321251  2.965432E-13
1312.07968904564  3.497982E-13
1313.52734596618  3.254313E-13
1314.97500288671  3.403946E-13
1316.42265980725  3.407022E-13
1317.87031672779  2.721725E-13
1319.31797364832  2.688479E-13
1320.76563056886  2.576707E-13
1322.2132874894  3.180618E-13
1323.66094440993  3.329823E-13
1325.10860133047  3.107683E-13
1326.55625825101  2.688588E-13
1328.00391517154  3.417447E-13
1329.45157209208  3.557309E-13
1330.89922901262  3.237158E-13
1332.34688593315  3.146619E-13
1333.79454285369  3.038815E-13
1335.24219977423  2.811271E-13
1336.68985669477  2.839257E-13
1338.1375136153  2.794920E-13
1339.58517053584  2.871763E-13
1341.03282745638  3.136748E-13
1342.48048437691  2.926250E-13
1343.92814129745  2.869499E-13
1345.37579821799  3.046635E-13
1346.82345513852  2.903099E-13
1348.27111205906  2.989130E-13
1349.7187689796  3.001320E-13
1351.16642590013  3.388445E-13
1352.61408282067  3.194149E-13
1354.06173974121  3.204437E-13
1355.50939666174  3.209347E-13
1356.95705358228  3.137613E-13
1358.40471050282  2.938438E-13
1359.85236742335  3.115860E-13
1361.30002434389  3.188000E-13
1362.74768126443  3.339455E-13
1364.19533818496  3.360590E-13
1365.6429951055  2.704311E-13
1367.09065202604  2.636455E-13
1368.53830894657  3.826099E-13
1369.98596586711  3.646451E-13
1371.43362278765  3.223769E-13
1372.88127970819  2.906327E-13
1374.32893662872  2.776065E-13
1375.77659354926  3.307292E-13
1377.2242504698  2.979825E-13
1378.67190739033  3.075545E-13
1380.11956431087  3.036616E-13
1381.56722123141  3.732488E-13
1383.01487815194  3.073938E-13
1384.46253507248  2.991623E-13
1385.91019199302  3.229294E-13
1387.35784891355  3.243960E-13
1388.80550583409  3.282226E-13
1390.25316275463  3.397584E-13
1391.70081967516  3.448744E-13
1393.1484765957  3.479589E-13
1394.59613351624  3.902993E-13
1396.04379043677  3.984206E-13
1397.49144735731  3.583761E-13
1398.93910427785  3.728591E-13
1400.38676119838  3.913031E-13
1401.83441811892  3.874958E-13
1403.28207503946  3.586818E-13
1404.72973195999  3.019145E-13
1406.17738888053  3.098615E-13
1407.62504580107  3.136383E-13
1409.0727027216  3.232924E-13
1410.52035964214  3.340914E-13
1411.96801656268  3.377341E-13
1413.41567348322  3.463220E-13
1414.86333040375  3.148982E-13
1416.31098732429  3.179439E-13
1417.75864424483  3.176175E-13
1419.20630116536  2.936794E-13
1420.6539580859  2.667216E-13
1422.10161500644  3.110825E-13
1423.54927192697  3.057292E-13
1424.99692884751  2.992295E-13
1426.44458576805  2.873269E-13
1427.89224268858  2.572180E-13
1429.33989960912  2.870308E-13
1430.78755652966  2.772496E-13
1432.23521345019  2.736048E-13
1433.68287037073  2.788910E-13
1435.13052729127  2.979377E-13
1436.5781842118  2.570637E-13
1438.02584113234  2.722307E-13
1439.47349805288  2.849605E-13
1440.92115497341  2.877596E-13
1442.36881189395  2.470780E-13
1443.81646881449  2.630173E-13
1445.26412573502  2.571362E-13
1446.71178265556  2.856118E-13
1448.1594395761  2.774284E-13
1449.60709649664  2.679140E-13
1451.05475341717  2.163176E-13
1452.50241033771  2.597754E-13
1453.95006725825  2.480915E-13
1455.39772417878  2.554027E-13
1456.84538109932  2.702990E-13
1458.29303801986  2.479011E-13
1459.74069494039  2.429382E-13
1461.18835186093  2.640290E-13
1462.63600878147  2.637790E-13
1464.083665702  2.684152E-13
1465.53132262254  2.665756E-13
1466.97897954308  2.874174E-13
1468.42663646361  2.876612E-13
1469.87429338415  2.835513E-13
1471.32195030469  2.535145E-13
1472.76960722522  2.729665E-13
1474.21726414576  2.752992E-13
1475.6649210663  2.549511E-13
1477.11257798683  2.431287E-13
1478.56023490737  2.670871E-13
1480.00789182791  2.685040E-13
1481.45554874844  2.374360E-13
1482.90320566898  2.495300E-13
1484.35086258952  2.796548E-13
1485.79851951005  2.780589E-13
1487.24617643059  2.753119E-13
1488.69383335113  2.558039E-13
1490.14149027167  2.523158E-13
1491.5891471922  2.682025E-13
1493.03680411274  2.448707E-13
1494.48446103328  2.561556E-13
1495.93211795381  2.689943E-13
1497.37977487435  2.595173E-13
1498.82743179489  2.895625E-13
1500.27508871542  2.999810E-13
1501.72274563596  2.793776E-13
1503.1704025565  2.729865E-13
1504.61805947703  2.578011E-13
1506.06571639757  2.676720E-13
1507.51337331811  2.646269E-13
1508.96103023864  3.020162E-13
1510.40868715918  2.868115E-13
1511.85634407972  3.220971E-13
1513.30400100025  3.039032E-13
1514.75165792079  2.895603E-13
1516.19931484133  2.902061E-13
1517.64697176186  2.848414E-13
1519.0946286824  2.812262E-13
1520.54228560294  3.055062E-13
1521.98994252347  3.157989E-13
1523.43759944401  3.248932E-13
1524.88525636455  3.032183E-13
1526.33291328509  3.119676E-13
1527.78057020562  3.462071E-13
1529.22822712616  3.139785E-13
1530.6758840467  3.124603E-13
1532.12354096723  3.220377E-13
1533.57119788777  3.797033E-13
1535.01885480831  4.045073E-13
1536.46651172884  3.982917E-13
1537.91416864938  3.979558E-13
1539.36182556992  4.313473E-13
1540.80948249045  4.533354E-13
1542.25713941099  4.808758E-13
1543.70479633153  4.860668E-13
1545.15245325206  4.849980E-13
1546.6001101726  5.168073E-13
1548.04776709314  4.941382E-13
1549.49542401367  4.584791E-13
1550.94308093421  4.507266E-13
1552.39073785475  4.162337E-13
1553.83839477528  4.040736E-13
1555.28605169582  3.756589E-13
1556.73370861636  3.591508E-13
1558.18136553689  3.416589E-13
1559.62902245743  3.165015E-13
1561.07667937797  3.191572E-13
1562.5243362985  3.113315E-13
1563.97199321904  3.204521E-13
1565.41965013958  3.294635E-13
1566.86730706012  3.188112E-13
1568.31496398065  3.092198E-13
1569.76262090119  3.078345E-13
1571.21027782173  2.678801E-13
1572.65793474226  2.840084E-13
1574.1055916628  3.077242E-13
1575.55324858334  2.876716E-13
1577.00090550387  2.753352E-13
1578.44856242441  2.707804E-13
1579.89621934495  2.937188E-13
1581.34387626548  3.012639E-13
1582.79153318602  2.843969E-13
1584.23919010656  2.897669E-13
1585.68684702709  2.746983E-13
1587.13450394763  2.583347E-13
1588.58216086817  2.389705E-13
1590.0298177887  2.420558E-13
1591.47747470924  2.458891E-13
1592.92513162978  2.551754E-13
1594.37278855031  2.606147E-13
1595.82044547085  2.608692E-13
1597.26810239139  2.517290E-13
1598.71575931192  2.525005E-13
1600.16341623246  2.478077E-13
1601.611073153  2.471115E-13
1603.05873007354  2.637646E-13
1604.50638699407  2.631129E-13
1605.95404391461  2.470481E-13
1607.40170083515  2.588860E-13
1608.84935775568  2.504271E-13
1610.29701467622  2.596673E-13
1611.74467159676  2.605341E-13
1613.19232851729  2.361673E-13
1614.63998543783  2.540603E-13
1616.08764235837  2.755551E-13
1617.5352992789  2.737718E-13
1618.98295619944  2.581923E-13
1620.43061311998  2.542094E-13
1621.87827004051  2.490935E-13
1623.32592696105  2.384122E-13
1624.77358388159  2.564533E-13
1626.22124080212  2.745342E-13
1627.66889772266  2.675812E-13
1629.1165546432  2.745523E-13
1630.56421156373  2.792438E-13
1632.01186848427  2.728262E-13
1633.45952540481  2.798343E-13
1634.90718232534  2.820753E-13
1636.35483924588  2.698417E-13
1637.80249616642  2.613781E-13
1639.25015308695  2.629324E-13
1640.69781000749  2.620598E-13
1642.14546692803  2.430545E-13
1643.59312384857  2.474418E-13
1645.0407807691  2.704534E-13
1646.48843768964  2.745649E-13
1647.93609461018  2.602135E-13
1649.38375153071  2.590618E-13
1650.83140845125  2.560697E-13
1652.27906537179  2.601485E-13
1653.72672229232  2.641963E-13
1655.17437921286  2.447648E-13
1656.6220361334  2.411412E-13
1658.06969305393  2.538510E-13
1659.51734997447  2.599499E-13
1660.96500689501  2.593190E-13
1662.41266381554  2.535575E-13
1663.86032073608  2.565713E-13
1665.30797765662  2.631562E-13
1666.75563457715  2.579905E-13
1668.20329149769  2.618293E-13
1669.65094841823  2.479462E-13
1671.09860533876  2.421510E-13
1672.5462622593  2.456115E-13
1673.99391917984  2.496126E-13
1675.44157610038  2.538338E-13
1676.88923302091  2.466147E-13
1678.33688994145  2.414426E-13
1679.78454686199  2.206207E-13
1681.23220378252  2.192767E-13
1682.67986070306  2.309986E-13
1684.1275176236  2.442399E-13
1685.57517454413  2.371536E-13
1687.02283146467  2.413609E-13
1688.47048838521  2.434203E-13
1689.91814530574  2.339252E-13
1691.36580222628  2.412520E-13
1692.81345914682  2.395108E-13
1694.26111606735  2.342884E-13
1695.70877298789  2.279448E-13
1697.15642990843  2.365311E-13
1698.60408682896  2.365237E-13
1700.0517437495  2.299326E-13
1701.49940067004  2.383595E-13
1702.94705759057  2.425688E-13
1704.39471451111  2.312496E-13
1705.84237143165  2.262721E-13
1707.29002835218  2.257288E-13
1708.73768527272  2.192161E-13
1710.18534219326  0.
1711.63299911379  0.
1713.08065603433  0.
1714.52831295487  0.
1715.97596987541  0.
1717.42362679594  0.
1718.87128371648  0.
1720.31894063702  0.
1721.76659755755  0.
1723.21425447809  0.
1724.66191139863  0.
1726.10956831916  0.
1727.5572252397  0.
1729.00488216024  0.
1730.45253908077  0.
1731.90019600131  0.
1733.34785292185  0.
1734.79550984238  0.
1736.24316676292  0.
1737.69082368346  0.
1739.13848060399  0.
1740.58613752453  0.
1742.03379444507  0.
1743.4814513656  0.
1744.92910828614  0.
1746.37676520668  0.
1747.82442212721  0.
1749.27207904775  0.
1750.71973596829  0.
1752.16739288882  0.
1753.61504980936  0.
1755.0627067299  0.
1756.51036365043  0.
1757.95802057097  0.
1759.40567749151  0.
1760.85333441205  0.
1762.30099133258  0.
1763.74864825312  0.
1765.19630517366  0.
1766.64396209419  0.
1768.09161901473  0.
1769.53927593527  0.
1770.9869328558  0.
1772.43458977634  0.
1773.88224669688  0.
1775.32990361741  0.
1776.77756053795  0.
1778.22521745849  0.
1779.67287437902  0.
1781.12053129956  0.
1782.5681882201  0.
1784.01584514063  0.
1785.46350206117  0.
1786.91115898171  0.
1788.35881590224  0.
1789.80647282278  0.
1791.25412974332  0.
1792.70178666385  0.
1794.14944358439  0.
1795.59710050493  0.
1797.04475742547  0.
1798.492414346  0.
1799.94007126654  0.
1801.38772818708  0.
1802.83538510761  0.
1804.28304202815  0.
1805.73069894869  0.
1807.17835586922  0.
1808.62601278976  0.
1810.0736697103  0.
1811.52132663083  0.
1812.96898355137  0.
1814.41664047191  0.
1815.86429739244  0.
1817.31195431298  0.
1818.75961123352  0.
1820.20726815405  0.
1821.65492507459  0.
1823.10258199513  0.
1824.55023891566  0.
1825.9978958362  0.
1827.44555275674  0.
1828.89320967727  0.
1830.34086659781  0.
1831.78852351835  0.
