906.735751295338  0.
908.183408215875  0.
909.631065136412  0.
911.078722056949  0.
912.526378977485  0.
913.974035898022  0.
915.421692818559  0.
916.869349739096  0.
918.317006659633  0.
919.764663580169  0.
921.212320500706  0.
922.659977421243  0.
924.10763434178  0.
925.555291262316  0.
927.002948182853  0.
928.45060510339  0.
929.898262023927  0.
931.345918944464  0.
932.793575865  0.
934.241232785537  0.
935.688889706074  0.
937.136546626611  0.
938.584203547148  0.
940.031860467684  0.
941.479517388221  0.
942.927174308758  0.
944.374831229295  0.
945.822488149832  0.
947.270145070369  0.
948.717801990905  0.
950.165458911442  0.
951.613115831979  0.
953.060772752515  0.
954.508429673052  0.
955.956086593589  0.
957.403743514126  0.
958.851400434663  0.
960.2990573552  0.
961.746714275736  0.
963.194371196273  0.
964.64202811681  0.
966.089685037347  0.
967.537341957883  0.
968.98499887842  0.
970.432655798957  0.
971.880312719494  0.
973.327969640031  0.
974.775626560567  0.
976.223283481104  0.
977.670940401641  0.
979.118597322178  0.
980.566254242715  0.
982.013911163251  0.
983.461568083788  0.
984.909225004325  0.
986.356881924862  0.
987.804538845399  0.
989.252195765935  0.
990.699852686472  0.
992.147509607009  0.
993.595166527546  3.969357E-13
995.042823448082  5.127782E-13
996.490480368619  4.255183E-13
997.938137289156  6.232982E-13
999.385794209693  5.718710E-13
1000.83345113023  7.513973E-13
1002.28110805077  6.616036E-13
1003.7287649713  7.391311E-13
1005.17642189184  6.193053E-13
1006.62407881238  5.597482E-13
1008.07173573291  5.277419E-13
1009.51939265345  5.035420E-13
1010.96704957399  4.845716E-13
1012.41470649452  4.714067E-13
1013.86236341506  4.622872E-13
1015.3100203356  5.680409E-13
1016.75767725613  3.832503E-13
1018.20533417667  5.459607E-13
1019.65299109721  5.372077E-13
1021.10064801775  5.891855E-13
1022.54830493828  6.213877E-13
1023.99596185882  6.025179E-13
1025.44361877936  5.809959E-13
1026.89127569989  5.150723E-13
1028.33893262043  5.230979E-13
1029.78658954097  4.777282E-13
1031.2342464615  5.730343E-13
1032.68190338204  5.953296E-13
1034.12956030258  5.358782E-13
1035.57721722311  4.690752E-13
1037.02487414365  4.336622E-13
1038.47253106419  3.804843E-13
1039.92018798472  3.750356E-13
1041.36784490526  3.759528E-13
1042.8155018258  3.756246E-13
1044.26315874633  4.150525E-13
1045.71081566687  3.657566E-13
1047.15847258741  3.786179E-13
1048.60612950794  3.848035E-13
1050.05378642848  4.180583E-13
1051.50144334902  5.398946E-13
1052.94910026955  5.225086E-13
1054.39675719009  4.849867E-13
1055.84441411063  4.058628E-13
1057.29207103116  3.613819E-13
1058.7397279517  3.808934E-13
1060.18738487224  4.081449E-13
1061.63504179277  4.212314E-13
1063.08269871331  3.940006E-13
1064.53035563385  4.305949E-13
1065.97801255439  4.386741E-13
1067.42566947492  4.500651E-13
1068.87332639546  4.331781E-13
1070.320983316  4.293792E-13
1071.76864023653  4.466539E-13
1073.21629715707  4.389660E-13
1074.66395407761  3.869085E-13
1076.11161099814  4.120498E-13
1077.55926791868  4.032737E-13
1079.00692483922  3.890431E-13
1080.45458175975  3.666184E-13
1081.90223868029  3.715619E-13
1083.34989560083  3.556747E-13
1084.79755252136  3.376506E-13
1086.2452094419  3.282230E-13
1087.69286636244  3.234390E-13
1089.14052328297  3.671959E-13
1090.58818020351  3.760377E-13
1092.03583712405  3.660421E-13
1093.48349404458  3.694858E-13
1094.93115096512  3.726207E-13
1096.37880788566  3.238523E-13
1097.82646480619  3.778884E-13
1099.27412172673  3.729584E-13
1100.72177864727  3.619949E-13
1102.1694355678  3.485607E-13
1103.61709248834  3.494813E-13
1105.06474940888  3.157445E-13
1106.51240632942  3.370463E-13
1107.96006324995  3.722495E-13
1109.40772017049  3.702418E-13
1110.85537709103  4.012863E-13
1112.30303401156  3.666339E-13
1113.7506909321  3.655496E-13
1115.19834785264  3.552564E-13
1116.64600477317  3.747480E-13
1118.09366169371  3.734594E-13
1119.54131861425  3.243574E-13
1120.98897553478  3.301422E-13
1122.43663245532  3.267096E-13
1123.88428937586  3.237409E-13
1125.33194629639  3.061870E-13
1126.77960321693  3.562953E-13
1128.22726013747  3.702599E-13
1129.674917058  3.668379E-13
1131.12257397854  3.468137E-13
1132.57023089908  3.315587E-13
1134.01788781961  3.502197E-13
1135.46554474015  3.674839E-13
1136.91320166069  3.211645E-13
1138.36085858122  3.618047E-13
1139.80851550176  3.564079E-13
1141.2561724223  3.599030E-13
1142.70382934284  3.286237E-13
1144.15148626337  3.282833E-13
1145.59914318391  3.345043E-13
1147.04680010445  3.354455E-13
1148.49445702498  3.236167E-13
1149.94211394552  2.825558E-13
1151.38977086606  3.201209E-13
1152.83742778659  3.743421E-13
1154.28508470713  3.379964E-13
1155.73274162767  3.570963E-13
1157.1803985482  3.879001E-13
1158.62805546874  3.767198E-13
1160.07571238928  3.658062E-13
1161.52336930981  3.720278E-13
1162.97102623035  3.569713E-13
1164.41868315089  3.867359E-13
1165.86634007142  3.830368E-13
1167.31399699196  3.719280E-13
1168.7616539125  3.770667E-13
1170.20931083303  4.051538E-13
1171.65696775357  3.800959E-13
1173.10462467411  4.187070E-13
1174.55228159464  3.320020E-13
1175.99993851518  3.581855E-13
1177.44759543572  3.793948E-13
1178.89525235625  4.101247E-13
1180.34290927679  4.072308E-13
1181.79056619733  3.960969E-13
1183.23822311787  4.069520E-13
1184.6858800384  4.515153E-13
1186.13353695894  4.191764E-13
1187.58119387948  4.363178E-13
1189.02885080001  4.770378E-13
1190.47650772055  4.833137E-13
1191.92416464109  5.139728E-13
1193.37182156162  5.625192E-13
1194.81947848216  5.483953E-13
1196.2671354027  5.491289E-13
1197.71479232323  5.842279E-13
1199.16244924377  5.507247E-13
1200.61010616431  6.235516E-13
1202.05776308484  6.593537E-13
1203.50542000538  6.365375E-13
1204.95307692592  7.342822E-13
1206.40073384645  8.849497E-13
1207.84839076699  8.638080E-13
1209.29604768753  9.391750E-13
1210.74370460806  9.533642E-13
1212.1913615286  1.188032E-12
1213.63901844914  1.252093E-12
1215.08667536967  1.037974E-12
1216.53433229021  9.594800E-13
1217.98198921075  9.852324E-13
1219.42964613129  8.946956E-13
1220.87730305182  7.574053E-13
1222.32495997236  6.450129E-13
1223.7726168929  5.926311E-13
1225.22027381343  5.472115E-13
1226.66793073397  5.470505E-13
1228.11558765451  5.182854E-13
1229.56324457504  4.874038E-13
1231.01090149558  5.224872E-13
1232.45855841612  5.314494E-13
1233.90621533665  4.990035E-13
1235.35387225719  5.550123E-13
1236.80152917773  5.187269E-13
1238.24918609826  5.717543E-13
1239.6968430188  5.696585E-13
1241.14449993934  5.921725E-13
1242.59215685987  5.367401E-13
1244.03981378041  4.837077E-13
1245.48747070095  4.124529E-13
1246.93512762148  4.225583E-13
1248.38278454202  4.226152E-13
1249.83044146256  4.281722E-13
1251.27809838309  4.207226E-13
1252.72575530363  3.975371E-13
1254.17341222417  3.834730E-13
1255.62106914471  3.953571E-13
1257.06872606524  3.545886E-13
1258.51638298578  3.380586E-13
1259.96403990632  3.727820E-13
1261.41169682685  3.744902E-13
1262.85935374739  3.757023E-13
1264.30701066793  3.781370E-13
1265.75466758846  3.866209E-13
1267.202324509  3.479648E-13
1268.64998142954  3.068790E-13
1270.09763835007  3.227674E-13
1271.54529527061  3.630206E-13
1272.99295219115  2.918831E-13
1274.44060911168  3.239654E-13
1275.88826603222  3.061016E-13
1277.33592295276  3.083260E-13
1278.78357987329  3.359844E-13
1280.23123679383  3.375851E-13
1281.67889371437  3.419995E-13
1283.1265506349  3.309458E-13
1284.57420755544  2.750493E-13
1286.02186447598  2.846770E-13
1287.46952139651  2.710885E-13
1288.91717831705  3.443062E-13
1290.36483523759  2.958464E-13
1291.81249215812  3.421321E-13
1293.26014907866  3.248070E-13
1294.7078059992  3.492958E-13
1296.15546291974  3.494805E-13
1297.60311984027  3.737308E-13
1299.05077676081  3.010144E-13
1300.49843368135  2.872422E-13
1301.94609060188  2.942069E-13
1303.39374752242  3.083945E-13
1304.84140444296  3.248478E-13
1306.28906136349  3.389649E-13
1307.73671828403  2.961192E-13
1309.18437520457  3.066517E-13
1310.6320321251  3.105276E-13
1312.07968904564  3.174695E-13
1313.52734596618  2.998731E-13
1314.97500288671  2.851683E-13
1316.42265980725  2.725411E-13
1317.87031672779  2.811790E-13
1319.31797364832  3.116529E-13
1320.76563056886  2.891216E-13
1322.2132874894  3.309940E-13
1323.66094440993  2.974787E-13
1325.10860133047  3.006615E-13
1326.55625825101  2.761019E-13
1328.00391517154  3.025228E-13
1329.45157209208  2.821679E-13
1330.89922901262  2.844498E-13
1332.34688593315  2.962706E-13
1333.79454285369  2.832709E-13
1335.24219977423  3.183730E-13
1336.68985669477  3.189654E-13
1338.1375136153  2.670949E-13
1339.58517053584  2.852590E-13
1341.03282745638  3.172143E-13
1342.48048437691  3.227633E-13
1343.92814129745  2.745923E-13
1345.37579821799  2.411834E-13
1346.82345513852  2.731420E-13
1348.27111205906  2.881601E-13
1349.7187689796  2.535269E-13
1351.16642590013  2.758907E-13
1352.61408282067  2.834276E-13
1354.06173974121  2.700793E-13
1355.50939666174  2.958741E-13
1356.95705358228  3.002245E-13
1358.40471050282  2.725242E-13
1359.85236742335  3.387034E-13
1361.30002434389  3.084695E-13
1362.74768126443  3.111859E-13
1364.19533818496  2.886212E-13
1365.6429951055  2.666477E-13
1367.09065202604  2.439176E-13
1368.53830894657  3.059996E-13
1369.98596586711  3.058697E-13
1371.43362278765  3.129598E-13
1372.88127970819  3.273505E-13
1374.32893662872  2.892333E-13
1375.77659354926  2.974192E-13
1377.2242504698  2.581279E-13
1378.67190739033  2.814039E-13
1380.11956431087  2.672829E-13
1381.56722123141  3.153040E-13
1383.01487815194  2.932548E-13
1384.46253507248  3.073775E-13
1385.91019199302  2.742151E-13
1387.35784891355  2.726166E-13
1388.80550583409  3.495817E-13
1390.25316275463  3.323692E-13
1391.70081967516  3.410485E-13
1393.1484765957  3.694343E-13
1394.59613351624  3.547819E-13
1396.04379043677  3.123467E-13
1397.49144735731  3.553266E-13
1398.93910427785  3.953456E-13
1400.38676119838  3.588947E-13
1401.83441811892  3.603805E-13
1403.28207503946  3.602775E-13
1404.72973195999  3.246022E-13
1406.17738888053  3.213146E-13
1407.62504580107  3.104230E-13
1409.0727027216  3.019572E-13
1410.52035964214  3.017008E-13
1411.96801656268  3.317938E-13
1413.41567348322  3.232540E-13
1414.86333040375  2.846958E-13
1416.31098732429  2.977390E-13
1417.75864424483  3.178702E-13
1419.20630116536  3.245485E-13
1420.6539580859  2.973486E-13
1422.10161500644  2.854796E-13
1423.54927192697  2.915095E-13
1424.99692884751  3.120847E-13
1426.44458576805  2.881461E-13
1427.89224268858  2.732855E-13
1429.33989960912  2.768226E-13
1430.78755652966  2.829809E-13
1432.23521345019  2.746637E-13
1433.68287037073  2.706562E-13
1435.13052729127  2.599206E-13
1436.5781842118  2.561429E-13
1438.02584113234  2.926552E-13
1439.47349805288  2.736248E-13
1440.92115497341  2.915183E-13
1442.36881189395  2.265267E-13
1443.81646881449  2.411314E-13
1445.26412573502  2.592978E-13
1446.71178265556  2.459240E-13
1448.1594395761  2.568839E-13
1449.60709649664  2.723185E-13
1451.05475341717  2.434324E-13
1452.50241033771  2.622653E-13
1453.95006725825  2.441220E-13
1455.39772417878  2.680252E-13
1456.84538109932  2.923395E-13
1458.29303801986  2.733160E-13
1459.74069494039  2.457732E-13
1461.18835186093  2.674691E-13
1462.63600878147  2.521325E-13
1464.083665702  2.713239E-13
1465.53132262254  2.527844E-13
1466.97897954308  2.262233E-13
1468.42663646361  2.452633E-13
1469.87429338415  2.603458E-13
1471.32195030469  2.559514E-13
1472.76960722522  2.594780E-13
1474.21726414576  2.594009E-13
1475.6649210663  2.651631E-13
1477.11257798683  2.643179E-13
1478.56023490737  2.509737E-13
1480.00789182791  2.480084E-13
1481.45554874844  2.662319E-13
1482.90320566898  2.435607E-13
1484.35086258952  2.332225E-13
1485.79851951005  2.565864E-13
1487.24617643059  2.483803E-13
1488.69383335113  2.438015E-13
1490.14149027167  2.493242E-13
1491.5891471922  2.510408E-13
1493.03680411274  2.316194E-13
1494.48446103328  2.391189E-13
1495.93211795381  2.530485E-13
1497.37977487435  2.529666E-13
1498.82743179489  2.848264E-13
1500.27508871542  3.032184E-13
1501.72274563596  2.673905E-13
1503.1704025565  2.447357E-13
1504.61805947703  2.420852E-13
1506.06571639757  2.835169E-13
1507.51337331811  2.694050E-13
1508.96103023864  2.818282E-13
1510.40868715918  2.805467E-13
1511.85634407972  2.834276E-13
1513.30400100025  2.757549E-13
1514.75165792079  3.075411E-13
1516.19931484133  3.089441E-13
1517.64697176186  3.204767E-13
1519.0946286824  3.168888E-13
1520.54228560294  3.162313E-13
1521.98994252347  3.131382E-13
1523.43759944401  2.948525E-13
1524.88525636455  3.019477E-13
1526.33291328509  3.021420E-13
1527.78057020562  3.224013E-13
1529.22822712616  3.095645E-13
1530.6758840467  3.394113E-13
1532.12354096723  3.155792E-13
1533.57119788777  3.438613E-13
1535.01885480831  3.661051E-13
1536.46651172884  3.847845E-13
1537.91416864938  4.106832E-13
1539.36182556992  4.361867E-13
1540.80948249045  4.467259E-13
1542.25713941099  4.922722E-13
1543.70479633153  4.753931E-13
1545.15245325206  5.076007E-13
1546.6001101726  5.078762E-13
1548.04776709314  4.934192E-13
1549.49542401367  4.632048E-13
1550.94308093421  4.373120E-13
1552.39073785475  4.130087E-13
1553.83839477528  4.192766E-13
1555.28605169582  3.844671E-13
1556.73370861636  3.504980E-13
1558.18136553689  3.175663E-13
1559.62902245743  3.232818E-13
1561.07667937797  3.250355E-13
1562.5243362985  3.220687E-13
1563.97199321904  3.195656E-13
1565.41965013958  3.019772E-13
1566.86730706012  3.064397E-13
1568.31496398065  3.014802E-13
1569.76262090119  2.921266E-13
1571.21027782173  2.734691E-13
1572.65793474226  2.675238E-13
1574.1055916628  2.879582E-13
1575.55324858334  2.948274E-13
1577.00090550387  2.709248E-13
1578.44856242441  2.706102E-13
1579.89621934495  2.715966E-13
1581.34387626548  2.647492E-13
1582.79153318602  2.588925E-13
1584.23919010656  2.706487E-13
1585.68684702709  2.870982E-13
1587.13450394763  2.893421E-13
1588.58216086817  2.748193E-13
1590.0298177887  2.601381E-13
1591.47747470924  2.401939E-13
1592.92513162978  2.597033E-13
1594.37278855031  2.704108E-13
1595.82044547085  2.553942E-13
1597.26810239139  2.349002E-13
1598.71575931192  2.370277E-13
1600.16341623246  2.448360E-13
1601.611073153  2.537405E-13
1603.05873007354  2.482762E-13
1604.50638699407  2.520394E-13
1605.95404391461  2.438383E-13
1607.40170083515  2.400111E-13
1608.84935775568  2.431658E-13
1610.29701467622  2.568280E-13
1611.74467159676  2.552445E-13
1613.19232851729  2.533415E-13
1614.63998543783  2.532274E-13
1616.08764235837  2.522886E-13
1617.5352992789  2.631375E-13
1618.98295619944  2.508820E-13
1620.43061311998  2.559307E-13
1621.87827004051  2.703795E-13
1623.32592696105  2.680720E-13
1624.77358388159  2.481505E-13
1626.22124080212  2.564550E-13
1627.66889772266  2.444948E-13
1629.1165546432  2.451563E-13
1630.56421156373  2.777408E-13
1632.01186848427  2.705695E-13
1633.45952540481  2.631415E-13
1634.90718232534  2.584419E-13
1636.35483924588  2.620401E-13
1637.80249616642  2.587964E-13
1639.25015308695  2.640961E-13
1640.69781000749  2.654966E-13
1642.14546692803  2.493780E-13
1643.59312384857  2.535140E-13
1645.0407807691  2.457898E-13
1646.48843768964  2.466134E-13
1647.93609461018  2.460916E-13
1649.38375153071  2.530332E-13
1650.83140845125  2.438274E-13
1652.27906537179  2.434672E-13
1653.72672229232  2.409195E-13
1655.17437921286  2.487678E-13
1656.6220361334  2.624882E-13
1658.06969305393  2.734788E-13
1659.51734997447  2.813264E-13
1660.96500689501  2.796460E-13
1662.41266381554  2.479924E-13
1663.86032073608  2.513735E-13
1665.30797765662  2.529041E-13
1666.75563457715  2.625840E-13
1668.20329149769  2.506025E-13
1669.65094841823  2.430316E-13
1671.09860533876  2.424988E-13
1672.5462622593  2.419605E-13
1673.99391917984  2.289215E-13
1675.44157610038  2.314710E-13
1676.88923302091  2.330376E-13
1678.33688994145  2.376992E-13
1679.78454686199  2.285046E-13
1681.23220378252  2.216494E-13
1682.67986070306  2.284448E-13
1684.1275176236  2.336595E-13
1685.57517454413  2.263614E-13
1687.02283146467  2.178332E-13
1688.47048838521  2.090460E-13
1689.91814530574  2.102635E-13
1691.36580222628  2.230784E-13
1692.81345914682  2.210126E-13
1694.26111606735  2.236582E-13
1695.70877298789  2.205982E-13
1697.15642990843  2.299220E-13
1698.60408682896  2.430061E-13
1700.0517437495  2.410324E-13
1701.49940067004  2.512588E-13
1702.94705759057  2.336898E-13
1704.39471451111  2.240398E-13
1705.84237143165  2.186296E-13
1707.29002835218  2.099956E-13
1708.73768527272  2.062469E-13
1710.18534219326  0.
1711.63299911379  0.
1713.08065603433  0.
1714.52831295487  0.
1715.97596987541  0.
1717.42362679594  0.
1718.87128371648  0.
1720.31894063702  0.
1721.76659755755  0.
1723.21425447809  0.
1724.66191139863  0.
1726.10956831916  0.
1727.5572252397  0.
1729.00488216024  0.
1730.45253908077  0.
1731.90019600131  0.
1733.34785292185  0.
1734.79550984238  0.
1736.24316676292  0.
1737.69082368346  0.
1739.13848060399  0.
1740.58613752453  0.
1742.03379444507  0.
1743.4814513656  0.
1744.92910828614  0.
1746.37676520668  0.
1747.82442212721  0.
1749.27207904775  0.
1750.71973596829  0.
1752.16739288882  0.
1753.61504980936  0.
1755.0627067299  0.
1756.51036365043  0.
1757.95802057097  0.
1759.40567749151  0.
1760.85333441205  0.
1762.30099133258  0.
1763.74864825312  0.
1765.19630517366  0.
1766.64396209419  0.
1768.09161901473  0.
1769.53927593527  0.
1770.9869328558  0.
1772.43458977634  0.
1773.88224669688  0.
1775.32990361741  0.
1776.77756053795  0.
1778.22521745849  0.
1779.67287437902  0.
1781.12053129956  0.
1782.5681882201  0.
1784.01584514063  0.
1785.46350206117  0.
1786.91115898171  0.
1788.35881590224  0.
1789.80647282278  0.
1791.25412974332  0.
1792.70178666385  0.
1794.14944358439  0.
1795.59710050493  0.
1797.04475742547  0.
1798.492414346  0.
1799.94007126654  0.
1801.38772818708  0.
1802.83538510761  0.
1804.28304202815  0.
1805.73069894869  0.
1807.17835586922  0.
1808.62601278976  0.
1810.0736697103  0.
1811.52132663083  0.
1812.96898355137  0.
1814.41664047191  0.
1815.86429739244  0.
1817.31195431298  0.
1818.75961123352  0.
1820.20726815405  0.
1821.65492507459  0.
1823.10258199513  0.
1824.55023891566  0.
1825.9978958362  0.
1827.44555275674  0.
1828.89320967727  0.
1830.34086659781  0.
1831.78852351835  0.
