906.735751295338  0.
908.183408215875  0.
909.631065136412  0.
911.078722056949  0.
912.526378977485  0.
913.974035898022  0.
915.421692818559  0.
916.869349739096  0.
918.317006659633  0.
919.764663580169  0.
921.212320500706  0.
922.659977421243  0.
924.10763434178  0.
925.555291262316  0.
927.002948182853  0.
928.45060510339  0.
929.898262023927  0.
931.345918944464  0.
932.793575865  0.
934.241232785537  0.
935.688889706074  0.
937.136546626611  0.
938.584203547148  0.
940.031860467684  0.
941.479517388221  0.
942.927174308758  0.
944.374831229295  0.
945.822488149832  0.
947.270145070369  0.
948.717801990905  0.
950.165458911442  0.
951.613115831979  0.
953.060772752515  0.
954.508429673052  0.
955.956086593589  0.
957.403743514126  0.
958.851400434663  0.
960.2990573552  0.
961.746714275736  0.
963.194371196273  0.
964.64202811681  0.
966.089685037347  0.
967.537341957883  0.
968.98499887842  0.
970.432655798957  0.
971.880312719494  0.
973.327969640031  0.
974.775626560567  0.
976.223283481104  0.
977.670940401641  0.
979.118597322178  0.
980.566254242715  0.
982.013911163251  0.
983.461568083788  0.
984.909225004325  0.
986.356881924862  0.
987.804538845399  0.
989.252195765935  0.
990.699852686472  0.
992.147509607009  0.
993.595166527546  4.551642E-13
995.042823448082  5.351441E-13
996.490480368619  5.961360E-13
997.938137289156  7.746690E-13
999.385794209693  7.751027E-13
1000.83345113023  6.535413E-13
1002.28110805077  6.693478E-13
1003.7287649713  7.400435E-13
1005.17642189184  7.971808E-13
1006.62407881238  6.016361E-13
1008.07173573291  5.922306E-13
1009.51939265345  6.016103E-13
1010.96704957399  5.630258E-13
1012.41470649452  5.183619E-13
1013.86236341506  5.404917E-13
1015.3100203356  6.471906E-13
1016.75767725613  5.823395E-13
1018.20533417667  7.040245E-13
1019.65299109721  6.164678E-13
1021.10064801775  5.474921E-13
1022.54830493828  5.410700E-13
1023.99596185882  5.591363E-13
1025.44361877936  5.794453E-13
1026.89127569989  6.067841E-13
1028.33893262043  5.700518E-13
1029.78658954097  6.139167E-13
1031.2342464615  6.158186E-13
1032.68190338204  5.295936E-13
1034.12956030258  4.761114E-13
1035.57721722311  4.798457E-13
1037.02487414365  4.808653E-13
1038.47253106419  4.445862E-13
1039.92018798472  4.507332E-13
1041.36784490526  4.247584E-13
1042.8155018258  4.056896E-13
1044.26315874633  4.287912E-13
1045.71081566687  4.217057E-13
1047.15847258741  3.908012E-13
1048.60612950794  4.244638E-13
1050.05378642848  4.377058E-13
1051.50144334902  5.401932E-13
1052.94910026955  6.777200E-13
1054.39675719009  5.390685E-13
1055.84441411063  4.371729E-13
1057.29207103116  4.123513E-13
1058.7397279517  4.116221E-13
1060.18738487224  4.041359E-13
1061.63504179277  4.049775E-13
1063.08269871331  4.377125E-13
1064.53035563385  4.095158E-13
1065.97801255439  4.111700E-13
1067.42566947492  4.059214E-13
1068.87332639546  4.212137E-13
1070.320983316  4.112401E-13
1071.76864023653  4.136178E-13
1073.21629715707  4.616190E-13
1074.66395407761  3.706237E-13
1076.11161099814  4.095879E-13
1077.55926791868  4.005456E-13
1079.00692483922  3.836949E-13
1080.45458175975  3.915662E-13
1081.90223868029  3.792204E-13
1083.34989560083  3.884176E-13
1084.79755252136  3.542232E-13
1086.2452094419  3.139827E-13
1087.69286636244  3.316097E-13
1089.14052328297  3.781931E-13
1090.58818020351  3.723806E-13
1092.03583712405  3.907627E-13
1093.48349404458  3.525643E-13
1094.93115096512  3.630898E-13
1096.37880788566  3.352962E-13
1097.82646480619  3.675457E-13
1099.27412172673  3.400553E-13
1100.72177864727  3.857126E-13
1102.1694355678  3.701287E-13
1103.61709248834  3.877472E-13
1105.06474940888  3.713588E-13
1106.51240632942  3.678257E-13
1107.96006324995  3.680898E-13
1109.40772017049  3.432558E-13
1110.85537709103  3.605661E-13
1112.30303401156  3.898000E-13
1113.7506909321  3.408874E-13
1115.19834785264  3.852892E-13
1116.64600477317  3.664915E-13
1118.09366169371  3.584160E-13
1119.54131861425  3.329411E-13
1120.98897553478  3.390062E-13
1122.43663245532  3.299781E-13
1123.88428937586  3.490769E-13
1125.33194629639  3.353235E-13
1126.77960321693  3.663509E-13
1128.22726013747  3.468332E-13
1129.674917058  3.680125E-13
1131.12257397854  4.191491E-13
1132.57023089908  3.532386E-13
1134.01788781961  3.686224E-13
1135.46554474015  3.378169E-13
1136.91320166069  3.554963E-13
1138.36085858122  3.742303E-13
1139.80851550176  3.171996E-13
1141.2561724223  3.076539E-13
1142.70382934284  3.297604E-13
1144.15148626337  3.632963E-13
1145.59914318391  3.601431E-13
1147.04680010445  3.528442E-13
1148.49445702498  3.103396E-13
1149.94211394552  3.475467E-13
1151.38977086606  3.313601E-13
1152.83742778659  3.500966E-13
1154.28508470713  3.442713E-13
1155.73274162767  3.510005E-13
1157.1803985482  3.723840E-13
1158.62805546874  3.564826E-13
1160.07571238928  3.965780E-13
1161.52336930981  4.232951E-13
1162.97102623035  3.639327E-13
1164.41868315089  3.765380E-13
1165.86634007142  3.850706E-13
1167.31399699196  4.152237E-13
1168.7616539125  3.983595E-13
1170.20931083303  3.964543E-13
1171.65696775357  4.048167E-13
1173.10462467411  3.940424E-13
1174.55228159464  4.059755E-13
1175.99993851518  4.169894E-13
1177.44759543572  4.213017E-13
1178.89525235625  3.951749E-13
1180.34290927679  4.254705E-13
1181.79056619733  4.358846E-13
1183.23822311787  4.016944E-13
1184.6858800384  4.085912E-13
1186.13353695894  4.233263E-13
1187.58119387948  4.451281E-13
1189.02885080001  4.503318E-13
1190.47650772055  5.135144E-13
1191.92416464109  4.954728E-13
1193.37182156162  5.397270E-13
1194.81947848216  5.196667E-13
1196.2671354027  5.473269E-13
1197.71479232323  5.574378E-13
1199.16244924377  5.398047E-13
1200.61010616431  6.140713E-13
1202.05776308484  5.923470E-13
1203.50542000538  6.007557E-13
1204.95307692592  8.232911E-13
1206.40073384645  8.860775E-13
1207.84839076699  8.220961E-13
1209.29604768753  8.644233E-13
1210.74370460806  9.573563E-13
1212.1913615286  1.084764E-12
1213.63901844914  1.150931E-12
1215.08667536967  1.237716E-12
1216.53433229021  9.816784E-13
1217.98198921075  8.593051E-13
1219.42964613129  7.738498E-13
1220.87730305182  7.471966E-13
1222.32495997236  6.506622E-13
1223.7726168929  5.621041E-13
1225.22027381343  5.526545E-13
1226.66793073397  5.376758E-13
1228.11558765451  5.145679E-13
1229.56324457504  5.427890E-13
1231.01090149558  5.344218E-13
1232.45855841612  4.800201E-13
1233.90621533665  4.970317E-13
1235.35387225719  5.007493E-13
1236.80152917773  5.408988E-13
1238.24918609826  5.164998E-13
1239.6968430188  5.756955E-13
1241.14449993934  5.614620E-13
1242.59215685987  5.128674E-13
1244.03981378041  4.692921E-13
1245.48747070095  4.385772E-13
1246.93512762148  4.076435E-13
1248.38278454202  4.098815E-13
1249.83044146256  4.289864E-13
1251.27809838309  3.674938E-13
1252.72575530363  3.967733E-13
1254.17341222417  4.118375E-13
1255.62106914471  3.808308E-13
1257.06872606524  3.395366E-13
1258.51638298578  3.681461E-13
1259.96403990632  3.687608E-13
1261.41169682685  4.035428E-13
1262.85935374739  3.691777E-13
1264.30701066793  3.682938E-13
1265.75466758846  3.502523E-13
1267.202324509  3.569697E-13
1268.64998142954  3.403784E-13
1270.09763835007  3.297156E-13
1271.54529527061  3.320306E-13
1272.99295219115  3.001828E-13
1274.44060911168  3.486975E-13
1275.88826603222  3.349392E-13
1277.33592295276  3.313837E-13
1278.78357987329  3.530214E-13
1280.23123679383  3.081564E-13
1281.67889371437  3.130353E-13
1283.1265506349  3.032588E-13
1284.57420755544  3.132123E-13
1286.02186447598  3.150069E-13
1287.46952139651  3.009221E-13
1288.91717831705  3.496863E-13
1290.36483523759  3.168047E-13
1291.81249215812  3.369168E-13
1293.26014907866  2.905453E-13
1294.7078059992  3.070991E-13
1296.15546291974  2.890482E-13
1297.60311984027  3.159149E-13
1299.05077676081  2.975075E-13
1300.49843368135  2.982383E-13
1301.94609060188  3.143770E-13
1303.39374752242  3.318006E-13
1304.84140444296  3.090918E-13
1306.28906136349  3.388779E-13
1307.73671828403  3.216866E-13
1309.18437520457  3.400505E-13
1310.6320321251  2.995935E-13
1312.07968904564  2.947811E-13
1313.52734596618  2.665828E-13
1314.97500288671  2.699709E-13
1316.42265980725  2.491109E-13
1317.87031672779  2.727801E-13
1319.31797364832  2.775021E-13
1320.76563056886  3.002485E-13
1322.2132874894  3.246711E-13
1323.66094440993  3.240384E-13
1325.10860133047  3.400301E-13
1326.55625825101  2.936453E-13
1328.00391517154  3.004674E-13
1329.45157209208  2.766703E-13
1330.89922901262  2.724986E-13
1332.34688593315  3.214804E-13
1333.79454285369  3.045986E-13
1335.24219977423  2.872129E-13
1336.68985669477  2.723585E-13
1338.1375136153  2.567752E-13
1339.58517053584  2.943232E-13
1341.03282745638  3.040749E-13
1342.48048437691  3.041893E-13
1343.92814129745  2.946562E-13
1345.37579821799  2.688551E-13
1346.82345513852  2.696054E-13
1348.27111205906  2.653312E-13
1349.7187689796  2.822688E-13
1351.16642590013  2.809160E-13
1352.61408282067  2.971519E-13
1354.06173974121  2.648984E-13
1355.50939666174  2.948871E-13
1356.95705358228  2.755106E-13
1358.40471050282  2.869357E-13
1359.85236742335  3.016411E-13
1361.30002434389  3.215395E-13
1362.74768126443  3.211703E-13
1364.19533818496  3.094678E-13
1365.6429951055  3.007096E-13
1367.09065202604  2.739161E-13
1368.53830894657  3.207808E-13
1369.98596586711  3.043729E-13
1371.43362278765  3.147065E-13
1372.88127970819  2.974008E-13
1374.32893662872  3.086734E-13
1375.77659354926  2.943137E-13
1377.2242504698  3.085438E-13
1378.67190739033  2.953485E-13
1380.11956431087  2.941835E-13
1381.56722123141  3.348328E-13
1383.01487815194  2.845806E-13
1384.46253507248  3.109303E-13
1385.91019199302  2.719707E-13
1387.35784891355  2.848058E-13
1388.80550583409  2.958858E-13
1390.25316275463  3.120859E-13
1391.70081967516  3.376409E-13
1393.1484765957  3.434057E-13
1394.59613351624  3.217446E-13
1396.04379043677  3.275849E-13
1397.49144735731  3.854059E-13
1398.93910427785  3.658113E-13
1400.38676119838  3.270130E-13
1401.83441811892  3.431183E-13
1403.28207503946  3.552983E-13
1404.72973195999  2.989255E-13
1406.17738888053  3.160608E-13
1407.62504580107  3.360916E-13
1409.0727027216  3.416724E-13
1410.52035964214  3.135067E-13
1411.96801656268  3.311936E-13
1413.41567348322  3.118607E-13
1414.86333040375  3.226155E-13
1416.31098732429  3.084375E-13
1417.75864424483  2.829210E-13
1419.20630116536  2.716005E-13
1420.6539580859  3.146610E-13
1422.10161500644  2.989794E-13
1423.54927192697  3.006844E-13
1424.99692884751  3.043704E-13
1426.44458576805  2.584421E-13
1427.89224268858  2.811982E-13
1429.33989960912  3.025570E-13
1430.78755652966  2.578978E-13
1432.23521345019  2.646133E-13
1433.68287037073  2.614612E-13
1435.13052729127  2.619587E-13
1436.5781842118  2.645289E-13
1438.02584113234  3.214835E-13
1439.47349805288  2.588560E-13
1440.92115497341  2.567467E-13
1442.36881189395  2.327997E-13
1443.81646881449  2.312261E-13
1445.26412573502  2.632717E-13
1446.71178265556  2.507515E-13
1448.1594395761  2.699347E-13
1449.60709649664  2.555473E-13
1451.05475341717  2.613261E-13
1452.50241033771  2.713392E-13
1453.95006725825  2.451841E-13
1455.39772417878  2.596510E-13
1456.84538109932  2.765811E-13
1458.29303801986  2.740961E-13
1459.74069494039  2.540617E-13
1461.18835186093  2.741130E-13
1462.63600878147  2.636327E-13
1464.083665702  2.844228E-13
1465.53132262254  2.603493E-13
1466.97897954308  2.461238E-13
1468.42663646361  2.544608E-13
1469.87429338415  2.448024E-13
1471.32195030469  2.303212E-13
1472.76960722522  2.431179E-13
1474.21726414576  2.465466E-13
1475.6649210663  2.473574E-13
1477.11257798683  2.407854E-13
1478.56023490737  2.414903E-13
1480.00789182791  2.263826E-13
1481.45554874844  2.390888E-13
1482.90320566898  2.530456E-13
1484.35086258952  2.331170E-13
1485.79851951005  2.331484E-13
1487.24617643059  2.452695E-13
1488.69383335113  2.416811E-13
1490.14149027167  2.450344E-13
1491.5891471922  2.662086E-13
1493.03680411274  2.464523E-13
1494.48446103328  2.434715E-13
1495.93211795381  2.627364E-13
1497.37977487435  2.514540E-13
1498.82743179489  2.684324E-13
1500.27508871542  2.684318E-13
1501.72274563596  2.772149E-13
1503.1704025565  2.691860E-13
1504.61805947703  2.645357E-13
1506.06571639757  2.487283E-13
1507.51337331811  2.467447E-13
1508.96103023864  2.552980E-13
1510.40868715918  2.779945E-13
1511.85634407972  2.945317E-13
1513.30400100025  2.730837E-13
1514.75165792079  2.684717E-13
1516.19931484133  2.727059E-13
1517.64697176186  2.911470E-13
1519.0946286824  2.809776E-13
1520.54228560294  3.030615E-13
1521.98994252347  2.957472E-13
1523.43759944401  3.203682E-13
1524.88525636455  3.247304E-13
1526.33291328509  3.001060E-13
1527.78057020562  2.984264E-13
1529.22822712616  3.163951E-13
1530.6758840467  3.473452E-13
1532.12354096723  3.456502E-13
1533.57119788777  3.608872E-13
1535.01885480831  3.798257E-13
1536.46651172884  4.075343E-13
1537.91416864938  4.467309E-13
1539.36182556992  4.644179E-13
1540.80948249045  4.472372E-13
1542.25713941099  4.885961E-13
1543.70479633153  4.889421E-13
1545.15245325206  4.899381E-13
1546.6001101726  4.421386E-13
1548.04776709314  4.435339E-13
1549.49542401367  4.139897E-13
1550.94308093421  4.191783E-13
1552.39073785475  4.110025E-13
1553.83839477528  3.808047E-13
1555.28605169582  3.469667E-13
1556.73370861636  3.278968E-13
1558.18136553689  3.114297E-13
1559.62902245743  3.142569E-13
1561.07667937797  3.000735E-13
1562.5243362985  2.986424E-13
1563.97199321904  2.886212E-13
1565.41965013958  2.952425E-13
1566.86730706012  2.870292E-13
1568.31496398065  2.813273E-13
1569.76262090119  2.695588E-13
1571.21027782173  2.724696E-13
1572.65793474226  2.813973E-13
1574.1055916628  2.610473E-13
1575.55324858334  2.626767E-13
1577.00090550387  2.578824E-13
1578.44856242441  2.565258E-13
1579.89621934495  2.605096E-13
1581.34387626548  2.580226E-13
1582.79153318602  2.578732E-13
1584.23919010656  2.541334E-13
1585.68684702709  2.614676E-13
1587.13450394763  2.578047E-13
1588.58216086817  2.676492E-13
1590.0298177887  2.557291E-13
1591.47747470924  2.495513E-13
1592.92513162978  2.469237E-13
1594.37278855031  2.576463E-13
1595.82044547085  2.394009E-13
1597.26810239139  2.319406E-13
1598.71575931192  2.450480E-13
1600.16341623246  2.538798E-13
1601.611073153  2.530386E-13
1603.05873007354  2.416272E-13
1604.50638699407  2.525261E-13
1605.95404391461  2.458382E-13
1607.40170083515  2.478196E-13
1608.84935775568  2.464770E-13
1610.29701467622  2.454564E-13
1611.74467159676  2.453722E-13
1613.19232851729  2.470077E-13
1614.63998543783  2.508223E-13
1616.08764235837  2.489190E-13
1617.5352992789  2.563680E-13
1618.98295619944  2.542639E-13
1620.43061311998  2.424676E-13
1621.87827004051  2.488457E-13
1623.32592696105  2.502911E-13
1624.77358388159  2.415960E-13
1626.22124080212  2.474817E-13
1627.66889772266  2.388805E-13
1629.1165546432  2.410124E-13
1630.56421156373  2.578977E-13
1632.01186848427  2.546165E-13
1633.45952540481  2.393020E-13
1634.90718232534  2.486460E-13
1636.35483924588  2.452094E-13
1637.80249616642  2.485280E-13
1639.25015308695  2.473376E-13
1640.69781000749  2.414649E-13
1642.14546692803  2.336276E-13
1643.59312384857  2.378654E-13
1645.0407807691  2.396500E-13
1646.48843768964  2.391871E-13
1647.93609461018  2.309353E-13
1649.38375153071  2.337019E-13
1650.83140845125  2.360685E-13
1652.27906537179  2.344710E-13
1653.72672229232  2.379412E-13
1655.17437921286  2.293326E-13
1656.6220361334  2.378160E-13
1658.06969305393  2.466726E-13
1659.51734997447  2.494062E-13
1660.96500689501  2.450927E-13
1662.41266381554  2.473120E-13
1663.86032073608  2.452746E-13
1665.30797765662  2.439333E-13
1666.75563457715  2.443951E-13
1668.20329149769  2.423484E-13
1669.65094841823  2.373899E-13
1671.09860533876  2.386666E-13
1672.5462622593  2.317230E-13
1673.99391917984  2.267025E-13
1675.44157610038  2.281864E-13
1676.88923302091  2.287147E-13
1678.33688994145  2.193541E-13
1679.78454686199  2.136016E-13
1681.23220378252  2.105122E-13
1682.67986070306  2.169283E-13
1684.1275176236  2.180734E-13
1685.57517454413  2.153442E-13
1687.02283146467  2.268911E-13
1688.47048838521  2.132410E-13
1689.91814530574  2.136872E-13
1691.36580222628  2.122332E-13
1692.81345914682  2.015425E-13
1694.26111606735  2.080017E-13
1695.70877298789  2.027497E-13
1697.15642990843  2.115090E-13
1698.60408682896  2.133820E-13
1700.0517437495  2.146766E-13
1701.49940067004  2.178742E-13
1702.94705759057  2.166887E-13
1704.39471451111  2.198337E-13
1705.84237143165  2.210352E-13
1707.29002835218  2.167766E-13
1708.73768527272  2.057129E-13
1710.18534219326  0.
1711.63299911379  0.
1713.08065603433  0.
1714.52831295487  0.
1715.97596987541  0.
1717.42362679594  0.
1718.87128371648  0.
1720.31894063702  0.
1721.76659755755  0.
1723.21425447809  0.
1724.66191139863  0.
1726.10956831916  0.
1727.5572252397  0.
1729.00488216024  0.
1730.45253908077  0.
1731.90019600131  0.
1733.34785292185  0.
1734.79550984238  0.
1736.24316676292  0.
1737.69082368346  0.
1739.13848060399  0.
1740.58613752453  0.
1742.03379444507  0.
1743.4814513656  0.
1744.92910828614  0.
1746.37676520668  0.
1747.82442212721  0.
1749.27207904775  0.
1750.71973596829  0.
1752.16739288882  0.
1753.61504980936  0.
1755.0627067299  0.
1756.51036365043  0.
1757.95802057097  0.
1759.40567749151  0.
1760.85333441205  0.
1762.30099133258  0.
1763.74864825312  0.
1765.19630517366  0.
1766.64396209419  0.
1768.09161901473  0.
1769.53927593527  0.
1770.9869328558  0.
1772.43458977634  0.
1773.88224669688  0.
1775.32990361741  0.
1776.77756053795  0.
1778.22521745849  0.
1779.67287437902  0.
1781.12053129956  0.
1782.5681882201  0.
1784.01584514063  0.
1785.46350206117  0.
1786.91115898171  0.
1788.35881590224  0.
1789.80647282278  0.
1791.25412974332  0.
1792.70178666385  0.
1794.14944358439  0.
1795.59710050493  0.
1797.04475742547  0.
1798.492414346  0.
1799.94007126654  0.
1801.38772818708  0.
1802.83538510761  0.
1804.28304202815  0.
1805.73069894869  0.
1807.17835586922  0.
1808.62601278976  0.
1810.0736697103  0.
1811.52132663083  0.
1812.96898355137  0.
1814.41664047191  0.
1815.86429739244  0.
1817.31195431298  0.
1818.75961123352  0.
1820.20726815405  0.
1821.65492507459  0.
1823.10258199513  0.
1824.55023891566  0.
1825.9978958362  0.
1827.44555275674  0.
1828.89320967727  0.
1830.34086659781  0.
1831.78852351835  0.
