906.735751295338  0.
908.183408215875  0.
909.631065136412  0.
911.078722056949  0.
912.526378977485  0.
913.974035898022  0.
915.421692818559  0.
916.869349739096  0.
918.317006659633  0.
919.764663580169  0.
921.212320500706  0.
922.659977421243  0.
924.10763434178  0.
925.555291262316  0.
927.002948182853  0.
928.45060510339  0.
929.898262023927  0.
931.345918944464  0.
932.793575865  0.
934.241232785537  0.
935.688889706074  0.
937.136546626611  0.
938.584203547148  0.
940.031860467684  0.
941.479517388221  0.
942.927174308758  0.
944.374831229295  0.
945.822488149832  0.
947.270145070369  0.
948.717801990905  0.
950.165458911442  0.
951.613115831979  0.
953.060772752515  0.
954.508429673052  0.
955.956086593589  0.
957.403743514126  0.
958.851400434663  0.
960.2990573552  0.
961.746714275736  0.
963.194371196273  0.
964.64202811681  0.
966.089685037347  0.
967.537341957883  0.
968.98499887842  0.
970.432655798957  0.
971.880312719494  0.
973.327969640031  0.
974.775626560567  0.
976.223283481104  0.
977.670940401641  0.
979.118597322178  0.
980.566254242715  0.
982.013911163251  0.
983.461568083788  0.
984.909225004325  0.
986.356881924862  0.
987.804538845399  0.
989.252195765935  0.
990.699852686472  0.
992.147509607009  0.
993.595166527546  2.220249E-13
995.042823448082  2.955219E-13
996.490480368619  1.527991E-13
997.938137289156  4.370858E-13
999.385794209693  5.039677E-13
1000.83345113023  4.757921E-13
1002.28110805077  3.677430E-13
1003.7287649713  4.032736E-13
1005.17642189184  5.067476E-13
1006.62407881238  4.021791E-13
1008.07173573291  2.663500E-13
1009.51939265345  4.759575E-13
1010.96704957399  4.012232E-13
1012.41470649452  3.170708E-13
1013.86236341506  3.305719E-13
1015.3100203356  2.875578E-13
1016.75767725613  3.026125E-13
1018.20533417667  3.594067E-13
1019.65299109721  4.120447E-13
1021.10064801775  4.362989E-13
1022.54830493828  3.922124E-13
1023.99596185882  4.590866E-13
1025.44361877936  4.537180E-13
1026.89127569989  4.815767E-13
1028.33893262043  3.616466E-13
1029.78658954097  3.553121E-13
1031.2342464615  4.391278E-13
1032.68190338204  3.682814E-13
1034.12956030258  4.156753E-13
1035.57721722311  4.025678E-13
1037.02487414365  3.783597E-13
1038.47253106419  4.011482E-13
1039.92018798472  4.109649E-13
1041.36784490526  4.081910E-13
1042.8155018258  4.579840E-13
1044.26315874633  4.500696E-13
1045.71081566687  5.067716E-13
1047.15847258741  5.803720E-13
1048.60612950794  4.992878E-13
1050.05378642848  4.138596E-13
1051.50144334902  3.067307E-13
1052.94910026955  2.261601E-13
1054.39675719009  2.000502E-13
1055.84441411063  2.106500E-13
1057.29207103116  1.882027E-13
1058.7397279517  2.336776E-13
1060.18738487224  2.983715E-13
1061.63504179277  2.971203E-13
1063.08269871331  3.123134E-13
1064.53035563385  3.263495E-13
1065.97801255439  3.371078E-13
1067.42566947492  3.541905E-13
1068.87332639546  3.169183E-13
1070.320983316  3.171352E-13
1071.76864023653  3.421940E-13
1073.21629715707  3.522692E-13
1074.66395407761  3.640667E-13
1076.11161099814  3.807821E-13
1077.55926791868  3.835572E-13
1079.00692483922  3.595250E-13
1080.45458175975  3.295037E-13
1081.90223868029  3.401382E-13
1083.34989560083  3.181146E-13
1084.79755252136  2.989912E-13
1086.2452094419  2.705977E-13
1087.69286636244  2.833975E-13
1089.14052328297  2.725307E-13
1090.58818020351  2.847615E-13
1092.03583712405  2.569018E-13
1093.48349404458  2.537855E-13
1094.93115096512  3.191711E-13
1096.37880788566  3.165261E-13
1097.82646480619  3.259575E-13
1099.27412172673  2.844481E-13
1100.72177864727  2.845856E-13
1102.1694355678  3.207159E-13
1103.61709248834  3.019511E-13
1105.06474940888  2.951883E-13
1106.51240632942  3.039046E-13
1107.96006324995  2.791410E-13
1109.40772017049  2.970474E-13
1110.85537709103  3.155480E-13
1112.30303401156  3.184680E-13
1113.7506909321  2.838055E-13
1115.19834785264  3.048926E-13
1116.64600477317  3.027276E-13
1118.09366169371  3.497415E-13
1119.54131861425  3.250893E-13
1120.98897553478  2.891861E-13
1122.43663245532  2.408933E-13
1123.88428937586  2.693751E-13
1125.33194629639  3.087985E-13
1126.77960321693  3.096324E-13
1128.22726013747  2.562329E-13
1129.674917058  3.132890E-13
1131.12257397854  3.392064E-13
1132.57023089908  3.095135E-13
1134.01788781961  3.085288E-13
1135.46554474015  3.311536E-13
1136.91320166069  3.289606E-13
1138.36085858122  2.851864E-13
1139.80851550176  2.905210E-13
1141.2561724223  3.036952E-13
1142.70382934284  2.685982E-13
1144.15148626337  2.944819E-13
1145.59914318391  2.592376E-13
1147.04680010445  2.746891E-13
1148.49445702498  2.834741E-13
1149.94211394552  2.964931E-13
1151.38977086606  2.775319E-13
1152.83742778659  2.824983E-13
1154.28508470713  2.542818E-13
1155.73274162767  2.547962E-13
1157.1803985482  2.630860E-13
1158.62805546874  3.040695E-13
1160.07571238928  2.935902E-13
1161.52336930981  3.105814E-13
1162.97102623035  3.002271E-13
1164.41868315089  3.287685E-13
1165.86634007142  3.427698E-13
1167.31399699196  3.542102E-13
1168.7616539125  3.597409E-13
1170.20931083303  3.298880E-13
1171.65696775357  3.543309E-13
1173.10462467411  3.355731E-13
1174.55228159464  3.370214E-13
1175.99993851518  3.736183E-13
1177.44759543572  3.693638E-13
1178.89525235625  3.759124E-13
1180.34290927679  3.325311E-13
1181.79056619733  3.859461E-13
1183.23822311787  3.631166E-13
1184.6858800384  3.579792E-13
1186.13353695894  3.764050E-13
1187.58119387948  3.989248E-13
1189.02885080001  4.507265E-13
1190.47650772055  3.931099E-13
1191.92416464109  4.041566E-13
1193.37182156162  4.440210E-13
1194.81947848216  4.518415E-13
1196.2671354027  4.453350E-13
1197.71479232323  4.546193E-13
1199.16244924377  4.901117E-13
1200.61010616431  5.226892E-13
1202.05776308484  5.009964E-13
1203.50542000538  4.947738E-13
1204.95307692592  5.290193E-13
1206.40073384645  5.338442E-13
1207.84839076699  5.841283E-13
1209.29604768753  7.237518E-13
1210.74370460806  8.972155E-13
1212.1913615286  8.175992E-13
1213.63901844914  1.056642E-12
1215.08667536967  9.398188E-13
1216.53433229021  1.005704E-12
1217.98198921075  9.887517E-13
1219.42964613129  9.530646E-13
1220.87730305182  9.303942E-13
1222.32495997236  9.003833E-13
1223.7726168929  7.310863E-13
1225.22027381343  7.454044E-13
1226.66793073397  6.379900E-13
1228.11558765451  6.138289E-13
1229.56324457504  5.658851E-13
1231.01090149558  5.533514E-13
1232.45855841612  5.160822E-13
1233.90621533665  5.099180E-13
1235.35387225719  5.057220E-13
1236.80152917773  4.843588E-13
1238.24918609826  5.263707E-13
1239.6968430188  4.708635E-13
1241.14449993934  4.746999E-13
1242.59215685987  5.372410E-13
1244.03981378041  4.840169E-13
1245.48747070095  4.090355E-13
1246.93512762148  3.897626E-13
1248.38278454202  4.345506E-13
1249.83044146256  4.110292E-13
1251.27809838309  4.037776E-13
1252.72575530363  4.212828E-13
1254.17341222417  3.907575E-13
1255.62106914471  3.963293E-13
1257.06872606524  3.497957E-13
1258.51638298578  3.570239E-13
1259.96403990632  3.228496E-13
1261.41169682685  4.192903E-13
1262.85935374739  3.668785E-13
1264.30701066793  3.340504E-13
1265.75466758846  3.475799E-13
1267.202324509  3.192006E-13
1268.64998142954  3.194696E-13
1270.09763835007  2.881493E-13
1271.54529527061  3.256766E-13
1272.99295219115  2.717544E-13
1274.44060911168  3.246049E-13
1275.88826603222  2.948639E-13
1277.33592295276  2.611128E-13
1278.78357987329  2.915868E-13
1280.23123679383  3.259573E-13
1281.67889371437  2.605980E-13
1283.1265506349  2.564294E-13
1284.57420755544  2.793234E-13
1286.02186447598  2.682582E-13
1287.46952139651  2.900552E-13
1288.91717831705  2.843142E-13
1290.36483523759  2.728264E-13
1291.81249215812  2.762346E-13
1293.26014907866  2.627396E-13
1294.7078059992  2.933527E-13
1296.15546291974  2.846241E-13
1297.60311984027  2.940246E-13
1299.05077676081  2.326824E-13
1300.49843368135  2.574353E-13
1301.94609060188  3.265248E-13
1303.39374752242  3.136570E-13
1304.84140444296  2.627268E-13
1306.28906136349  2.504737E-13
1307.73671828403  2.462277E-13
1309.18437520457  2.952103E-13
1310.6320321251  2.797297E-13
1312.07968904564  2.436209E-13
1313.52734596618  2.850491E-13
1314.97500288671  3.126411E-13
1316.42265980725  2.878057E-13
1317.87031672779  2.341220E-13
1319.31797364832  2.360527E-13
1320.76563056886  2.477979E-13
1322.2132874894  2.467201E-13
1323.66094440993  2.674389E-13
1325.10860133047  2.471787E-13
1326.55625825101  2.504294E-13
1328.00391517154  2.422379E-13
1329.45157209208  2.819084E-13
1330.89922901262  2.829958E-13
1332.34688593315  3.007811E-13
1333.79454285369  2.976676E-13
1335.24219977423  2.370482E-13
1336.68985669477  2.570003E-13
1338.1375136153  2.480485E-13
1339.58517053584  2.476704E-13
1341.03282745638  2.535903E-13
1342.48048437691  2.510302E-13
1343.92814129745  2.581452E-13
1345.37579821799  2.371867E-13
1346.82345513852  2.461085E-13
1348.27111205906  2.702659E-13
1349.7187689796  2.313367E-13
1351.16642590013  2.616678E-13
1352.61408282067  2.789102E-13
1354.06173974121  2.177853E-13
1355.50939666174  2.632755E-13
1356.95705358228  2.407518E-13
1358.40471050282  2.388807E-13
1359.85236742335  2.539772E-13
1361.30002434389  2.529302E-13
1362.74768126443  2.969031E-13
1364.19533818496  2.622705E-13
1365.6429951055  2.425435E-13
1367.09065202604  2.342722E-13
1368.53830894657  3.005227E-13
1369.98596586711  2.616724E-13
1371.43362278765  2.282640E-13
1372.88127970819  2.484214E-13
1374.32893662872  1.975329E-13
1375.77659354926  2.320673E-13
1377.2242504698  2.365463E-13
1378.67190739033  2.845179E-13
1380.11956431087  2.551397E-13
1381.56722123141  2.525968E-13
1383.01487815194  2.192355E-13
1384.46253507248  2.489904E-13
1385.91019199302  2.618361E-13
1387.35784891355  2.679795E-13
1388.80550583409  2.552963E-13
1390.25316275463  2.511489E-13
1391.70081967516  2.700884E-13
1393.1484765957  3.255044E-13
1394.59613351624  3.089152E-13
1396.04379043677  3.185782E-13
1397.49144735731  3.081898E-13
1398.93910427785  2.883964E-13
1400.38676119838  2.818067E-13
1401.83441811892  3.075399E-13
1403.28207503946  2.944817E-13
1404.72973195999  2.773866E-13
1406.17738888053  2.704599E-13
1407.62504580107  2.857090E-13
1409.0727027216  2.826652E-13
1410.52035964214  2.775061E-13
1411.96801656268  3.081875E-13
1413.41567348322  3.056613E-13
1414.86333040375  2.708289E-13
1416.31098732429  2.632803E-13
1417.75864424483  2.434419E-13
1419.20630116536  2.594257E-13
1420.6539580859  2.562224E-13
1422.10161500644  2.604498E-13
1423.54927192697  2.378740E-13
1424.99692884751  2.600129E-13
1426.44458576805  2.239142E-13
1427.89224268858  2.310080E-13
1429.33989960912  2.390952E-13
1430.78755652966  2.406137E-13
1432.23521345019  2.314134E-13
1433.68287037073  2.412312E-13
1435.13052729127  2.508162E-13
1436.5781842118  2.397144E-13
1438.02584113234  2.053855E-13
1439.47349805288  2.444199E-13
1440.92115497341  2.562449E-13
1442.36881189395  2.205082E-13
1443.81646881449  2.067094E-13
1445.26412573502  2.000408E-13
1446.71178265556  2.102668E-13
1448.1594395761  1.962532E-13
1449.60709649664  1.958007E-13
1451.05475341717  2.161587E-13
1452.50241033771  2.130269E-13
1453.95006725825  1.773245E-13
1455.39772417878  2.098454E-13
1456.84538109932  2.068740E-13
1458.29303801986  2.014101E-13
1459.74069494039  2.265397E-13
1461.18835186093  2.395669E-13
1462.63600878147  2.314414E-13
1464.083665702  2.172782E-13
1465.53132262254  2.130138E-13
1466.97897954308  2.282092E-13
1468.42663646361  2.626323E-13
1469.87429338415  2.141526E-13
1471.32195030469  1.905549E-13
1472.76960722522  2.184356E-13
1474.21726414576  1.946908E-13
1475.6649210663  1.981101E-13
1477.11257798683  2.166886E-13
1478.56023490737  2.122108E-13
1480.00789182791  1.800042E-13
1481.45554874844  1.973891E-13
1482.90320566898  2.416261E-13
1484.35086258952  2.501711E-13
1485.79851951005  2.677351E-13
1487.24617643059  2.494301E-13
1488.69383335113  2.313003E-13
1490.14149027167  2.403078E-13
1491.5891471922  2.360775E-13
1493.03680411274  2.038216E-13
1494.48446103328  2.254205E-13
1495.93211795381  2.043852E-13
1497.37977487435  2.358496E-13
1498.82743179489  2.279143E-13
1500.27508871542  2.528338E-13
1501.72274563596  2.602465E-13
1503.1704025565  2.493811E-13
1504.61805947703  2.250606E-13
1506.06571639757  2.545478E-13
1507.51337331811  2.290024E-13
1508.96103023864  2.252334E-13
1510.40868715918  2.337440E-13
1511.85634407972  2.469768E-13
1513.30400100025  2.147273E-13
1514.75165792079  2.388845E-13
1516.19931484133  2.442702E-13
1517.64697176186  2.710345E-13
1519.0946286824  2.745325E-13
1520.54228560294  2.384635E-13
1521.98994252347  2.652324E-13
1523.43759944401  2.638802E-13
1524.88525636455  2.532884E-13
1526.33291328509  2.816104E-13
1527.78057020562  3.159929E-13
1529.22822712616  2.999741E-13
1530.6758840467  3.005090E-13
1532.12354096723  2.848651E-13
1533.57119788777  3.375839E-13
1535.01885480831  3.251949E-13
1536.46651172884  2.989159E-13
1537.91416864938  3.353941E-13
1539.36182556992  3.499369E-13
1540.80948249045  3.644387E-13
1542.25713941099  3.620296E-13
1543.70479633153  3.833991E-13
1545.15245325206  4.387428E-13
1546.6001101726  4.636580E-13
1548.04776709314  4.542464E-13
1549.49542401367  4.509757E-13
1550.94308093421  4.378344E-13
1552.39073785475  4.109997E-13
1553.83839477528  4.120693E-13
1555.28605169582  3.974247E-13
1556.73370861636  3.645629E-13
1558.18136553689  3.646476E-13
1559.62902245743  3.312564E-13
1561.07667937797  2.867294E-13
1562.5243362985  2.834176E-13
1563.97199321904  2.932488E-13
1565.41965013958  2.743343E-13
1566.86730706012  2.859558E-13
1568.31496398065  2.837162E-13
1569.76262090119  2.691094E-13
1571.21027782173  2.524732E-13
1572.65793474226  2.313818E-13
1574.1055916628  2.354587E-13
1575.55324858334  2.295583E-13
1577.00090550387  2.155079E-13
1578.44856242441  2.386032E-13
1579.89621934495  2.534661E-13
1581.34387626548  2.409204E-13
1582.79153318602  2.410849E-13
1584.23919010656  2.474899E-13
1585.68684702709  2.378850E-13
1587.13450394763  2.221501E-13
1588.58216086817  2.169722E-13
1590.0298177887  2.231625E-13
1591.47747470924  2.155274E-13
1592.92513162978  2.223823E-13
1594.37278855031  2.285064E-13
1595.82044547085  2.373866E-13
1597.26810239139  2.183684E-13
1598.71575931192  2.117751E-13
1600.16341623246  2.299016E-13
1601.611073153  2.320378E-13
1603.05873007354  2.318241E-13
1604.50638699407  2.229943E-13
1605.95404391461  2.242110E-13
1607.40170083515  2.254744E-13
1608.84935775568  2.128966E-13
1610.29701467622  2.173342E-13
1611.74467159676  2.109513E-13
1613.19232851729  2.229814E-13
1614.63998543783  2.276364E-13
1616.08764235837  2.374278E-13
1617.5352992789  2.365240E-13
1618.98295619944  2.327161E-13
1620.43061311998  2.271985E-13
1621.87827004051  2.166028E-13
1623.32592696105  2.157538E-13
1624.77358388159  2.169875E-13
1626.22124080212  2.291885E-13
1627.66889772266  2.352922E-13
1629.1165546432  2.460281E-13
1630.56421156373  2.465840E-13
1632.01186848427  2.378213E-13
1633.45952540481  2.381953E-13
1634.90718232534  2.391477E-13
1636.35483924588  2.212058E-13
1637.80249616642  2.313019E-13
1639.25015308695  2.321427E-13
1640.69781000749  2.337083E-13
1642.14546692803  2.295877E-13
1643.59312384857  2.229939E-13
1645.0407807691  2.269195E-13
1646.48843768964  2.301638E-13
1647.93609461018  2.288572E-13
1649.38375153071  2.317694E-13
1650.83140845125  2.215068E-13
1652.27906537179  2.288110E-13
1653.72672229232  2.213352E-13
1655.17437921286  2.202856E-13
1656.6220361334  2.299404E-13
1658.06969305393  2.263329E-13
1659.51734997447  2.231123E-13
1660.96500689501  2.325568E-13
1662.41266381554  2.373827E-13
1663.86032073608  2.590706E-13
1665.30797765662  2.462602E-13
1666.75563457715  2.444990E-13
1668.20329149769  2.375671E-13
1669.65094841823  2.194055E-13
1671.09860533876  2.194661E-13
1672.5462622593  2.120115E-13
1673.99391917984  2.096978E-13
1675.44157610038  2.053949E-13
1676.88923302091  2.003928E-13
1678.33688994145  2.072684E-13
1679.78454686199  2.035661E-13
1681.23220378252  2.018240E-13
1682.67986070306  2.045662E-13
1684.1275176236  2.123426E-13
1685.57517454413  1.986252E-13
1687.02283146467  1.957327E-13
1688.47048838521  2.028596E-13
1689.91814530574  2.083934E-13
1691.36580222628  2.084508E-13
1692.81345914682  2.014194E-13
1694.26111606735  1.951856E-13
1695.70877298789  1.883203E-13
1697.15642990843  2.003925E-13
1698.60408682896  1.913800E-13
1700.0517437495  1.924399E-13
1701.49940067004  1.954550E-13
1702.94705759057  2.034904E-13
1704.39471451111  2.081472E-13
1705.84237143165  2.051993E-13
1707.29002835218  1.963492E-13
1708.73768527272  1.965321E-13
1710.18534219326  0.
1711.63299911379  0.
1713.08065603433  0.
1714.52831295487  0.
1715.97596987541  0.
1717.42362679594  0.
1718.87128371648  0.
1720.31894063702  0.
1721.76659755755  0.
1723.21425447809  0.
1724.66191139863  0.
1726.10956831916  0.
1727.5572252397  0.
1729.00488216024  0.
1730.45253908077  0.
1731.90019600131  0.
1733.34785292185  0.
1734.79550984238  0.
1736.24316676292  0.
1737.69082368346  0.
1739.13848060399  0.
1740.58613752453  0.
1742.03379444507  0.
1743.4814513656  0.
1744.92910828614  0.
1746.37676520668  0.
1747.82442212721  0.
1749.27207904775  0.
1750.71973596829  0.
1752.16739288882  0.
1753.61504980936  0.
1755.0627067299  0.
1756.51036365043  0.
1757.95802057097  0.
1759.40567749151  0.
1760.85333441205  0.
1762.30099133258  0.
1763.74864825312  0.
1765.19630517366  0.
1766.64396209419  0.
1768.09161901473  0.
1769.53927593527  0.
1770.9869328558  0.
1772.43458977634  0.
1773.88224669688  0.
1775.32990361741  0.
1776.77756053795  0.
1778.22521745849  0.
1779.67287437902  0.
1781.12053129956  0.
1782.5681882201  0.
1784.01584514063  0.
1785.46350206117  0.
1786.91115898171  0.
1788.35881590224  0.
1789.80647282278  0.
1791.25412974332  0.
1792.70178666385  0.
1794.14944358439  0.
1795.59710050493  0.
1797.04475742547  0.
1798.492414346  0.
1799.94007126654  0.
1801.38772818708  0.
1802.83538510761  0.
1804.28304202815  0.
1805.73069894869  0.
1807.17835586922  0.
1808.62601278976  0.
1810.0736697103  0.
1811.52132663083  0.
1812.96898355137  0.
1814.41664047191  0.
1815.86429739244  0.
1817.31195431298  0.
1818.75961123352  0.
1820.20726815405  0.
1821.65492507459  0.
1823.10258199513  0.
1824.55023891566  0.
1825.9978958362  0.
1827.44555275674  0.
1828.89320967727  0.
1830.34086659781  0.
1831.78852351835  0.
