906.735751295338  0.
908.183408215875  0.
909.631065136412  0.
911.078722056949  0.
912.526378977485  0.
913.974035898022  0.
915.421692818559  0.
916.869349739096  0.
918.317006659633  0.
919.764663580169  0.
921.212320500706  0.
922.659977421243  0.
924.10763434178  0.
925.555291262316  0.
927.002948182853  0.
928.45060510339  0.
929.898262023927  0.
931.345918944464  0.
932.793575865  0.
934.241232785537  0.
935.688889706074  0.
937.136546626611  0.
938.584203547148  0.
940.031860467684  0.
941.479517388221  0.
942.927174308758  0.
944.374831229295  0.
945.822488149832  0.
947.270145070369  0.
948.717801990905  0.
950.165458911442  0.
951.613115831979  0.
953.060772752515  0.
954.508429673052  0.
955.956086593589  0.
957.403743514126  0.
958.851400434663  0.
960.2990573552  0.
961.746714275736  0.
963.194371196273  0.
964.64202811681  0.
966.089685037347  0.
967.537341957883  0.
968.98499887842  0.
970.432655798957  0.
971.880312719494  0.
973.327969640031  0.
974.775626560567  0.
976.223283481104  0.
977.670940401641  0.
979.118597322178  0.
980.566254242715  0.
982.013911163251  0.
983.461568083788  0.
984.909225004325  0.
986.356881924862  0.
987.804538845399  0.
989.252195765935  0.
990.699852686472  0.
992.147509607009  0.
993.595166527546  3.961077E-13
995.042823448082  4.015218E-13
996.490480368619  5.218085E-13
997.938137289156  4.366138E-13
999.385794209693  2.319127E-13
1000.83345113023  4.239750E-13
1002.28110805077  2.635994E-13
1003.7287649713  2.756304E-13
1005.17642189184  3.575672E-13
1006.62407881238  4.246933E-13
1008.07173573291  4.418960E-13
1009.51939265345  4.855979E-13
1010.96704957399  4.692243E-13
1012.41470649452  5.776181E-13
1013.86236341506  3.663890E-13
1015.3100203356  2.899756E-13
1016.75767725613  3.251500E-13
1018.20533417667  3.657315E-13
1019.65299109721  3.755076E-13
1021.10064801775  3.334197E-13
1022.54830493828  2.987149E-13
1023.99596185882  4.108504E-13
1025.44361877936  4.256944E-13
1026.89127569989  3.955753E-13
1028.33893262043  3.985484E-13
1029.78658954097  4.287875E-13
1031.2342464615  4.267465E-13
1032.68190338204  4.413119E-13
1034.12956030258  4.393933E-13
1035.57721722311  3.436833E-13
1037.02487414365  4.025896E-13
1038.47253106419  3.797774E-13
1039.92018798472  3.823214E-13
1041.36784490526  3.759601E-13
1042.8155018258  4.020952E-13
1044.26315874633  4.648366E-13
1045.71081566687  5.244846E-13
1047.15847258741  6.215585E-13
1048.60612950794  6.147339E-13
1050.05378642848  4.770742E-13
1051.50144334902  3.537234E-13
1052.94910026955  2.297113E-13
1054.39675719009  2.048376E-13
1055.84441411063  2.507878E-13
1057.29207103116  2.109642E-13
1058.7397279517  2.130443E-13
1060.18738487224  2.874572E-13
1061.63504179277  3.218956E-13
1063.08269871331  3.290686E-13
1064.53035563385  3.286450E-13
1065.97801255439  3.341589E-13
1067.42566947492  3.372293E-13
1068.87332639546  3.158838E-13
1070.320983316  3.217051E-13
1071.76864023653  3.459129E-13
1073.21629715707  3.245866E-13
1074.66395407761  3.591860E-13
1076.11161099814  3.577383E-13
1077.55926791868  3.723410E-13
1079.00692483922  4.260996E-13
1080.45458175975  3.426380E-13
1081.90223868029  3.306332E-13
1083.34989560083  2.968816E-13
1084.79755252136  2.468380E-13
1086.2452094419  2.720643E-13
1087.69286636244  2.978951E-13
1089.14052328297  2.596165E-13
1090.58818020351  2.699784E-13
1092.03583712405  2.794479E-13
1093.48349404458  2.762794E-13
1094.93115096512  2.896962E-13
1096.37880788566  2.870343E-13
1097.82646480619  2.892240E-13
1099.27412172673  2.856766E-13
1100.72177864727  2.796957E-13
1102.1694355678  2.630981E-13
1103.61709248834  2.764672E-13
1105.06474940888  2.885722E-13
1106.51240632942  2.770762E-13
1107.96006324995  3.075716E-13
1109.40772017049  2.968544E-13
1110.85537709103  2.889952E-13
1112.30303401156  3.336689E-13
1113.7506909321  2.826658E-13
1115.19834785264  2.809331E-13
1116.64600477317  3.334088E-13
1118.09366169371  3.232714E-13
1119.54131861425  3.024369E-13
1120.98897553478  2.910446E-13
1122.43663245532  2.951979E-13
1123.88428937586  2.652317E-13
1125.33194629639  2.619456E-13
1126.77960321693  2.484901E-13
1128.22726013747  2.440776E-13
1129.674917058  3.053710E-13
1131.12257397854  2.798514E-13
1132.57023089908  3.334046E-13
1134.01788781961  2.868540E-13
1135.46554474015  2.693763E-13
1136.91320166069  3.116778E-13
1138.36085858122  2.902644E-13
1139.80851550176  2.605225E-13
1141.2561724223  2.599834E-13
1142.70382934284  2.959664E-13
1144.15148626337  2.783622E-13
1145.59914318391  2.572640E-13
1147.04680010445  3.029204E-13
1148.49445702498  2.990585E-13
1149.94211394552  2.995828E-13
1151.38977086606  2.901148E-13
1152.83742778659  2.841621E-13
1154.28508470713  2.511919E-13
1155.73274162767  2.568308E-13
1157.1803985482  2.995944E-13
1158.62805546874  2.676141E-13
1160.07571238928  2.816183E-13
1161.52336930981  2.937791E-13
1162.97102623035  2.799047E-13
1164.41868315089  3.183682E-13
1165.86634007142  2.848843E-13
1167.31399699196  2.963344E-13
1168.7616539125  2.968816E-13
1170.20931083303  3.171836E-13
1171.65696775357  3.059862E-13
1173.10462467411  3.163885E-13
1174.55228159464  3.356485E-13
1175.99993851518  3.378977E-13
1177.44759543572  3.267597E-13
1178.89525235625  3.597415E-13
1180.34290927679  3.487021E-13
1181.79056619733  3.511085E-13
1183.23822311787  3.480135E-13
1184.6858800384  3.446624E-13
1186.13353695894  3.622656E-13
1187.58119387948  3.796813E-13
1189.02885080001  3.798711E-13
1190.47650772055  3.674398E-13
1191.92416464109  3.955145E-13
1193.37182156162  3.821340E-13
1194.81947848216  4.310770E-13
1196.2671354027  4.539356E-13
1197.71479232323  4.688095E-13
1199.16244924377  5.255082E-13
1200.61010616431  5.432914E-13
1202.05776308484  5.641702E-13
1203.50542000538  4.992256E-13
1204.95307692592  5.420080E-13
1206.40073384645  5.014246E-13
1207.84839076699  5.910573E-13
1209.29604768753  6.724424E-13
1210.74370460806  8.307765E-13
1212.1913615286  8.229915E-13
1213.63901844914  8.959349E-13
1215.08667536967  8.765585E-13
1216.53433229021  1.037640E-12
1217.98198921075  9.345992E-13
1219.42964613129  1.001372E-12
1220.87730305182  9.917382E-13
1222.32495997236  8.913350E-13
1223.7726168929  7.176598E-13
1225.22027381343  5.969666E-13
1226.66793073397  5.782141E-13
1228.11558765451  6.107027E-13
1229.56324457504  5.877431E-13
1231.01090149558  4.701224E-13
1232.45855841612  4.639425E-13
1233.90621533665  5.184273E-13
1235.35387225719  4.958750E-13
1236.80152917773  4.753948E-13
1238.24918609826  5.051166E-13
1239.6968430188  5.357131E-13
1241.14449993934  4.953822E-13
1242.59215685987  4.936541E-13
1244.03981378041  4.308213E-13
1245.48747070095  4.619866E-13
1246.93512762148  3.998168E-13
1248.38278454202  3.852718E-13
1249.83044146256  4.094196E-13
1251.27809838309  3.993097E-13
1252.72575530363  3.625936E-13
1254.17341222417  3.683521E-13
1255.62106914471  3.493220E-13
1257.06872606524  3.159614E-13
1258.51638298578  3.289915E-13
1259.96403990632  3.410216E-13
1261.41169682685  3.403588E-13
1262.85935374739  3.308324E-13
1264.30701066793  3.476284E-13
1265.75466758846  2.900325E-13
1267.202324509  3.028637E-13
1268.64998142954  3.057962E-13
1270.09763835007  3.137561E-13
1271.54529527061  2.824710E-13
1272.99295219115  2.635103E-13
1274.44060911168  2.589586E-13
1275.88826603222  2.690876E-13
1277.33592295276  2.611766E-13
1278.78357987329  2.889244E-13
1280.23123679383  2.579244E-13
1281.67889371437  2.604920E-13
1283.1265506349  2.400477E-13
1284.57420755544  2.187255E-13
1286.02186447598  2.271560E-13
1287.46952139651  2.660487E-13
1288.91717831705  2.445889E-13
1290.36483523759  2.997340E-13
1291.81249215812  2.361244E-13
1293.26014907866  2.708144E-13
1294.7078059992  2.667154E-13
1296.15546291974  2.691560E-13
1297.60311984027  2.700504E-13
1299.05077676081  3.005253E-13
1300.49843368135  2.400840E-13
1301.94609060188  2.611226E-13
1303.39374752242  2.567174E-13
1304.84140444296  2.699001E-13
1306.28906136349  2.862160E-13
1307.73671828403  2.559740E-13
1309.18437520457  2.769117E-13
1310.6320321251  2.617861E-13
1312.07968904564  2.520411E-13
1313.52734596618  2.539064E-13
1314.97500288671  3.045808E-13
1316.42265980725  2.681275E-13
1317.87031672779  2.331225E-13
1319.31797364832  2.193895E-13
1320.76563056886  2.337734E-13
1322.2132874894  2.419437E-13
1323.66094440993  2.472822E-13
1325.10860133047  2.528791E-13
1326.55625825101  3.089628E-13
1328.00391517154  2.557234E-13
1329.45157209208  2.824974E-13
1330.89922901262  2.952093E-13
1332.34688593315  2.875334E-13
1333.79454285369  3.087236E-13
1335.24219977423  3.092234E-13
1336.68985669477  2.711937E-13
1338.1375136153  2.615855E-13
1339.58517053584  2.272119E-13
1341.03282745638  2.386243E-13
1342.48048437691  2.354461E-13
1343.92814129745  2.682242E-13
1345.37579821799  2.683419E-13
1346.82345513852  2.767947E-13
1348.27111205906  2.607882E-13
1349.7187689796  2.139812E-13
1351.16642590013  2.642741E-13
1352.61408282067  2.807109E-13
1354.06173974121  2.423507E-13
1355.50939666174  2.617038E-13
1356.95705358228  2.345136E-13
1358.40471050282  2.358198E-13
1359.85236742335  2.589257E-13
1361.30002434389  2.799907E-13
1362.74768126443  2.981099E-13
1364.19533818496  2.906310E-13
1365.6429951055  2.665092E-13
1367.09065202604  2.311076E-13
1368.53830894657  2.916616E-13
1369.98596586711  2.978957E-13
1371.43362278765  2.380828E-13
1372.88127970819  2.705415E-13
1374.32893662872  2.019842E-13
1375.77659354926  2.511523E-13
1377.2242504698  2.532302E-13
1378.67190739033  2.450352E-13
1380.11956431087  2.729259E-13
1381.56722123141  2.586676E-13
1383.01487815194  2.474471E-13
1384.46253507248  2.568635E-13
1385.91019199302  2.881669E-13
1387.35784891355  2.937376E-13
1388.80550583409  2.579578E-13
1390.25316275463  2.681455E-13
1391.70081967516  2.384378E-13
1393.1484765957  2.650262E-13
1394.59613351624  3.009061E-13
1396.04379043677  2.875536E-13
1397.49144735731  2.683288E-13
1398.93910427785  3.415118E-13
1400.38676119838  3.063775E-13
1401.83441811892  2.918152E-13
1403.28207503946  2.878545E-13
1404.72973195999  2.819840E-13
1406.17738888053  2.973173E-13
1407.62504580107  2.780535E-13
1409.0727027216  3.203434E-13
1410.52035964214  2.615684E-13
1411.96801656268  2.561831E-13
1413.41567348322  2.577405E-13
1414.86333040375  2.657944E-13
1416.31098732429  2.394923E-13
1417.75864424483  2.472720E-13
1419.20630116536  2.247122E-13
1420.6539580859  2.277935E-13
1422.10161500644  2.346578E-13
1423.54927192697  2.332107E-13
1424.99692884751  2.508653E-13
1426.44458576805  2.094462E-13
1427.89224268858  2.375077E-13
1429.33989960912  2.343869E-13
1430.78755652966  2.345665E-13
1432.23521345019  2.443949E-13
1433.68287037073  2.513449E-13
1435.13052729127  2.172919E-13
1436.5781842118  2.200719E-13
1438.02584113234  2.353014E-13
1439.47349805288  2.373432E-13
1440.92115497341  2.527450E-13
1442.36881189395  2.337440E-13
1443.81646881449  2.169309E-13
1445.26412573502  1.931806E-13
1446.71178265556  2.163627E-13
1448.1594395761  2.050342E-13
1449.60709649664  1.928276E-13
1451.05475341717  2.137261E-13
1452.50241033771  2.134034E-13
1453.95006725825  2.184352E-13
1455.39772417878  2.188598E-13
1456.84538109932  2.129487E-13
1458.29303801986  2.254349E-13
1459.74069494039  2.246588E-13
1461.18835186093  2.149787E-13
1462.63600878147  2.096981E-13
1464.083665702  2.175562E-13
1465.53132262254  1.983034E-13
1466.97897954308  2.150233E-13
1468.42663646361  2.318060E-13
1469.87429338415  2.229540E-13
1471.32195030469  2.076599E-13
1472.76960722522  2.113216E-13
1474.21726414576  1.992474E-13
1475.6649210663  2.127754E-13
1477.11257798683  2.012269E-13
1478.56023490737  2.293464E-13
1480.00789182791  2.259161E-13
1481.45554874844  2.284834E-13
1482.90320566898  2.367813E-13
1484.35086258952  2.094596E-13
1485.79851951005  2.172535E-13
1487.24617643059  2.082603E-13
1488.69383335113  2.114391E-13
1490.14149027167  1.903966E-13
1491.5891471922  1.896208E-13
1493.03680411274  2.127812E-13
1494.48446103328  2.162572E-13
1495.93211795381  1.986048E-13
1497.37977487435  2.256867E-13
1498.82743179489  2.233316E-13
1500.27508871542  2.485691E-13
1501.72274563596  2.397851E-13
1503.1704025565  2.361096E-13
1504.61805947703  2.271124E-13
1506.06571639757  2.266356E-13
1507.51337331811  2.373997E-13
1508.96103023864  2.577494E-13
1510.40868715918  2.431179E-13
1511.85634407972  2.490312E-13
1513.30400100025  2.351442E-13
1514.75165792079  2.444121E-13
1516.19931484133  2.359276E-13
1517.64697176186  2.599812E-13
1519.0946286824  2.646355E-13
1520.54228560294  2.367299E-13
1521.98994252347  2.643243E-13
1523.43759944401  2.540071E-13
1524.88525636455  2.599040E-13
1526.33291328509  2.653057E-13
1527.78057020562  2.731005E-13
1529.22822712616  2.745345E-13
1530.6758840467  2.763417E-13
1532.12354096723  2.882769E-13
1533.57119788777  3.388493E-13
1535.01885480831  3.388158E-13
1536.46651172884  3.364004E-13
1537.91416864938  3.451051E-13
1539.36182556992  3.822071E-13
1540.80948249045  3.907819E-13
1542.25713941099  3.772940E-13
1543.70479633153  3.943668E-13
1545.15245325206  4.119507E-13
1546.6001101726  4.190947E-13
1548.04776709314  4.148060E-13
1549.49542401367  4.336733E-13
1550.94308093421  4.607892E-13
1552.39073785475  4.093799E-13
1553.83839477528  3.826908E-13
1555.28605169582  3.762068E-13
1556.73370861636  3.562593E-13
1558.18136553689  3.409687E-13
1559.62902245743  3.165331E-13
1561.07667937797  2.799205E-13
1562.5243362985  2.652624E-13
1563.97199321904  2.897401E-13
1565.41965013958  2.807936E-13
1566.86730706012  2.729617E-13
1568.31496398065  2.443526E-13
1569.76262090119  2.393556E-13
1571.21027782173  2.367146E-13
1572.65793474226  2.529811E-13
1574.1055916628  2.553535E-13
1575.55324858334  2.572136E-13
1577.00090550387  2.388185E-13
1578.44856242441  2.567085E-13
1579.89621934495  2.547729E-13
1581.34387626548  2.283835E-13
1582.79153318602  2.124873E-13
1584.23919010656  2.176655E-13
1585.68684702709  2.189703E-13
1587.13450394763  2.190929E-13
1588.58216086817  2.272537E-13
1590.0298177887  2.343442E-13
1591.47747470924  2.210438E-13
1592.92513162978  2.224674E-13
1594.37278855031  2.088002E-13
1595.82044547085  2.089904E-13
1597.26810239139  2.066729E-13
1598.71575931192  2.155658E-13
1600.16341623246  2.262498E-13
1601.611073153  2.184192E-13
1603.05873007354  2.171511E-13
1604.50638699407  2.141821E-13
1605.95404391461  2.200507E-13
1607.40170083515  2.365204E-13
1608.84935775568  2.195880E-13
1610.29701467622  2.068060E-13
1611.74467159676  2.018135E-13
1613.19232851729  2.065205E-13
1614.63998543783  2.133462E-13
1616.08764235837  2.259134E-13
1617.5352992789  2.299406E-13
1618.98295619944  2.241994E-13
1620.43061311998  2.136888E-13
1621.87827004051  2.130464E-13
1623.32592696105  2.044968E-13
1624.77358388159  1.987376E-13
1626.22124080212  2.021792E-13
1627.66889772266  2.106271E-13
1629.1165546432  2.110866E-13
1630.56421156373  2.167417E-13
1632.01186848427  2.215836E-13
1633.45952540481  2.108141E-13
1634.90718232534  2.067845E-13
1636.35483924588  2.017432E-13
1637.80249616642  2.020515E-13
1639.25015308695  1.907288E-13
1640.69781000749  2.003663E-13
1642.14546692803  2.101100E-13
1643.59312384857  2.230338E-13
1645.0407807691  2.375389E-13
1646.48843768964  2.350556E-13
1647.93609461018  2.191993E-13
1649.38375153071  2.176708E-13
1650.83140845125  2.184420E-13
1652.27906537179  2.079338E-13
1653.72672229232  2.010850E-13
1655.17437921286  1.934458E-13
1656.6220361334  2.046276E-13
1658.06969305393  2.097579E-13
1659.51734997447  2.153982E-13
1660.96500689501  2.152389E-13
1662.41266381554  2.178903E-13
1663.86032073608  2.154446E-13
1665.30797765662  2.160000E-13
1666.75563457715  2.167659E-13
1668.20329149769  2.170625E-13
1669.65094841823  2.009940E-13
1671.09860533876  1.915737E-13
1672.5462622593  1.859402E-13
1673.99391917984  1.808176E-13
1675.44157610038  1.827856E-13
1676.88923302091  1.833566E-13
1678.33688994145  1.822845E-13
1679.78454686199  1.792772E-13
1681.23220378252  1.780525E-13
1682.67986070306  1.716594E-13
1684.1275176236  1.777058E-13
1685.57517454413  1.783377E-13
1687.02283146467  1.879086E-13
1688.47048838521  1.930719E-13
1689.91814530574  1.963033E-13
1691.36580222628  1.958244E-13
1692.81345914682  1.897322E-13
1694.26111606735  1.903419E-13
1695.70877298789  1.912447E-13
1697.15642990843  2.044263E-13
1698.60408682896  1.949477E-13
1700.0517437495  1.853524E-13
1701.49940067004  1.832433E-13
1702.94705759057  1.843834E-13
1704.39471451111  1.897972E-13
1705.84237143165  1.829577E-13
1707.29002835218  1.786008E-13
1708.73768527272  1.763044E-13
1710.18534219326  0.
1711.63299911379  0.
1713.08065603433  0.
1714.52831295487  0.
1715.97596987541  0.
1717.42362679594  0.
1718.87128371648  0.
1720.31894063702  0.
1721.76659755755  0.
1723.21425447809  0.
1724.66191139863  0.
1726.10956831916  0.
1727.5572252397  0.
1729.00488216024  0.
1730.45253908077  0.
1731.90019600131  0.
1733.34785292185  0.
1734.79550984238  0.
1736.24316676292  0.
1737.69082368346  0.
1739.13848060399  0.
1740.58613752453  0.
1742.03379444507  0.
1743.4814513656  0.
1744.92910828614  0.
1746.37676520668  0.
1747.82442212721  0.
1749.27207904775  0.
1750.71973596829  0.
1752.16739288882  0.
1753.61504980936  0.
1755.0627067299  0.
1756.51036365043  0.
1757.95802057097  0.
1759.40567749151  0.
1760.85333441205  0.
1762.30099133258  0.
1763.74864825312  0.
1765.19630517366  0.
1766.64396209419  0.
1768.09161901473  0.
1769.53927593527  0.
1770.9869328558  0.
1772.43458977634  0.
1773.88224669688  0.
1775.32990361741  0.
1776.77756053795  0.
1778.22521745849  0.
1779.67287437902  0.
1781.12053129956  0.
1782.5681882201  0.
1784.01584514063  0.
1785.46350206117  0.
1786.91115898171  0.
1788.35881590224  0.
1789.80647282278  0.
1791.25412974332  0.
1792.70178666385  0.
1794.14944358439  0.
1795.59710050493  0.
1797.04475742547  0.
1798.492414346  0.
1799.94007126654  0.
1801.38772818708  0.
1802.83538510761  0.
1804.28304202815  0.
1805.73069894869  0.
1807.17835586922  0.
1808.62601278976  0.
1810.0736697103  0.
1811.52132663083  0.
1812.96898355137  0.
1814.41664047191  0.
1815.86429739244  0.
1817.31195431298  0.
1818.75961123352  0.
1820.20726815405  0.
1821.65492507459  0.
1823.10258199513  0.
1824.55023891566  0.
1825.9978958362  0.
1827.44555275674  0.
1828.89320967727  0.
1830.34086659781  0.
1831.78852351835  0.
