906.735751295338  0.
908.183365802898  0.
909.630980310458  0.
911.078594818018  0.
912.526209325578  0.
913.973823833137  0.
915.421438340697  0.
916.869052848257  0.
918.316667355817  0.
919.764281863377  0.
921.211896370937  0.
922.659510878497  0.
924.107125386056  0.
925.554739893616  0.
927.002354401176  0.
928.449968908736  0.
929.897583416296  0.
931.345197923856  0.
932.792812431415  0.
934.240426938975  0.
935.688041446535  0.
937.135655954095  0.
938.583270461655  0.
940.030884969215  0.
941.478499476774  0.
942.926113984334  0.
944.373728491894  0.
945.821342999454  0.
947.268957507014  0.
948.716572014574  0.
950.164186522133  0.
951.611801029693  0.
953.059415537253  0.
954.507030044813  0.
955.954644552373  0.
957.402259059933  0.
958.849873567493  0.
960.297488075052  0.
961.745102582612  0.
963.192717090172  0.
964.640331597732  0.
966.087946105292  0.
967.535560612852  0.
968.983175120411  0.
970.430789627971  0.
971.878404135531  0.
973.326018643091  0.
974.773633150651  0.
976.221247658211  0.
977.668862165771  0.
979.11647667333  0.
980.56409118089  0.
982.01170568845  0.
983.45932019601  0.
984.90693470357  0.
986.35454921113  0.
987.802163718689  0.
989.249778226249  0.
990.697392733809  0.
992.145007241369  0.
993.592621748929  2.592950E-13
995.040236256489  4.189478E-13
996.487850764048  2.025895E-13
997.935465271608  1.512586E-13
999.383079779168  2.137368E-13
1000.83069428673  1.523528E-13
1002.27830879429  2.060567E-13
1003.72592330185  3.358633E-13
1005.17353780941  2.485861E-13
1006.62115231697  3.568338E-13
1008.06876682453  2.359364E-13
1009.51638133209  2.645553E-13
1010.96399583965  4.779778E-13
1012.41161034721  3.177047E-13
1013.85922485477  1.875507E-13
1015.30683936233  2.801673E-13
1016.75445386989  3.356761E-13
1018.20206837745  2.739544E-13
1019.64968288501  3.070968E-13
1021.09729739257  2.717596E-13
1022.54491190013  3.233758E-13
1023.99252640769  3.162563E-13
1025.44014091525  3.666069E-13
1026.8877554228  3.590988E-13
1028.33536993037  3.818437E-13
1029.78298443792  3.213891E-13
1031.23059894548  3.315642E-13
1032.67821345304  3.685756E-13
1034.1258279606  4.352696E-13
1035.57344246816  4.376898E-13
1037.02105697572  3.775602E-13
1038.46867148328  3.363927E-13
1039.91628599084  2.952761E-13
1041.3639004984  2.869009E-13
1042.81151500596  2.833007E-13
1044.25912951352  3.334733E-13
1045.70674402108  4.282829E-13
1047.15435852864  5.054656E-13
1048.6019730362  4.168401E-13
1050.04958754376  3.961812E-13
1051.49720205132  3.191038E-13
1052.94481655888  2.946435E-13
1054.39243106644  3.397497E-13
1055.840045574  2.970847E-13
1057.28766008156  1.847373E-13
1058.73527458912  1.857341E-13
1060.18288909668  2.594205E-13
1061.63050360424  2.795381E-13
1063.0781181118  2.884573E-13
1064.52573261936  2.544958E-13
1065.97334712692  2.995111E-13
1067.42096163448  2.618741E-13
1068.86857614204  2.757429E-13
1070.3161906496  3.155109E-13
1071.76380515716  2.508740E-13
1073.21141966472  3.366489E-13
1074.65903417228  3.086139E-13
1076.10664867984  2.456182E-13
1077.5542631874  2.894353E-13
1079.00187769496  2.936446E-13
1080.44949220252  2.646580E-13
1081.89710671008  2.409198E-13
1083.34472121764  2.217007E-13
1084.7923357252  2.252586E-13
1086.23995023276  2.485377E-13
1087.68756474032  2.650851E-13
1089.13517924788  2.351017E-13
1090.58279375544  2.234397E-13
1092.030408263  2.155279E-13
1093.47802277056  2.148831E-13
1094.92563727812  2.584811E-13
1096.37325178568  2.620690E-13
1097.82086629324  2.566522E-13
1099.2684808008  2.506408E-13
1100.71609530836  2.254943E-13
1102.16370981592  2.260860E-13
1103.61132432348  2.355626E-13
1105.05893883104  2.334868E-13
1106.5065533386  2.667868E-13
1107.95416784616  2.665797E-13
1109.40178235372  2.353996E-13
1110.84939686128  2.532582E-13
1112.29701136884  2.864825E-13
1113.7446258764  2.750711E-13
1115.19224038396  2.525253E-13
1116.63985489152  2.630620E-13
1118.08746939908  2.282467E-13
1119.53508390664  2.026316E-13
1120.98269841419  2.106772E-13
1122.43031292175  2.344703E-13
1123.87792742931  2.321050E-13
1125.32554193687  2.279940E-13
1126.77315644443  1.987260E-13
1128.22077095199  2.091018E-13
1129.66838545955  2.338074E-13
1131.11599996711  2.781754E-13
1132.56361447467  2.469399E-13
1134.01122898223  2.859571E-13
1135.45884348979  2.226445E-13
1136.90645799735  2.407982E-13
1138.35407250491  2.602258E-13
1139.80168701247  2.217199E-13
1141.24930152003  2.354568E-13
1142.69691602759  2.127410E-13
1144.14453053515  2.455987E-13
1145.59214504271  2.286918E-13
1147.03975955027  2.511310E-13
1148.48737405783  2.250520E-13
1149.93498856539  2.692648E-13
1151.38260307295  2.376979E-13
1152.83021758051  2.163711E-13
1154.27783208807  2.046747E-13
1155.72544659563  2.012487E-13
1157.17306110319  2.331957E-13
1158.62067561075  2.277116E-13
1160.06829011831  2.336957E-13
1161.51590462587  2.351419E-13
1162.96351913343  2.434345E-13
1164.41113364099  2.334137E-13
1165.85874814855  2.578448E-13
1167.30636265611  2.458342E-13
1168.75397716367  2.555142E-13
1170.20159167123  2.506205E-13
1171.64920617879  2.629594E-13
1173.09682068635  2.589332E-13
1174.54443519391  2.803988E-13
1175.99204970147  2.866055E-13
1177.43966420903  2.807557E-13
1178.88727871659  2.790309E-13
1180.33489322415  3.033871E-13
1181.78250773171  2.776820E-13
1183.23012223927  2.791612E-13
1184.67773674683  2.763448E-13
1186.12535125439  3.269586E-13
1187.57296576195  3.145000E-13
1189.02058026951  2.974969E-13
1190.46819477707  3.029013E-13
1191.91580928463  3.127151E-13
1193.36342379219  3.206834E-13
1194.81103829975  3.522125E-13
1196.25865280731  3.371295E-13
1197.70626731487  3.556871E-13
1199.15388182243  3.314180E-13
1200.60149632999  3.549168E-13
1202.04911083755  3.582903E-13
1203.49672534511  3.988851E-13
1204.94433985267  3.747030E-13
1206.39195436023  4.925859E-13
1207.83956886779  5.122213E-13
1209.28718337535  5.519499E-13
1210.7347978829  6.571295E-13
1212.18241239046  7.003256E-13
1213.63002689802  8.325289E-13
1215.07764140558  8.413233E-13
1216.52525591314  9.139050E-13
1217.9728704207  8.357350E-13
1219.42048492826  7.949969E-13
1220.86809943582  7.574012E-13
1222.31571394338  6.021284E-13
1223.76332845094  5.386044E-13
1225.2109429585  4.947169E-13
1226.65855746606  4.532506E-13
1228.10617197362  3.901871E-13
1229.55378648118  3.316861E-13
1231.00140098874  3.720861E-13
1232.4490154963  3.847756E-13
1233.89663000386  4.243737E-13
1235.34424451142  3.964664E-13
1236.79185901898  4.609794E-13
1238.23947352654  3.741676E-13
1239.6870880341  4.267863E-13
1241.13470254166  3.917224E-13
1242.58231704922  3.892171E-13
1244.02993155678  3.672392E-13
1245.47754606434  2.933907E-13
1246.9251605719  2.995184E-13
1248.37277507946  3.414748E-13
1249.82038958702  2.828940E-13
1251.26800409458  2.727619E-13
1252.71561860214  2.706505E-13
1254.1632331097  2.630235E-13
1255.61084761726  2.521662E-13
1257.05846212482  2.636148E-13
1258.50607663238  2.581258E-13
1259.95369113994  2.809194E-13
1261.4013056475  2.823044E-13
1262.84892015506  2.595229E-13
1264.29653466262  2.321766E-13
1265.74414917018  2.427151E-13
1267.19176367774  2.312869E-13
1268.6393781853  2.209535E-13
1270.08699269286  2.272088E-13
1271.53460720042  2.247533E-13
1272.98222170798  2.298762E-13
1274.42983621554  2.114494E-13
1275.8774507231  2.111744E-13
1277.32506523066  2.160593E-13
1278.77267973822  2.160427E-13
1280.22029424578  1.961546E-13
1281.66790875334  1.831050E-13
1283.1155232609  2.112024E-13
1284.56313776846  2.004082E-13
1286.01075227602  1.888058E-13
1287.45836678358  2.024655E-13
1288.90598129114  2.457498E-13
1290.3535957987  2.121247E-13
1291.80121030626  2.208003E-13
1293.24882481382  2.106171E-13
1294.69643932138  2.194124E-13
1296.14405382894  2.020573E-13
1297.5916683365  2.476148E-13
1299.03928284406  2.340503E-13
1300.48689735162  2.714301E-13
1301.93451185917  2.207352E-13
1303.38212636674  2.260193E-13
1304.82974087429  2.240997E-13
1306.27735538185  2.083502E-13
1307.72496988941  1.930597E-13
1309.17258439697  1.936655E-13
1310.62019890453  2.062767E-13
1312.06781341209  2.392949E-13
1313.51542791965  2.265136E-13
1314.96304242721  1.854391E-13
1316.41065693477  1.727314E-13
1317.85827144233  1.876506E-13
1319.30588594989  1.736694E-13
1320.75350045745  1.498066E-13
1322.20111496501  1.717407E-13
1323.64872947257  2.085227E-13
1325.09634398013  2.142109E-13
1326.54395848769  2.266521E-13
1327.99157299525  1.988101E-13
1329.43918750281  1.986634E-13
1330.88680201037  1.934700E-13
1332.33441651793  2.073547E-13
1333.78203102549  2.360499E-13
1335.22964553305  2.190895E-13
1336.67726004061  2.168733E-13
1338.12487454817  1.719570E-13
1339.57248905573  1.684994E-13
1341.02010356329  1.621354E-13
1342.46771807085  1.946542E-13
1343.91533257841  2.040236E-13
1345.36294708597  1.962713E-13
1346.81056159353  1.886034E-13
1348.25817610109  1.764836E-13
1349.70579060865  2.225664E-13
1351.15340511621  2.404980E-13
1352.60101962377  1.607423E-13
1354.04863413133  2.155487E-13
1355.49624863889  2.109769E-13
1356.94386314645  1.919850E-13
1358.39147765401  2.118213E-13
1359.83909216157  2.231376E-13
1361.28670666913  2.461513E-13
1362.73432117669  2.308233E-13
1364.18193568425  1.911998E-13
1365.62955019181  1.815174E-13
1367.07716469937  1.953577E-13
1368.52477920693  2.291856E-13
1369.97239371449  1.642667E-13
1371.42000822205  2.002615E-13
1372.86762272961  2.180029E-13
1374.31523723717  2.083383E-13
1375.76285174473  1.908725E-13
1377.21046625229  2.283904E-13
1378.65808075985  1.984477E-13
1380.10569526741  2.054965E-13
1381.55330977497  1.897341E-13
1383.00092428253  1.810600E-13
1384.44853879009  1.677298E-13
1385.89615329765  1.933590E-13
1387.34376780521  2.211439E-13
1388.79138231277  2.521541E-13
1390.23899682033  1.983964E-13
1391.68661132789  2.099900E-13
1393.13422583545  2.554256E-13
1394.581840343  2.725111E-13
1396.02945485057  2.783685E-13
1397.47706935812  2.409830E-13
1398.92468386568  2.307944E-13
1400.37229837324  2.501007E-13
1401.8199128808  2.564335E-13
1403.26752738836  2.524235E-13
1404.71514189592  2.447848E-13
1406.16275640348  2.161519E-13
1407.61037091104  2.312450E-13
1409.0579854186  2.200950E-13
1410.50559992616  2.048115E-13
1411.95321443372  1.901261E-13
1413.40082894128  2.307738E-13
1414.84844344884  2.140602E-13
1416.2960579564  2.216754E-13
1417.74367246396  1.974670E-13
1419.19128697152  2.136481E-13
1420.63890147908  2.093642E-13
1422.08651598664  2.017841E-13
1423.5341304942  1.946777E-13
1424.98174500176  1.698936E-13
1426.42935950932  1.715722E-13
1427.87697401688  2.168161E-13
1429.32458852444  2.175081E-13
1430.772203032  1.983079E-13
1432.21981753956  1.979353E-13
1433.66743204712  1.626529E-13
1435.11504655468  1.550589E-13
1436.56266106224  1.727007E-13
1438.0102755698  2.170035E-13
1439.45789007736  1.994529E-13
1440.90550458492  1.545501E-13
1442.35311909248  1.423295E-13
1443.80073360004  1.559850E-13
1445.2483481076  1.758271E-13
1446.69596261516  1.731659E-13
1448.14357712272  1.927980E-13
1449.59119163028  1.766254E-13
1451.03880613784  1.926063E-13
1452.4864206454  1.489834E-13
1453.93403515296  1.421270E-13
1455.38164966052  1.586138E-13
1456.82926416808  1.656248E-13
1458.27687867564  1.910642E-13
1459.7244931832  1.937607E-13
1461.17210769076  2.141252E-13
1462.61972219832  2.137493E-13
1464.06733670588  1.940657E-13
1465.51495121344  2.019232E-13
1466.962565721  1.948801E-13
1468.41018022856  2.072170E-13
1469.85779473612  2.011707E-13
1471.30540924368  1.796874E-13
1472.75302375124  1.981927E-13
1474.2006382588  1.837388E-13
1475.64825276636  1.463110E-13
1477.09586727392  1.446161E-13
1478.54348178148  1.486928E-13
1479.99109628904  1.642905E-13
1481.4387107966  1.930472E-13
1482.88632530416  1.902964E-13
1484.33393981172  1.851172E-13
1485.78155431928  1.607916E-13
1487.22916882683  1.678053E-13
1488.67678333439  1.747728E-13
1490.12439784195  1.869735E-13
1491.57201234951  1.729380E-13
1493.01962685707  1.646406E-13
1494.46724136463  1.658074E-13
1495.91485587219  1.774535E-13
1497.36247037975  1.887396E-13
1498.81008488731  1.985905E-13
1500.25769939487  1.834200E-13
1501.70531390243  1.900461E-13
1503.15292840999  1.881362E-13
1504.60054291755  1.993313E-13
1506.04815742511  1.843058E-13
1507.49577193267  1.853374E-13
1508.94338644023  1.806132E-13
1510.39100094779  1.997397E-13
1511.83861545535  2.037621E-13
1513.28622996291  2.053813E-13
1514.73384447047  2.027270E-13
1516.18145897803  2.106065E-13
1517.62907348559  2.257294E-13
1519.07668799315  2.127525E-13
1520.52430250071  2.239152E-13
1521.97191700827  2.143350E-13
1523.41953151583  2.075475E-13
1524.86714602339  2.288066E-13
1526.31476053095  2.303979E-13
1527.76237503851  2.183132E-13
1529.20998954607  2.108528E-13
1530.65760405363  1.993119E-13
1532.10521856119  2.355308E-13
1533.55283306875  2.522999E-13
1535.00044757631  2.507449E-13
1536.44806208387  2.618872E-13
1537.89567659143  2.884707E-13
1539.34329109899  2.880748E-13
1540.79090560655  3.013467E-13
1542.23852011411  3.234942E-13
1543.68613462167  3.562683E-13
1545.13374912923  3.539229E-13
1546.58136363679  3.287880E-13
1548.02897814435  3.368953E-13
1549.47659265191  3.610459E-13
1550.92420715947  3.618202E-13
1552.37182166703  3.709118E-13
1553.81943617459  3.170045E-13
1555.26705068215  3.095672E-13
1556.71466518971  3.052013E-13
1558.16227969727  2.844843E-13
1559.60989420483  2.573571E-13
1561.05750871239  2.265681E-13
1562.50512321995  2.146705E-13
1563.95273772751  2.078349E-13
1565.40035223507  1.960374E-13
1566.84796674263  1.925329E-13
1568.29558125019  2.133527E-13
1569.74319575775  2.065866E-13
1571.19081026531  2.238959E-13
1572.63842477287  2.089086E-13
1574.08603928043  2.003279E-13
1575.53365378799  2.102535E-13
1576.98126829555  2.124047E-13
1578.4288828031  2.113539E-13
1579.87649731066  2.177916E-13
1581.32411181822  2.047273E-13
1582.77172632578  2.055289E-13
1584.21934083334  1.918400E-13
1585.6669553409  1.889262E-13
1587.11456984846  1.963269E-13
1588.56218435602  1.895904E-13
1590.00979886358  1.870934E-13
1591.45741337114  1.925120E-13
1592.9050278787  1.871827E-13
1594.35264238626  1.796181E-13
1595.80025689382  1.779896E-13
1597.24787140138  1.850541E-13
1598.69548590894  1.918666E-13
1600.1431004165  1.908342E-13
1601.59071492406  1.818896E-13
1603.03832943162  1.786535E-13
1604.48594393918  1.850871E-13
1605.93355844674  1.817391E-13
1607.3811729543  1.706668E-13
1608.82878746186  1.691325E-13
1610.27640196942  1.646997E-13
1611.72401647698  1.814956E-13
1613.17163098454  1.870988E-13
1614.6192454921  1.928342E-13
1616.06685999966  1.886282E-13
1617.51447450722  1.832214E-13
1618.96208901478  1.774539E-13
1620.40970352234  1.775477E-13
1621.8573180299  1.810887E-13
1623.30493253746  1.739045E-13
1624.75254704502  1.736004E-13
1626.20016155258  1.738838E-13
1627.64777606014  1.771915E-13
1629.0953905677  1.812035E-13
1630.54300507526  1.756171E-13
1631.99061958282  1.831253E-13
1633.43823409038  1.977724E-13
1634.88584859794  1.881691E-13
1636.3334631055  1.837748E-13
1637.78107761306  1.698677E-13
1639.22869212062  1.728282E-13
1640.67630662818  1.691422E-13
1642.12392113574  1.814123E-13
1643.5715356433  1.777528E-13
1645.01915015086  1.786564E-13
1646.46676465842  1.751369E-13
1647.91437916598  1.797228E-13
1649.36199367354  1.840816E-13
1650.8096081811  1.892515E-13
1652.25722268866  1.866015E-13
1653.70483719622  1.893351E-13
1655.15245170378  1.906111E-13
1656.60006621134  1.830294E-13
1658.0476807189  1.767542E-13
1659.49529522646  1.548483E-13
1660.94290973402  1.632790E-13
1662.39052424158  1.651629E-13
1663.83813874914  1.739458E-13
1665.2857532567  1.881518E-13
1666.73336776426  1.947168E-13
1668.18098227181  1.908728E-13
1669.62859677938  1.946435E-13
1671.07621128693  1.792838E-13
1672.52382579449  1.557522E-13
1673.97144030205  1.571336E-13
1675.41905480961  1.601765E-13
1676.86666931717  1.540687E-13
1678.31428382473  1.571781E-13
1679.76189833229  1.679367E-13
1681.20951283985  1.712782E-13
1682.65712734741  1.695276E-13
1684.10474185497  1.683443E-13
1685.55235636253  1.700717E-13
1686.99997087009  1.653701E-13
1688.44758537765  1.706239E-13
1689.89519988521  1.685244E-13
1691.34281439277  1.703855E-13
1692.79042890033  1.658709E-13
1694.23804340789  1.652206E-13
1695.68565791545  1.611483E-13
1697.13327242301  1.544224E-13
1698.58088693057  1.537037E-13
1700.02850143813  1.539513E-13
1701.47611594569  1.518424E-13
1702.92373045325  1.556260E-13
1704.37134496081  1.583736E-13
1705.81895946837  1.516340E-13
1707.26657397593  1.493028E-13
1708.71418848349  1.464415E-13
1710.16180299105  0.
1711.60941749861  0.
1713.05703200617  0.
1714.50464651373  0.
1715.95226102129  0.
1717.39987552885  0.
1718.84749003641  0.
1720.29510454397  0.
1721.74271905153  0.
1723.19033355909  0.
1724.63794806665  0.
1726.08556257421  0.
1727.53317708177  0.
1728.98079158933  0.
1730.42840609689  0.
1731.87602060445  0.
1733.32363511201  0.
1734.77124961957  0.
1736.21886412713  0.
1737.66647863469  0.
1739.11409314225  0.
1740.56170764981  0.
1742.00932215737  0.
1743.45693666493  0.
1744.90455117249  0.
1746.35216568005  0.
1747.79978018761  0.
1749.24739469517  0.
1750.69500920273  0.
1752.14262371029  0.
1753.59023821785  0.
1755.03785272541  0.
1756.48546723297  0.
1757.93308174053  0.
1759.38069624809  0.
1760.82831075565  0.
1762.27592526321  0.
1763.72353977076  0.
1765.17115427832  0.
1766.61876878588  0.
1768.06638329344  0.
1769.513997801  0.
1770.96161230856  0.
1772.40922681612  0.
1773.85684132368  0.
1775.30445583124  0.
1776.7520703388  0.
1778.19968484636  0.
1779.64729935392  0.
1781.09491386148  0.
1782.54252836904  0.
1783.9901428766  0.
1785.43775738416  0.
1786.88537189172  0.
1788.33298639928  0.
1789.78060090684  0.
1791.2282154144  0.
1792.67582992196  0.
1794.12344442952  0.
1795.57105893708  0.
1797.01867344464  0.
1798.4662879522  0.
1799.91390245976  0.
1801.36151696732  0.
1802.80913147488  0.
1804.25674598244  0.
1805.70436049  0.
1807.15197499756  0.
1808.59958950512  0.
1810.04720401268  0.
1811.49481852024  0.
1812.9424330278  0.
1814.39004753536  0.
1815.83766204292  0.
1817.28527655048  0.
1818.73289105804  0.
1820.1805055656  0.
1821.62812007316  0.
1823.07573458072  0.
1824.52334908828  0.
1825.97096359584  0.
1827.4185781034  0.
1828.86619261096  0.
1830.31380711852  0.
1831.76142162608  0.
