906.735751295338  0.
908.183365802898  0.
909.630980310458  0.
911.078594818018  0.
912.526209325578  0.
913.973823833137  0.
915.421438340697  0.
916.869052848257  0.
918.316667355817  0.
919.764281863377  0.
921.211896370937  0.
922.659510878497  0.
924.107125386056  0.
925.554739893616  0.
927.002354401176  0.
928.449968908736  0.
929.897583416296  0.
931.345197923856  0.
932.792812431415  0.
934.240426938975  0.
935.688041446535  0.
937.135655954095  0.
938.583270461655  0.
940.030884969215  0.
941.478499476774  0.
942.926113984334  0.
944.373728491894  0.
945.821342999454  0.
947.268957507014  0.
948.716572014574  0.
950.164186522133  0.
951.611801029693  0.
953.059415537253  0.
954.507030044813  0.
955.954644552373  0.
957.402259059933  0.
958.849873567493  0.
960.297488075052  0.
961.745102582612  0.
963.192717090172  0.
964.640331597732  0.
966.087946105292  0.
967.535560612852  0.
968.983175120411  0.
970.430789627971  0.
971.878404135531  0.
973.326018643091  0.
974.773633150651  0.
976.221247658211  0.
977.668862165771  0.
979.11647667333  0.
980.56409118089  0.
982.01170568845  0.
983.45932019601  0.
984.90693470357  0.
986.35454921113  0.
987.802163718689  0.
989.249778226249  0.
990.697392733809  0.
992.145007241369  0.
993.592621748929  3.020789E-13
995.040236256489  2.230713E-13
996.487850764048  2.390434E-13
997.935465271608  3.998446E-13
999.383079779168  3.045300E-13
1000.83069428673  3.458365E-13
1002.27830879429  5.442964E-13
1003.72592330185  4.076263E-13
1005.17353780941  2.620712E-13
1006.62115231697  3.383521E-13
1008.06876682453  3.533690E-13
1009.51638133209  3.561391E-13
1010.96399583965  4.212686E-13
1012.41161034721  3.629577E-13
1013.85922485477  4.069698E-13
1015.30683936233  2.444029E-13
1016.75445386989  4.262374E-13
1018.20206837745  3.539519E-13
1019.64968288501  3.092241E-13
1021.09729739257  2.784541E-13
1022.54491190013  3.702189E-13
1023.99252640769  3.083358E-13
1025.44014091525  3.233539E-13
1026.8877554228  1.502015E-13
1028.33536993037  1.990112E-13
1029.78298443792  3.952079E-13
1031.23059894548  1.691275E-13
1032.67821345304  3.495019E-13
1034.1258279606  3.280715E-13
1035.57344246816  1.641709E-13
1037.02105697572  2.016909E-13
1038.46867148328  2.226451E-13
1039.91628599084  2.912738E-13
1041.3639004984  2.887753E-13
1042.81151500596  4.364683E-13
1044.25912951352  1.709556E-12
1045.70674402108  6.180640E-12
1047.15435852864  5.810587E-12
1048.6019730362  1.995784E-11
1050.04958754376  0.
1051.49720205132  3.731469E-11
1052.94481655888  2.187739E-11
1054.39243106644  1.697742E-12
1055.840045574  3.473447E-13
1057.28766008156  2.685981E-13
1058.73527458912  1.707461E-13
1060.18288909668  4.657343E-13
1061.63050360424  2.755338E-13
1063.0781181118  2.160639E-13
1064.52573261936  1.828112E-13
1065.97334712692  3.105864E-13
1067.42096163448  2.220824E-13
1068.86857614204  1.554132E-13
1070.3161906496  1.190362E-13
1071.76380515716  1.033504E-13
1073.21141966472  1.740043E-13
1074.65903417228  3.510943E-13
1076.10664867984  6.295999E-14
1077.5542631874  4.017644E-13
1079.00187769496  4.887023E-13
1080.44949220252  1.484444E-13
1081.89710671008  2.912416E-13
1083.34472121764  2.981646E-13
1084.7923357252  8.431631E-14
1086.23995023276  2.346623E-13
1087.68756474032  1.755824E-13
1089.13517924788  1.111798E-13
1090.58279375544  9.494301E-14
1092.030408263  1.491584E-14
1093.47802277056  1.837158E-13
1094.92563727812  1.735811E-13
1096.37325178568  3.599733E-13
1097.82086629324  1.540953E-13
1099.2684808008  3.913697E-13
1100.71609530836  9.392260E-14
1102.16370981592  1.178897E-13
1103.61132432348  1.788799E-13
1105.05893883104  2.499365E-13
1106.5065533386  4.011417E-13
1107.95416784616  5.346683E-14
1109.40178235372  1.946165E-13
1110.84939686128  7.383459E-14
1112.29701136884  1.379338E-13
1113.7446258764  1.662209E-13
1115.19224038396  3.341485E-13
1116.63985489152  1.726235E-13
1118.08746939908  2.231552E-13
1119.53508390664  4.411411E-13
1120.98269841419  1.572844E-13
1122.43031292175  1.713913E-13
1123.87792742931  1.114037E-13
1125.32554193687  8.385049E-14
1126.77315644443  3.653556E-13
1128.22077095199  2.614767E-13
1129.66838545955  1.419330E-13
1131.11599996711  1.283267E-13
1132.56361447467  9.387674E-13
1134.01122898223  1.578550E-13
1135.45884348979  1.522814E-13
1136.90645799735  1.144498E-13
1138.35407250491  2.767278E-13
1139.80168701247  1.449525E-13
1141.24930152003  1.743221E-13
1142.69691602759  2.091264E-13
1144.14453053515  1.289987E-13
1145.59214504271  3.446488E-13
1147.03975955027  1.356623E-13
1148.48737405783  1.256370E-13
1149.93498856539  2.132514E-13
1151.38260307295  9.902005E-14
1152.83021758051  1.417285E-13
1154.27783208807  1.226319E-13
1155.72544659563  2.081927E-13
1157.17306110319  2.396282E-13
1158.62067561075  2.205430E-13
1160.06829011831  2.584871E-13
1161.51590462587  1.223826E-13
1162.96351913343  1.631988E-13
1164.41113364099  2.425280E-13
1165.85874814855  3.521323E-13
1167.30636265611  1.348573E-13
1168.75397716367  1.443635E-13
1170.20159167123  1.225335E-13
1171.64920617879  1.825137E-13
1173.09682068635  1.874830E-13
1174.54443519391  1.696955E-13
1175.99204970147  2.353822E-13
1177.43966420903  2.337222E-13
1178.88727871659  1.378666E-13
1180.33489322415  2.868324E-13
1181.78250773171  3.046393E-13
1183.23012223927  2.292947E-13
1184.67773674683  2.124701E-13
1186.12535125439  2.391308E-13
1187.57296576195  1.477106E-13
1189.02058026951  2.743014E-13
1190.46819477707  2.760820E-13
1191.91580928463  1.883531E-13
1193.36342379219  2.085436E-13
1194.81103829975  4.434164E-13
1196.25865280731  3.467654E-13
1197.70626731487  4.359702E-13
1199.15388182243  3.058136E-13
1200.60149632999  3.083495E-13
1202.04911083755  7.357223E-13
1203.49672534511  2.126974E-13
1204.94433985267  3.307631E-13
1206.39195436023  4.750394E-13
1207.83956886779  3.585225E-13
1209.28718337535  8.811921E-13
1210.7347978829  2.502895E-13
1212.18241239046  4.264014E-13
1213.63002689802  6.080971E-13
1215.07764140558  3.736267E-13
1216.52525591314  7.252253E-13
1217.9728704207  6.303414E-13
1219.42048492826  6.692900E-13
1220.86809943582  8.251073E-13
1222.31571394338  3.604468E-13
1223.76332845094  3.267876E-13
1225.2109429585  2.587324E-13
1226.65855746606  3.846334E-13
1228.10617197362  5.694861E-13
1229.55378648118  3.364105E-13
1231.00140098874  3.759867E-13
1232.4490154963  3.817100E-13
1233.89663000386  2.953051E-13
1235.34424451142  3.713145E-13
1236.79185901898  4.941465E-13
1238.23947352654  3.533366E-13
1239.6870880341  2.496747E-13
1241.13470254166  3.642605E-13
1242.58231704922  4.252467E-13
1244.02993155678  2.903090E-13
1245.47754606434  4.316438E-13
1246.9251605719  2.707824E-13
1248.37277507946  2.817201E-13
1249.82038958702  3.578122E-13
1251.26800409458  2.670215E-13
1252.71561860214  3.029660E-13
1254.1632331097  3.537314E-13
1255.61084761726  2.667316E-13
1257.05846212482  2.736849E-13
1258.50607663238  2.760885E-13
1259.95369113994  1.742702E-13
1261.4013056475  3.422108E-13
1262.84892015506  2.852828E-13
1264.29653466262  2.211176E-13
1265.74414917018  2.638088E-13
1267.19176367774  2.737391E-13
1268.6393781853  3.175548E-13
1270.08699269286  2.553906E-13
1271.53460720042  2.498945E-13
1272.98222170798  2.762820E-13
1274.42983621554  3.007186E-13
1275.8774507231  2.545627E-13
1277.32506523066  2.735781E-13
1278.77267973822  2.059561E-13
1280.22029424578  2.505081E-13
1281.66790875334  1.966509E-13
1283.1155232609  2.221193E-13
1284.56313776846  2.435683E-13
1286.01075227602  2.176020E-13
1287.45836678358  2.443678E-13
1288.90598129114  2.021254E-13
1290.3535957987  2.558153E-13
1291.80121030626  2.479207E-13
1293.24882481382  2.177471E-13
1294.69643932138  2.267600E-13
1296.14405382894  2.152205E-13
1297.5916683365  2.749447E-13
1299.03928284406  1.615971E-13
1300.48689735162  2.592489E-13
1301.93451185917  2.266396E-13
1303.38212636674  2.979016E-13
1304.82974087429  2.453748E-13
1306.27735538185  2.070614E-13
1307.72496988941  2.326242E-13
1309.17258439697  2.018008E-13
1310.62019890453  3.179845E-13
1312.06781341209  2.384181E-13
1313.51542791965  3.170408E-13
1314.96304242721  2.185185E-13
1316.41065693477  1.831295E-13
1317.85827144233  2.136286E-13
1319.30588594989  2.292502E-13
1320.75350045745  2.424602E-13
1322.20111496501  1.960104E-13
1323.64872947257  1.834613E-13
1325.09634398013  2.183353E-13
1326.54395848769  1.885207E-13
1327.99157299525  2.421440E-13
1329.43918750281  2.847979E-13
1330.88680201037  2.525671E-13
1332.33441651793  2.418106E-13
1333.78203102549  2.138948E-13
1335.22964553305  1.539748E-13
1336.67726004061  1.949599E-13
1338.12487454817  2.666930E-13
1339.57248905573  1.878441E-13
1341.02010356329  1.993158E-13
1342.46771807085  2.681066E-13
1343.91533257841  1.880639E-13
1345.36294708597  2.201493E-13
1346.81056159353  2.613069E-13
1348.25817610109  1.887161E-13
1349.70579060865  1.852921E-13
1351.15340511621  2.492623E-13
1352.60101962377  2.310167E-13
1354.04863413133  1.931568E-13
1355.49624863889  2.435524E-13
1356.94386314645  2.240080E-13
1358.39147765401  1.760480E-13
1359.83909216157  2.205911E-13
1361.28670666913  1.996465E-13
1362.73432117669  1.826808E-13
1364.18193568425  1.728717E-13
1365.62955019181  2.086971E-13
1367.07716469937  1.987738E-13
1368.52477920693  2.361020E-13
1369.97239371449  1.918372E-13
1371.42000822205  2.864601E-13
1372.86762272961  2.184464E-13
1374.31523723717  3.012051E-13
1375.76285174473  1.761928E-13
1377.21046625229  2.071692E-13
1378.65808075985  1.889520E-13
1380.10569526741  2.257396E-13
1381.55330977497  2.393796E-13
1383.00092428253  2.569000E-13
1384.44853879009  2.247437E-13
1385.89615329765  1.890211E-13
1387.34376780521  2.056859E-13
1388.79138231277  2.645787E-13
1390.23899682033  2.654817E-13
1391.68661132789  2.836293E-13
1393.13422583545  3.018935E-13
1394.581840343  2.384599E-13
1396.02945485057  2.714404E-13
1397.47706935812  2.412481E-13
1398.92468386568  2.034970E-13
1400.37229837324  3.396449E-13
1401.8199128808  2.428149E-13
1403.26752738836  1.970709E-13
1404.71514189592  2.091112E-13
1406.16275640348  1.579807E-13
1407.61037091104  1.772704E-13
1409.0579854186  2.331633E-13
1410.50559992616  2.982621E-13
1411.95321443372  1.993719E-13
1413.40082894128  2.121144E-13
1414.84844344884  2.077918E-13
1416.2960579564  2.026302E-13
1417.74367246396  2.139437E-13
1419.19128697152  1.792604E-13
1420.63890147908  2.022453E-13
1422.08651598664  1.739332E-13
1423.5341304942  2.270783E-13
1424.98174500176  2.023268E-13
1426.42935950932  2.097206E-13
1427.87697401688  1.940377E-13
1429.32458852444  2.341649E-13
1430.772203032  2.268266E-13
1432.21981753956  2.125612E-13
1433.66743204712  1.991751E-13
1435.11504655468  2.359358E-13
1436.56266106224  1.638591E-13
1438.0102755698  2.458170E-13
1439.45789007736  2.352575E-13
1440.90550458492  1.866746E-13
1442.35311909248  2.516454E-13
1443.80073360004  3.201201E-13
1445.2483481076  2.592730E-13
1446.69596261516  2.509708E-13
1448.14357712272  1.898460E-13
1449.59119163028  2.015122E-13
1451.03880613784  1.851871E-13
1452.4864206454  2.022629E-13
1453.93403515296  1.768211E-13
1455.38164966052  2.163441E-13
1456.82926416808  1.668158E-13
1458.27687867564  1.939206E-13
1459.7244931832  2.351098E-13
1461.17210769076  2.047526E-13
1462.61972219832  1.742084E-13
1464.06733670588  2.325969E-13
1465.51495121344  2.027743E-13
1466.962565721  1.898342E-13
1468.41018022856  1.915758E-13
1469.85779473612  2.077868E-13
1471.30540924368  2.423539E-13
1472.75302375124  1.649351E-13
1474.2006382588  1.749610E-13
1475.64825276636  2.046522E-13
1477.09586727392  2.407535E-13
1478.54348178148  1.373823E-13
1479.99109628904  2.037622E-13
1481.4387107966  1.918376E-13
1482.88632530416  2.420355E-13
1484.33393981172  2.126778E-13
1485.78155431928  1.938507E-13
1487.22916882683  1.993675E-13
1488.67678333439  2.538653E-13
1490.12439784195  2.142629E-13
1491.57201234951  2.551147E-13
1493.01962685707  2.438243E-13
1494.46724136463  1.644139E-13
1495.91485587219  2.426735E-13
1497.36247037975  2.409339E-13
1498.81008488731  2.422487E-13
1500.25769939487  1.975637E-13
1501.70531390243  1.886735E-13
1503.15292840999  2.313164E-13
1504.60054291755  2.048953E-13
1506.04815742511  1.828526E-13
1507.49577193267  2.107675E-13
1508.94338644023  2.326895E-13
1510.39100094779  2.174647E-13
1511.83861545535  1.933265E-13
1513.28622996291  2.908093E-13
1514.73384447047  2.562354E-13
1516.18145897803  2.071909E-13
1517.62907348559  2.351353E-13
1519.07668799315  1.989427E-13
1520.52430250071  2.600578E-13
1521.97191700827  3.511033E-13
1523.41953151583  3.437419E-13
1524.86714602339  4.215455E-13
1526.31476053095  4.684308E-13
1527.76237503851  2.778690E-13
1529.20998954607  3.840619E-13
1530.65760405363  2.083377E-13
1532.10521856119  3.169002E-13
1533.55283306875  3.288959E-13
1535.00044757631  3.498248E-13
1536.44806208387  2.617864E-13
1537.89567659143  3.188907E-13
1539.34329109899  2.409023E-13
1540.79090560655  3.942373E-13
1542.23852011411  -9.684283E-14
1543.68613462167  8.386595E-13
1545.13374912923  1.792112E-13
1546.58136363679  5.064362E-13
1548.02897814435  4.245670E-13
1549.47659265191  2.770147E-13
1550.92420715947  3.390958E-13
1552.37182166703  2.889947E-13
1553.81943617459  2.253747E-13
1555.26705068215  4.990326E-13
1556.71466518971  1.096446E-13
1558.16227969727  1.395069E-13
1559.60989420483  1.630025E-13
1561.05750871239  7.327838E-14
1562.50512321995  1.577750E-13
1563.95273772751  1.619144E-13
1565.40035223507  3.896380E-14
1566.84796674263  3.258521E-13
1568.29558125019  2.716346E-13
1569.74319575775  1.513615E-13
1571.19081026531  2.470968E-13
1572.63842477287  7.770032E-14
1574.08603928043  1.150048E-13
1575.53365378799  1.043245E-13
1576.98126829555  3.215921E-13
1578.4288828031  2.969009E-13
1579.87649731066  1.185246E-13
1581.32411181822  -1.379091E-14
1582.77172632578  1.941606E-13
1584.21934083334  8.753070E-15
1585.6669553409  1.370343E-13
1587.11456984846  2.580696E-13
1588.56218435602  6.720733E-14
1590.00979886358  1.310976E-13
1591.45741337114  2.904748E-14
1592.9050278787  6.956946E-14
1594.35264238626  9.911527E-14
1595.80025689382  3.388789E-13
1597.24787140138  2.668705E-13
1598.69548590894  2.190670E-13
1600.1431004165  2.380259E-13
1601.59071492406  2.904361E-13
1603.03832943162  2.266779E-13
1604.48594393918  1.532889E-13
1605.93355844674  2.817627E-13
1607.3811729543  2.933785E-13
1608.82878746186  2.601726E-13
1610.27640196942  2.117708E-13
1611.72401647698  2.091069E-13
1613.17163098454  2.869234E-13
1614.6192454921  1.925905E-13
1616.06685999966  3.904767E-13
1617.51447450722  2.295565E-13
1618.96208901478  1.759321E-13
1620.40970352234  3.296219E-13
1621.8573180299  5.327439E-13
1623.30493253746  1.385202E-13
1624.75254704502  2.587267E-13
1626.20016155258  4.434520E-13
1627.64777606014  3.605883E-13
1629.0953905677  3.992847E-13
1630.54300507526  4.173852E-13
1631.99061958282  3.332556E-13
1633.43823409038  3.512284E-13
1634.88584859794  3.541542E-13
1636.3334631055  3.403147E-13
1637.78107761306  1.959440E-13
1639.22869212062  3.066026E-13
1640.67630662818  1.889846E-13
1642.12392113574  9.188058E-14
1643.5715356433  1.771218E-13
1645.01915015086  3.752677E-13
1646.46676465842  3.271519E-13
1647.91437916598  1.860648E-13
1649.36199367354  2.934412E-13
1650.8096081811  2.829670E-13
1652.25722268866  2.767020E-13
1653.70483719622  1.275685E-13
1655.15245170378  2.453629E-13
1656.60006621134  2.648394E-13
1658.0476807189  2.467811E-13
1659.49529522646  2.982839E-13
1660.94290973402  3.608930E-13
1662.39052424158  2.601233E-13
1663.83813874914  4.001025E-13
1665.2857532567  3.233586E-13
1666.73336776426  3.658226E-13
1668.18098227181  2.626247E-13
1669.62859677938  2.778355E-13
1671.07621128693  2.398665E-13
1672.52382579449  3.127768E-13
1673.97144030205  1.827461E-13
1675.41905480961  2.717931E-13
1676.86666931717  2.694548E-13
1678.31428382473  1.109708E-13
1679.76189833229  2.346849E-13
1681.20951283985  2.187914E-13
1682.65712734741  2.359197E-13
1684.10474185497  3.270092E-13
1685.55235636253  3.076880E-13
1686.99997087009  2.618303E-13
1688.44758537765  3.094946E-13
1689.89519988521  3.593354E-13
1691.34281439277  2.788586E-13
1692.79042890033  3.297693E-13
1694.23804340789  2.463297E-13
1695.68565791545  3.061790E-13
1697.13327242301  2.903658E-13
1698.58088693057  3.056126E-13
1700.02850143813  3.145669E-13
1701.47611594569  1.979775E-13
1702.92373045325  2.863842E-13
1704.37134496081  2.099029E-13
1705.81895946837  1.244361E-13
1707.26657397593  1.543679E-13
1708.71418848349  7.015338E-14
1710.16180299105  0.
1711.60941749861  0.
1713.05703200617  0.
1714.50464651373  0.
1715.95226102129  0.
1717.39987552885  0.
1718.84749003641  0.
1720.29510454397  0.
1721.74271905153  0.
1723.19033355909  0.
1724.63794806665  0.
1726.08556257421  0.
1727.53317708177  0.
1728.98079158933  0.
1730.42840609689  0.
1731.87602060445  0.
1733.32363511201  0.
1734.77124961957  0.
1736.21886412713  0.
1737.66647863469  0.
1739.11409314225  0.
1740.56170764981  0.
1742.00932215737  0.
1743.45693666493  0.
1744.90455117249  0.
1746.35216568005  0.
1747.79978018761  0.
1749.24739469517  0.
1750.69500920273  0.
1752.14262371029  0.
1753.59023821785  0.
1755.03785272541  0.
1756.48546723297  0.
1757.93308174053  0.
1759.38069624809  0.
1760.82831075565  0.
1762.27592526321  0.
1763.72353977076  0.
1765.17115427832  0.
1766.61876878588  0.
1768.06638329344  0.
1769.513997801  0.
1770.96161230856  0.
1772.40922681612  0.
1773.85684132368  0.
1775.30445583124  0.
1776.7520703388  0.
1778.19968484636  0.
1779.64729935392  0.
1781.09491386148  0.
1782.54252836904  0.
1783.9901428766  0.
1785.43775738416  0.
1786.88537189172  0.
1788.33298639928  0.
1789.78060090684  0.
1791.2282154144  0.
1792.67582992196  0.
1794.12344442952  0.
1795.57105893708  0.
1797.01867344464  0.
1798.4662879522  0.
1799.91390245976  0.
1801.36151696732  0.
1802.80913147488  0.
1804.25674598244  0.
1805.70436049  0.
1807.15197499756  0.
1808.59958950512  0.
1810.04720401268  0.
1811.49481852024  0.
1812.9424330278  0.
1814.39004753536  0.
1815.83766204292  0.
1817.28527655048  0.
1818.73289105804  0.
1820.1805055656  0.
1821.62812007316  0.
1823.07573458072  0.
1824.52334908828  0.
1825.97096359584  0.
1827.4185781034  0.
1828.86619261096  0.
1830.31380711852  0.
1831.76142162608  0.
