906.735751295338  0.
908.183408215875  0.
909.631065136412  0.
911.078722056949  0.
912.526378977485  0.
913.974035898022  0.
915.421692818559  0.
916.869349739096  0.
918.317006659633  0.
919.764663580169  0.
921.212320500706  0.
922.659977421243  0.
924.10763434178  0.
925.555291262316  0.
927.002948182853  0.
928.45060510339  0.
929.898262023927  0.
931.345918944464  0.
932.793575865  0.
934.241232785537  0.
935.688889706074  0.
937.136546626611  0.
938.584203547148  0.
940.031860467684  0.
941.479517388221  0.
942.927174308758  0.
944.374831229295  0.
945.822488149832  0.
947.270145070369  0.
948.717801990905  0.
950.165458911442  0.
951.613115831979  0.
953.060772752515  0.
954.508429673052  0.
955.956086593589  0.
957.403743514126  0.
958.851400434663  0.
960.2990573552  0.
961.746714275736  0.
963.194371196273  0.
964.64202811681  0.
966.089685037347  0.
967.537341957883  0.
968.98499887842  0.
970.432655798957  0.
971.880312719494  0.
973.327969640031  0.
974.775626560567  0.
976.223283481104  0.
977.670940401641  0.
979.118597322178  0.
980.566254242715  0.
982.013911163251  0.
983.461568083788  0.
984.909225004325  0.
986.356881924862  0.
987.804538845399  0.
989.252195765935  0.
990.699852686472  0.
992.147509607009  0.
993.595166527546  2.467786E-13
995.042823448082  6.458616E-13
996.490480368619  7.070364E-13
997.938137289156  2.444212E-12
999.385794209693  2.281349E-12
1000.83345113023  1.355745E-12
1002.28110805077  4.820879E-13
1003.7287649713  2.975068E-13
1005.17642189184  5.425905E-13
1006.62407881238  5.078685E-13
1008.07173573291  4.310253E-13
1009.51939265345  6.096048E-13
1010.96704957399  4.899860E-13
1012.41470649452  4.100547E-13
1013.86236341506  4.546833E-13
1015.3100203356  5.090163E-13
1016.75767725613  4.130784E-13
1018.20533417667  5.586173E-13
1019.65299109721  5.671934E-13
1021.10064801775  4.988170E-13
1022.54830493828  5.196345E-13
1023.99596185882  5.890863E-13
1025.44361877936  5.561554E-13
1026.89127569989  5.310973E-13
1028.33893262043  4.758357E-13
1029.78658954097  4.437765E-13
1031.2342464615  4.673837E-13
1032.68190338204  4.746541E-13
1034.12956030258  4.059260E-13
1035.57721722311  4.278497E-13
1037.02487414365  4.077262E-13
1038.47253106419  4.288140E-13
1039.92018798472  3.958271E-13
1041.36784490526  3.665786E-13
1042.8155018258  4.023277E-13
1044.26315874633  4.489525E-13
1045.71081566687  4.487587E-13
1047.15847258741  4.492584E-13
1048.60612950794  5.157398E-13
1050.05378642848  5.047589E-13
1051.50144334902  5.654133E-13
1052.94910026955  5.668225E-13
1054.39675719009  4.274352E-13
1055.84441411063  3.803873E-13
1057.29207103116  3.407554E-13
1058.7397279517  3.261248E-13
1060.18738487224  3.473302E-13
1061.63504179277  3.588310E-13
1063.08269871331  3.798991E-13
1064.53035563385  3.812901E-13
1065.97801255439  3.593297E-13
1067.42566947492  3.460719E-13
1068.87332639546  3.725743E-13
1070.320983316  3.900222E-13
1071.76864023653  3.609718E-13
1073.21629715707  3.727454E-13
1074.66395407761  3.802691E-13
1076.11161099814  3.753541E-13
1077.55926791868  3.598078E-13
1079.00692483922  3.493098E-13
1080.45458175975  3.745504E-13
1081.90223868029  3.388114E-13
1083.34989560083  3.319445E-13
1084.79755252136  3.086798E-13
1086.2452094419  3.034935E-13
1087.69286636244  3.063878E-13
1089.14052328297  3.018331E-13
1090.58818020351  3.186227E-13
1092.03583712405  3.065874E-13
1093.48349404458  3.025096E-13
1094.93115096512  3.364029E-13
1096.37880788566  3.032324E-13
1097.82646480619  3.070757E-13
1099.27412172673  3.156404E-13
1100.72177864727  3.251717E-13
1102.1694355678  3.165481E-13
1103.61709248834  3.463493E-13
1105.06474940888  3.339349E-13
1106.51240632942  3.195461E-13
1107.96006324995  2.872330E-13
1109.40772017049  2.855949E-13
1110.85537709103  3.112752E-13
1112.30303401156  3.402720E-13
1113.7506909321  3.461765E-13
1115.19834785264  3.148515E-13
1116.64600477317  3.025378E-13
1118.09366169371  3.497115E-13
1119.54131861425  3.106210E-13
1120.98897553478  2.974711E-13
1122.43663245532  2.878542E-13
1123.88428937586  2.790554E-13
1125.33194629639  2.712764E-13
1126.77960321693  2.894201E-13
1128.22726013747  3.265778E-13
1129.674917058  3.283635E-13
1131.12257397854  3.380481E-13
1132.57023089908  3.075728E-13
1134.01788781961  3.350651E-13
1135.46554474015  2.921320E-13
1136.91320166069  3.070520E-13
1138.36085858122  3.215003E-13
1139.80851550176  2.980815E-13
1141.2561724223  3.016863E-13
1142.70382934284  2.913624E-13
1144.15148626337  3.070168E-13
1145.59914318391  3.043689E-13
1147.04680010445  3.404080E-13
1148.49445702498  3.145817E-13
1149.94211394552  3.442974E-13
1151.38977086606  2.998589E-13
1152.83742778659  2.729946E-13
1154.28508470713  2.926340E-13
1155.73274162767  2.973850E-13
1157.1803985482  3.356212E-13
1158.62805546874  3.145724E-13
1160.07571238928  2.655842E-13
1161.52336930981  2.996480E-13
1162.97102623035  3.307896E-13
1164.41868315089  3.208399E-13
1165.86634007142  3.314900E-13
1167.31399699196  3.523401E-13
1168.7616539125  3.402995E-13
1170.20931083303  3.502973E-13
1171.65696775357  3.720201E-13
1173.10462467411  3.526084E-13
1174.55228159464  3.611631E-13
1175.99993851518  3.402596E-13
1177.44759543572  3.509261E-13
1178.89525235625  3.899318E-13
1180.34290927679  4.147966E-13
1181.79056619733  4.075556E-13
1183.23822311787  4.193569E-13
1184.6858800384  3.668585E-13
1186.13353695894  3.997726E-13
1187.58119387948  4.114351E-13
1189.02885080001  4.733258E-13
1190.47650772055  4.252402E-13
1191.92416464109  4.915830E-13
1193.37182156162  4.505382E-13
1194.81947848216  4.617470E-13
1196.2671354027  5.139019E-13
1197.71479232323  5.012102E-13
1199.16244924377  5.417085E-13
1200.61010616431  6.378537E-13
1202.05776308484  6.262553E-13
1203.50542000538  5.973685E-13
1204.95307692592  7.599704E-13
1206.40073384645  8.691915E-13
1207.84839076699  9.869229E-13
1209.29604768753  9.485670E-13
1210.74370460806  1.047985E-12
1212.1913615286  1.056133E-12
1213.63901844914  1.196903E-12
1215.08667536967  1.049924E-12
1216.53433229021  1.166513E-12
1217.98198921075  9.787880E-13
1219.42964613129  9.432907E-13
1220.87730305182  7.641804E-13
1222.32495997236  6.338870E-13
1223.7726168929  5.922599E-13
1225.22027381343  5.251765E-13
1226.66793073397  4.926420E-13
1228.11558765451  4.898442E-13
1229.56324457504  4.563801E-13
1231.01090149558  4.862020E-13
1232.45855841612  4.895184E-13
1233.90621533665  5.317828E-13
1235.35387225719  5.489232E-13
1236.80152917773  4.820812E-13
1238.24918609826  5.077546E-13
1239.6968430188  5.518201E-13
1241.14449993934  4.310612E-13
1242.59215685987  4.346419E-13
1244.03981378041  4.170457E-13
1245.48747070095  4.108026E-13
1246.93512762148  3.737220E-13
1248.38278454202  3.905662E-13
1249.83044146256  3.930362E-13
1251.27809838309  3.957667E-13
1252.72575530363  3.677578E-13
1254.17341222417  3.829799E-13
1255.62106914471  3.513193E-13
1257.06872606524  3.419430E-13
1258.51638298578  3.038649E-13
1259.96403990632  3.480369E-13
1261.41169682685  3.280693E-13
1262.85935374739  3.189694E-13
1264.30701066793  3.092648E-13
1265.75466758846  3.180488E-13
1267.202324509  3.312833E-13
1268.64998142954  3.291783E-13
1270.09763835007  2.943017E-13
1271.54529527061  2.696577E-13
1272.99295219115  2.926702E-13
1274.44060911168  2.555936E-13
1275.88826603222  2.760448E-13
1277.33592295276  2.589802E-13
1278.78357987329  2.970371E-13
1280.23123679383  2.829243E-13
1281.67889371437  2.535657E-13
1283.1265506349  2.915576E-13
1284.57420755544  3.091744E-13
1286.02186447598  2.638822E-13
1287.46952139651  3.055235E-13
1288.91717831705  2.809234E-13
1290.36483523759  2.957058E-13
1291.81249215812  2.575262E-13
1293.26014907866  2.645658E-13
1294.7078059992  2.765094E-13
1296.15546291974  2.982301E-13
1297.60311984027  3.098904E-13
1299.05077676081  2.919143E-13
1300.49843368135  2.593603E-13
1301.94609060188  2.872177E-13
1303.39374752242  3.227298E-13
1304.84140444296  2.940365E-13
1306.28906136349  2.805430E-13
1307.73671828403  2.397854E-13
1309.18437520457  2.444252E-13
1310.6320321251  2.270906E-13
1312.07968904564  2.549358E-13
1313.52734596618  2.729565E-13
1314.97500288671  2.562494E-13
1316.42265980725  2.264473E-13
1317.87031672779  2.387565E-13
1319.31797364832  2.466266E-13
1320.76563056886  2.460454E-13
1322.2132874894  2.643000E-13
1323.66094440993  2.943976E-13
1325.10860133047  2.635784E-13
1326.55625825101  2.849637E-13
1328.00391517154  2.654697E-13
1329.45157209208  2.870694E-13
1330.89922901262  2.772417E-13
1332.34688593315  2.770265E-13
1333.79454285369  2.706840E-13
1335.24219977423  2.494413E-13
1336.68985669477  2.703933E-13
1338.1375136153  2.284525E-13
1339.58517053584  2.442506E-13
1341.03282745638  2.326476E-13
1342.48048437691  2.304570E-13
1343.92814129745  2.631001E-13
1345.37579821799  2.414562E-13
1346.82345513852  2.702557E-13
1348.27111205906  3.047621E-13
1349.7187689796  2.505647E-13
1351.16642590013  2.661737E-13
1352.61408282067  2.960061E-13
1354.06173974121  2.340855E-13
1355.50939666174  2.162633E-13
1356.95705358228  2.406800E-13
1358.40471050282  2.468930E-13
1359.85236742335  2.557486E-13
1361.30002434389  2.914180E-13
1362.74768126443  3.138585E-13
1364.19533818496  3.080254E-13
1365.6429951055  2.531776E-13
1367.09065202604  2.473127E-13
1368.53830894657  3.180885E-13
1369.98596586711  2.944882E-13
1371.43362278765  2.276783E-13
1372.88127970819  2.592967E-13
1374.32893662872  2.340382E-13
1375.77659354926  2.565708E-13
1377.2242504698  2.581705E-13
1378.67190739033  2.753528E-13
1380.11956431087  2.729950E-13
1381.56722123141  3.141162E-13
1383.01487815194  2.710284E-13
1384.46253507248  2.669403E-13
1385.91019199302  3.119845E-13
1387.35784891355  2.849793E-13
1388.80550583409  2.675902E-13
1390.25316275463  3.020862E-13
1391.70081967516  3.262000E-13
1393.1484765957  3.110268E-13
1394.59613351624  2.982394E-13
1396.04379043677  3.325319E-13
1397.49144735731  3.193113E-13
1398.93910427785  3.369099E-13
1400.38676119838  3.056117E-13
1401.83441811892  3.407705E-13
1403.28207503946  3.407055E-13
1404.72973195999  2.723581E-13
1406.17738888053  3.113828E-13
1407.62504580107  2.791485E-13
1409.0727027216  3.022990E-13
1410.52035964214  3.296437E-13
1411.96801656268  2.754961E-13
1413.41567348322  2.817590E-13
1414.86333040375  2.593712E-13
1416.31098732429  2.613388E-13
1417.75864424483  2.626502E-13
1419.20630116536  2.690300E-13
1420.6539580859  2.586419E-13
1422.10161500644  2.534147E-13
1423.54927192697  2.504351E-13
1424.99692884751  2.422675E-13
1426.44458576805  2.153440E-13
1427.89224268858  2.401675E-13
1429.33989960912  2.381195E-13
1430.78755652966  2.591053E-13
1432.23521345019  2.486874E-13
1433.68287037073  2.308529E-13
1435.13052729127  1.954980E-13
1436.5781842118  2.162114E-13
1438.02584113234  2.015697E-13
1439.47349805288  2.216538E-13
1440.92115497341  2.380812E-13
1442.36881189395  2.178793E-13
1443.81646881449  2.352380E-13
1445.26412573502  2.369814E-13
1446.71178265556  2.734119E-13
1448.1594395761  2.622918E-13
1449.60709649664  2.434212E-13
1451.05475341717  2.398762E-13
1452.50241033771  2.533001E-13
1453.95006725825  2.200472E-13
1455.39772417878  2.336449E-13
1456.84538109932  2.398835E-13
1458.29303801986  2.180117E-13
1459.74069494039  2.296428E-13
1461.18835186093  2.240203E-13
1462.63600878147  2.087578E-13
1464.083665702  2.239131E-13
1465.53132262254  2.186267E-13
1466.97897954308  2.181069E-13
1468.42663646361  2.312956E-13
1469.87429338415  2.408141E-13
1471.32195030469  2.299208E-13
1472.76960722522  2.301276E-13
1474.21726414576  2.379202E-13
1475.6649210663  2.222266E-13
1477.11257798683  2.317597E-13
1478.56023490737  2.319161E-13
1480.00789182791  2.281741E-13
1481.45554874844  2.331504E-13
1482.90320566898  2.264014E-13
1484.35086258952  2.137241E-13
1485.79851951005  2.274754E-13
1487.24617643059  2.225132E-13
1488.69383335113  2.199482E-13
1490.14149027167  2.199055E-13
1491.5891471922  2.112678E-13
1493.03680411274  1.996101E-13
1494.48446103328  2.262916E-13
1495.93211795381  2.217491E-13
1497.37977487435  2.307800E-13
1498.82743179489  2.246444E-13
1500.27508871542  2.519100E-13
1501.72274563596  2.493576E-13
1503.1704025565  2.405485E-13
1504.61805947703  2.262600E-13
1506.06571639757  2.450363E-13
1507.51337331811  2.559746E-13
1508.96103023864  2.620686E-13
1510.40868715918  2.455307E-13
1511.85634407972  2.521013E-13
1513.30400100025  2.552160E-13
1514.75165792079  2.820209E-13
1516.19931484133  2.669195E-13
1517.64697176186  2.674904E-13
1519.0946286824  2.885239E-13
1520.54228560294  2.716172E-13
1521.98994252347  2.706326E-13
1523.43759944401  3.029836E-13
1524.88525636455  2.877091E-13
1526.33291328509  2.927670E-13
1527.78057020562  3.228206E-13
1529.22822712616  3.093335E-13
1530.6758840467  3.027684E-13
1532.12354096723  2.964446E-13
1533.57119788777  3.429368E-13
1535.01885480831  3.915064E-13
1536.46651172884  3.928324E-13
1537.91416864938  4.003593E-13
1539.36182556992  4.634299E-13
1540.80948249045  4.626197E-13
1542.25713941099  4.634605E-13
1543.70479633153  4.639895E-13
1545.15245325206  4.623566E-13
1546.6001101726  4.336813E-13
1548.04776709314  4.110174E-13
1549.49542401367  4.059771E-13
1550.94308093421  3.999651E-13
1552.39073785475  3.786438E-13
1553.83839477528  3.627775E-13
1555.28605169582  3.645720E-13
1556.73370861636  3.172497E-13
1558.18136553689  3.005338E-13
1559.62902245743  2.972787E-13
1561.07667937797  2.619016E-13
1562.5243362985  2.633908E-13
1563.97199321904  2.675591E-13
1565.41965013958  2.774642E-13
1566.86730706012  2.687738E-13
1568.31496398065  2.553251E-13
1569.76262090119  2.660360E-13
1571.21027782173  2.782577E-13
1572.65793474226  2.802845E-13
1574.1055916628  2.792806E-13
1575.55324858334  2.551706E-13
1577.00090550387  2.501311E-13
1578.44856242441  2.591004E-13
1579.89621934495  2.402613E-13
1581.34387626548  2.282631E-13
1582.79153318602  2.440635E-13
1584.23919010656  2.497793E-13
1585.68684702709  2.348609E-13
1587.13450394763  2.273192E-13
1588.58216086817  2.155224E-13
1590.0298177887  2.197412E-13
1591.47747470924  2.084411E-13
1592.92513162978  2.216370E-13
1594.37278855031  2.116198E-13
1595.82044547085  2.254919E-13
1597.26810239139  2.233774E-13
1598.71575931192  2.214315E-13
1600.16341623246  2.221606E-13
1601.611073153  2.130909E-13
1603.05873007354  2.099190E-13
1604.50638699407  2.197758E-13
1605.95404391461  2.170096E-13
1607.40170083515  2.507322E-13
1608.84935775568  2.336674E-13
1610.29701467622  2.296369E-13
1611.74467159676  2.104751E-13
1613.19232851729  2.212914E-13
1614.63998543783  2.470176E-13
1616.08764235837  2.361305E-13
1617.5352992789  2.440994E-13
1618.98295619944  2.401297E-13
1620.43061311998  2.347854E-13
1621.87827004051  2.394139E-13
1623.32592696105  2.211144E-13
1624.77358388159  2.325746E-13
1626.22124080212  2.443564E-13
1627.66889772266  2.341833E-13
1629.1165546432  2.403431E-13
1630.56421156373  2.405362E-13
1632.01186848427  2.258210E-13
1633.45952540481  2.163524E-13
1634.90718232534  2.230719E-13
1636.35483924588  2.368022E-13
1637.80249616642  2.428287E-13
1639.25015308695  2.450025E-13
1640.69781000749  2.573094E-13
1642.14546692803  2.402092E-13
1643.59312384857  2.407298E-13
1645.0407807691  2.354553E-13
1646.48843768964  2.299891E-13
1647.93609461018  2.234398E-13
1649.38375153071  2.278114E-13
1650.83140845125  2.361928E-13
1652.27906537179  2.380000E-13
1653.72672229232  2.300971E-13
1655.17437921286  2.335262E-13
1656.6220361334  2.357118E-13
1658.06969305393  2.324010E-13
1659.51734997447  2.232403E-13
1660.96500689501  2.233913E-13
1662.41266381554  2.234667E-13
1663.86032073608  2.182495E-13
1665.30797765662  2.147838E-13
1666.75563457715  2.203670E-13
1668.20329149769  2.106322E-13
1669.65094841823  2.060939E-13
1671.09860533876  2.090013E-13
1672.5462622593  2.121511E-13
1673.99391917984  2.212401E-13
1675.44157610038  2.189431E-13
1676.88923302091  2.148650E-13
1678.33688994145  2.157505E-13
1679.78454686199  2.133002E-13
1681.23220378252  2.085573E-13
1682.67986070306  2.023849E-13
1684.1275176236  2.058503E-13
1685.57517454413  2.061292E-13
1687.02283146467  2.172031E-13
1688.47048838521  2.255462E-13
1689.91814530574  2.216045E-13
1691.36580222628  2.115838E-13
1692.81345914682  2.054116E-13
1694.26111606735  1.972909E-13
1695.70877298789  1.982712E-13
1697.15642990843  2.170123E-13
1698.60408682896  2.176414E-13
1700.0517437495  2.123308E-13
1701.49940067004  2.182096E-13
1702.94705759057  2.214385E-13
1704.39471451111  2.190892E-13
1705.84237143165  2.049176E-13
1707.29002835218  2.026974E-13
1708.73768527272  2.029396E-13
1710.18534219326  0.
1711.63299911379  0.
1713.08065603433  0.
1714.52831295487  0.
1715.97596987541  0.
1717.42362679594  0.
1718.87128371648  0.
1720.31894063702  0.
1721.76659755755  0.
1723.21425447809  0.
1724.66191139863  0.
1726.10956831916  0.
1727.5572252397  0.
1729.00488216024  0.
1730.45253908077  0.
1731.90019600131  0.
1733.34785292185  0.
1734.79550984238  0.
1736.24316676292  0.
1737.69082368346  0.
1739.13848060399  0.
1740.58613752453  0.
1742.03379444507  0.
1743.4814513656  0.
1744.92910828614  0.
1746.37676520668  0.
1747.82442212721  0.
1749.27207904775  0.
1750.71973596829  0.
1752.16739288882  0.
1753.61504980936  0.
1755.0627067299  0.
1756.51036365043  0.
1757.95802057097  0.
1759.40567749151  0.
1760.85333441205  0.
1762.30099133258  0.
1763.74864825312  0.
1765.19630517366  0.
1766.64396209419  0.
1768.09161901473  0.
1769.53927593527  0.
1770.9869328558  0.
1772.43458977634  0.
1773.88224669688  0.
1775.32990361741  0.
1776.77756053795  0.
1778.22521745849  0.
1779.67287437902  0.
1781.12053129956  0.
1782.5681882201  0.
1784.01584514063  0.
1785.46350206117  0.
1786.91115898171  0.
1788.35881590224  0.
1789.80647282278  0.
1791.25412974332  0.
1792.70178666385  0.
1794.14944358439  0.
1795.59710050493  0.
1797.04475742547  0.
1798.492414346  0.
1799.94007126654  0.
1801.38772818708  0.
1802.83538510761  0.
1804.28304202815  0.
1805.73069894869  0.
1807.17835586922  0.
1808.62601278976  0.
1810.0736697103  0.
1811.52132663083  0.
1812.96898355137  0.
1814.41664047191  0.
1815.86429739244  0.
1817.31195431298  0.
1818.75961123352  0.
1820.20726815405  0.
1821.65492507459  0.
1823.10258199513  0.
1824.55023891566  0.
1825.9978958362  0.
1827.44555275674  0.
1828.89320967727  0.
1830.34086659781  0.
1831.78852351835  0.
