906.735751295338  0.
908.183408215875  0.
909.631065136412  0.
911.078722056949  0.
912.526378977485  0.
913.974035898022  0.
915.421692818559  0.
916.869349739096  0.
918.317006659633  0.
919.764663580169  0.
921.212320500706  0.
922.659977421243  0.
924.10763434178  0.
925.555291262316  0.
927.002948182853  0.
928.45060510339  0.
929.898262023927  0.
931.345918944464  0.
932.793575865  0.
934.241232785537  0.
935.688889706074  0.
937.136546626611  0.
938.584203547148  0.
940.031860467684  0.
941.479517388221  0.
942.927174308758  0.
944.374831229295  0.
945.822488149832  0.
947.270145070369  0.
948.717801990905  0.
950.165458911442  0.
951.613115831979  0.
953.060772752515  0.
954.508429673052  0.
955.956086593589  0.
957.403743514126  0.
958.851400434663  0.
960.2990573552  0.
961.746714275736  0.
963.194371196273  0.
964.64202811681  0.
966.089685037347  0.
967.537341957883  0.
968.98499887842  0.
970.432655798957  0.
971.880312719494  0.
973.327969640031  0.
974.775626560567  0.
976.223283481104  0.
977.670940401641  0.
979.118597322178  0.
980.566254242715  0.
982.013911163251  0.
983.461568083788  0.
984.909225004325  0.
986.356881924862  0.
987.804538845399  0.
989.252195765935  0.
990.699852686472  0.
992.147509607009  0.
993.595166527546  -9.845678E-16
995.042823448082  3.917092E-13
996.490480368619  2.935709E-13
997.938137289156  3.774272E-13
999.385794209693  3.440937E-13
1000.83345113023  4.907685E-13
1002.28110805077  3.676201E-13
1003.7287649713  4.852258E-13
1005.17642189184  6.980986E-13
1006.62407881238  6.871249E-13
1008.07173573291  4.076134E-13
1009.51939265345  4.398121E-13
1010.96704957399  3.936643E-13
1012.41470649452  4.032874E-13
1013.86236341506  4.598913E-13
1015.3100203356  4.185923E-13
1016.75767725613  3.935784E-13
1018.20533417667  5.282495E-13
1019.65299109721  5.035020E-13
1021.10064801775  4.405961E-13
1022.54830493828  3.902047E-13
1023.99596185882  3.902561E-13
1025.44361877936  5.574403E-13
1026.89127569989  5.002807E-13
1028.33893262043  4.126008E-13
1029.78658954097  4.447939E-13
1031.2342464615  5.351878E-13
1032.68190338204  4.424294E-13
1034.12956030258  4.266060E-13
1035.57721722311  4.278169E-13
1037.02487414365  4.406269E-13
1038.47253106419  4.295512E-13
1039.92018798472  4.175319E-13
1041.36784490526  3.693472E-13
1042.8155018258  3.767739E-13
1044.26315874633  4.705571E-13
1045.71081566687  5.034917E-13
1047.15847258741  5.471553E-13
1048.60612950794  4.745348E-13
1050.05378642848  4.519025E-13
1051.50144334902  4.655598E-13
1052.94910026955  4.467233E-13
1054.39675719009  4.681820E-13
1055.84441411063  4.684262E-13
1057.29207103116  3.120059E-13
1058.7397279517  3.242290E-13
1060.18738487224  4.040261E-13
1061.63504179277  3.625439E-13
1063.08269871331  3.662681E-13
1064.53035563385  3.665081E-13
1065.97801255439  3.669695E-13
1067.42566947492  4.023686E-13
1068.87332639546  3.972772E-13
1070.320983316  3.455455E-13
1071.76864023653  3.346914E-13
1073.21629715707  3.531309E-13
1074.66395407761  3.785791E-13
1076.11161099814  3.972018E-13
1077.55926791868  3.936458E-13
1079.00692483922  3.397236E-13
1080.45458175975  3.441749E-13
1081.90223868029  3.270765E-13
1083.34989560083  3.249769E-13
1084.79755252136  2.955249E-13
1086.2452094419  2.675541E-13
1087.69286636244  2.934244E-13
1089.14052328297  2.952487E-13
1090.58818020351  3.085867E-13
1092.03583712405  3.136557E-13
1093.48349404458  3.398070E-13
1094.93115096512  3.128508E-13
1096.37880788566  2.896450E-13
1097.82646480619  3.468784E-13
1099.27412172673  2.800605E-13
1100.72177864727  2.878993E-13
1102.1694355678  2.902286E-13
1103.61709248834  3.287339E-13
1105.06474940888  3.877007E-13
1106.51240632942  3.454357E-13
1107.96006324995  3.153940E-13
1109.40772017049  3.347962E-13
1110.85537709103  3.517679E-13
1112.30303401156  3.510167E-13
1113.7506909321  2.914209E-13
1115.19834785264  2.894988E-13
1116.64600477317  2.788616E-13
1118.09366169371  2.925933E-13
1119.54131861425  2.771328E-13
1120.98897553478  2.879960E-13
1122.43663245532  3.642805E-13
1123.88428937586  3.273422E-13
1125.33194629639  2.850075E-13
1126.77960321693  2.968152E-13
1128.22726013747  3.018303E-13
1129.674917058  3.520748E-13
1131.12257397854  3.654963E-13
1132.57023089908  3.326084E-13
1134.01788781961  3.454305E-13
1135.46554474015  3.501825E-13
1136.91320166069  3.453508E-13
1138.36085858122  2.971227E-13
1139.80851550176  2.905821E-13
1141.2561724223  3.023254E-13
1142.70382934284  2.999309E-13
1144.15148626337  3.161420E-13
1145.59914318391  3.843339E-13
1147.04680010445  3.325632E-13
1148.49445702498  3.277026E-13
1149.94211394552  3.313412E-13
1151.38977086606  2.813378E-13
1152.83742778659  2.796006E-13
1154.28508470713  2.799773E-13
1155.73274162767  2.690805E-13
1157.1803985482  3.120985E-13
1158.62805546874  3.215567E-13
1160.07571238928  3.171443E-13
1161.52336930981  3.273497E-13
1162.97102623035  3.505230E-13
1164.41868315089  3.382001E-13
1165.86634007142  3.229019E-13
1167.31399699196  3.359837E-13
1168.7616539125  3.428680E-13
1170.20931083303  3.382834E-13
1171.65696775357  3.967765E-13
1173.10462467411  3.722416E-13
1174.55228159464  3.877395E-13
1175.99993851518  3.997143E-13
1177.44759543572  3.709100E-13
1178.89525235625  3.964341E-13
1180.34290927679  3.826691E-13
1181.79056619733  3.994132E-13
1183.23822311787  3.647010E-13
1184.6858800384  3.234286E-13
1186.13353695894  3.688336E-13
1187.58119387948  4.414110E-13
1189.02885080001  5.097387E-13
1190.47650772055  4.200199E-13
1191.92416464109  4.786749E-13
1193.37182156162  5.832835E-13
1194.81947848216  5.220396E-13
1196.2671354027  4.940438E-13
1197.71479232323  5.695168E-13
1199.16244924377  5.221417E-13
1200.61010616431  5.503424E-13
1202.05776308484  5.527934E-13
1203.50542000538  5.051628E-13
1204.95307692592  5.855193E-13
1206.40073384645  7.528719E-13
1207.84839076699  7.864216E-13
1209.29604768753  9.073829E-13
1210.74370460806  1.214672E-12
1212.1913615286  1.125024E-12
1213.63901844914  1.132543E-12
1215.08667536967  1.088610E-12
1216.53433229021  1.139145E-12
1217.98198921075  8.898269E-13
1219.42964613129  8.964789E-13
1220.87730305182  8.531622E-13
1222.32495997236  7.885847E-13
1223.7726168929  6.807389E-13
1225.22027381343  5.784712E-13
1226.66793073397  5.048598E-13
1228.11558765451  5.375982E-13
1229.56324457504  5.314150E-13
1231.01090149558  5.107642E-13
1232.45855841612  5.336301E-13
1233.90621533665  5.429093E-13
1235.35387225719  5.657808E-13
1236.80152917773  5.500402E-13
1238.24918609826  5.694038E-13
1239.6968430188  5.453315E-13
1241.14449993934  4.541286E-13
1242.59215685987  4.824593E-13
1244.03981378041  4.421824E-13
1245.48747070095  4.015390E-13
1246.93512762148  3.998811E-13
1248.38278454202  4.335415E-13
1249.83044146256  4.128488E-13
1251.27809838309  4.496560E-13
1252.72575530363  4.170489E-13
1254.17341222417  3.793050E-13
1255.62106914471  3.566811E-13
1257.06872606524  3.451245E-13
1258.51638298578  3.285054E-13
1259.96403990632  3.294578E-13
1261.41169682685  3.450958E-13
1262.85935374739  3.149989E-13
1264.30701066793  3.237221E-13
1265.75466758846  3.452689E-13
1267.202324509  2.961794E-13
1268.64998142954  2.618175E-13
1270.09763835007  2.896806E-13
1271.54529527061  3.304821E-13
1272.99295219115  3.274557E-13
1274.44060911168  3.016185E-13
1275.88826603222  2.823230E-13
1277.33592295276  2.428429E-13
1278.78357987329  2.656949E-13
1280.23123679383  2.773254E-13
1281.67889371437  2.607168E-13
1283.1265506349  2.450030E-13
1284.57420755544  2.809408E-13
1286.02186447598  2.788235E-13
1287.46952139651  2.647878E-13
1288.91717831705  2.448990E-13
1290.36483523759  2.842624E-13
1291.81249215812  2.503223E-13
1293.26014907866  2.988584E-13
1294.7078059992  2.907638E-13
1296.15546291974  2.552275E-13
1297.60311984027  2.747319E-13
1299.05077676081  2.550270E-13
1300.49843368135  2.904018E-13
1301.94609060188  3.247998E-13
1303.39374752242  3.064622E-13
1304.84140444296  2.730847E-13
1306.28906136349  2.936161E-13
1307.73671828403  2.476962E-13
1309.18437520457  2.673129E-13
1310.6320321251  2.602068E-13
1312.07968904564  2.711892E-13
1313.52734596618  2.858328E-13
1314.97500288671  2.552058E-13
1316.42265980725  2.582894E-13
1317.87031672779  2.598546E-13
1319.31797364832  2.171612E-13
1320.76563056886  2.304218E-13
1322.2132874894  2.660699E-13
1323.66094440993  2.798929E-13
1325.10860133047  2.966010E-13
1326.55625825101  2.702387E-13
1328.00391517154  2.599402E-13
1329.45157209208  2.690562E-13
1330.89922901262  2.995638E-13
1332.34688593315  2.920335E-13
1333.79454285369  2.890446E-13
1335.24219977423  2.821630E-13
1336.68985669477  2.714216E-13
1338.1375136153  2.119251E-13
1339.58517053584  2.504440E-13
1341.03282745638  2.721729E-13
1342.48048437691  2.737767E-13
1343.92814129745  2.881348E-13
1345.37579821799  2.443650E-13
1346.82345513852  2.433680E-13
1348.27111205906  2.452675E-13
1349.7187689796  2.276021E-13
1351.16642590013  3.021052E-13
1352.61408282067  2.898306E-13
1354.06173974121  2.324500E-13
1355.50939666174  2.646368E-13
1356.95705358228  2.725834E-13
1358.40471050282  2.749554E-13
1359.85236742335  2.774365E-13
1361.30002434389  2.903250E-13
1362.74768126443  2.979132E-13
1364.19533818496  2.922394E-13
1365.6429951055  2.490359E-13
1367.09065202604  2.523197E-13
1368.53830894657  2.923685E-13
1369.98596586711  3.176040E-13
1371.43362278765  2.629067E-13
1372.88127970819  2.967069E-13
1374.32893662872  2.738249E-13
1375.77659354926  2.914138E-13
1377.2242504698  2.807933E-13
1378.67190739033  2.592465E-13
1380.11956431087  2.718978E-13
1381.56722123141  3.349122E-13
1383.01487815194  3.095764E-13
1384.46253507248  3.043803E-13
1385.91019199302  3.017814E-13
1387.35784891355  3.687313E-13
1388.80550583409  3.570391E-13
1390.25316275463  3.655864E-13
1391.70081967516  3.379371E-13
1393.1484765957  3.288716E-13
1394.59613351624  3.607489E-13
1396.04379043677  3.946194E-13
1397.49144735731  4.167908E-13
1398.93910427785  4.335237E-13
1400.38676119838  3.629298E-13
1401.83441811892  3.834588E-13
1403.28207503946  4.214749E-13
1404.72973195999  3.657153E-13
1406.17738888053  3.483847E-13
1407.62504580107  2.826903E-13
1409.0727027216  3.300345E-13
1410.52035964214  3.369468E-13
1411.96801656268  3.064657E-13
1413.41567348322  3.403374E-13
1414.86333040375  2.904027E-13
1416.31098732429  3.021326E-13
1417.75864424483  2.905909E-13
1419.20630116536  2.866687E-13
1420.6539580859  2.897686E-13
1422.10161500644  3.096340E-13
1423.54927192697  2.822562E-13
1424.99692884751  2.776256E-13
1426.44458576805  2.900181E-13
1427.89224268858  2.980616E-13
1429.33989960912  2.697786E-13
1430.78755652966  2.702717E-13
1432.23521345019  2.626776E-13
1433.68287037073  2.845580E-13
1435.13052729127  2.972483E-13
1436.5781842118  2.701247E-13
1438.02584113234  2.659965E-13
1439.47349805288  2.700852E-13
1440.92115497341  2.694650E-13
1442.36881189395  2.348662E-13
1443.81646881449  2.646512E-13
1445.26412573502  2.509129E-13
1446.71178265556  2.576251E-13
1448.1594395761  2.651966E-13
1449.60709649664  2.336348E-13
1451.05475341717  2.240083E-13
1452.50241033771  2.288633E-13
1453.95006725825  2.310956E-13
1455.39772417878  2.378344E-13
1456.84538109932  2.342917E-13
1458.29303801986  2.458963E-13
1459.74069494039  2.595094E-13
1461.18835186093  2.470640E-13
1462.63600878147  2.390510E-13
1464.083665702  2.452910E-13
1465.53132262254  2.294713E-13
1466.97897954308  2.425628E-13
1468.42663646361  2.541854E-13
1469.87429338415  2.360461E-13
1471.32195030469  2.472756E-13
1472.76960722522  2.303386E-13
1474.21726414576  2.237908E-13
1475.6649210663  2.280404E-13
1477.11257798683  2.206074E-13
1478.56023490737  2.003618E-13
1480.00789182791  2.061356E-13
1481.45554874844  2.237884E-13
1482.90320566898  2.161165E-13
1484.35086258952  2.427127E-13
1485.79851951005  2.484443E-13
1487.24617643059  2.261067E-13
1488.69383335113  2.269572E-13
1490.14149027167  2.371347E-13
1491.5891471922  2.290851E-13
1493.03680411274  1.970290E-13
1494.48446103328  2.199394E-13
1495.93211795381  2.194930E-13
1497.37977487435  2.408377E-13
1498.82743179489  2.159855E-13
1500.27508871542  2.473713E-13
1501.72274563596  2.678498E-13
1503.1704025565  2.734580E-13
1504.61805947703  2.494926E-13
1506.06571639757  2.512297E-13
1507.51337331811  2.454750E-13
1508.96103023864  2.519375E-13
1510.40868715918  2.466381E-13
1511.85634407972  2.405979E-13
1513.30400100025  2.487405E-13
1514.75165792079  2.655795E-13
1516.19931484133  2.492560E-13
1517.64697176186  2.820082E-13
1519.0946286824  2.868328E-13
1520.54228560294  2.562009E-13
1521.98994252347  2.689544E-13
1523.43759944401  2.807707E-13
1524.88525636455  2.756680E-13
1526.33291328509  2.936307E-13
1527.78057020562  3.103939E-13
1529.22822712616  3.003621E-13
1530.6758840467  3.191656E-13
1532.12354096723  3.078589E-13
1533.57119788777  3.586295E-13
1535.01885480831  3.759978E-13
1536.46651172884  3.421653E-13
1537.91416864938  3.698893E-13
1539.36182556992  4.337719E-13
1540.80948249045  4.731319E-13
1542.25713941099  4.697769E-13
1543.70479633153  4.747488E-13
1545.15245325206  4.727644E-13
1546.6001101726  4.858573E-13
1548.04776709314  4.295974E-13
1549.49542401367  4.262489E-13
1550.94308093421  4.067682E-13
1552.39073785475  3.791007E-13
1553.83839477528  3.678149E-13
1555.28605169582  3.483158E-13
1556.73370861636  3.303216E-13
1558.18136553689  3.087950E-13
1559.62902245743  2.862519E-13
1561.07667937797  2.729202E-13
1562.5243362985  2.828158E-13
1563.97199321904  3.153464E-13
1565.41965013958  2.837789E-13
1566.86730706012  2.870226E-13
1568.31496398065  2.843957E-13
1569.76262090119  2.695363E-13
1571.21027782173  2.595391E-13
1572.65793474226  2.587080E-13
1574.1055916628  2.462034E-13
1575.55324858334  2.347244E-13
1577.00090550387  2.393845E-13
1578.44856242441  2.407075E-13
1579.89621934495  2.261494E-13
1581.34387626548  2.197582E-13
1582.79153318602  2.293016E-13
1584.23919010656  2.193807E-13
1585.68684702709  2.115959E-13
1587.13450394763  2.220821E-13
1588.58216086817  2.198958E-13
1590.0298177887  2.229819E-13
1591.47747470924  2.158529E-13
1592.92513162978  2.273842E-13
1594.37278855031  2.386994E-13
1595.82044547085  2.352640E-13
1597.26810239139  2.225545E-13
1598.71575931192  2.084445E-13
1600.16341623246  2.075657E-13
1601.611073153  2.235669E-13
1603.05873007354  2.295196E-13
1604.50638699407  2.234222E-13
1605.95404391461  2.299361E-13
1607.40170083515  2.422804E-13
1608.84935775568  2.181028E-13
1610.29701467622  2.122254E-13
1611.74467159676  2.123552E-13
1613.19232851729  2.255008E-13
1614.63998543783  2.392915E-13
1616.08764235837  2.391261E-13
1617.5352992789  2.328284E-13
1618.98295619944  2.260198E-13
1620.43061311998  2.379793E-13
1621.87827004051  2.491118E-13
1623.32592696105  2.382951E-13
1624.77358388159  2.293239E-13
1626.22124080212  2.357195E-13
1627.66889772266  2.342363E-13
1629.1165546432  2.425436E-13
1630.56421156373  2.561401E-13
1632.01186848427  2.385333E-13
1633.45952540481  2.339917E-13
1634.90718232534  2.427252E-13
1636.35483924588  2.464257E-13
1637.80249616642  2.462475E-13
1639.25015308695  2.406959E-13
1640.69781000749  2.409096E-13
1642.14546692803  2.336302E-13
1643.59312384857  2.503323E-13
1645.0407807691  2.428467E-13
1646.48843768964  2.406790E-13
1647.93609461018  2.427926E-13
1649.38375153071  2.464127E-13
1650.83140845125  2.297068E-13
1652.27906537179  2.248046E-13
1653.72672229232  2.220409E-13
1655.17437921286  2.156608E-13
1656.6220361334  2.307535E-13
1658.06969305393  2.406262E-13
1659.51734997447  2.385418E-13
1660.96500689501  2.321006E-13
1662.41266381554  2.330759E-13
1663.86032073608  2.377497E-13
1665.30797765662  2.308332E-13
1666.75563457715  2.303437E-13
1668.20329149769  2.331300E-13
1669.65094841823  2.276652E-13
1671.09860533876  2.275842E-13
1672.5462622593  2.134489E-13
1673.99391917984  1.991465E-13
1675.44157610038  1.920636E-13
1676.88923302091  1.905103E-13
1678.33688994145  2.075287E-13
1679.78454686199  2.134003E-13
1681.23220378252  2.181157E-13
1682.67986070306  2.205433E-13
1684.1275176236  2.224268E-13
1685.57517454413  2.103628E-13
1687.02283146467  2.034941E-13
1688.47048838521  1.974759E-13
1689.91814530574  1.994291E-13
1691.36580222628  2.069907E-13
1692.81345914682  2.063306E-13
1694.26111606735  2.011051E-13
1695.70877298789  1.874198E-13
1697.15642990843  2.040413E-13
1698.60408682896  2.074087E-13
1700.0517437495  1.997036E-13
1701.49940067004  2.039083E-13
1702.94705759057  1.968788E-13
1704.39471451111  1.942206E-13
1705.84237143165  1.980782E-13
1707.29002835218  2.002127E-13
1708.73768527272  1.975167E-13
1710.18534219326  0.
1711.63299911379  0.
1713.08065603433  0.
1714.52831295487  0.
1715.97596987541  0.
1717.42362679594  0.
1718.87128371648  0.
1720.31894063702  0.
1721.76659755755  0.
1723.21425447809  0.
1724.66191139863  0.
1726.10956831916  0.
1727.5572252397  0.
1729.00488216024  0.
1730.45253908077  0.
1731.90019600131  0.
1733.34785292185  0.
1734.79550984238  0.
1736.24316676292  0.
1737.69082368346  0.
1739.13848060399  0.
1740.58613752453  0.
1742.03379444507  0.
1743.4814513656  0.
1744.92910828614  0.
1746.37676520668  0.
1747.82442212721  0.
1749.27207904775  0.
1750.71973596829  0.
1752.16739288882  0.
1753.61504980936  0.
1755.0627067299  0.
1756.51036365043  0.
1757.95802057097  0.
1759.40567749151  0.
1760.85333441205  0.
1762.30099133258  0.
1763.74864825312  0.
1765.19630517366  0.
1766.64396209419  0.
1768.09161901473  0.
1769.53927593527  0.
1770.9869328558  0.
1772.43458977634  0.
1773.88224669688  0.
1775.32990361741  0.
1776.77756053795  0.
1778.22521745849  0.
1779.67287437902  0.
1781.12053129956  0.
1782.5681882201  0.
1784.01584514063  0.
1785.46350206117  0.
1786.91115898171  0.
1788.35881590224  0.
1789.80647282278  0.
1791.25412974332  0.
1792.70178666385  0.
1794.14944358439  0.
1795.59710050493  0.
1797.04475742547  0.
1798.492414346  0.
1799.94007126654  0.
1801.38772818708  0.
1802.83538510761  0.
1804.28304202815  0.
1805.73069894869  0.
1807.17835586922  0.
1808.62601278976  0.
1810.0736697103  0.
1811.52132663083  0.
1812.96898355137  0.
1814.41664047191  0.
1815.86429739244  0.
1817.31195431298  0.
1818.75961123352  0.
1820.20726815405  0.
1821.65492507459  0.
1823.10258199513  0.
1824.55023891566  0.
1825.9978958362  0.
1827.44555275674  0.
1828.89320967727  0.
1830.34086659781  0.
1831.78852351835  0.
