906.735751295338  0.
908.183408215875  0.
909.631065136412  0.
911.078722056949  0.
912.526378977485  0.
913.974035898022  0.
915.421692818559  0.
916.869349739096  0.
918.317006659633  0.
919.764663580169  0.
921.212320500706  0.
922.659977421243  0.
924.10763434178  0.
925.555291262316  0.
927.002948182853  0.
928.45060510339  0.
929.898262023927  0.
931.345918944464  0.
932.793575865  0.
934.241232785537  0.
935.688889706074  0.
937.136546626611  0.
938.584203547148  0.
940.031860467684  0.
941.479517388221  0.
942.927174308758  0.
944.374831229295  0.
945.822488149832  0.
947.270145070369  0.
948.717801990905  0.
950.165458911442  0.
951.613115831979  0.
953.060772752515  0.
954.508429673052  0.
955.956086593589  0.
957.403743514126  0.
958.851400434663  0.
960.2990573552  0.
961.746714275736  0.
963.194371196273  0.
964.64202811681  0.
966.089685037347  0.
967.537341957883  0.
968.98499887842  0.
970.432655798957  0.
971.880312719494  0.
973.327969640031  0.
974.775626560567  0.
976.223283481104  0.
977.670940401641  0.
979.118597322178  0.
980.566254242715  0.
982.013911163251  0.
983.461568083788  0.
984.909225004325  0.
986.356881924862  0.
987.804538845399  0.
989.252195765935  0.
990.699852686472  0.
992.147509607009  0.
993.595166527546  3.718222E-13
995.042823448082  4.672633E-13
996.490480368619  3.851544E-13
997.938137289156  4.558673E-13
999.385794209693  5.650799E-13
1000.83345113023  6.653153E-13
1002.28110805077  5.592673E-13
1003.7287649713  3.701492E-13
1005.17642189184  4.188277E-13
1006.62407881238  3.754170E-13
1008.07173573291  3.459512E-13
1009.51939265345  4.320812E-13
1010.96704957399  4.617797E-13
1012.41470649452  5.346145E-13
1013.86236341506  3.701532E-13
1015.3100203356  4.242158E-13
1016.75767725613  4.714154E-13
1018.20533417667  4.901584E-13
1019.65299109721  6.000148E-13
1021.10064801775  5.992313E-13
1022.54830493828  4.624373E-13
1023.99596185882  5.145261E-13
1025.44361877936  5.439441E-13
1026.89127569989  4.314971E-13
1028.33893262043  4.253548E-13
1029.78658954097  4.708195E-13
1031.2342464615  6.057691E-13
1032.68190338204  5.340424E-13
1034.12956030258  4.776183E-13
1035.57721722311  4.089245E-13
1037.02487414365  3.815468E-13
1038.47253106419  3.682842E-13
1039.92018798472  3.719094E-13
1041.36784490526  3.847506E-13
1042.8155018258  4.047678E-13
1044.26315874633  5.938033E-13
1045.71081566687  6.411295E-13
1047.15847258741  8.153793E-13
1048.60612950794  7.725036E-13
1050.05378642848  7.625990E-13
1051.50144334902  7.598923E-13
1052.94910026955  6.486881E-13
1054.39675719009  4.070683E-13
1055.84441411063  4.260711E-13
1057.29207103116  3.741159E-13
1058.7397279517  3.265161E-13
1060.18738487224  3.684704E-13
1061.63504179277  3.690912E-13
1063.08269871331  3.775332E-13
1064.53035563385  3.631550E-13
1065.97801255439  3.926162E-13
1067.42566947492  4.280166E-13
1068.87332639546  3.849125E-13
1070.320983316  3.136535E-13
1071.76864023653  3.343182E-13
1073.21629715707  3.578304E-13
1074.66395407761  3.634700E-13
1076.11161099814  3.571982E-13
1077.55926791868  3.490848E-13
1079.00692483922  3.602409E-13
1080.45458175975  3.300088E-13
1081.90223868029  3.333214E-13
1083.34989560083  3.201997E-13
1084.79755252136  2.920424E-13
1086.2452094419  2.790220E-13
1087.69286636244  2.857592E-13
1089.14052328297  3.087530E-13
1090.58818020351  3.402640E-13
1092.03583712405  3.399884E-13
1093.48349404458  3.178724E-13
1094.93115096512  3.155407E-13
1096.37880788566  2.933095E-13
1097.82646480619  3.160882E-13
1099.27412172673  3.288793E-13
1100.72177864727  3.699409E-13
1102.1694355678  3.354063E-13
1103.61709248834  3.184723E-13
1105.06474940888  3.213307E-13
1106.51240632942  2.965926E-13
1107.96006324995  3.371537E-13
1109.40772017049  3.248027E-13
1110.85537709103  3.384296E-13
1112.30303401156  3.758559E-13
1113.7506909321  3.280114E-13
1115.19834785264  3.098192E-13
1116.64600477317  3.361857E-13
1118.09366169371  3.254878E-13
1119.54131861425  2.982881E-13
1120.98897553478  3.017822E-13
1122.43663245532  3.260549E-13
1123.88428937586  3.091273E-13
1125.33194629639  2.944884E-13
1126.77960321693  2.835532E-13
1128.22726013747  2.931665E-13
1129.674917058  3.594782E-13
1131.12257397854  3.536651E-13
1132.57023089908  2.976288E-13
1134.01788781961  3.133588E-13
1135.46554474015  3.477072E-13
1136.91320166069  3.393424E-13
1138.36085858122  3.106295E-13
1139.80851550176  2.979677E-13
1141.2561724223  3.061841E-13
1142.70382934284  2.995291E-13
1144.15148626337  3.335885E-13
1145.59914318391  3.907203E-13
1147.04680010445  3.655974E-13
1148.49445702498  3.259494E-13
1149.94211394552  3.303480E-13
1151.38977086606  2.885621E-13
1152.83742778659  2.720849E-13
1154.28508470713  2.743638E-13
1155.73274162767  3.012010E-13
1157.1803985482  3.536517E-13
1158.62805546874  3.578149E-13
1160.07571238928  3.101343E-13
1161.52336930981  3.496129E-13
1162.97102623035  3.096332E-13
1164.41868315089  3.429830E-13
1165.86634007142  3.404576E-13
1167.31399699196  3.747217E-13
1168.7616539125  3.269944E-13
1170.20931083303  3.453944E-13
1171.65696775357  4.741925E-13
1173.10462467411  3.585990E-13
1174.55228159464  3.683726E-13
1175.99993851518  3.403163E-13
1177.44759543572  3.824388E-13
1178.89525235625  3.861554E-13
1180.34290927679  4.178462E-13
1181.79056619733  3.890406E-13
1183.23822311787  3.682775E-13
1184.6858800384  3.603318E-13
1186.13353695894  4.186679E-13
1187.58119387948  4.385546E-13
1189.02885080001  4.669609E-13
1190.47650772055  4.333199E-13
1191.92416464109  4.804280E-13
1193.37182156162  4.973541E-13
1194.81947848216  4.697656E-13
1196.2671354027  4.850477E-13
1197.71479232323  5.050608E-13
1199.16244924377  5.051502E-13
1200.61010616431  5.458517E-13
1202.05776308484  5.577616E-13
1203.50542000538  5.622271E-13
1204.95307692592  6.882210E-13
1206.40073384645  7.833723E-13
1207.84839076699  8.678937E-13
1209.29604768753  9.127322E-13
1210.74370460806  1.015093E-12
1212.1913615286  1.165596E-12
1213.63901844914  1.231036E-12
1215.08667536967  1.244399E-12
1216.53433229021  1.132710E-12
1217.98198921075  1.075786E-12
1219.42964613129  7.997105E-13
1220.87730305182  8.596695E-13
1222.32495997236  6.966345E-13
1223.7726168929  5.476674E-13
1225.22027381343  5.872120E-13
1226.66793073397  5.479683E-13
1228.11558765451  5.388919E-13
1229.56324457504  4.686500E-13
1231.01090149558  4.456980E-13
1232.45855841612  4.823525E-13
1233.90621533665  5.125534E-13
1235.35387225719  5.787108E-13
1236.80152917773  5.028519E-13
1238.24918609826  5.708232E-13
1239.6968430188  4.387191E-13
1241.14449993934  4.380409E-13
1242.59215685987  4.693909E-13
1244.03981378041  4.150066E-13
1245.48747070095  3.637589E-13
1246.93512762148  3.679556E-13
1248.38278454202  4.042469E-13
1249.83044146256  3.939916E-13
1251.27809838309  4.181490E-13
1252.72575530363  3.746728E-13
1254.17341222417  3.547840E-13
1255.62106914471  3.431192E-13
1257.06872606524  3.483233E-13
1258.51638298578  3.477294E-13
1259.96403990632  3.198006E-13
1261.41169682685  3.707778E-13
1262.85935374739  3.194418E-13
1264.30701066793  3.332457E-13
1265.75466758846  3.485806E-13
1267.202324509  2.752143E-13
1268.64998142954  2.868445E-13
1270.09763835007  2.924403E-13
1271.54529527061  3.011081E-13
1272.99295219115  3.099717E-13
1274.44060911168  2.718025E-13
1275.88826603222  2.913368E-13
1277.33592295276  3.078564E-13
1278.78357987329  3.231140E-13
1280.23123679383  2.988243E-13
1281.67889371437  2.744963E-13
1283.1265506349  2.302069E-13
1284.57420755544  2.496749E-13
1286.02186447598  2.587184E-13
1287.46952139651  3.107391E-13
1288.91717831705  2.616367E-13
1290.36483523759  2.620761E-13
1291.81249215812  2.477626E-13
1293.26014907866  2.830955E-13
1294.7078059992  2.800225E-13
1296.15546291974  2.548256E-13
1297.60311984027  2.717243E-13
1299.05077676081  2.945941E-13
1300.49843368135  2.755922E-13
1301.94609060188  3.031419E-13
1303.39374752242  2.997360E-13
1304.84140444296  3.006775E-13
1306.28906136349  2.836070E-13
1307.73671828403  2.664583E-13
1309.18437520457  2.894765E-13
1310.6320321251  2.823838E-13
1312.07968904564  2.802509E-13
1313.52734596618  2.786855E-13
1314.97500288671  2.904693E-13
1316.42265980725  2.563612E-13
1317.87031672779  2.351040E-13
1319.31797364832  2.179159E-13
1320.76563056886  2.453020E-13
1322.2132874894  2.691653E-13
1323.66094440993  3.268200E-13
1325.10860133047  2.748932E-13
1326.55625825101  2.440138E-13
1328.00391517154  2.690037E-13
1329.45157209208  3.130868E-13
1330.89922901262  3.091981E-13
1332.34688593315  2.805394E-13
1333.79454285369  2.867880E-13
1335.24219977423  2.371076E-13
1336.68985669477  2.284272E-13
1338.1375136153  2.565609E-13
1339.58517053584  2.777474E-13
1341.03282745638  3.192805E-13
1342.48048437691  2.734888E-13
1343.92814129745  2.492399E-13
1345.37579821799  2.347716E-13
1346.82345513852  2.389885E-13
1348.27111205906  2.558497E-13
1349.7187689796  2.176014E-13
1351.16642590013  2.570374E-13
1352.61408282067  2.889396E-13
1354.06173974121  2.415820E-13
1355.50939666174  2.526561E-13
1356.95705358228  2.341407E-13
1358.40471050282  2.330756E-13
1359.85236742335  2.542107E-13
1361.30002434389  2.846112E-13
1362.74768126443  2.820470E-13
1364.19533818496  2.987663E-13
1365.6429951055  2.589006E-13
1367.09065202604  2.253873E-13
1368.53830894657  3.114327E-13
1369.98596586711  2.505056E-13
1371.43362278765  2.468030E-13
1372.88127970819  2.638546E-13
1374.32893662872  2.129788E-13
1375.77659354926  2.672400E-13
1377.2242504698  2.754500E-13
1378.67190739033  2.648135E-13
1380.11956431087  2.900035E-13
1381.56722123141  2.939671E-13
1383.01487815194  2.667726E-13
1384.46253507248  2.763296E-13
1385.91019199302  2.642217E-13
1387.35784891355  2.838792E-13
1388.80550583409  2.846665E-13
1390.25316275463  3.462037E-13
1391.70081967516  3.447254E-13
1393.1484765957  3.330052E-13
1394.59613351624  3.074816E-13
1396.04379043677  3.344029E-13
1397.49144735731  3.404429E-13
1398.93910427785  3.159664E-13
1400.38676119838  3.144659E-13
1401.83441811892  2.944565E-13
1403.28207503946  2.826114E-13
1404.72973195999  2.675852E-13
1406.17738888053  2.757210E-13
1407.62504580107  2.493241E-13
1409.0727027216  2.719206E-13
1410.52035964214  2.583867E-13
1411.96801656268  2.619872E-13
1413.41567348322  2.833414E-13
1414.86333040375  2.632451E-13
1416.31098732429  2.768897E-13
1417.75864424483  2.789313E-13
1419.20630116536  2.470199E-13
1420.6539580859  2.405401E-13
1422.10161500644  2.514030E-13
1423.54927192697  2.406850E-13
1424.99692884751  2.701153E-13
1426.44458576805  2.417954E-13
1427.89224268858  2.330088E-13
1429.33989960912  2.601333E-13
1430.78755652966  2.489543E-13
1432.23521345019  2.307175E-13
1433.68287037073  2.513908E-13
1435.13052729127  2.270364E-13
1436.5781842118  2.295438E-13
1438.02584113234  2.499129E-13
1439.47349805288  2.828024E-13
1440.92115497341  2.489345E-13
1442.36881189395  2.134805E-13
1443.81646881449  2.438889E-13
1445.26412573502  2.602117E-13
1446.71178265556  2.570209E-13
1448.1594395761  2.780045E-13
1449.60709649664  2.371422E-13
1451.05475341717  2.143906E-13
1452.50241033771  2.202846E-13
1453.95006725825  2.091997E-13
1455.39772417878  2.312049E-13
1456.84538109932  2.415509E-13
1458.29303801986  2.357985E-13
1459.74069494039  2.266926E-13
1461.18835186093  1.869792E-13
1462.63600878147  1.951555E-13
1464.083665702  2.508763E-13
1465.53132262254  2.373249E-13
1466.97897954308  2.268356E-13
1468.42663646361  2.786722E-13
1469.87429338415  2.260359E-13
1471.32195030469  2.144922E-13
1472.76960722522  2.202475E-13
1474.21726414576  2.083890E-13
1475.6649210663  2.039152E-13
1477.11257798683  2.136658E-13
1478.56023490737  2.378857E-13
1480.00789182791  2.250553E-13
1481.45554874844  2.501802E-13
1482.90320566898  2.221801E-13
1484.35086258952  2.170938E-13
1485.79851951005  2.522297E-13
1487.24617643059  2.228548E-13
1488.69383335113  2.101597E-13
1490.14149027167  1.996706E-13
1491.5891471922  2.002320E-13
1493.03680411274  1.974886E-13
1494.48446103328  2.248072E-13
1495.93211795381  2.386962E-13
1497.37977487435  2.705750E-13
1498.82743179489  2.456301E-13
1500.27508871542  2.558279E-13
1501.72274563596  2.570481E-13
1503.1704025565  2.589967E-13
1504.61805947703  2.468659E-13
1506.06571639757  2.762729E-13
1507.51337331811  2.916490E-13
1508.96103023864  2.816535E-13
1510.40868715918  2.748435E-13
1511.85634407972  2.638988E-13
1513.30400100025  2.450745E-13
1514.75165792079  2.735990E-13
1516.19931484133  2.632191E-13
1517.64697176186  2.845190E-13
1519.0946286824  2.911991E-13
1520.54228560294  2.584686E-13
1521.98994252347  2.875485E-13
1523.43759944401  3.204046E-13
1524.88525636455  3.076346E-13
1526.33291328509  3.178145E-13
1527.78057020562  3.211485E-13
1529.22822712616  3.201216E-13
1530.6758840467  3.143959E-13
1532.12354096723  3.300044E-13
1533.57119788777  3.650694E-13
1535.01885480831  3.718412E-13
1536.46651172884  3.857234E-13
1537.91416864938  4.086876E-13
1539.36182556992  4.401327E-13
1540.80948249045  4.551177E-13
1542.25713941099  4.590208E-13
1543.70479633153  4.649534E-13
1545.15245325206  4.888850E-13
1546.6001101726  4.719169E-13
1548.04776709314  4.137795E-13
1549.49542401367  4.234487E-13
1550.94308093421  4.431667E-13
1552.39073785475  3.959614E-13
1553.83839477528  3.882641E-13
1555.28605169582  3.531483E-13
1556.73370861636  3.063721E-13
1558.18136553689  3.279199E-13
1559.62902245743  3.018710E-13
1561.07667937797  2.721103E-13
1562.5243362985  2.804894E-13
1563.97199321904  2.984730E-13
1565.41965013958  2.914148E-13
1566.86730706012  2.783733E-13
1568.31496398065  2.462758E-13
1569.76262090119  2.592991E-13
1571.21027782173  2.644559E-13
1572.65793474226  2.636216E-13
1574.1055916628  2.538729E-13
1575.55324858334  2.496564E-13
1577.00090550387  2.415596E-13
1578.44856242441  2.556061E-13
1579.89621934495  2.622083E-13
1581.34387626548  2.432982E-13
1582.79153318602  2.569545E-13
1584.23919010656  2.451156E-13
1585.68684702709  2.274343E-13
1587.13450394763  2.304224E-13
1588.58216086817  2.120590E-13
1590.0298177887  2.252899E-13
1591.47747470924  2.279841E-13
1592.92513162978  2.375465E-13
1594.37278855031  2.339862E-13
1595.82044547085  2.378093E-13
1597.26810239139  2.274796E-13
1598.71575931192  2.424145E-13
1600.16341623246  2.563463E-13
1601.611073153  2.320042E-13
1603.05873007354  2.339589E-13
1604.50638699407  2.419983E-13
1605.95404391461  2.317121E-13
1607.40170083515  2.376390E-13
1608.84935775568  2.229789E-13
1610.29701467622  2.359822E-13
1611.74467159676  2.261068E-13
1613.19232851729  2.275492E-13
1614.63998543783  2.321575E-13
1616.08764235837  2.378717E-13
1617.5352992789  2.449879E-13
1618.98295619944  2.283865E-13
1620.43061311998  2.307341E-13
1621.87827004051  2.408642E-13
1623.32592696105  2.360832E-13
1624.77358388159  2.405783E-13
1626.22124080212  2.557276E-13
1627.66889772266  2.511751E-13
1629.1165546432  2.443507E-13
1630.56421156373  2.560171E-13
1632.01186848427  2.479512E-13
1633.45952540481  2.443669E-13
1634.90718232534  2.428664E-13
1636.35483924588  2.440326E-13
1637.80249616642  2.293595E-13
1639.25015308695  2.267496E-13
1640.69781000749  2.395253E-13
1642.14546692803  2.268357E-13
1643.59312384857  2.155508E-13
1645.0407807691  2.175531E-13
1646.48843768964  2.239372E-13
1647.93609461018  2.110319E-13
1649.38375153071  2.181151E-13
1650.83140845125  2.219153E-13
1652.27906537179  2.246815E-13
1653.72672229232  2.175200E-13
1655.17437921286  2.085652E-13
1656.6220361334  2.110351E-13
1658.06969305393  2.081566E-13
1659.51734997447  2.266059E-13
1660.96500689501  2.313731E-13
1662.41266381554  2.206078E-13
1663.86032073608  2.287300E-13
1665.30797765662  2.254185E-13
1666.75563457715  2.163709E-13
1668.20329149769  2.220730E-13
1669.65094841823  2.180065E-13
1671.09860533876  2.138277E-13
1672.5462622593  2.070651E-13
1673.99391917984  2.140849E-13
1675.44157610038  2.053532E-13
1676.88923302091  1.939004E-13
1678.33688994145  1.981812E-13
1679.78454686199  1.938393E-13
1681.23220378252  1.906042E-13
1682.67986070306  1.945599E-13
1684.1275176236  2.014239E-13
1685.57517454413  1.934246E-13
1687.02283146467  1.953646E-13
1688.47048838521  2.055402E-13
1689.91814530574  2.040739E-13
1691.36580222628  1.972053E-13
1692.81345914682  2.072660E-13
1694.26111606735  2.066255E-13
1695.70877298789  1.911508E-13
1697.15642990843  2.058748E-13
1698.60408682896  2.034935E-13
1700.0517437495  1.996749E-13
1701.49940067004  2.075473E-13
1702.94705759057  2.081669E-13
1704.39471451111  2.020138E-13
1705.84237143165  1.976300E-13
1707.29002835218  1.998182E-13
1708.73768527272  1.980070E-13
1710.18534219326  0.
1711.63299911379  0.
1713.08065603433  0.
1714.52831295487  0.
1715.97596987541  0.
1717.42362679594  0.
1718.87128371648  0.
1720.31894063702  0.
1721.76659755755  0.
1723.21425447809  0.
1724.66191139863  0.
1726.10956831916  0.
1727.5572252397  0.
1729.00488216024  0.
1730.45253908077  0.
1731.90019600131  0.
1733.34785292185  0.
1734.79550984238  0.
1736.24316676292  0.
1737.69082368346  0.
1739.13848060399  0.
1740.58613752453  0.
1742.03379444507  0.
1743.4814513656  0.
1744.92910828614  0.
1746.37676520668  0.
1747.82442212721  0.
1749.27207904775  0.
1750.71973596829  0.
1752.16739288882  0.
1753.61504980936  0.
1755.0627067299  0.
1756.51036365043  0.
1757.95802057097  0.
1759.40567749151  0.
1760.85333441205  0.
1762.30099133258  0.
1763.74864825312  0.
1765.19630517366  0.
1766.64396209419  0.
1768.09161901473  0.
1769.53927593527  0.
1770.9869328558  0.
1772.43458977634  0.
1773.88224669688  0.
1775.32990361741  0.
1776.77756053795  0.
1778.22521745849  0.
1779.67287437902  0.
1781.12053129956  0.
1782.5681882201  0.
1784.01584514063  0.
1785.46350206117  0.
1786.91115898171  0.
1788.35881590224  0.
1789.80647282278  0.
1791.25412974332  0.
1792.70178666385  0.
1794.14944358439  0.
1795.59710050493  0.
1797.04475742547  0.
1798.492414346  0.
1799.94007126654  0.
1801.38772818708  0.
1802.83538510761  0.
1804.28304202815  0.
1805.73069894869  0.
1807.17835586922  0.
1808.62601278976  0.
1810.0736697103  0.
1811.52132663083  0.
1812.96898355137  0.
1814.41664047191  0.
1815.86429739244  0.
1817.31195431298  0.
1818.75961123352  0.
1820.20726815405  0.
1821.65492507459  0.
1823.10258199513  0.
1824.55023891566  0.
1825.9978958362  0.
1827.44555275674  0.
1828.89320967727  0.
1830.34086659781  0.
1831.78852351835  0.
