906.735751295338  0.
908.183408215875  0.
909.631065136412  0.
911.078722056949  0.
912.526378977485  0.
913.974035898022  0.
915.421692818559  0.
916.869349739096  0.
918.317006659633  0.
919.764663580169  0.
921.212320500706  0.
922.659977421243  0.
924.10763434178  0.
925.555291262316  0.
927.002948182853  0.
928.45060510339  0.
929.898262023927  0.
931.345918944464  0.
932.793575865  0.
934.241232785537  0.
935.688889706074  0.
937.136546626611  0.
938.584203547148  0.
940.031860467684  0.
941.479517388221  0.
942.927174308758  0.
944.374831229295  0.
945.822488149832  0.
947.270145070369  0.
948.717801990905  0.
950.165458911442  0.
951.613115831979  0.
953.060772752515  0.
954.508429673052  0.
955.956086593589  0.
957.403743514126  0.
958.851400434663  0.
960.2990573552  0.
961.746714275736  0.
963.194371196273  0.
964.64202811681  0.
966.089685037347  0.
967.537341957883  0.
968.98499887842  0.
970.432655798957  0.
971.880312719494  0.
973.327969640031  0.
974.775626560567  0.
976.223283481104  0.
977.670940401641  0.
979.118597322178  0.
980.566254242715  0.
982.013911163251  0.
983.461568083788  0.
984.909225004325  0.
986.356881924862  0.
987.804538845399  0.
989.252195765935  0.
990.699852686472  0.
992.147509607009  0.
993.595166527546  2.527648E-13
995.042823448082  5.356251E-13
996.490480368619  3.437159E-13
997.938137289156  4.147174E-13
999.385794209693  5.326295E-13
1000.83345113023  5.485655E-13
1002.28110805077  3.384804E-13
1003.7287649713  3.553565E-13
1005.17642189184  4.346588E-13
1006.62407881238  4.059554E-13
1008.07173573291  2.976892E-13
1009.51939265345  3.878334E-13
1010.96704957399  4.144228E-13
1012.41470649452  4.063026E-13
1013.86236341506  4.049713E-13
1015.3100203356  3.827482E-13
1016.75767725613  4.245563E-13
1018.20533417667  4.908978E-13
1019.65299109721  5.567491E-13
1021.10064801775  5.176546E-13
1022.54830493828  4.637245E-13
1023.99596185882  5.054312E-13
1025.44361877936  5.242457E-13
1026.89127569989  5.173265E-13
1028.33893262043  4.402858E-13
1029.78658954097  4.155731E-13
1031.2342464615  4.718857E-13
1032.68190338204  4.768766E-13
1034.12956030258  4.610682E-13
1035.57721722311  3.918795E-13
1037.02487414365  3.865572E-13
1038.47253106419  4.216335E-13
1039.92018798472  4.238263E-13
1041.36784490526  3.577344E-13
1042.8155018258  4.541923E-13
1044.26315874633  6.639329E-13
1045.71081566687  8.229185E-13
1047.15847258741  1.121525E-12
1048.60612950794  1.062374E-12
1050.05378642848  9.267962E-13
1051.50144334902  8.785569E-13
1052.94910026955  7.695141E-13
1054.39675719009  5.724444E-13
1055.84441411063  4.400033E-13
1057.29207103116  3.489922E-13
1058.7397279517  2.957356E-13
1060.18738487224  3.420766E-13
1061.63504179277  3.648438E-13
1063.08269871331  3.821157E-13
1064.53035563385  3.440591E-13
1065.97801255439  3.320099E-13
1067.42566947492  3.529404E-13
1068.87332639546  3.523906E-13
1070.320983316  3.293953E-13
1071.76864023653  3.845454E-13
1073.21629715707  3.613845E-13
1074.66395407761  3.976868E-13
1076.11161099814  4.086299E-13
1077.55926791868  3.732228E-13
1079.00692483922  3.594246E-13
1080.45458175975  3.163198E-13
1081.90223868029  3.456344E-13
1083.34989560083  3.567444E-13
1084.79755252136  2.964038E-13
1086.2452094419  3.413465E-13
1087.69286636244  3.261368E-13
1089.14052328297  2.843674E-13
1090.58818020351  3.159057E-13
1092.03583712405  3.167738E-13
1093.48349404458  2.824180E-13
1094.93115096512  3.044489E-13
1096.37880788566  2.850634E-13
1097.82646480619  3.359777E-13
1099.27412172673  3.186253E-13
1100.72177864727  3.204825E-13
1102.1694355678  3.268991E-13
1103.61709248834  2.999523E-13
1105.06474940888  3.344214E-13
1106.51240632942  3.244316E-13
1107.96006324995  3.209930E-13
1109.40772017049  3.286421E-13
1110.85537709103  2.857455E-13
1112.30303401156  3.310284E-13
1113.7506909321  3.327624E-13
1115.19834785264  3.098154E-13
1116.64600477317  3.458848E-13
1118.09366169371  3.237324E-13
1119.54131861425  3.242335E-13
1120.98897553478  3.470470E-13
1122.43663245532  2.951358E-13
1123.88428937586  2.890626E-13
1125.33194629639  2.567378E-13
1126.77960321693  2.818735E-13
1128.22726013747  3.124996E-13
1129.674917058  3.665405E-13
1131.12257397854  3.359323E-13
1132.57023089908  2.853213E-13
1134.01788781961  3.371539E-13
1135.46554474015  3.527412E-13
1136.91320166069  3.612203E-13
1138.36085858122  3.397221E-13
1139.80851550176  3.008405E-13
1141.2561724223  2.946887E-13
1142.70382934284  3.139317E-13
1144.15148626337  3.166980E-13
1145.59914318391  3.503040E-13
1147.04680010445  3.209127E-13
1148.49445702498  3.082664E-13
1149.94211394552  2.999140E-13
1151.38977086606  2.722580E-13
1152.83742778659  2.693506E-13
1154.28508470713  2.606445E-13
1155.73274162767  2.995482E-13
1157.1803985482  3.003164E-13
1158.62805546874  3.054005E-13
1160.07571238928  3.052685E-13
1161.52336930981  3.220391E-13
1162.97102623035  3.248338E-13
1164.41868315089  3.443411E-13
1165.86634007142  3.534410E-13
1167.31399699196  3.609858E-13
1168.7616539125  3.505671E-13
1170.20931083303  3.347025E-13
1171.65696775357  4.372872E-13
1173.10462467411  3.439444E-13
1174.55228159464  3.631732E-13
1175.99993851518  3.961723E-13
1177.44759543572  4.083327E-13
1178.89525235625  4.176372E-13
1180.34290927679  3.588399E-13
1181.79056619733  3.755398E-13
1183.23822311787  3.532329E-13
1184.6858800384  3.674802E-13
1186.13353695894  3.643925E-13
1187.58119387948  4.233401E-13
1189.02885080001  4.295750E-13
1190.47650772055  4.005457E-13
1191.92416464109  4.667699E-13
1193.37182156162  5.032409E-13
1194.81947848216  4.840958E-13
1196.2671354027  5.015232E-13
1197.71479232323  5.502495E-13
1199.16244924377  5.140852E-13
1200.61010616431  5.325107E-13
1202.05776308484  6.133577E-13
1203.50542000538  5.469157E-13
1204.95307692592  6.699667E-13
1206.40073384645  8.368179E-13
1207.84839076699  8.772845E-13
1209.29604768753  8.478314E-13
1210.74370460806  1.078490E-12
1212.1913615286  1.137866E-12
1213.63901844914  1.278168E-12
1215.08667536967  1.230088E-12
1216.53433229021  1.193672E-12
1217.98198921075  1.092638E-12
1219.42964613129  8.642499E-13
1220.87730305182  8.442050E-13
1222.32495997236  6.961358E-13
1223.7726168929  5.340198E-13
1225.22027381343  5.928038E-13
1226.66793073397  4.954638E-13
1228.11558765451  5.850273E-13
1229.56324457504  4.678484E-13
1231.01090149558  4.396791E-13
1232.45855841612  4.833154E-13
1233.90621533665  4.841418E-13
1235.35387225719  5.413767E-13
1236.80152917773  5.784740E-13
1238.24918609826  5.621842E-13
1239.6968430188  5.123471E-13
1241.14449993934  4.427633E-13
1242.59215685987  4.481516E-13
1244.03981378041  4.486387E-13
1245.48747070095  3.832655E-13
1246.93512762148  3.727520E-13
1248.38278454202  4.311384E-13
1249.83044146256  4.264840E-13
1251.27809838309  4.632757E-13
1252.72575530363  4.101470E-13
1254.17341222417  3.924572E-13
1255.62106914471  3.672940E-13
1257.06872606524  3.250995E-13
1258.51638298578  3.797194E-13
1259.96403990632  3.762966E-13
1261.41169682685  3.318142E-13
1262.85935374739  3.389525E-13
1264.30701066793  3.840644E-13
1265.75466758846  2.936812E-13
1267.202324509  3.212147E-13
1268.64998142954  2.971084E-13
1270.09763835007  2.878495E-13
1271.54529527061  2.989221E-13
1272.99295219115  2.778108E-13
1274.44060911168  3.082924E-13
1275.88826603222  3.235088E-13
1277.33592295276  2.766708E-13
1278.78357987329  2.999472E-13
1280.23123679383  3.308397E-13
1281.67889371437  2.739395E-13
1283.1265506349  2.896888E-13
1284.57420755544  2.895080E-13
1286.02186447598  2.879115E-13
1287.46952139651  3.002831E-13
1288.91717831705  2.610934E-13
1290.36483523759  2.997630E-13
1291.81249215812  2.571056E-13
1293.26014907866  3.099089E-13
1294.7078059992  2.645567E-13
1296.15546291974  2.793171E-13
1297.60311984027  2.478699E-13
1299.05077676081  2.862324E-13
1300.49843368135  3.228784E-13
1301.94609060188  3.389276E-13
1303.39374752242  3.135204E-13
1304.84140444296  2.807679E-13
1306.28906136349  2.788130E-13
1307.73671828403  2.503004E-13
1309.18437520457  2.452968E-13
1310.6320321251  2.548504E-13
1312.07968904564  2.855773E-13
1313.52734596618  2.691376E-13
1314.97500288671  2.932112E-13
1316.42265980725  2.498999E-13
1317.87031672779  2.286074E-13
1319.31797364832  1.791543E-13
1320.76563056886  2.074996E-13
1322.2132874894  2.823235E-13
1323.66094440993  3.212004E-13
1325.10860133047  2.885136E-13
1326.55625825101  2.362993E-13
1328.00391517154  2.252313E-13
1329.45157209208  2.806088E-13
1330.89922901262  2.946178E-13
1332.34688593315  2.689347E-13
1333.79454285369  3.101165E-13
1335.24219977423  2.923670E-13
1336.68985669477  2.517262E-13
1338.1375136153  2.567156E-13
1339.58517053584  2.658381E-13
1341.03282745638  2.928854E-13
1342.48048437691  2.737193E-13
1343.92814129745  2.399502E-13
1345.37579821799  2.663416E-13
1346.82345513852  2.799496E-13
1348.27111205906  2.802020E-13
1349.7187689796  2.515162E-13
1351.16642590013  2.578300E-13
1352.61408282067  2.888361E-13
1354.06173974121  2.485532E-13
1355.50939666174  2.606110E-13
1356.95705358228  2.821329E-13
1358.40471050282  2.438131E-13
1359.85236742335  2.276104E-13
1361.30002434389  2.855001E-13
1362.74768126443  3.086790E-13
1364.19533818496  3.123884E-13
1365.6429951055  3.045188E-13
1367.09065202604  2.244489E-13
1368.53830894657  3.023489E-13
1369.98596586711  2.873207E-13
1371.43362278765  2.537174E-13
1372.88127970819  2.592418E-13
1374.32893662872  2.351935E-13
1375.77659354926  2.840109E-13
1377.2242504698  2.549386E-13
1378.67190739033  2.392547E-13
1380.11956431087  2.680790E-13
1381.56722123141  3.302350E-13
1383.01487815194  2.478798E-13
1384.46253507248  2.562986E-13
1385.91019199302  2.738002E-13
1387.35784891355  2.894788E-13
1388.80550583409  2.924894E-13
1390.25316275463  3.085883E-13
1391.70081967516  2.520756E-13
1393.1484765957  2.865152E-13
1394.59613351624  2.980638E-13
1396.04379043677  3.424178E-13
1397.49144735731  3.318357E-13
1398.93910427785  3.454767E-13
1400.38676119838  2.859938E-13
1401.83441811892  3.358266E-13
1403.28207503946  2.827935E-13
1404.72973195999  2.711490E-13
1406.17738888053  2.873160E-13
1407.62504580107  2.629627E-13
1409.0727027216  3.052093E-13
1410.52035964214  2.620557E-13
1411.96801656268  2.880162E-13
1413.41567348322  2.821466E-13
1414.86333040375  2.469702E-13
1416.31098732429  2.522322E-13
1417.75864424483  2.267368E-13
1419.20630116536  2.489874E-13
1420.6539580859  2.371444E-13
1422.10161500644  2.740669E-13
1423.54927192697  2.686439E-13
1424.99692884751  3.055008E-13
1426.44458576805  2.585505E-13
1427.89224268858  2.569571E-13
1429.33989960912  2.398875E-13
1430.78755652966  2.490017E-13
1432.23521345019  2.521537E-13
1433.68287037073  2.903227E-13
1435.13052729127  2.464305E-13
1436.5781842118  2.322625E-13
1438.02584113234  2.538075E-13
1439.47349805288  2.751662E-13
1440.92115497341  2.650791E-13
1442.36881189395  2.242089E-13
1443.81646881449  2.528023E-13
1445.26412573502  2.520764E-13
1446.71178265556  2.593901E-13
1448.1594395761  2.542996E-13
1449.60709649664  2.542966E-13
1451.05475341717  2.366002E-13
1452.50241033771  2.751285E-13
1453.95006725825  2.352586E-13
1455.39772417878  2.342403E-13
1456.84538109932  2.325140E-13
1458.29303801986  2.445325E-13
1459.74069494039  2.457470E-13
1461.18835186093  2.673057E-13
1462.63600878147  2.474114E-13
1464.083665702  2.583490E-13
1465.53132262254  2.497769E-13
1466.97897954308  2.392842E-13
1468.42663646361  2.730028E-13
1469.87429338415  2.646178E-13
1471.32195030469  2.481794E-13
1472.76960722522  2.223407E-13
1474.21726414576  2.436144E-13
1475.6649210663  2.221462E-13
1477.11257798683  1.959620E-13
1478.56023490737  2.131868E-13
1480.00789182791  2.093772E-13
1481.45554874844  2.260103E-13
1482.90320566898  2.432522E-13
1484.35086258952  2.409386E-13
1485.79851951005  2.526435E-13
1487.24617643059  2.483160E-13
1488.69383335113  2.413673E-13
1490.14149027167  2.372949E-13
1491.5891471922  2.527062E-13
1493.03680411274  2.521169E-13
1494.48446103328  2.466581E-13
1495.93211795381  2.284779E-13
1497.37977487435  2.565273E-13
1498.82743179489  2.468733E-13
1500.27508871542  2.751463E-13
1501.72274563596  2.642871E-13
1503.1704025565  2.533947E-13
1504.61805947703  2.474776E-13
1506.06571639757  2.509188E-13
1507.51337331811  2.559242E-13
1508.96103023864  2.526888E-13
1510.40868715918  2.545799E-13
1511.85634407972  2.685144E-13
1513.30400100025  2.541281E-13
1514.75165792079  2.618016E-13
1516.19931484133  2.602525E-13
1517.64697176186  2.749322E-13
1519.0946286824  2.839685E-13
1520.54228560294  2.785804E-13
1521.98994252347  2.664104E-13
1523.43759944401  2.730604E-13
1524.88525636455  2.921321E-13
1526.33291328509  3.055500E-13
1527.78057020562  2.990004E-13
1529.22822712616  3.140678E-13
1530.6758840467  3.381945E-13
1532.12354096723  3.361207E-13
1533.57119788777  3.637152E-13
1535.01885480831  3.484839E-13
1536.46651172884  3.712989E-13
1537.91416864938  3.986962E-13
1539.36182556992  4.297547E-13
1540.80948249045  4.478656E-13
1542.25713941099  4.297150E-13
1543.70479633153  4.437556E-13
1545.15245325206  4.786381E-13
1546.6001101726  4.884718E-13
1548.04776709314  4.379904E-13
1549.49542401367  4.182305E-13
1550.94308093421  4.462622E-13
1552.39073785475  3.861663E-13
1553.83839477528  3.518822E-13
1555.28605169582  3.431443E-13
1556.73370861636  3.550976E-13
1558.18136553689  3.327770E-13
1559.62902245743  3.065688E-13
1561.07667937797  2.663739E-13
1562.5243362985  2.768774E-13
1563.97199321904  2.965628E-13
1565.41965013958  2.832260E-13
1566.86730706012  2.688808E-13
1568.31496398065  2.729191E-13
1569.76262090119  2.609485E-13
1571.21027782173  2.491780E-13
1572.65793474226  2.382437E-13
1574.1055916628  2.484575E-13
1575.55324858334  2.709044E-13
1577.00090550387  2.514277E-13
1578.44856242441  2.383294E-13
1579.89621934495  2.460231E-13
1581.34387626548  2.573427E-13
1582.79153318602  2.651149E-13
1584.23919010656  2.392108E-13
1585.68684702709  2.320540E-13
1587.13450394763  2.160277E-13
1588.58216086817  2.129309E-13
1590.0298177887  2.177668E-13
1591.47747470924  2.317486E-13
1592.92513162978  2.296745E-13
1594.37278855031  2.138400E-13
1595.82044547085  2.135428E-13
1597.26810239139  1.948995E-13
1598.71575931192  2.041839E-13
1600.16341623246  2.223908E-13
1601.611073153  2.359311E-13
1603.05873007354  2.381379E-13
1604.50638699407  2.194556E-13
1605.95404391461  2.100182E-13
1607.40170083515  2.205711E-13
1608.84935775568  2.265946E-13
1610.29701467622  2.307513E-13
1611.74467159676  2.310100E-13
1613.19232851729  2.217672E-13
1614.63998543783  2.206232E-13
1616.08764235837  2.281942E-13
1617.5352992789  2.338954E-13
1618.98295619944  2.343980E-13
1620.43061311998  2.373460E-13
1621.87827004051  2.250701E-13
1623.32592696105  2.184171E-13
1624.77358388159  2.077689E-13
1626.22124080212  2.318467E-13
1627.66889772266  2.395388E-13
1629.1165546432  2.298927E-13
1630.56421156373  2.436446E-13
1632.01186848427  2.335134E-13
1633.45952540481  2.258544E-13
1634.90718232534  2.383248E-13
1636.35483924588  2.494301E-13
1637.80249616642  2.441169E-13
1639.25015308695  2.390457E-13
1640.69781000749  2.336909E-13
1642.14546692803  2.330562E-13
1643.59312384857  2.277880E-13
1645.0407807691  2.156733E-13
1646.48843768964  2.277576E-13
1647.93609461018  2.233701E-13
1649.38375153071  2.456067E-13
1650.83140845125  2.508905E-13
1652.27906537179  2.619617E-13
1653.72672229232  2.436219E-13
1655.17437921286  2.225334E-13
1656.6220361334  2.419770E-13
1658.06969305393  2.490966E-13
1659.51734997447  2.444888E-13
1660.96500689501  2.444392E-13
1662.41266381554  2.401621E-13
1663.86032073608  2.388697E-13
1665.30797765662  2.427214E-13
1666.75563457715  2.310764E-13
1668.20329149769  2.378106E-13
1669.65094841823  2.201448E-13
1671.09860533876  2.133449E-13
1672.5462622593  2.083917E-13
1673.99391917984  2.107549E-13
1675.44157610038  2.187886E-13
1676.88923302091  2.181436E-13
1678.33688994145  2.122848E-13
1679.78454686199  2.014355E-13
1681.23220378252  1.922913E-13
1682.67986070306  1.867937E-13
1684.1275176236  1.836086E-13
1685.57517454413  1.718620E-13
1687.02283146467  1.808280E-13
1688.47048838521  1.826030E-13
1689.91814530574  1.945821E-13
1691.36580222628  1.961901E-13
1692.81345914682  1.925471E-13
1694.26111606735  1.920822E-13
1695.70877298789  1.876795E-13
1697.15642990843  2.020136E-13
1698.60408682896  1.962436E-13
1700.0517437495  1.934688E-13
1701.49940067004  1.945157E-13
1702.94705759057  1.989363E-13
1704.39471451111  2.033440E-13
1705.84237143165  2.011905E-13
1707.29002835218  2.046260E-13
1708.73768527272  1.957421E-13
1710.18534219326  0.
1711.63299911379  0.
1713.08065603433  0.
1714.52831295487  0.
1715.97596987541  0.
1717.42362679594  0.
1718.87128371648  0.
1720.31894063702  0.
1721.76659755755  0.
1723.21425447809  0.
1724.66191139863  0.
1726.10956831916  0.
1727.5572252397  0.
1729.00488216024  0.
1730.45253908077  0.
1731.90019600131  0.
1733.34785292185  0.
1734.79550984238  0.
1736.24316676292  0.
1737.69082368346  0.
1739.13848060399  0.
1740.58613752453  0.
1742.03379444507  0.
1743.4814513656  0.
1744.92910828614  0.
1746.37676520668  0.
1747.82442212721  0.
1749.27207904775  0.
1750.71973596829  0.
1752.16739288882  0.
1753.61504980936  0.
1755.0627067299  0.
1756.51036365043  0.
1757.95802057097  0.
1759.40567749151  0.
1760.85333441205  0.
1762.30099133258  0.
1763.74864825312  0.
1765.19630517366  0.
1766.64396209419  0.
1768.09161901473  0.
1769.53927593527  0.
1770.9869328558  0.
1772.43458977634  0.
1773.88224669688  0.
1775.32990361741  0.
1776.77756053795  0.
1778.22521745849  0.
1779.67287437902  0.
1781.12053129956  0.
1782.5681882201  0.
1784.01584514063  0.
1785.46350206117  0.
1786.91115898171  0.
1788.35881590224  0.
1789.80647282278  0.
1791.25412974332  0.
1792.70178666385  0.
1794.14944358439  0.
1795.59710050493  0.
1797.04475742547  0.
1798.492414346  0.
1799.94007126654  0.
1801.38772818708  0.
1802.83538510761  0.
1804.28304202815  0.
1805.73069894869  0.
1807.17835586922  0.
1808.62601278976  0.
1810.0736697103  0.
1811.52132663083  0.
1812.96898355137  0.
1814.41664047191  0.
1815.86429739244  0.
1817.31195431298  0.
1818.75961123352  0.
1820.20726815405  0.
1821.65492507459  0.
1823.10258199513  0.
1824.55023891566  0.
1825.9978958362  0.
1827.44555275674  0.
1828.89320967727  0.
1830.34086659781  0.
1831.78852351835  0.
