906.735751295338  0.
908.183408215875  0.
909.631065136412  0.
911.078722056949  0.
912.526378977485  0.
913.974035898022  0.
915.421692818559  0.
916.869349739096  0.
918.317006659633  0.
919.764663580169  0.
921.212320500706  0.
922.659977421243  0.
924.10763434178  0.
925.555291262316  0.
927.002948182853  0.
928.45060510339  0.
929.898262023927  0.
931.345918944464  0.
932.793575865  0.
934.241232785537  0.
935.688889706074  0.
937.136546626611  0.
938.584203547148  0.
940.031860467684  0.
941.479517388221  0.
942.927174308758  0.
944.374831229295  0.
945.822488149832  0.
947.270145070369  0.
948.717801990905  0.
950.165458911442  0.
951.613115831979  0.
953.060772752515  0.
954.508429673052  0.
955.956086593589  0.
957.403743514126  0.
958.851400434663  0.
960.2990573552  0.
961.746714275736  0.
963.194371196273  0.
964.64202811681  0.
966.089685037347  0.
967.537341957883  0.
968.98499887842  0.
970.432655798957  0.
971.880312719494  0.
973.327969640031  0.
974.775626560567  0.
976.223283481104  0.
977.670940401641  0.
979.118597322178  0.
980.566254242715  0.
982.013911163251  0.
983.461568083788  0.
984.909225004325  0.
986.356881924862  0.
987.804538845399  0.
989.252195765935  0.
990.699852686472  0.
992.147509607009  0.
993.595166527546  1.326421E-13
995.042823448082  3.585430E-13
996.490480368619  3.442754E-13
997.938137289156  5.405491E-13
999.385794209693  5.193036E-13
1000.83345113023  7.880076E-13
1002.28110805077  4.170308E-13
1003.7287649713  4.085138E-13
1005.17642189184  5.720539E-13
1006.62407881238  5.210689E-13
1008.07173573291  4.951471E-13
1009.51939265345  4.451662E-13
1010.96704957399  4.085326E-13
1012.41470649452  4.078898E-13
1013.86236341506  3.524193E-13
1015.3100203356  2.839611E-13
1016.75767725613  3.860110E-13
1018.20533417667  4.134674E-13
1019.65299109721  4.064473E-13
1021.10064801775  4.903795E-13
1022.54830493828  4.080529E-13
1023.99596185882  4.508086E-13
1025.44361877936  4.276875E-13
1026.89127569989  4.873037E-13
1028.33893262043  4.684532E-13
1029.78658954097  4.971603E-13
1031.2342464615  5.126983E-13
1032.68190338204  4.993236E-13
1034.12956030258  4.958612E-13
1035.57721722311  4.367866E-13
1037.02487414365  4.178827E-13
1038.47253106419  4.046707E-13
1039.92018798472  4.421030E-13
1041.36784490526  4.090052E-13
1042.8155018258  4.853927E-13
1044.26315874633  6.295546E-13
1045.71081566687  7.981942E-13
1047.15847258741  1.140986E-12
1048.60612950794  9.622033E-13
1050.05378642848  9.958523E-13
1051.50144334902  9.274413E-13
1052.94910026955  8.644292E-13
1054.39675719009  6.308592E-13
1055.84441411063  4.217687E-13
1057.29207103116  3.463507E-13
1058.7397279517  3.480051E-13
1060.18738487224  3.852357E-13
1061.63504179277  3.788459E-13
1063.08269871331  3.783215E-13
1064.53035563385  3.895518E-13
1065.97801255439  3.673154E-13
1067.42566947492  3.872266E-13
1068.87332639546  3.617109E-13
1070.320983316  3.736887E-13
1071.76864023653  3.877540E-13
1073.21629715707  3.915832E-13
1074.66395407761  3.969880E-13
1076.11161099814  4.070770E-13
1077.55926791868  3.676359E-13
1079.00692483922  3.852370E-13
1080.45458175975  3.338142E-13
1081.90223868029  3.364519E-13
1083.34989560083  3.347634E-13
1084.79755252136  2.891482E-13
1086.2452094419  3.023864E-13
1087.69286636244  2.849251E-13
1089.14052328297  3.001324E-13
1090.58818020351  3.184038E-13
1092.03583712405  3.394063E-13
1093.48349404458  3.327310E-13
1094.93115096512  3.430751E-13
1096.37880788566  2.937757E-13
1097.82646480619  3.119394E-13
1099.27412172673  3.147493E-13
1100.72177864727  2.994810E-13
1102.1694355678  3.062749E-13
1103.61709248834  3.120666E-13
1105.06474940888  3.196780E-13
1106.51240632942  2.768918E-13
1107.96006324995  3.140296E-13
1109.40772017049  3.124361E-13
1110.85537709103  3.016923E-13
1112.30303401156  3.459594E-13
1113.7506909321  2.963268E-13
1115.19834785264  3.017130E-13
1116.64600477317  3.444112E-13
1118.09366169371  3.314900E-13
1119.54131861425  3.130588E-13
1120.98897553478  3.511834E-13
1122.43663245532  3.439078E-13
1123.88428937586  2.832403E-13
1125.33194629639  2.843545E-13
1126.77960321693  2.787162E-13
1128.22726013747  2.955133E-13
1129.674917058  3.040775E-13
1131.12257397854  3.298373E-13
1132.57023089908  3.183023E-13
1134.01788781961  3.741648E-13
1135.46554474015  3.450461E-13
1136.91320166069  3.396821E-13
1138.36085858122  3.221106E-13
1139.80851550176  2.969770E-13
1141.2561724223  2.911422E-13
1142.70382934284  2.608555E-13
1144.15148626337  3.197570E-13
1145.59914318391  3.563075E-13
1147.04680010445  3.522423E-13
1148.49445702498  3.129794E-13
1149.94211394552  3.117532E-13
1151.38977086606  2.800064E-13
1152.83742778659  2.632626E-13
1154.28508470713  2.748790E-13
1155.73274162767  2.578429E-13
1157.1803985482  3.014395E-13
1158.62805546874  2.749984E-13
1160.07571238928  3.223631E-13
1161.52336930981  3.567114E-13
1162.97102623035  3.129976E-13
1164.41868315089  3.506526E-13
1165.86634007142  3.116527E-13
1167.31399699196  3.718923E-13
1168.7616539125  3.152988E-13
1170.20931083303  3.531516E-13
1171.65696775357  4.466178E-13
1173.10462467411  3.666049E-13
1174.55228159464  3.633274E-13
1175.99993851518  3.336552E-13
1177.44759543572  4.004201E-13
1178.89525235625  4.179897E-13
1180.34290927679  3.978998E-13
1181.79056619733  4.040973E-13
1183.23822311787  3.638524E-13
1184.6858800384  3.643176E-13
1186.13353695894  4.221430E-13
1187.58119387948  4.391905E-13
1189.02885080001  4.208883E-13
1190.47650772055  4.147088E-13
1191.92416464109  4.675956E-13
1193.37182156162  5.482731E-13
1194.81947848216  4.931114E-13
1196.2671354027  4.986642E-13
1197.71479232323  4.938501E-13
1199.16244924377  5.796377E-13
1200.61010616431  5.618407E-13
1202.05776308484  5.973718E-13
1203.50542000538  5.412492E-13
1204.95307692592  6.483634E-13
1206.40073384645  7.458090E-13
1207.84839076699  7.924484E-13
1209.29604768753  8.648803E-13
1210.74370460806  9.887288E-13
1212.1913615286  1.118866E-12
1213.63901844914  1.221519E-12
1215.08667536967  1.244668E-12
1216.53433229021  1.129790E-12
1217.98198921075  1.009099E-12
1219.42964613129  8.786960E-13
1220.87730305182  8.455563E-13
1222.32495997236  7.680830E-13
1223.7726168929  5.370549E-13
1225.22027381343  6.027917E-13
1226.66793073397  4.989053E-13
1228.11558765451  5.611072E-13
1229.56324457504  5.053077E-13
1231.01090149558  5.237206E-13
1232.45855841612  5.026357E-13
1233.90621533665  4.992557E-13
1235.35387225719  5.527770E-13
1236.80152917773  5.362873E-13
1238.24918609826  5.802471E-13
1239.6968430188  5.058163E-13
1241.14449993934  5.057560E-13
1242.59215685987  4.825589E-13
1244.03981378041  4.455359E-13
1245.48747070095  4.317834E-13
1246.93512762148  3.846067E-13
1248.38278454202  4.137072E-13
1249.83044146256  3.598152E-13
1251.27809838309  3.715390E-13
1252.72575530363  4.026361E-13
1254.17341222417  4.009876E-13
1255.62106914471  3.801145E-13
1257.06872606524  3.393307E-13
1258.51638298578  3.545357E-13
1259.96403990632  3.069650E-13
1261.41169682685  3.749520E-13
1262.85935374739  3.853612E-13
1264.30701066793  3.370338E-13
1265.75466758846  2.862230E-13
1267.202324509  2.946496E-13
1268.64998142954  2.990303E-13
1270.09763835007  3.113787E-13
1271.54529527061  3.777013E-13
1272.99295219115  3.121428E-13
1274.44060911168  2.806309E-13
1275.88826603222  2.646800E-13
1277.33592295276  2.272314E-13
1278.78357987329  2.749301E-13
1280.23123679383  2.974187E-13
1281.67889371437  2.946093E-13
1283.1265506349  2.601236E-13
1284.57420755544  2.834048E-13
1286.02186447598  2.832940E-13
1287.46952139651  2.937750E-13
1288.91717831705  2.843584E-13
1290.36483523759  2.951149E-13
1291.81249215812  2.412188E-13
1293.26014907866  3.147686E-13
1294.7078059992  2.810843E-13
1296.15546291974  2.870990E-13
1297.60311984027  2.641432E-13
1299.05077676081  2.878426E-13
1300.49843368135  2.686041E-13
1301.94609060188  3.207866E-13
1303.39374752242  2.999585E-13
1304.84140444296  2.792375E-13
1306.28906136349  2.677457E-13
1307.73671828403  2.550452E-13
1309.18437520457  3.291776E-13
1310.6320321251  2.710377E-13
1312.07968904564  2.635038E-13
1313.52734596618  2.596889E-13
1314.97500288671  3.041642E-13
1316.42265980725  2.684028E-13
1317.87031672779  2.436985E-13
1319.31797364832  2.336737E-13
1320.76563056886  2.188759E-13
1322.2132874894  2.387589E-13
1323.66094440993  2.812599E-13
1325.10860133047  2.920389E-13
1326.55625825101  2.781011E-13
1328.00391517154  2.435147E-13
1329.45157209208  2.569742E-13
1330.89922901262  2.854986E-13
1332.34688593315  2.949299E-13
1333.79454285369  2.908609E-13
1335.24219977423  2.737602E-13
1336.68985669477  2.493432E-13
1338.1375136153  2.493004E-13
1339.58517053584  2.692112E-13
1341.03282745638  2.949892E-13
1342.48048437691  2.721669E-13
1343.92814129745  2.696973E-13
1345.37579821799  2.606698E-13
1346.82345513852  2.702975E-13
1348.27111205906  2.687439E-13
1349.7187689796  2.495508E-13
1351.16642590013  2.838418E-13
1352.61408282067  2.680338E-13
1354.06173974121  2.150342E-13
1355.50939666174  2.712012E-13
1356.95705358228  2.603334E-13
1358.40471050282  2.517693E-13
1359.85236742335  2.939821E-13
1361.30002434389  2.698953E-13
1362.74768126443  2.832779E-13
1364.19533818496  3.054899E-13
1365.6429951055  2.696633E-13
1367.09065202604  2.505586E-13
1368.53830894657  3.404415E-13
1369.98596586711  2.894795E-13
1371.43362278765  2.633692E-13
1372.88127970819  2.485504E-13
1374.32893662872  2.189980E-13
1375.77659354926  2.932891E-13
1377.2242504698  2.842351E-13
1378.67190739033  2.376935E-13
1380.11956431087  2.921823E-13
1381.56722123141  3.224573E-13
1383.01487815194  2.454115E-13
1384.46253507248  2.781356E-13
1385.91019199302  2.817210E-13
1387.35784891355  2.997309E-13
1388.80550583409  2.850682E-13
1390.25316275463  3.121293E-13
1391.70081967516  2.895451E-13
1393.1484765957  3.212167E-13
1394.59613351624  2.954893E-13
1396.04379043677  3.273492E-13
1397.49144735731  3.633392E-13
1398.93910427785  3.581924E-13
1400.38676119838  2.930302E-13
1401.83441811892  3.451452E-13
1403.28207503946  3.294071E-13
1404.72973195999  2.916692E-13
1406.17738888053  2.649476E-13
1407.62504580107  2.729900E-13
1409.0727027216  2.777688E-13
1410.52035964214  2.566630E-13
1411.96801656268  3.286222E-13
1413.41567348322  2.921755E-13
1414.86333040375  2.582439E-13
1416.31098732429  2.657940E-13
1417.75864424483  2.311662E-13
1419.20630116536  2.613283E-13
1420.6539580859  2.474378E-13
1422.10161500644  2.465741E-13
1423.54927192697  2.308574E-13
1424.99692884751  2.561539E-13
1426.44458576805  2.461042E-13
1427.89224268858  2.552172E-13
1429.33989960912  2.025687E-13
1430.78755652966  2.399566E-13
1432.23521345019  2.497782E-13
1433.68287037073  2.671371E-13
1435.13052729127  2.409512E-13
1436.5781842118  2.589471E-13
1438.02584113234  2.696763E-13
1439.47349805288  3.141205E-13
1440.92115497341  2.845476E-13
1442.36881189395  2.225648E-13
1443.81646881449  2.376715E-13
1445.26412573502  2.160771E-13
1446.71178265556  2.565231E-13
1448.1594395761  2.388417E-13
1449.60709649664  2.398517E-13
1451.05475341717  2.265732E-13
1452.50241033771  2.559645E-13
1453.95006725825  2.671874E-13
1455.39772417878  2.308986E-13
1456.84538109932  2.434982E-13
1458.29303801986  2.566784E-13
1459.74069494039  2.217837E-13
1461.18835186093  2.306209E-13
1462.63600878147  2.247116E-13
1464.083665702  2.472587E-13
1465.53132262254  2.439751E-13
1466.97897954308  2.335966E-13
1468.42663646361  2.230715E-13
1469.87429338415  2.232750E-13
1471.32195030469  2.336422E-13
1472.76960722522  2.295540E-13
1474.21726414576  2.299564E-13
1475.6649210663  2.321840E-13
1477.11257798683  2.256464E-13
1478.56023490737  2.400202E-13
1480.00789182791  2.035412E-13
1481.45554874844  2.305901E-13
1482.90320566898  2.410852E-13
1484.35086258952  2.248135E-13
1485.79851951005  2.245369E-13
1487.24617643059  2.309527E-13
1488.69383335113  2.176618E-13
1490.14149027167  2.097520E-13
1491.5891471922  2.097280E-13
1493.03680411274  2.184373E-13
1494.48446103328  2.680177E-13
1495.93211795381  2.395486E-13
1497.37977487435  2.569709E-13
1498.82743179489  2.591722E-13
1500.27508871542  2.456223E-13
1501.72274563596  2.231045E-13
1503.1704025565  2.374964E-13
1504.61805947703  2.265135E-13
1506.06571639757  2.318855E-13
1507.51337331811  2.401790E-13
1508.96103023864  2.382232E-13
1510.40868715918  2.559971E-13
1511.85634407972  2.707727E-13
1513.30400100025  2.461931E-13
1514.75165792079  2.487096E-13
1516.19931484133  2.625251E-13
1517.64697176186  2.787697E-13
1519.0946286824  2.717039E-13
1520.54228560294  2.696220E-13
1521.98994252347  2.840129E-13
1523.43759944401  2.933737E-13
1524.88525636455  2.802837E-13
1526.33291328509  2.866510E-13
1527.78057020562  2.886161E-13
1529.22822712616  3.080247E-13
1530.6758840467  2.954134E-13
1532.12354096723  3.108620E-13
1533.57119788777  3.806501E-13
1535.01885480831  3.959429E-13
1536.46651172884  4.025363E-13
1537.91416864938  3.930766E-13
1539.36182556992  4.066292E-13
1540.80948249045  4.716740E-13
1542.25713941099  4.610082E-13
1543.70479633153  4.514496E-13
1545.15245325206  4.963309E-13
1546.6001101726  4.760064E-13
1548.04776709314  4.449877E-13
1549.49542401367  4.354516E-13
1550.94308093421  4.330398E-13
1552.39073785475  3.987860E-13
1553.83839477528  4.014302E-13
1555.28605169582  3.654516E-13
1556.73370861636  3.356891E-13
1558.18136553689  3.181982E-13
1559.62902245743  3.057011E-13
1561.07667937797  2.858129E-13
1562.5243362985  2.927984E-13
1563.97199321904  3.191772E-13
1565.41965013958  3.085749E-13
1566.86730706012  2.802933E-13
1568.31496398065  2.489502E-13
1569.76262090119  2.437357E-13
1571.21027782173  2.682779E-13
1572.65793474226  2.678510E-13
1574.1055916628  2.404507E-13
1575.55324858334  2.527263E-13
1577.00090550387  2.379765E-13
1578.44856242441  2.491997E-13
1579.89621934495  2.629857E-13
1581.34387626548  2.604870E-13
1582.79153318602  2.562066E-13
1584.23919010656  2.598634E-13
1585.68684702709  2.509630E-13
1587.13450394763  2.240632E-13
1588.58216086817  2.253633E-13
1590.0298177887  2.449660E-13
1591.47747470924  2.420540E-13
1592.92513162978  2.217646E-13
1594.37278855031  2.343562E-13
1595.82044547085  2.442349E-13
1597.26810239139  2.228531E-13
1598.71575931192  2.300306E-13
1600.16341623246  2.243207E-13
1601.611073153  2.232249E-13
1603.05873007354  2.359914E-13
1604.50638699407  2.191831E-13
1605.95404391461  2.191555E-13
1607.40170083515  2.200098E-13
1608.84935775568  2.295856E-13
1610.29701467622  2.507322E-13
1611.74467159676  2.456320E-13
1613.19232851729  2.404186E-13
1614.63998543783  2.358875E-13
1616.08764235837  2.380587E-13
1617.5352992789  2.356346E-13
1618.98295619944  2.331398E-13
1620.43061311998  2.344778E-13
1621.87827004051  2.231096E-13
1623.32592696105  2.230397E-13
1624.77358388159  2.310241E-13
1626.22124080212  2.330982E-13
1627.66889772266  2.412286E-13
1629.1165546432  2.317080E-13
1630.56421156373  2.435541E-13
1632.01186848427  2.498761E-13
1633.45952540481  2.375714E-13
1634.90718232534  2.378161E-13
1636.35483924588  2.277783E-13
1637.80249616642  2.327377E-13
1639.25015308695  2.231806E-13
1640.69781000749  2.169074E-13
1642.14546692803  2.302192E-13
1643.59312384857  2.335269E-13
1645.0407807691  2.233678E-13
1646.48843768964  2.308491E-13
1647.93609461018  2.281646E-13
1649.38375153071  2.279701E-13
1650.83140845125  2.181465E-13
1652.27906537179  2.169423E-13
1653.72672229232  2.216603E-13
1655.17437921286  2.199882E-13
1656.6220361334  2.327321E-13
1658.06969305393  2.319731E-13
1659.51734997447  2.426724E-13
1660.96500689501  2.611255E-13
1662.41266381554  2.541401E-13
1663.86032073608  2.601480E-13
1665.30797765662  2.376300E-13
1666.75563457715  2.263628E-13
1668.20329149769  2.258865E-13
1669.65094841823  2.157845E-13
1671.09860533876  2.119327E-13
1672.5462622593  2.056634E-13
1673.99391917984  2.047061E-13
1675.44157610038  2.140851E-13
1676.88923302091  2.115430E-13
1678.33688994145  2.213552E-13
1679.78454686199  2.171004E-13
1681.23220378252  2.060214E-13
1682.67986070306  2.065712E-13
1684.1275176236  2.092289E-13
1685.57517454413  2.040023E-13
1687.02283146467  2.115323E-13
1688.47048838521  2.131204E-13
1689.91814530574  2.155687E-13
1691.36580222628  2.181917E-13
1692.81345914682  2.083977E-13
1694.26111606735  2.074725E-13
1695.70877298789  2.042319E-13
1697.15642990843  2.181982E-13
1698.60408682896  2.127154E-13
1700.0517437495  2.039831E-13
1701.49940067004  1.998918E-13
1702.94705759057  2.051702E-13
1704.39471451111  2.152216E-13
1705.84237143165  2.116657E-13
1707.29002835218  2.010156E-13
1708.73768527272  1.972777E-13
1710.18534219326  0.
1711.63299911379  0.
1713.08065603433  0.
1714.52831295487  0.
1715.97596987541  0.
1717.42362679594  0.
1718.87128371648  0.
1720.31894063702  0.
1721.76659755755  0.
1723.21425447809  0.
1724.66191139863  0.
1726.10956831916  0.
1727.5572252397  0.
1729.00488216024  0.
1730.45253908077  0.
1731.90019600131  0.
1733.34785292185  0.
1734.79550984238  0.
1736.24316676292  0.
1737.69082368346  0.
1739.13848060399  0.
1740.58613752453  0.
1742.03379444507  0.
1743.4814513656  0.
1744.92910828614  0.
1746.37676520668  0.
1747.82442212721  0.
1749.27207904775  0.
1750.71973596829  0.
1752.16739288882  0.
1753.61504980936  0.
1755.0627067299  0.
1756.51036365043  0.
1757.95802057097  0.
1759.40567749151  0.
1760.85333441205  0.
1762.30099133258  0.
1763.74864825312  0.
1765.19630517366  0.
1766.64396209419  0.
1768.09161901473  0.
1769.53927593527  0.
1770.9869328558  0.
1772.43458977634  0.
1773.88224669688  0.
1775.32990361741  0.
1776.77756053795  0.
1778.22521745849  0.
1779.67287437902  0.
1781.12053129956  0.
1782.5681882201  0.
1784.01584514063  0.
1785.46350206117  0.
1786.91115898171  0.
1788.35881590224  0.
1789.80647282278  0.
1791.25412974332  0.
1792.70178666385  0.
1794.14944358439  0.
1795.59710050493  0.
1797.04475742547  0.
1798.492414346  0.
1799.94007126654  0.
1801.38772818708  0.
1802.83538510761  0.
1804.28304202815  0.
1805.73069894869  0.
1807.17835586922  0.
1808.62601278976  0.
1810.0736697103  0.
1811.52132663083  0.
1812.96898355137  0.
1814.41664047191  0.
1815.86429739244  0.
1817.31195431298  0.
1818.75961123352  0.
1820.20726815405  0.
1821.65492507459  0.
1823.10258199513  0.
1824.55023891566  0.
1825.9978958362  0.
1827.44555275674  0.
1828.89320967727  0.
1830.34086659781  0.
1831.78852351835  0.
