906.735751295338  0.
908.183408215875  0.
909.631065136412  0.
911.078722056949  0.
912.526378977485  0.
913.974035898022  0.
915.421692818559  0.
916.869349739096  0.
918.317006659633  0.
919.764663580169  0.
921.212320500706  0.
922.659977421243  0.
924.10763434178  0.
925.555291262316  0.
927.002948182853  0.
928.45060510339  0.
929.898262023927  0.
931.345918944464  0.
932.793575865  0.
934.241232785537  0.
935.688889706074  0.
937.136546626611  0.
938.584203547148  0.
940.031860467684  0.
941.479517388221  0.
942.927174308758  0.
944.374831229295  0.
945.822488149832  0.
947.270145070369  0.
948.717801990905  0.
950.165458911442  0.
951.613115831979  0.
953.060772752515  0.
954.508429673052  0.
955.956086593589  0.
957.403743514126  0.
958.851400434663  0.
960.2990573552  0.
961.746714275736  0.
963.194371196273  0.
964.64202811681  0.
966.089685037347  0.
967.537341957883  0.
968.98499887842  0.
970.432655798957  0.
971.880312719494  0.
973.327969640031  0.
974.775626560567  0.
976.223283481104  0.
977.670940401641  0.
979.118597322178  0.
980.566254242715  0.
982.013911163251  0.
983.461568083788  0.
984.909225004325  0.
986.356881924862  0.
987.804538845399  0.
989.252195765935  0.
990.699852686472  0.
992.147509607009  0.
993.595166527546  4.712368E-13
995.042823448082  4.821366E-13
996.490480368619  1.377913E-13
997.938137289156  3.273898E-13
999.385794209693  5.932093E-13
1000.83345113023  7.612244E-13
1002.28110805077  5.424543E-13
1003.7287649713  3.862023E-13
1005.17642189184  4.056602E-13
1006.62407881238  5.596369E-13
1008.07173573291  4.794059E-13
1009.51939265345  5.315729E-13
1010.96704957399  4.630672E-13
1012.41470649452  4.395672E-13
1013.86236341506  4.766136E-13
1015.3100203356  5.488473E-13
1016.75767725613  5.278504E-13
1018.20533417667  4.764150E-13
1019.65299109721  3.732428E-13
1021.10064801775  4.409192E-13
1022.54830493828  5.089648E-13
1023.99596185882  4.758614E-13
1025.44361877936  5.179724E-13
1026.89127569989  4.572297E-13
1028.33893262043  4.184561E-13
1029.78658954097  4.493640E-13
1031.2342464615  5.274750E-13
1032.68190338204  4.958196E-13
1034.12956030258  4.382071E-13
1035.57721722311  3.895940E-13
1037.02487414365  4.330959E-13
1038.47253106419  4.175662E-13
1039.92018798472  3.648367E-13
1041.36784490526  3.361014E-13
1042.8155018258  3.452369E-13
1044.26315874633  3.174360E-13
1045.71081566687  3.518260E-13
1047.15847258741  3.602419E-13
1048.60612950794  3.609385E-13
1050.05378642848  3.435448E-13
1051.50144334902  4.703360E-13
1052.94910026955  4.964583E-13
1054.39675719009  4.713709E-13
1055.84441411063  4.285662E-13
1057.29207103116  3.369162E-13
1058.7397279517  3.466385E-13
1060.18738487224  3.671336E-13
1061.63504179277  3.636386E-13
1063.08269871331  3.682568E-13
1064.53035563385  3.529435E-13
1065.97801255439  3.416066E-13
1067.42566947492  3.614657E-13
1068.87332639546  3.224443E-13
1070.320983316  3.568505E-13
1071.76864023653  3.724285E-13
1073.21629715707  3.629759E-13
1074.66395407761  3.617105E-13
1076.11161099814  3.519217E-13
1077.55926791868  3.409767E-13
1079.00692483922  3.631610E-13
1080.45458175975  3.177778E-13
1081.90223868029  3.061343E-13
1083.34989560083  2.945887E-13
1084.79755252136  2.938424E-13
1086.2452094419  2.730226E-13
1087.69286636244  3.038087E-13
1089.14052328297  3.020407E-13
1090.58818020351  3.063377E-13
1092.03583712405  2.909812E-13
1093.48349404458  2.959312E-13
1094.93115096512  2.989295E-13
1096.37880788566  3.022851E-13
1097.82646480619  3.428935E-13
1099.27412172673  3.120540E-13
1100.72177864727  3.101233E-13
1102.1694355678  3.124786E-13
1103.61709248834  3.128484E-13
1105.06474940888  3.085047E-13
1106.51240632942  3.006497E-13
1107.96006324995  2.879694E-13
1109.40772017049  3.059422E-13
1110.85537709103  3.172196E-13
1112.30303401156  2.929522E-13
1113.7506909321  3.103273E-13
1115.19834785264  3.224142E-13
1116.64600477317  3.357979E-13
1118.09366169371  3.334199E-13
1119.54131861425  2.885560E-13
1120.98897553478  3.035634E-13
1122.43663245532  3.140084E-13
1123.88428937586  2.843215E-13
1125.33194629639  2.957491E-13
1126.77960321693  3.035248E-13
1128.22726013747  3.026066E-13
1129.674917058  3.199643E-13
1131.12257397854  3.142280E-13
1132.57023089908  2.673681E-13
1134.01788781961  3.049419E-13
1135.46554474015  3.359324E-13
1136.91320166069  3.016764E-13
1138.36085858122  2.869895E-13
1139.80851550176  2.849814E-13
1141.2561724223  3.406185E-13
1142.70382934284  2.972133E-13
1144.15148626337  3.073394E-13
1145.59914318391  3.127523E-13
1147.04680010445  2.997114E-13
1148.49445702498  2.784882E-13
1149.94211394552  2.577681E-13
1151.38977086606  2.431234E-13
1152.83742778659  2.859292E-13
1154.28508470713  2.959414E-13
1155.73274162767  3.081064E-13
1157.1803985482  2.979172E-13
1158.62805546874  3.019017E-13
1160.07571238928  2.959041E-13
1161.52336930981  3.077808E-13
1162.97102623035  3.123878E-13
1164.41868315089  3.036881E-13
1165.86634007142  3.311585E-13
1167.31399699196  3.393989E-13
1168.7616539125  3.359077E-13
1170.20931083303  3.628383E-13
1171.65696775357  3.411184E-13
1173.10462467411  3.524286E-13
1174.55228159464  3.378824E-13
1175.99993851518  3.392996E-13
1177.44759543572  3.398180E-13
1178.89525235625  3.800880E-13
1180.34290927679  3.526747E-13
1181.79056619733  3.648603E-13
1183.23822311787  3.695957E-13
1184.6858800384  4.187754E-13
1186.13353695894  4.238299E-13
1187.58119387948  4.289549E-13
1189.02885080001  4.448757E-13
1190.47650772055  4.347112E-13
1191.92416464109  4.673654E-13
1193.37182156162  5.400106E-13
1194.81947848216  5.127338E-13
1196.2671354027  4.945350E-13
1197.71479232323  5.522796E-13
1199.16244924377  5.005887E-13
1200.61010616431  5.603822E-13
1202.05776308484  5.817326E-13
1203.50542000538  6.028598E-13
1204.95307692592  7.211482E-13
1206.40073384645  8.434331E-13
1207.84839076699  8.626284E-13
1209.29604768753  9.579442E-13
1210.74370460806  9.824377E-13
1212.1913615286  1.144536E-12
1213.63901844914  1.087381E-12
1215.08667536967  1.160630E-12
1216.53433229021  1.000404E-12
1217.98198921075  9.029667E-13
1219.42964613129  8.117780E-13
1220.87730305182  7.640758E-13
1222.32495997236  5.642830E-13
1223.7726168929  5.054116E-13
1225.22027381343  5.147073E-13
1226.66793073397  5.068796E-13
1228.11558765451  5.268642E-13
1229.56324457504  4.946574E-13
1231.01090149558  4.799072E-13
1232.45855841612  5.092126E-13
1233.90621533665  4.663992E-13
1235.35387225719  4.852376E-13
1236.80152917773  5.445770E-13
1238.24918609826  5.702716E-13
1239.6968430188  4.979814E-13
1241.14449993934  4.793042E-13
1242.59215685987  4.825955E-13
1244.03981378041  4.347713E-13
1245.48747070095  4.121931E-13
1246.93512762148  3.921245E-13
1248.38278454202  4.077573E-13
1249.83044146256  3.682527E-13
1251.27809838309  3.823630E-13
1252.72575530363  3.643807E-13
1254.17341222417  3.884289E-13
1255.62106914471  4.071269E-13
1257.06872606524  3.166572E-13
1258.51638298578  2.927215E-13
1259.96403990632  3.038999E-13
1261.41169682685  3.217262E-13
1262.85935374739  2.967139E-13
1264.30701066793  3.229588E-13
1265.75466758846  3.215300E-13
1267.202324509  2.968768E-13
1268.64998142954  2.840831E-13
1270.09763835007  2.819419E-13
1271.54529527061  3.465229E-13
1272.99295219115  3.214838E-13
1274.44060911168  2.918924E-13
1275.88826603222  2.535741E-13
1277.33592295276  2.615273E-13
1278.78357987329  2.959224E-13
1280.23123679383  2.961384E-13
1281.67889371437  2.920959E-13
1283.1265506349  2.648203E-13
1284.57420755544  2.601037E-13
1286.02186447598  2.494798E-13
1287.46952139651  2.571952E-13
1288.91717831705  2.891337E-13
1290.36483523759  2.788483E-13
1291.81249215812  3.132599E-13
1293.26014907866  2.625425E-13
1294.7078059992  2.997925E-13
1296.15546291974  2.815656E-13
1297.60311984027  2.903735E-13
1299.05077676081  2.808115E-13
1300.49843368135  2.798981E-13
1301.94609060188  2.839934E-13
1303.39374752242  3.198769E-13
1304.84140444296  2.851108E-13
1306.28906136349  2.706873E-13
1307.73671828403  2.490781E-13
1309.18437520457  2.701395E-13
1310.6320321251  2.976532E-13
1312.07968904564  2.726483E-13
1313.52734596618  2.653420E-13
1314.97500288671  2.758308E-13
1316.42265980725  2.531917E-13
1317.87031672779  2.289264E-13
1319.31797364832  2.216109E-13
1320.76563056886  2.507378E-13
1322.2132874894  2.615795E-13
1323.66094440993  2.712171E-13
1325.10860133047  3.034180E-13
1326.55625825101  2.797813E-13
1328.00391517154  2.598721E-13
1329.45157209208  2.621616E-13
1330.89922901262  2.879885E-13
1332.34688593315  2.539377E-13
1333.79454285369  2.493383E-13
1335.24219977423  2.108615E-13
1336.68985669477  2.321815E-13
1338.1375136153  2.362097E-13
1339.58517053584  2.639325E-13
1341.03282745638  2.660714E-13
1342.48048437691  2.862149E-13
1343.92814129745  2.512155E-13
1345.37579821799  2.340641E-13
1346.82345513852  2.677271E-13
1348.27111205906  2.608249E-13
1349.7187689796  2.391270E-13
1351.16642590013  2.393122E-13
1352.61408282067  2.724165E-13
1354.06173974121  2.486304E-13
1355.50939666174  2.730483E-13
1356.95705358228  2.825530E-13
1358.40471050282  2.470314E-13
1359.85236742335  2.748286E-13
1361.30002434389  2.977670E-13
1362.74768126443  2.993175E-13
1364.19533818496  2.715782E-13
1365.6429951055  2.761808E-13
1367.09065202604  2.546353E-13
1368.53830894657  2.667516E-13
1369.98596586711  2.539411E-13
1371.43362278765  2.648325E-13
1372.88127970819  2.508114E-13
1374.32893662872  2.580721E-13
1375.77659354926  2.689627E-13
1377.2242504698  2.651193E-13
1378.67190739033  2.875385E-13
1380.11956431087  2.880207E-13
1381.56722123141  3.347723E-13
1383.01487815194  2.629375E-13
1384.46253507248  2.602664E-13
1385.91019199302  2.422143E-13
1387.35784891355  2.062145E-13
1388.80550583409  2.569873E-13
1390.25316275463  3.047355E-13
1391.70081967516  2.753185E-13
1393.1484765957  3.008012E-13
1394.59613351624  3.621179E-13
1396.04379043677  3.513904E-13
1397.49144735731  3.230640E-13
1398.93910427785  3.401408E-13
1400.38676119838  3.077321E-13
1401.83441811892  3.233881E-13
1403.28207503946  3.311652E-13
1404.72973195999  2.971722E-13
1406.17738888053  2.817848E-13
1407.62504580107  2.438052E-13
1409.0727027216  2.764655E-13
1410.52035964214  2.938367E-13
1411.96801656268  2.651290E-13
1413.41567348322  3.120588E-13
1414.86333040375  2.909913E-13
1416.31098732429  3.061571E-13
1417.75864424483  2.672683E-13
1419.20630116536  2.563568E-13
1420.6539580859  2.697555E-13
1422.10161500644  2.694965E-13
1423.54927192697  2.556026E-13
1424.99692884751  2.611287E-13
1426.44458576805  2.473553E-13
1427.89224268858  2.075200E-13
1429.33989960912  2.034643E-13
1430.78755652966  2.413383E-13
1432.23521345019  2.649344E-13
1433.68287037073  2.555601E-13
1435.13052729127  2.642028E-13
1436.5781842118  2.610759E-13
1438.02584113234  2.675112E-13
1439.47349805288  2.692402E-13
1440.92115497341  2.352474E-13
1442.36881189395  1.757157E-13
1443.81646881449  1.907777E-13
1445.26412573502  2.287404E-13
1446.71178265556  2.264665E-13
1448.1594395761  2.273651E-13
1449.60709649664  2.403620E-13
1451.05475341717  2.378401E-13
1452.50241033771  2.498664E-13
1453.95006725825  2.078969E-13
1455.39772417878  2.301368E-13
1456.84538109932  2.400141E-13
1458.29303801986  2.250056E-13
1459.74069494039  2.254944E-13
1461.18835186093  2.144257E-13
1462.63600878147  2.208305E-13
1464.083665702  2.478392E-13
1465.53132262254  2.213911E-13
1466.97897954308  2.025249E-13
1468.42663646361  2.414443E-13
1469.87429338415  2.581045E-13
1471.32195030469  2.225571E-13
1472.76960722522  2.185507E-13
1474.21726414576  2.441629E-13
1475.6649210663  2.321445E-13
1477.11257798683  2.148106E-13
1478.56023490737  2.355806E-13
1480.00789182791  2.516859E-13
1481.45554874844  2.289773E-13
1482.90320566898  2.217547E-13
1484.35086258952  2.450701E-13
1485.79851951005  2.689003E-13
1487.24617643059  2.563461E-13
1488.69383335113  2.231755E-13
1490.14149027167  2.341203E-13
1491.5891471922  2.566944E-13
1493.03680411274  2.329052E-13
1494.48446103328  2.182751E-13
1495.93211795381  2.108250E-13
1497.37977487435  2.430332E-13
1498.82743179489  2.416719E-13
1500.27508871542  2.561812E-13
1501.72274563596  2.711374E-13
1503.1704025565  2.482283E-13
1504.61805947703  2.219440E-13
1506.06571639757  2.412046E-13
1507.51337331811  2.496612E-13
1508.96103023864  2.488954E-13
1510.40868715918  2.337797E-13
1511.85634407972  3.020276E-13
1513.30400100025  2.873182E-13
1514.75165792079  2.785909E-13
1516.19931484133  2.440744E-13
1517.64697176186  2.478306E-13
1519.0946286824  2.696940E-13
1520.54228560294  2.857878E-13
1521.98994252347  2.773454E-13
1523.43759944401  2.884495E-13
1524.88525636455  3.043276E-13
1526.33291328509  3.247924E-13
1527.78057020562  3.287704E-13
1529.22822712616  3.161360E-13
1530.6758840467  3.175584E-13
1532.12354096723  3.116891E-13
1533.57119788777  3.697119E-13
1535.01885480831  3.884119E-13
1536.46651172884  3.834474E-13
1537.91416864938  3.997352E-13
1539.36182556992  4.313544E-13
1540.80948249045  4.383002E-13
1542.25713941099  5.191676E-13
1543.70479633153  5.059154E-13
1545.15245325206  5.015530E-13
1546.6001101726  4.844293E-13
1548.04776709314  4.567739E-13
1549.49542401367  4.720874E-13
1550.94308093421  4.345551E-13
1552.39073785475  3.831971E-13
1553.83839477528  3.886063E-13
1555.28605169582  3.656117E-13
1556.73370861636  3.430146E-13
1558.18136553689  3.306606E-13
1559.62902245743  3.159674E-13
1561.07667937797  2.769904E-13
1562.5243362985  2.677745E-13
1563.97199321904  2.789776E-13
1565.41965013958  2.883101E-13
1566.86730706012  2.637178E-13
1568.31496398065  2.613461E-13
1569.76262090119  2.737643E-13
1571.21027782173  2.705381E-13
1572.65793474226  2.699180E-13
1574.1055916628  2.498086E-13
1575.55324858334  2.446890E-13
1577.00090550387  2.655221E-13
1578.44856242441  2.750013E-13
1579.89621934495  2.915478E-13
1581.34387626548  2.700635E-13
1582.79153318602  2.536599E-13
1584.23919010656  2.531336E-13
1585.68684702709  2.348819E-13
1587.13450394763  2.333812E-13
1588.58216086817  2.270929E-13
1590.0298177887  2.359746E-13
1591.47747470924  2.426990E-13
1592.92513162978  2.431713E-13
1594.37278855031  2.383943E-13
1595.82044547085  2.366727E-13
1597.26810239139  2.418836E-13
1598.71575931192  2.334203E-13
1600.16341623246  2.423147E-13
1601.611073153  2.408515E-13
1603.05873007354  2.301391E-13
1604.50638699407  2.388568E-13
1605.95404391461  2.349558E-13
1607.40170083515  2.449054E-13
1608.84935775568  2.514614E-13
1610.29701467622  2.383164E-13
1611.74467159676  2.218610E-13
1613.19232851729  2.270901E-13
1614.63998543783  2.405053E-13
1616.08764235837  2.490154E-13
1617.5352992789  2.405359E-13
1618.98295619944  2.311303E-13
1620.43061311998  2.363596E-13
1621.87827004051  2.396467E-13
1623.32592696105  2.430885E-13
1624.77358388159  2.505695E-13
1626.22124080212  2.584071E-13
1627.66889772266  2.504264E-13
1629.1165546432  2.366543E-13
1630.56421156373  2.492614E-13
1632.01186848427  2.493030E-13
1633.45952540481  2.486239E-13
1634.90718232534  2.550347E-13
1636.35483924588  2.541028E-13
1637.80249616642  2.421142E-13
1639.25015308695  2.357346E-13
1640.69781000749  2.209293E-13
1642.14546692803  2.107673E-13
1643.59312384857  2.160205E-13
1645.0407807691  2.162517E-13
1646.48843768964  2.297123E-13
1647.93609461018  2.216102E-13
1649.38375153071  2.244294E-13
1650.83140845125  2.235188E-13
1652.27906537179  2.292514E-13
1653.72672229232  2.239988E-13
1655.17437921286  2.161916E-13
1656.6220361334  2.268368E-13
1658.06969305393  2.300963E-13
1659.51734997447  2.189190E-13
1660.96500689501  2.284615E-13
1662.41266381554  2.359544E-13
1663.86032073608  2.420925E-13
1665.30797765662  2.333291E-13
1666.75563457715  2.331919E-13
1668.20329149769  2.339732E-13
1669.65094841823  2.178537E-13
1671.09860533876  2.110327E-13
1672.5462622593  2.230525E-13
1673.99391917984  2.286557E-13
1675.44157610038  2.245080E-13
1676.88923302091  2.129491E-13
1678.33688994145  1.989759E-13
1679.78454686199  1.942688E-13
1681.23220378252  1.989563E-13
1682.67986070306  1.993746E-13
1684.1275176236  2.037486E-13
1685.57517454413  1.930487E-13
1687.02283146467  1.949728E-13
1688.47048838521  1.966253E-13
1689.91814530574  2.003006E-13
1691.36580222628  2.081065E-13
1692.81345914682  2.104717E-13
1694.26111606735  2.036463E-13
1695.70877298789  1.898280E-13
1697.15642990843  2.070385E-13
1698.60408682896  2.133965E-13
1700.0517437495  2.084990E-13
1701.49940067004  2.056527E-13
1702.94705759057  2.016914E-13
1704.39471451111  2.009865E-13
1705.84237143165  2.024775E-13
1707.29002835218  2.140776E-13
1708.73768527272  2.112545E-13
1710.18534219326  0.
1711.63299911379  0.
1713.08065603433  0.
1714.52831295487  0.
1715.97596987541  0.
1717.42362679594  0.
1718.87128371648  0.
1720.31894063702  0.
1721.76659755755  0.
1723.21425447809  0.
1724.66191139863  0.
1726.10956831916  0.
1727.5572252397  0.
1729.00488216024  0.
1730.45253908077  0.
1731.90019600131  0.
1733.34785292185  0.
1734.79550984238  0.
1736.24316676292  0.
1737.69082368346  0.
1739.13848060399  0.
1740.58613752453  0.
1742.03379444507  0.
1743.4814513656  0.
1744.92910828614  0.
1746.37676520668  0.
1747.82442212721  0.
1749.27207904775  0.
1750.71973596829  0.
1752.16739288882  0.
1753.61504980936  0.
1755.0627067299  0.
1756.51036365043  0.
1757.95802057097  0.
1759.40567749151  0.
1760.85333441205  0.
1762.30099133258  0.
1763.74864825312  0.
1765.19630517366  0.
1766.64396209419  0.
1768.09161901473  0.
1769.53927593527  0.
1770.9869328558  0.
1772.43458977634  0.
1773.88224669688  0.
1775.32990361741  0.
1776.77756053795  0.
1778.22521745849  0.
1779.67287437902  0.
1781.12053129956  0.
1782.5681882201  0.
1784.01584514063  0.
1785.46350206117  0.
1786.91115898171  0.
1788.35881590224  0.
1789.80647282278  0.
1791.25412974332  0.
1792.70178666385  0.
1794.14944358439  0.
1795.59710050493  0.
1797.04475742547  0.
1798.492414346  0.
1799.94007126654  0.
1801.38772818708  0.
1802.83538510761  0.
1804.28304202815  0.
1805.73069894869  0.
1807.17835586922  0.
1808.62601278976  0.
1810.0736697103  0.
1811.52132663083  0.
1812.96898355137  0.
1814.41664047191  0.
1815.86429739244  0.
1817.31195431298  0.
1818.75961123352  0.
1820.20726815405  0.
1821.65492507459  0.
1823.10258199513  0.
1824.55023891566  0.
1825.9978958362  0.
1827.44555275674  0.
1828.89320967727  0.
1830.34086659781  0.
1831.78852351835  0.
