906.735751295338  0.
908.183408215875  0.
909.631065136412  0.
911.078722056949  0.
912.526378977485  0.
913.974035898022  0.
915.421692818559  0.
916.869349739096  0.
918.317006659633  0.
919.764663580169  0.
921.212320500706  0.
922.659977421243  0.
924.10763434178  0.
925.555291262316  0.
927.002948182853  0.
928.45060510339  0.
929.898262023927  0.
931.345918944464  0.
932.793575865  0.
934.241232785537  0.
935.688889706074  0.
937.136546626611  0.
938.584203547148  0.
940.031860467684  0.
941.479517388221  0.
942.927174308758  0.
944.374831229295  0.
945.822488149832  0.
947.270145070369  0.
948.717801990905  0.
950.165458911442  0.
951.613115831979  0.
953.060772752515  0.
954.508429673052  0.
955.956086593589  0.
957.403743514126  0.
958.851400434663  0.
960.2990573552  0.
961.746714275736  0.
963.194371196273  0.
964.64202811681  0.
966.089685037347  0.
967.537341957883  0.
968.98499887842  0.
970.432655798957  0.
971.880312719494  0.
973.327969640031  0.
974.775626560567  0.
976.223283481104  0.
977.670940401641  0.
979.118597322178  0.
980.566254242715  0.
982.013911163251  0.
983.461568083788  0.
984.909225004325  0.
986.356881924862  0.
987.804538845399  0.
989.252195765935  0.
990.699852686472  0.
992.147509607009  0.
993.595166527546  1.196491E-13
995.042823448082  3.808356E-13
996.490480368619  3.530953E-13
997.938137289156  4.648641E-13
999.385794209693  6.775358E-13
1000.83345113023  5.644639E-13
1002.28110805077  5.096754E-13
1003.7287649713  3.606007E-13
1005.17642189184  2.747040E-13
1006.62407881238  3.583431E-13
1008.07173573291  3.522898E-13
1009.51939265345  4.345325E-13
1010.96704957399  3.985310E-13
1012.41470649452  2.982465E-13
1013.86236341506  3.803902E-13
1015.3100203356  4.657875E-13
1016.75767725613  3.994427E-13
1018.20533417667  5.000011E-13
1019.65299109721  4.710987E-13
1021.10064801775  4.657340E-13
1022.54830493828  4.634865E-13
1023.99596185882  3.969421E-13
1025.44361877936  6.124378E-13
1026.89127569989  5.856037E-13
1028.33893262043  4.507921E-13
1029.78658954097  5.090178E-13
1031.2342464615  5.192635E-13
1032.68190338204  3.976768E-13
1034.12956030258  4.492847E-13
1035.57721722311  4.687027E-13
1037.02487414365  4.668294E-13
1038.47253106419  4.664375E-13
1039.92018798472  3.888019E-13
1041.36784490526  3.641595E-13
1042.8155018258  3.739201E-13
1044.26315874633  4.127185E-13
1045.71081566687  4.226217E-13
1047.15847258741  4.759470E-13
1048.60612950794  3.633909E-13
1050.05378642848  3.235683E-13
1051.50144334902  4.041948E-13
1052.94910026955  3.901531E-13
1054.39675719009  4.156249E-13
1055.84441411063  3.467103E-13
1057.29207103116  3.078701E-13
1058.7397279517  3.083158E-13
1060.18738487224  3.470380E-13
1061.63504179277  3.710014E-13
1063.08269871331  3.658251E-13
1064.53035563385  3.479291E-13
1065.97801255439  3.020521E-13
1067.42566947492  3.269119E-13
1068.87332639546  3.160040E-13
1070.320983316  3.656552E-13
1071.76864023653  3.526254E-13
1073.21629715707  3.524893E-13
1074.66395407761  3.340461E-13
1076.11161099814  3.657468E-13
1077.55926791868  4.072583E-13
1079.00692483922  3.782408E-13
1080.45458175975  3.236001E-13
1081.90223868029  2.986961E-13
1083.34989560083  3.038183E-13
1084.79755252136  3.206198E-13
1086.2452094419  2.859738E-13
1087.69286636244  2.758063E-13
1089.14052328297  3.051826E-13
1090.58818020351  3.119702E-13
1092.03583712405  2.955001E-13
1093.48349404458  3.346920E-13
1094.93115096512  3.224996E-13
1096.37880788566  3.073722E-13
1097.82646480619  3.198260E-13
1099.27412172673  2.959589E-13
1100.72177864727  2.820717E-13
1102.1694355678  2.729908E-13
1103.61709248834  3.154766E-13
1105.06474940888  2.995152E-13
1106.51240632942  2.935624E-13
1107.96006324995  3.134425E-13
1109.40772017049  3.279135E-13
1110.85537709103  3.603971E-13
1112.30303401156  3.077967E-13
1113.7506909321  3.046962E-13
1115.19834785264  3.180530E-13
1116.64600477317  2.972927E-13
1118.09366169371  3.340869E-13
1119.54131861425  2.904129E-13
1120.98897553478  2.884685E-13
1122.43663245532  2.854690E-13
1123.88428937586  2.530074E-13
1125.33194629639  2.603499E-13
1126.77960321693  2.986632E-13
1128.22726013747  2.828989E-13
1129.674917058  2.823461E-13
1131.12257397854  3.156575E-13
1132.57023089908  3.143554E-13
1134.01788781961  3.524164E-13
1135.46554474015  3.597547E-13
1136.91320166069  2.972402E-13
1138.36085858122  2.993936E-13
1139.80851550176  2.950644E-13
1141.2561724223  2.733787E-13
1142.70382934284  2.815276E-13
1144.15148626337  3.041149E-13
1145.59914318391  3.648504E-13
1147.04680010445  3.179372E-13
1148.49445702498  3.393587E-13
1149.94211394552  3.242731E-13
1151.38977086606  2.890018E-13
1152.83742778659  2.844714E-13
1154.28508470713  2.719205E-13
1155.73274162767  2.892934E-13
1157.1803985482  3.440123E-13
1158.62805546874  3.636557E-13
1160.07571238928  3.308099E-13
1161.52336930981  3.425807E-13
1162.97102623035  3.472879E-13
1164.41868315089  3.101299E-13
1165.86634007142  3.763828E-13
1167.31399699196  3.444005E-13
1168.7616539125  3.808187E-13
1170.20931083303  3.558000E-13
1171.65696775357  3.725121E-13
1173.10462467411  3.494443E-13
1174.55228159464  3.850898E-13
1175.99993851518  3.946694E-13
1177.44759543572  3.589471E-13
1178.89525235625  4.014519E-13
1180.34290927679  4.071077E-13
1181.79056619733  3.663164E-13
1183.23822311787  3.991834E-13
1184.6858800384  3.547852E-13
1186.13353695894  4.211510E-13
1187.58119387948  4.148601E-13
1189.02885080001  4.432752E-13
1190.47650772055  4.462291E-13
1191.92416464109  4.408924E-13
1193.37182156162  4.677482E-13
1194.81947848216  5.440777E-13
1196.2671354027  5.133932E-13
1197.71479232323  5.345484E-13
1199.16244924377  4.854735E-13
1200.61010616431  5.634302E-13
1202.05776308484  5.467886E-13
1203.50542000538  5.908550E-13
1204.95307692592  6.203508E-13
1206.40073384645  7.548829E-13
1207.84839076699  7.681018E-13
1209.29604768753  1.026447E-12
1210.74370460806  9.187834E-13
1212.1913615286  1.145173E-12
1213.63901844914  1.151115E-12
1215.08667536967  1.232671E-12
1216.53433229021  1.195237E-12
1217.98198921075  1.040532E-12
1219.42964613129  9.188507E-13
1220.87730305182  8.916414E-13
1222.32495997236  6.515423E-13
1223.7726168929  5.690100E-13
1225.22027381343  5.620100E-13
1226.66793073397  5.412782E-13
1228.11558765451  5.488814E-13
1229.56324457504  5.359239E-13
1231.01090149558  5.162706E-13
1232.45855841612  5.418651E-13
1233.90621533665  4.936308E-13
1235.35387225719  4.767933E-13
1236.80152917773  5.074938E-13
1238.24918609826  5.479062E-13
1239.6968430188  5.260108E-13
1241.14449993934  5.017628E-13
1242.59215685987  4.813578E-13
1244.03981378041  3.886782E-13
1245.48747070095  3.969282E-13
1246.93512762148  4.192667E-13
1248.38278454202  4.488063E-13
1249.83044146256  3.941351E-13
1251.27809838309  3.639138E-13
1252.72575530363  3.161564E-13
1254.17341222417  3.689598E-13
1255.62106914471  3.750286E-13
1257.06872606524  3.192207E-13
1258.51638298578  3.055902E-13
1259.96403990632  3.064727E-13
1261.41169682685  3.468380E-13
1262.85935374739  3.498592E-13
1264.30701066793  3.569179E-13
1265.75466758846  3.368992E-13
1267.202324509  2.933582E-13
1268.64998142954  2.984542E-13
1270.09763835007  3.059914E-13
1271.54529527061  3.032737E-13
1272.99295219115  3.033035E-13
1274.44060911168  2.793770E-13
1275.88826603222  2.791952E-13
1277.33592295276  2.434545E-13
1278.78357987329  2.913540E-13
1280.23123679383  2.562296E-13
1281.67889371437  2.725843E-13
1283.1265506349  2.760960E-13
1284.57420755544  2.871490E-13
1286.02186447598  2.901789E-13
1287.46952139651  2.759672E-13
1288.91717831705  3.254052E-13
1290.36483523759  3.022121E-13
1291.81249215812  2.786143E-13
1293.26014907866  2.516752E-13
1294.7078059992  3.167133E-13
1296.15546291974  3.161226E-13
1297.60311984027  2.782341E-13
1299.05077676081  2.379591E-13
1300.49843368135  2.882004E-13
1301.94609060188  3.233631E-13
1303.39374752242  2.894998E-13
1304.84140444296  2.513526E-13
1306.28906136349  2.677157E-13
1307.73671828403  2.532148E-13
1309.18437520457  2.722914E-13
1310.6320321251  2.642535E-13
1312.07968904564  2.365341E-13
1313.52734596618  2.776384E-13
1314.97500288671  2.678029E-13
1316.42265980725  2.698462E-13
1317.87031672779  2.447781E-13
1319.31797364832  2.023002E-13
1320.76563056886  2.416922E-13
1322.2132874894  2.672476E-13
1323.66094440993  2.952030E-13
1325.10860133047  2.959285E-13
1326.55625825101  2.558435E-13
1328.00391517154  2.761353E-13
1329.45157209208  2.922722E-13
1330.89922901262  2.768725E-13
1332.34688593315  2.594834E-13
1333.79454285369  2.906198E-13
1335.24219977423  2.580149E-13
1336.68985669477  2.359896E-13
1338.1375136153  2.218096E-13
1339.58517053584  2.556411E-13
1341.03282745638  2.624052E-13
1342.48048437691  2.827066E-13
1343.92814129745  2.509475E-13
1345.37579821799  2.363978E-13
1346.82345513852  2.078647E-13
1348.27111205906  2.248108E-13
1349.7187689796  2.287606E-13
1351.16642590013  2.899504E-13
1352.61408282067  3.091054E-13
1354.06173974121  2.494069E-13
1355.50939666174  2.678331E-13
1356.95705358228  2.732819E-13
1358.40471050282  2.368689E-13
1359.85236742335  2.547939E-13
1361.30002434389  2.872026E-13
1362.74768126443  2.635696E-13
1364.19533818496  2.554765E-13
1365.6429951055  2.459499E-13
1367.09065202604  2.263263E-13
1368.53830894657  2.958328E-13
1369.98596586711  3.033254E-13
1371.43362278765  2.769569E-13
1372.88127970819  2.541207E-13
1374.32893662872  2.524657E-13
1375.77659354926  2.611699E-13
1377.2242504698  2.462097E-13
1378.67190739033  2.603439E-13
1380.11956431087  2.742815E-13
1381.56722123141  2.829258E-13
1383.01487815194  2.075185E-13
1384.46253507248  2.214492E-13
1385.91019199302  2.707529E-13
1387.35784891355  2.945402E-13
1388.80550583409  2.675259E-13
1390.25316275463  3.108445E-13
1391.70081967516  2.879669E-13
1393.1484765957  2.709344E-13
1394.59613351624  2.862969E-13
1396.04379043677  3.119974E-13
1397.49144735731  3.192077E-13
1398.93910427785  3.345906E-13
1400.38676119838  3.377482E-13
1401.83441811892  3.470647E-13
1403.28207503946  3.095108E-13
1404.72973195999  2.892925E-13
1406.17738888053  2.768389E-13
1407.62504580107  2.708216E-13
1409.0727027216  2.899321E-13
1410.52035964214  2.932833E-13
1411.96801656268  2.640407E-13
1413.41567348322  2.680141E-13
1414.86333040375  2.601561E-13
1416.31098732429  2.926305E-13
1417.75864424483  2.726553E-13
1419.20630116536  2.655913E-13
1420.6539580859  2.604180E-13
1422.10161500644  2.800515E-13
1423.54927192697  2.792700E-13
1424.99692884751  2.500755E-13
1426.44458576805  2.425216E-13
1427.89224268858  2.265195E-13
1429.33989960912  2.479501E-13
1430.78755652966  2.437815E-13
1432.23521345019  2.460466E-13
1433.68287037073  2.786910E-13
1435.13052729127  2.579797E-13
1436.5781842118  2.734409E-13
1438.02584113234  2.609872E-13
1439.47349805288  2.480397E-13
1440.92115497341  2.335234E-13
1442.36881189395  2.221253E-13
1443.81646881449  2.187539E-13
1445.26412573502  2.191985E-13
1446.71178265556  2.372492E-13
1448.1594395761  2.353137E-13
1449.60709649664  2.382216E-13
1451.05475341717  2.149576E-13
1452.50241033771  2.286888E-13
1453.95006725825  2.227016E-13
1455.39772417878  2.720698E-13
1456.84538109932  2.403723E-13
1458.29303801986  2.336641E-13
1459.74069494039  2.251325E-13
1461.18835186093  2.238496E-13
1462.63600878147  2.278289E-13
1464.083665702  2.489075E-13
1465.53132262254  2.431582E-13
1466.97897954308  2.516652E-13
1468.42663646361  2.538966E-13
1469.87429338415  2.537971E-13
1471.32195030469  2.488684E-13
1472.76960722522  2.343301E-13
1474.21726414576  2.241131E-13
1475.6649210663  2.143015E-13
1477.11257798683  2.328491E-13
1478.56023490737  2.274432E-13
1480.00789182791  2.309997E-13
1481.45554874844  2.468590E-13
1482.90320566898  2.456207E-13
1484.35086258952  2.634916E-13
1485.79851951005  2.610853E-13
1487.24617643059  2.434347E-13
1488.69383335113  2.086164E-13
1490.14149027167  2.124769E-13
1491.5891471922  2.212738E-13
1493.03680411274  2.147666E-13
1494.48446103328  2.397652E-13
1495.93211795381  2.189271E-13
1497.37977487435  2.163657E-13
1498.82743179489  2.165131E-13
1500.27508871542  2.535499E-13
1501.72274563596  2.651846E-13
1503.1704025565  2.594797E-13
1504.61805947703  2.394716E-13
1506.06571639757  2.503052E-13
1507.51337331811  2.371436E-13
1508.96103023864  2.619105E-13
1510.40868715918  2.468566E-13
1511.85634407972  2.622975E-13
1513.30400100025  2.780451E-13
1514.75165792079  2.836454E-13
1516.19931484133  2.729543E-13
1517.64697176186  2.928722E-13
1519.0946286824  2.986594E-13
1520.54228560294  3.086151E-13
1521.98994252347  3.330303E-13
1523.43759944401  2.964167E-13
1524.88525636455  2.841918E-13
1526.33291328509  3.107227E-13
1527.78057020562  3.396344E-13
1529.22822712616  3.132816E-13
1530.6758840467  2.821201E-13
1532.12354096723  3.076265E-13
1533.57119788777  3.604675E-13
1535.01885480831  3.750790E-13
1536.46651172884  3.685047E-13
1537.91416864938  3.938481E-13
1539.36182556992  4.278437E-13
1540.80948249045  4.432269E-13
1542.25713941099  4.622261E-13
1543.70479633153  4.671033E-13
1545.15245325206  5.140370E-13
1546.6001101726  4.982215E-13
1548.04776709314  4.754305E-13
1549.49542401367  4.734495E-13
1550.94308093421  4.568305E-13
1552.39073785475  4.076172E-13
1553.83839477528  3.748708E-13
1555.28605169582  3.570973E-13
1556.73370861636  3.401810E-13
1558.18136553689  3.223750E-13
1559.62902245743  3.185029E-13
1561.07667937797  3.131929E-13
1562.5243362985  3.111869E-13
1563.97199321904  3.015275E-13
1565.41965013958  2.969607E-13
1566.86730706012  2.857780E-13
1568.31496398065  2.735769E-13
1569.76262090119  2.608906E-13
1571.21027782173  2.498275E-13
1572.65793474226  2.560916E-13
1574.1055916628  2.355058E-13
1575.55324858334  2.350131E-13
1577.00090550387  2.399578E-13
1578.44856242441  2.393382E-13
1579.89621934495  2.531209E-13
1581.34387626548  2.692102E-13
1582.79153318602  2.589869E-13
1584.23919010656  2.494710E-13
1585.68684702709  2.358103E-13
1587.13450394763  2.387742E-13
1588.58216086817  2.230541E-13
1590.0298177887  2.162641E-13
1591.47747470924  2.292308E-13
1592.92513162978  2.467467E-13
1594.37278855031  2.338522E-13
1595.82044547085  2.314707E-13
1597.26810239139  2.258250E-13
1598.71575931192  2.176735E-13
1600.16341623246  2.281767E-13
1601.611073153  2.326297E-13
1603.05873007354  2.234544E-13
1604.50638699407  2.390605E-13
1605.95404391461  2.401117E-13
1607.40170083515  2.570966E-13
1608.84935775568  2.550087E-13
1610.29701467622  2.513290E-13
1611.74467159676  2.274086E-13
1613.19232851729  2.181411E-13
1614.63998543783  2.310739E-13
1616.08764235837  2.394181E-13
1617.5352992789  2.352104E-13
1618.98295619944  2.296758E-13
1620.43061311998  2.287917E-13
1621.87827004051  2.251586E-13
1623.32592696105  2.190694E-13
1624.77358388159  2.283489E-13
1626.22124080212  2.328173E-13
1627.66889772266  2.253901E-13
1629.1165546432  2.351774E-13
1630.56421156373  2.498506E-13
1632.01186848427  2.413589E-13
1633.45952540481  2.309939E-13
1634.90718232534  2.329784E-13
1636.35483924588  2.247234E-13
1637.80249616642  2.157450E-13
1639.25015308695  2.150070E-13
1640.69781000749  2.129423E-13
1642.14546692803  2.228716E-13
1643.59312384857  2.365345E-13
1645.0407807691  2.520142E-13
1646.48843768964  2.515721E-13
1647.93609461018  2.402493E-13
1649.38375153071  2.400645E-13
1650.83140845125  2.192356E-13
1652.27906537179  2.192798E-13
1653.72672229232  2.135858E-13
1655.17437921286  2.169718E-13
1656.6220361334  2.252273E-13
1658.06969305393  2.209649E-13
1659.51734997447  2.183729E-13
1660.96500689501  2.142061E-13
1662.41266381554  2.219116E-13
1663.86032073608  2.231626E-13
1665.30797765662  2.248993E-13
1666.75563457715  2.270897E-13
1668.20329149769  2.219640E-13
1669.65094841823  2.171232E-13
1671.09860533876  2.092359E-13
1672.5462622593  2.049956E-13
1673.99391917984  2.005387E-13
1675.44157610038  2.077811E-13
1676.88923302091  2.133687E-13
1678.33688994145  2.183342E-13
1679.78454686199  2.090678E-13
1681.23220378252  2.108285E-13
1682.67986070306  2.053582E-13
1684.1275176236  2.177083E-13
1685.57517454413  2.139609E-13
1687.02283146467  2.153765E-13
1688.47048838521  2.034162E-13
1689.91814530574  2.027492E-13
1691.36580222628  2.042526E-13
1692.81345914682  1.994602E-13
1694.26111606735  1.956878E-13
1695.70877298789  1.937681E-13
1697.15642990843  2.142381E-13
1698.60408682896  2.198264E-13
1700.0517437495  2.245259E-13
1701.49940067004  2.180361E-13
1702.94705759057  2.126649E-13
1704.39471451111  1.978140E-13
1705.84237143165  1.948594E-13
1707.29002835218  1.929129E-13
1708.73768527272  1.876185E-13
1710.18534219326  0.
1711.63299911379  0.
1713.08065603433  0.
1714.52831295487  0.
1715.97596987541  0.
1717.42362679594  0.
1718.87128371648  0.
1720.31894063702  0.
1721.76659755755  0.
1723.21425447809  0.
1724.66191139863  0.
1726.10956831916  0.
1727.5572252397  0.
1729.00488216024  0.
1730.45253908077  0.
1731.90019600131  0.
1733.34785292185  0.
1734.79550984238  0.
1736.24316676292  0.
1737.69082368346  0.
1739.13848060399  0.
1740.58613752453  0.
1742.03379444507  0.
1743.4814513656  0.
1744.92910828614  0.
1746.37676520668  0.
1747.82442212721  0.
1749.27207904775  0.
1750.71973596829  0.
1752.16739288882  0.
1753.61504980936  0.
1755.0627067299  0.
1756.51036365043  0.
1757.95802057097  0.
1759.40567749151  0.
1760.85333441205  0.
1762.30099133258  0.
1763.74864825312  0.
1765.19630517366  0.
1766.64396209419  0.
1768.09161901473  0.
1769.53927593527  0.
1770.9869328558  0.
1772.43458977634  0.
1773.88224669688  0.
1775.32990361741  0.
1776.77756053795  0.
1778.22521745849  0.
1779.67287437902  0.
1781.12053129956  0.
1782.5681882201  0.
1784.01584514063  0.
1785.46350206117  0.
1786.91115898171  0.
1788.35881590224  0.
1789.80647282278  0.
1791.25412974332  0.
1792.70178666385  0.
1794.14944358439  0.
1795.59710050493  0.
1797.04475742547  0.
1798.492414346  0.
1799.94007126654  0.
1801.38772818708  0.
1802.83538510761  0.
1804.28304202815  0.
1805.73069894869  0.
1807.17835586922  0.
1808.62601278976  0.
1810.0736697103  0.
1811.52132663083  0.
1812.96898355137  0.
1814.41664047191  0.
1815.86429739244  0.
1817.31195431298  0.
1818.75961123352  0.
1820.20726815405  0.
1821.65492507459  0.
1823.10258199513  0.
1824.55023891566  0.
1825.9978958362  0.
1827.44555275674  0.
1828.89320967727  0.
1830.34086659781  0.
1831.78852351835  0.
