906.735751295338  0.
908.183408215875  0.
909.631065136412  0.
911.078722056949  0.
912.526378977485  0.
913.974035898022  0.
915.421692818559  0.
916.869349739096  0.
918.317006659633  0.
919.764663580169  0.
921.212320500706  0.
922.659977421243  0.
924.10763434178  0.
925.555291262316  0.
927.002948182853  0.
928.45060510339  0.
929.898262023927  0.
931.345918944464  0.
932.793575865  0.
934.241232785537  0.
935.688889706074  0.
937.136546626611  0.
938.584203547148  0.
940.031860467684  0.
941.479517388221  0.
942.927174308758  0.
944.374831229295  0.
945.822488149832  0.
947.270145070369  0.
948.717801990905  0.
950.165458911442  0.
951.613115831979  0.
953.060772752515  0.
954.508429673052  0.
955.956086593589  0.
957.403743514126  0.
958.851400434663  0.
960.2990573552  0.
961.746714275736  0.
963.194371196273  0.
964.64202811681  0.
966.089685037347  0.
967.537341957883  0.
968.98499887842  0.
970.432655798957  0.
971.880312719494  0.
973.327969640031  0.
974.775626560567  0.
976.223283481104  0.
977.670940401641  0.
979.118597322178  0.
980.566254242715  0.
982.013911163251  0.
983.461568083788  0.
984.909225004325  0.
986.356881924862  0.
987.804538845399  0.
989.252195765935  0.
990.699852686472  0.
992.147509607009  0.
993.595166527546  4.488194E-14
995.042823448082  3.429257E-13
996.490480368619  1.099868E-13
997.938137289156  2.749516E-13
999.385794209693  4.829284E-13
1000.83345113023  3.697431E-13
1002.28110805077  4.223546E-13
1003.7287649713  3.495194E-13
1005.17642189184  3.916538E-13
1006.62407881238  5.728186E-13
1008.07173573291  4.005189E-13
1009.51939265345  3.799348E-13
1010.96704957399  2.648017E-13
1012.41470649452  3.430685E-13
1013.86236341506  3.414821E-13
1015.3100203356  4.485260E-13
1016.75767725613  4.023070E-13
1018.20533417667  5.323713E-13
1019.65299109721  4.491955E-13
1021.10064801775  4.945427E-13
1022.54830493828  4.382452E-13
1023.99596185882  4.016723E-13
1025.44361877936  5.159927E-13
1026.89127569989  5.022710E-13
1028.33893262043  4.273936E-13
1029.78658954097  4.993980E-13
1031.2342464615  5.327116E-13
1032.68190338204  4.960113E-13
1034.12956030258  4.709584E-13
1035.57721722311  4.331145E-13
1037.02487414365  4.600099E-13
1038.47253106419  4.738083E-13
1039.92018798472  4.230003E-13
1041.36784490526  3.787960E-13
1042.8155018258  3.301321E-13
1044.26315874633  3.648508E-13
1045.71081566687  4.168313E-13
1047.15847258741  4.006520E-13
1048.60612950794  3.355350E-13
1050.05378642848  3.145569E-13
1051.50144334902  3.232902E-13
1052.94910026955  3.275305E-13
1054.39675719009  4.079614E-13
1055.84441411063  3.752795E-13
1057.29207103116  3.180306E-13
1058.7397279517  3.507679E-13
1060.18738487224  3.347049E-13
1061.63504179277  3.554863E-13
1063.08269871331  3.707972E-13
1064.53035563385  3.540899E-13
1065.97801255439  3.305141E-13
1067.42566947492  4.029979E-13
1068.87332639546  3.562298E-13
1070.320983316  3.533060E-13
1071.76864023653  3.657631E-13
1073.21629715707  3.451444E-13
1074.66395407761  3.612152E-13
1076.11161099814  3.899561E-13
1077.55926791868  3.772832E-13
1079.00692483922  3.433730E-13
1080.45458175975  3.427709E-13
1081.90223868029  3.415195E-13
1083.34989560083  3.167355E-13
1084.79755252136  2.986790E-13
1086.2452094419  3.285040E-13
1087.69286636244  2.848362E-13
1089.14052328297  3.087135E-13
1090.58818020351  3.052838E-13
1092.03583712405  2.915184E-13
1093.48349404458  3.089619E-13
1094.93115096512  3.287867E-13
1096.37880788566  2.795108E-13
1097.82646480619  2.769440E-13
1099.27412172673  2.872053E-13
1100.72177864727  3.011683E-13
1102.1694355678  3.027128E-13
1103.61709248834  3.275776E-13
1105.06474940888  3.382207E-13
1106.51240632942  3.203185E-13
1107.96006324995  3.059439E-13
1109.40772017049  3.008421E-13
1110.85537709103  3.323456E-13
1112.30303401156  3.073792E-13
1113.7506909321  3.058098E-13
1115.19834785264  3.152601E-13
1116.64600477317  3.145841E-13
1118.09366169371  3.167987E-13
1119.54131861425  2.763852E-13
1120.98897553478  2.793585E-13
1122.43663245532  2.910169E-13
1123.88428937586  2.822074E-13
1125.33194629639  2.465076E-13
1126.77960321693  2.734533E-13
1128.22726013747  2.699022E-13
1129.674917058  3.031650E-13
1131.12257397854  2.959671E-13
1132.57023089908  2.976429E-13
1134.01788781961  3.425108E-13
1135.46554474015  3.598328E-13
1136.91320166069  3.583696E-13
1138.36085858122  3.227091E-13
1139.80851550176  3.088271E-13
1141.2561724223  3.493020E-13
1142.70382934284  2.775891E-13
1144.15148626337  2.763288E-13
1145.59914318391  2.885402E-13
1147.04680010445  2.981249E-13
1148.49445702498  2.911180E-13
1149.94211394552  3.178313E-13
1151.38977086606  2.860706E-13
1152.83742778659  2.990256E-13
1154.28508470713  2.739477E-13
1155.73274162767  2.921004E-13
1157.1803985482  3.312767E-13
1158.62805546874  3.138928E-13
1160.07571238928  3.308851E-13
1161.52336930981  3.392007E-13
1162.97102623035  3.308720E-13
1164.41868315089  3.039171E-13
1165.86634007142  3.321137E-13
1167.31399699196  3.538469E-13
1168.7616539125  3.444465E-13
1170.20931083303  3.499079E-13
1171.65696775357  3.701939E-13
1173.10462467411  3.233838E-13
1174.55228159464  3.219863E-13
1175.99993851518  3.590981E-13
1177.44759543572  3.808565E-13
1178.89525235625  3.923643E-13
1180.34290927679  3.573582E-13
1181.79056619733  3.515367E-13
1183.23822311787  3.971756E-13
1184.6858800384  3.714533E-13
1186.13353695894  3.785569E-13
1187.58119387948  4.140162E-13
1189.02885080001  4.617154E-13
1190.47650772055  4.363371E-13
1191.92416464109  4.493883E-13
1193.37182156162  5.055504E-13
1194.81947848216  5.679216E-13
1196.2671354027  4.945292E-13
1197.71479232323  5.002076E-13
1199.16244924377  5.260000E-13
1200.61010616431  5.606923E-13
1202.05776308484  6.066701E-13
1203.50542000538  5.850155E-13
1204.95307692592  5.734690E-13
1206.40073384645  7.651953E-13
1207.84839076699  8.040197E-13
1209.29604768753  9.265339E-13
1210.74370460806  9.976825E-13
1212.1913615286  1.040910E-12
1213.63901844914  1.139893E-12
1215.08667536967  1.189795E-12
1216.53433229021  1.057092E-12
1217.98198921075  1.079276E-12
1219.42964613129  9.418508E-13
1220.87730305182  8.852448E-13
1222.32495997236  6.652012E-13
1223.7726168929  5.876061E-13
1225.22027381343  6.386933E-13
1226.66793073397  5.471536E-13
1228.11558765451  5.200297E-13
1229.56324457504  5.110069E-13
1231.01090149558  4.673908E-13
1232.45855841612  4.904913E-13
1233.90621533665  5.028028E-13
1235.35387225719  5.128387E-13
1236.80152917773  5.146545E-13
1238.24918609826  5.428158E-13
1239.6968430188  4.686146E-13
1241.14449993934  4.518435E-13
1242.59215685987  5.131107E-13
1244.03981378041  4.928004E-13
1245.48747070095  4.724101E-13
1246.93512762148  4.144852E-13
1248.38278454202  4.152774E-13
1249.83044146256  3.719189E-13
1251.27809838309  3.338877E-13
1252.72575530363  3.583201E-13
1254.17341222417  3.645507E-13
1255.62106914471  3.728313E-13
1257.06872606524  3.140521E-13
1258.51638298578  3.315113E-13
1259.96403990632  3.417279E-13
1261.41169682685  3.659034E-13
1262.85935374739  3.445293E-13
1264.30701066793  3.078031E-13
1265.75466758846  2.911432E-13
1267.202324509  2.564260E-13
1268.64998142954  2.953171E-13
1270.09763835007  2.985700E-13
1271.54529527061  2.423174E-13
1272.99295219115  2.660921E-13
1274.44060911168  2.892742E-13
1275.88826603222  2.950457E-13
1277.33592295276  2.726500E-13
1278.78357987329  2.916152E-13
1280.23123679383  2.782244E-13
1281.67889371437  2.553548E-13
1283.1265506349  2.631954E-13
1284.57420755544  3.038005E-13
1286.02186447598  2.856492E-13
1287.46952139651  2.808880E-13
1288.91717831705  2.677344E-13
1290.36483523759  2.710257E-13
1291.81249215812  2.661437E-13
1293.26014907866  2.640727E-13
1294.7078059992  3.014873E-13
1296.15546291974  2.798648E-13
1297.60311984027  2.759968E-13
1299.05077676081  2.637014E-13
1300.49843368135  3.023129E-13
1301.94609060188  3.190730E-13
1303.39374752242  2.995962E-13
1304.84140444296  2.705659E-13
1306.28906136349  2.868500E-13
1307.73671828403  3.065555E-13
1309.18437520457  2.817148E-13
1310.6320321251  3.104649E-13
1312.07968904564  3.003543E-13
1313.52734596618  2.579094E-13
1314.97500288671  2.555501E-13
1316.42265980725  2.799522E-13
1317.87031672779  2.493858E-13
1319.31797364832  2.271913E-13
1320.76563056886  2.307718E-13
1322.2132874894  2.485285E-13
1323.66094440993  2.714860E-13
1325.10860133047  2.845105E-13
1326.55625825101  2.658891E-13
1328.00391517154  2.694384E-13
1329.45157209208  2.952763E-13
1330.89922901262  2.649490E-13
1332.34688593315  2.785806E-13
1333.79454285369  2.855651E-13
1335.24219977423  2.590155E-13
1336.68985669477  2.674133E-13
1338.1375136153  2.567395E-13
1339.58517053584  2.685322E-13
1341.03282745638  2.351281E-13
1342.48048437691  2.520674E-13
1343.92814129745  2.802096E-13
1345.37579821799  2.479009E-13
1346.82345513852  2.411995E-13
1348.27111205906  2.434347E-13
1349.7187689796  2.281492E-13
1351.16642590013  2.594063E-13
1352.61408282067  2.783560E-13
1354.06173974121  2.522107E-13
1355.50939666174  2.617932E-13
1356.95705358228  2.714521E-13
1358.40471050282  2.587443E-13
1359.85236742335  2.881776E-13
1361.30002434389  2.795776E-13
1362.74768126443  3.213701E-13
1364.19533818496  3.099826E-13
1365.6429951055  2.962837E-13
1367.09065202604  2.343757E-13
1368.53830894657  3.036992E-13
1369.98596586711  3.089375E-13
1371.43362278765  3.174962E-13
1372.88127970819  3.134247E-13
1374.32893662872  2.630461E-13
1375.77659354926  2.880460E-13
1377.2242504698  3.172247E-13
1378.67190739033  2.975024E-13
1380.11956431087  2.868929E-13
1381.56722123141  3.121093E-13
1383.01487815194  2.790427E-13
1384.46253507248  2.920962E-13
1385.91019199302  3.006220E-13
1387.35784891355  3.121949E-13
1388.80550583409  2.838216E-13
1390.25316275463  2.926000E-13
1391.70081967516  3.088975E-13
1393.1484765957  2.998217E-13
1394.59613351624  2.989602E-13
1396.04379043677  3.451399E-13
1397.49144735731  3.585041E-13
1398.93910427785  3.517233E-13
1400.38676119838  3.195154E-13
1401.83441811892  3.230932E-13
1403.28207503946  3.436076E-13
1404.72973195999  2.854503E-13
1406.17738888053  2.869500E-13
1407.62504580107  2.806705E-13
1409.0727027216  3.068723E-13
1410.52035964214  2.840423E-13
1411.96801656268  3.066524E-13
1413.41567348322  3.221566E-13
1414.86333040375  2.794534E-13
1416.31098732429  2.702622E-13
1417.75864424483  2.577917E-13
1419.20630116536  2.634969E-13
1420.6539580859  2.950516E-13
1422.10161500644  3.074071E-13
1423.54927192697  2.826776E-13
1424.99692884751  3.011647E-13
1426.44458576805  2.698392E-13
1427.89224268858  2.843635E-13
1429.33989960912  2.610705E-13
1430.78755652966  2.473859E-13
1432.23521345019  2.361393E-13
1433.68287037073  2.525467E-13
1435.13052729127  2.201151E-13
1436.5781842118  2.287284E-13
1438.02584113234  2.452263E-13
1439.47349805288  2.690878E-13
1440.92115497341  2.734753E-13
1442.36881189395  2.046092E-13
1443.81646881449  2.133830E-13
1445.26412573502  2.545697E-13
1446.71178265556  2.642584E-13
1448.1594395761  3.022084E-13
1449.60709649664  2.457402E-13
1451.05475341717  1.988310E-13
1452.50241033771  2.257317E-13
1453.95006725825  2.233392E-13
1455.39772417878  2.417913E-13
1456.84538109932  2.355885E-13
1458.29303801986  2.385840E-13
1459.74069494039  2.353871E-13
1461.18835186093  2.525103E-13
1462.63600878147  2.322571E-13
1464.083665702  2.364385E-13
1465.53132262254  2.409983E-13
1466.97897954308  2.528473E-13
1468.42663646361  2.691216E-13
1469.87429338415  2.246692E-13
1471.32195030469  2.193299E-13
1472.76960722522  2.351094E-13
1474.21726414576  2.444383E-13
1475.6649210663  2.384562E-13
1477.11257798683  2.256533E-13
1478.56023490737  2.289352E-13
1480.00789182791  2.168137E-13
1481.45554874844  2.362042E-13
1482.90320566898  2.469665E-13
1484.35086258952  2.656025E-13
1485.79851951005  2.743655E-13
1487.24617643059  2.471689E-13
1488.69383335113  2.373410E-13
1490.14149027167  2.261832E-13
1491.5891471922  2.247743E-13
1493.03680411274  2.211468E-13
1494.48446103328  2.346995E-13
1495.93211795381  2.238362E-13
1497.37977487435  2.377763E-13
1498.82743179489  2.319308E-13
1500.27508871542  2.626507E-13
1501.72274563596  2.730163E-13
1503.1704025565  2.421228E-13
1504.61805947703  2.113215E-13
1506.06571639757  2.328000E-13
1507.51337331811  2.548539E-13
1508.96103023864  2.628725E-13
1510.40868715918  2.363920E-13
1511.85634407972  2.695657E-13
1513.30400100025  2.738586E-13
1514.75165792079  2.869178E-13
1516.19931484133  2.694957E-13
1517.64697176186  2.879788E-13
1519.0946286824  3.021000E-13
1520.54228560294  2.900647E-13
1521.98994252347  3.253009E-13
1523.43759944401  2.828136E-13
1524.88525636455  2.682866E-13
1526.33291328509  2.772809E-13
1527.78057020562  3.005952E-13
1529.22822712616  2.964882E-13
1530.6758840467  2.838152E-13
1532.12354096723  3.173165E-13
1533.57119788777  3.496765E-13
1535.01885480831  3.564228E-13
1536.46651172884  3.756584E-13
1537.91416864938  3.915533E-13
1539.36182556992  4.501523E-13
1540.80948249045  4.803026E-13
1542.25713941099  4.770405E-13
1543.70479633153  5.001748E-13
1545.15245325206  5.276078E-13
1546.6001101726  4.904575E-13
1548.04776709314  4.806674E-13
1549.49542401367  4.675454E-13
1550.94308093421  4.572296E-13
1552.39073785475  4.205379E-13
1553.83839477528  4.003009E-13
1555.28605169582  3.738293E-13
1556.73370861636  3.684398E-13
1558.18136553689  3.329398E-13
1559.62902245743  3.411275E-13
1561.07667937797  3.334805E-13
1562.5243362985  3.240858E-13
1563.97199321904  3.064470E-13
1565.41965013958  2.720329E-13
1566.86730706012  2.621604E-13
1568.31496398065  2.686821E-13
1569.76262090119  2.592488E-13
1571.21027782173  2.534225E-13
1572.65793474226  2.575746E-13
1574.1055916628  2.416841E-13
1575.55324858334  2.463246E-13
1577.00090550387  2.582840E-13
1578.44856242441  2.458821E-13
1579.89621934495  2.476488E-13
1581.34387626548  2.611640E-13
1582.79153318602  2.612932E-13
1584.23919010656  2.478898E-13
1585.68684702709  2.275499E-13
1587.13450394763  2.297136E-13
1588.58216086817  2.248576E-13
1590.0298177887  2.345261E-13
1591.47747470924  2.253047E-13
1592.92513162978  2.403152E-13
1594.37278855031  2.424769E-13
1595.82044547085  2.439289E-13
1597.26810239139  2.343839E-13
1598.71575931192  2.194258E-13
1600.16341623246  2.279221E-13
1601.611073153  2.303519E-13
1603.05873007354  2.248660E-13
1604.50638699407  2.279711E-13
1605.95404391461  2.255302E-13
1607.40170083515  2.374914E-13
1608.84935775568  2.369263E-13
1610.29701467622  2.373684E-13
1611.74467159676  2.325437E-13
1613.19232851729  2.326688E-13
1614.63998543783  2.364148E-13
1616.08764235837  2.339521E-13
1617.5352992789  2.301724E-13
1618.98295619944  2.232365E-13
1620.43061311998  2.179935E-13
1621.87827004051  2.270571E-13
1623.32592696105  2.361294E-13
1624.77358388159  2.284186E-13
1626.22124080212  2.211843E-13
1627.66889772266  2.230579E-13
1629.1165546432  2.343029E-13
1630.56421156373  2.620237E-13
1632.01186848427  2.634121E-13
1633.45952540481  2.521754E-13
1634.90718232534  2.537591E-13
1636.35483924588  2.437163E-13
1637.80249616642  2.271564E-13
1639.25015308695  2.305644E-13
1640.69781000749  2.300582E-13
1642.14546692803  2.344746E-13
1643.59312384857  2.413299E-13
1645.0407807691  2.338182E-13
1646.48843768964  2.330914E-13
1647.93609461018  2.291259E-13
1649.38375153071  2.296077E-13
1650.83140845125  2.329647E-13
1652.27906537179  2.338887E-13
1653.72672229232  2.312744E-13
1655.17437921286  2.223999E-13
1656.6220361334  2.315962E-13
1658.06969305393  2.376001E-13
1659.51734997447  2.479651E-13
1660.96500689501  2.454490E-13
1662.41266381554  2.464810E-13
1663.86032073608  2.481496E-13
1665.30797765662  2.291999E-13
1666.75563457715  2.368147E-13
1668.20329149769  2.387071E-13
1669.65094841823  2.336529E-13
1671.09860533876  2.197544E-13
1672.5462622593  2.136262E-13
1673.99391917984  2.195525E-13
1675.44157610038  2.147903E-13
1676.88923302091  2.098726E-13
1678.33688994145  2.210694E-13
1679.78454686199  2.218135E-13
1681.23220378252  2.108480E-13
1682.67986070306  2.010640E-13
1684.1275176236  2.044524E-13
1685.57517454413  2.042740E-13
1687.02283146467  2.016293E-13
1688.47048838521  2.055748E-13
1689.91814530574  2.075911E-13
1691.36580222628  2.106807E-13
1692.81345914682  2.070282E-13
1694.26111606735  2.164958E-13
1695.70877298789  2.167068E-13
1697.15642990843  2.169833E-13
1698.60408682896  2.233049E-13
1700.0517437495  2.219044E-13
1701.49940067004  2.199639E-13
1702.94705759057  2.191787E-13
1704.39471451111  2.170650E-13
1705.84237143165  2.129194E-13
1707.29002835218  2.114739E-13
1708.73768527272  2.081176E-13
1710.18534219326  0.
1711.63299911379  0.
1713.08065603433  0.
1714.52831295487  0.
1715.97596987541  0.
1717.42362679594  0.
1718.87128371648  0.
1720.31894063702  0.
1721.76659755755  0.
1723.21425447809  0.
1724.66191139863  0.
1726.10956831916  0.
1727.5572252397  0.
1729.00488216024  0.
1730.45253908077  0.
1731.90019600131  0.
1733.34785292185  0.
1734.79550984238  0.
1736.24316676292  0.
1737.69082368346  0.
1739.13848060399  0.
1740.58613752453  0.
1742.03379444507  0.
1743.4814513656  0.
1744.92910828614  0.
1746.37676520668  0.
1747.82442212721  0.
1749.27207904775  0.
1750.71973596829  0.
1752.16739288882  0.
1753.61504980936  0.
1755.0627067299  0.
1756.51036365043  0.
1757.95802057097  0.
1759.40567749151  0.
1760.85333441205  0.
1762.30099133258  0.
1763.74864825312  0.
1765.19630517366  0.
1766.64396209419  0.
1768.09161901473  0.
1769.53927593527  0.
1770.9869328558  0.
1772.43458977634  0.
1773.88224669688  0.
1775.32990361741  0.
1776.77756053795  0.
1778.22521745849  0.
1779.67287437902  0.
1781.12053129956  0.
1782.5681882201  0.
1784.01584514063  0.
1785.46350206117  0.
1786.91115898171  0.
1788.35881590224  0.
1789.80647282278  0.
1791.25412974332  0.
1792.70178666385  0.
1794.14944358439  0.
1795.59710050493  0.
1797.04475742547  0.
1798.492414346  0.
1799.94007126654  0.
1801.38772818708  0.
1802.83538510761  0.
1804.28304202815  0.
1805.73069894869  0.
1807.17835586922  0.
1808.62601278976  0.
1810.0736697103  0.
1811.52132663083  0.
1812.96898355137  0.
1814.41664047191  0.
1815.86429739244  0.
1817.31195431298  0.
1818.75961123352  0.
1820.20726815405  0.
1821.65492507459  0.
1823.10258199513  0.
1824.55023891566  0.
1825.9978958362  0.
1827.44555275674  0.
1828.89320967727  0.
1830.34086659781  0.
1831.78852351835  0.
