906.735751295338  0.
908.183408215875  0.
909.631065136412  0.
911.078722056949  0.
912.526378977485  0.
913.974035898022  0.
915.421692818559  0.
916.869349739096  0.
918.317006659633  0.
919.764663580169  0.
921.212320500706  0.
922.659977421243  0.
924.10763434178  0.
925.555291262316  0.
927.002948182853  0.
928.45060510339  0.
929.898262023927  0.
931.345918944464  0.
932.793575865  0.
934.241232785537  0.
935.688889706074  0.
937.136546626611  0.
938.584203547148  0.
940.031860467684  0.
941.479517388221  0.
942.927174308758  0.
944.374831229295  0.
945.822488149832  0.
947.270145070369  0.
948.717801990905  0.
950.165458911442  0.
951.613115831979  0.
953.060772752515  0.
954.508429673052  0.
955.956086593589  0.
957.403743514126  0.
958.851400434663  0.
960.2990573552  0.
961.746714275736  0.
963.194371196273  0.
964.64202811681  0.
966.089685037347  0.
967.537341957883  0.
968.98499887842  0.
970.432655798957  0.
971.880312719494  0.
973.327969640031  0.
974.775626560567  0.
976.223283481104  0.
977.670940401641  0.
979.118597322178  0.
980.566254242715  0.
982.013911163251  0.
983.461568083788  0.
984.909225004325  0.
986.356881924862  0.
987.804538845399  0.
989.252195765935  0.
990.699852686472  0.
992.147509607009  0.
993.595166527546  2.590390E-13
995.042823448082  3.192745E-13
996.490480368619  2.145317E-13
997.938137289156  3.234623E-13
999.385794209693  5.253813E-13
1000.83345113023  6.239797E-13
1002.28110805077  3.957203E-13
1003.7287649713  5.168883E-13
1005.17642189184  4.948951E-13
1006.62407881238  3.130133E-13
1008.07173573291  3.664549E-13
1009.51939265345  3.626191E-13
1010.96704957399  2.807211E-13
1012.41470649452  3.428741E-13
1013.86236341506  3.942131E-13
1015.3100203356  3.880342E-13
1016.75767725613  4.445895E-13
1018.20533417667  4.491315E-13
1019.65299109721  4.338404E-13
1021.10064801775  3.849269E-13
1022.54830493828  4.019314E-13
1023.99596185882  4.581842E-13
1025.44361877936  5.738025E-13
1026.89127569989  4.983032E-13
1028.33893262043  4.049527E-13
1029.78658954097  4.810610E-13
1031.2342464615  4.398881E-13
1032.68190338204  4.690512E-13
1034.12956030258  4.827721E-13
1035.57721722311  5.195685E-13
1037.02487414365  4.730111E-13
1038.47253106419  3.604085E-13
1039.92018798472  3.869599E-13
1041.36784490526  4.547725E-13
1042.8155018258  4.725732E-13
1044.26315874633  6.061311E-13
1045.71081566687  8.926511E-13
1047.15847258741  1.236430E-12
1048.60612950794  9.872119E-13
1050.05378642848  9.146838E-13
1051.50144334902  9.533741E-13
1052.94910026955  8.444664E-13
1054.39675719009  6.390313E-13
1055.84441411063  6.102614E-13
1057.29207103116  3.910307E-13
1058.7397279517  3.191466E-13
1060.18738487224  3.795205E-13
1061.63504179277  3.866266E-13
1063.08269871331  3.515275E-13
1064.53035563385  3.734647E-13
1065.97801255439  3.520844E-13
1067.42566947492  3.728525E-13
1068.87332639546  3.655372E-13
1070.320983316  3.197390E-13
1071.76864023653  3.492022E-13
1073.21629715707  3.799917E-13
1074.66395407761  3.571111E-13
1076.11161099814  3.724904E-13
1077.55926791868  3.775237E-13
1079.00692483922  3.668301E-13
1080.45458175975  3.216766E-13
1081.90223868029  3.246961E-13
1083.34989560083  3.242263E-13
1084.79755252136  2.909404E-13
1086.2452094419  3.275950E-13
1087.69286636244  3.052968E-13
1089.14052328297  3.173613E-13
1090.58818020351  3.035720E-13
1092.03583712405  3.293760E-13
1093.48349404458  2.982169E-13
1094.93115096512  3.262823E-13
1096.37880788566  3.227111E-13
1097.82646480619  3.304321E-13
1099.27412172673  3.083609E-13
1100.72177864727  2.902779E-13
1102.1694355678  2.988883E-13
1103.61709248834  3.307595E-13
1105.06474940888  2.939009E-13
1106.51240632942  2.893167E-13
1107.96006324995  3.003273E-13
1109.40772017049  2.968178E-13
1110.85537709103  3.269721E-13
1112.30303401156  2.929373E-13
1113.7506909321  2.914948E-13
1115.19834785264  2.886708E-13
1116.64600477317  2.806439E-13
1118.09366169371  3.313981E-13
1119.54131861425  3.194644E-13
1120.98897553478  3.077488E-13
1122.43663245532  2.735912E-13
1123.88428937586  3.557349E-13
1125.33194629639  2.755140E-13
1126.77960321693  2.655781E-13
1128.22726013747  2.819314E-13
1129.674917058  3.438851E-13
1131.12257397854  3.030416E-13
1132.57023089908  3.196081E-13
1134.01788781961  2.987026E-13
1135.46554474015  3.145094E-13
1136.91320166069  3.116222E-13
1138.36085858122  3.150044E-13
1139.80851550176  2.945466E-13
1141.2561724223  3.193882E-13
1142.70382934284  2.700114E-13
1144.15148626337  2.957896E-13
1145.59914318391  2.970874E-13
1147.04680010445  2.724242E-13
1148.49445702498  2.996467E-13
1149.94211394552  3.077355E-13
1151.38977086606  3.174083E-13
1152.83742778659  3.047806E-13
1154.28508470713  2.275150E-13
1155.73274162767  2.749060E-13
1157.1803985482  3.239154E-13
1158.62805546874  3.169850E-13
1160.07571238928  3.279227E-13
1161.52336930981  2.708908E-13
1162.97102623035  3.056554E-13
1164.41868315089  3.164425E-13
1165.86634007142  3.198601E-13
1167.31399699196  3.346988E-13
1168.7616539125  3.713809E-13
1170.20931083303  3.377929E-13
1171.65696775357  3.381071E-13
1173.10462467411  3.149962E-13
1174.55228159464  3.290488E-13
1175.99993851518  3.942931E-13
1177.44759543572  3.938268E-13
1178.89525235625  3.820784E-13
1180.34290927679  3.770778E-13
1181.79056619733  4.123633E-13
1183.23822311787  4.170765E-13
1184.6858800384  3.778998E-13
1186.13353695894  3.779724E-13
1187.58119387948  4.137688E-13
1189.02885080001  4.044233E-13
1190.47650772055  3.891026E-13
1191.92416464109  4.772808E-13
1193.37182156162  5.119493E-13
1194.81947848216  4.807408E-13
1196.2671354027  4.890573E-13
1197.71479232323  4.295634E-13
1199.16244924377  5.752271E-13
1200.61010616431  5.257267E-13
1202.05776308484  5.367811E-13
1203.50542000538  5.286589E-13
1204.95307692592  5.626737E-13
1206.40073384645  6.146824E-13
1207.84839076699  7.388064E-13
1209.29604768753  8.324792E-13
1210.74370460806  8.841930E-13
1212.1913615286  8.630176E-13
1213.63901844914  1.025461E-12
1215.08667536967  9.767594E-13
1216.53433229021  1.067057E-12
1217.98198921075  1.159080E-12
1219.42964613129  1.066064E-12
1220.87730305182  9.046399E-13
1222.32495997236  7.856263E-13
1223.7726168929  7.150474E-13
1225.22027381343  7.248904E-13
1226.66793073397  5.974642E-13
1228.11558765451  5.822401E-13
1229.56324457504  5.501924E-13
1231.01090149558  5.369638E-13
1232.45855841612  4.760628E-13
1233.90621533665  4.995961E-13
1235.35387225719  4.806183E-13
1236.80152917773  5.224543E-13
1238.24918609826  5.168705E-13
1239.6968430188  5.001736E-13
1241.14449993934  5.288083E-13
1242.59215685987  5.067211E-13
1244.03981378041  4.963439E-13
1245.48747070095  4.135437E-13
1246.93512762148  4.127943E-13
1248.38278454202  4.110895E-13
1249.83044146256  4.172597E-13
1251.27809838309  4.057350E-13
1252.72575530363  3.920049E-13
1254.17341222417  3.888904E-13
1255.62106914471  3.661159E-13
1257.06872606524  3.733838E-13
1258.51638298578  3.931124E-13
1259.96403990632  4.103651E-13
1261.41169682685  3.979871E-13
1262.85935374739  3.672098E-13
1264.30701066793  3.403730E-13
1265.75466758846  3.334772E-13
1267.202324509  3.143551E-13
1268.64998142954  3.210036E-13
1270.09763835007  3.297363E-13
1271.54529527061  2.806928E-13
1272.99295219115  2.685353E-13
1274.44060911168  3.079531E-13
1275.88826603222  2.970236E-13
1277.33592295276  2.785661E-13
1278.78357987329  3.007437E-13
1280.23123679383  3.035887E-13
1281.67889371437  2.573324E-13
1283.1265506349  2.563687E-13
1284.57420755544  3.007828E-13
1286.02186447598  3.009678E-13
1287.46952139651  2.927176E-13
1288.91717831705  2.718461E-13
1290.36483523759  2.563848E-13
1291.81249215812  2.578189E-13
1293.26014907866  3.143514E-13
1294.7078059992  2.750603E-13
1296.15546291974  2.641508E-13
1297.60311984027  2.659817E-13
1299.05077676081  2.557897E-13
1300.49843368135  2.493354E-13
1301.94609060188  2.742050E-13
1303.39374752242  2.773682E-13
1304.84140444296  2.420902E-13
1306.28906136349  2.928957E-13
1307.73671828403  2.978128E-13
1309.18437520457  2.455260E-13
1310.6320321251  2.789723E-13
1312.07968904564  3.103962E-13
1313.52734596618  2.710164E-13
1314.97500288671  2.709102E-13
1316.42265980725  2.990603E-13
1317.87031672779  2.859512E-13
1319.31797364832  2.417343E-13
1320.76563056886  2.700763E-13
1322.2132874894  2.679391E-13
1323.66094440993  2.776804E-13
1325.10860133047  2.726021E-13
1326.55625825101  2.446958E-13
1328.00391517154  2.712401E-13
1329.45157209208  2.613266E-13
1330.89922901262  2.652532E-13
1332.34688593315  2.772822E-13
1333.79454285369  2.659771E-13
1335.24219977423  2.857426E-13
1336.68985669477  2.349276E-13
1338.1375136153  2.346031E-13
1339.58517053584  2.422548E-13
1341.03282745638  2.255670E-13
1342.48048437691  2.604186E-13
1343.92814129745  2.824520E-13
1345.37579821799  2.519509E-13
1346.82345513852  2.488425E-13
1348.27111205906  2.509981E-13
1349.7187689796  2.407562E-13
1351.16642590013  2.597388E-13
1352.61408282067  2.269700E-13
1354.06173974121  2.068451E-13
1355.50939666174  2.708381E-13
1356.95705358228  2.967790E-13
1358.40471050282  2.395586E-13
1359.85236742335  2.814317E-13
1361.30002434389  2.657135E-13
1362.74768126443  2.619042E-13
1364.19533818496  2.751817E-13
1365.6429951055  2.481682E-13
1367.09065202604  2.248463E-13
1368.53830894657  2.970825E-13
1369.98596586711  2.844290E-13
1371.43362278765  2.738266E-13
1372.88127970819  2.658801E-13
1374.32893662872  2.405618E-13
1375.77659354926  2.869440E-13
1377.2242504698  2.644724E-13
1378.67190739033  2.349831E-13
1380.11956431087  2.434172E-13
1381.56722123141  2.580179E-13
1383.01487815194  2.339423E-13
1384.46253507248  2.917701E-13
1385.91019199302  2.985950E-13
1387.35784891355  2.691510E-13
1388.80550583409  2.767801E-13
1390.25316275463  3.006601E-13
1391.70081967516  2.562011E-13
1393.1484765957  2.670179E-13
1394.59613351624  2.934180E-13
1396.04379043677  2.940026E-13
1397.49144735731  3.542469E-13
1398.93910427785  3.383890E-13
1400.38676119838  2.811778E-13
1401.83441811892  3.041438E-13
1403.28207503946  3.080073E-13
1404.72973195999  3.358892E-13
1406.17738888053  2.874086E-13
1407.62504580107  2.722148E-13
1409.0727027216  3.327245E-13
1410.52035964214  2.731333E-13
1411.96801656268  3.408882E-13
1413.41567348322  2.767589E-13
1414.86333040375  2.309042E-13
1416.31098732429  2.807752E-13
1417.75864424483  2.573170E-13
1419.20630116536  2.621504E-13
1420.6539580859  2.608303E-13
1422.10161500644  2.664580E-13
1423.54927192697  2.537711E-13
1424.99692884751  2.741827E-13
1426.44458576805  2.431998E-13
1427.89224268858  2.291578E-13
1429.33989960912  2.273121E-13
1430.78755652966  2.504166E-13
1432.23521345019  2.533551E-13
1433.68287037073  2.371034E-13
1435.13052729127  2.147364E-13
1436.5781842118  2.154589E-13
1438.02584113234  2.137683E-13
1439.47349805288  2.474814E-13
1440.92115497341  2.461900E-13
1442.36881189395  2.378108E-13
1443.81646881449  2.132537E-13
1445.26412573502  2.088050E-13
1446.71178265556  2.018058E-13
1448.1594395761  2.415319E-13
1449.60709649664  2.223584E-13
1451.05475341717  2.095163E-13
1452.50241033771  2.614678E-13
1453.95006725825  2.320460E-13
1455.39772417878  2.368075E-13
1456.84538109932  2.435762E-13
1458.29303801986  2.545766E-13
1459.74069494039  2.408411E-13
1461.18835186093  2.264926E-13
1462.63600878147  2.087025E-13
1464.083665702  2.125452E-13
1465.53132262254  2.392478E-13
1466.97897954308  2.527757E-13
1468.42663646361  2.688333E-13
1469.87429338415  2.664064E-13
1471.32195030469  2.263703E-13
1472.76960722522  2.218979E-13
1474.21726414576  2.162560E-13
1475.6649210663  2.210052E-13
1477.11257798683  2.372586E-13
1478.56023490737  2.341184E-13
1480.00789182791  2.010587E-13
1481.45554874844  2.320100E-13
1482.90320566898  2.553551E-13
1484.35086258952  2.621169E-13
1485.79851951005  2.463307E-13
1487.24617643059  2.499857E-13
1488.69383335113  2.290335E-13
1490.14149027167  2.306710E-13
1491.5891471922  2.725638E-13
1493.03680411274  2.294399E-13
1494.48446103328  2.247096E-13
1495.93211795381  2.155136E-13
1497.37977487435  2.322920E-13
1498.82743179489  2.358321E-13
1500.27508871542  2.512218E-13
1501.72274563596  2.577865E-13
1503.1704025565  2.484923E-13
1504.61805947703  2.349064E-13
1506.06571639757  2.621538E-13
1507.51337331811  2.538868E-13
1508.96103023864  2.462110E-13
1510.40868715918  2.376027E-13
1511.85634407972  2.458860E-13
1513.30400100025  2.266010E-13
1514.75165792079  2.599112E-13
1516.19931484133  2.445155E-13
1517.64697176186  2.596833E-13
1519.0946286824  2.677381E-13
1520.54228560294  2.618971E-13
1521.98994252347  2.736046E-13
1523.43759944401  2.724068E-13
1524.88525636455  2.767980E-13
1526.33291328509  2.802921E-13
1527.78057020562  2.876869E-13
1529.22822712616  3.069591E-13
1530.6758840467  3.153863E-13
1532.12354096723  3.344418E-13
1533.57119788777  3.192459E-13
1535.01885480831  3.379785E-13
1536.46651172884  3.464451E-13
1537.91416864938  3.582126E-13
1539.36182556992  3.811230E-13
1540.80948249045  4.188308E-13
1542.25713941099  4.456227E-13
1543.70479633153  4.653660E-13
1545.15245325206  4.701401E-13
1546.6001101726  4.883162E-13
1548.04776709314  5.136354E-13
1549.49542401367  4.659907E-13
1550.94308093421  4.499285E-13
1552.39073785475  4.285840E-13
1553.83839477528  4.185297E-13
1555.28605169582  4.022755E-13
1556.73370861636  3.597793E-13
1558.18136553689  3.185176E-13
1559.62902245743  3.025106E-13
1561.07667937797  2.743928E-13
1562.5243362985  2.690351E-13
1563.97199321904  2.912975E-13
1565.41965013958  2.888117E-13
1566.86730706012  2.741442E-13
1568.31496398065  2.765998E-13
1569.76262090119  2.752376E-13
1571.21027782173  2.680475E-13
1572.65793474226  2.652085E-13
1574.1055916628  2.668008E-13
1575.55324858334  2.648039E-13
1577.00090550387  2.420206E-13
1578.44856242441  2.303103E-13
1579.89621934495  2.514639E-13
1581.34387626548  2.673946E-13
1582.79153318602  2.629356E-13
1584.23919010656  2.632184E-13
1585.68684702709  2.592001E-13
1587.13450394763  2.337830E-13
1588.58216086817  2.280578E-13
1590.0298177887  2.354708E-13
1591.47747470924  2.217872E-13
1592.92513162978  2.376201E-13
1594.37278855031  2.418494E-13
1595.82044547085  2.245762E-13
1597.26810239139  2.092135E-13
1598.71575931192  2.058054E-13
1600.16341623246  2.137013E-13
1601.611073153  2.162647E-13
1603.05873007354  2.182362E-13
1604.50638699407  2.183347E-13
1605.95404391461  2.228328E-13
1607.40170083515  2.304943E-13
1608.84935775568  2.230834E-13
1610.29701467622  2.240264E-13
1611.74467159676  2.208342E-13
1613.19232851729  2.419783E-13
1614.63998543783  2.302191E-13
1616.08764235837  2.320003E-13
1617.5352992789  2.129808E-13
1618.98295619944  2.095248E-13
1620.43061311998  2.191628E-13
1621.87827004051  2.243726E-13
1623.32592696105  2.157148E-13
1624.77358388159  2.274236E-13
1626.22124080212  2.331319E-13
1627.66889772266  2.290263E-13
1629.1165546432  2.428130E-13
1630.56421156373  2.355068E-13
1632.01186848427  2.297223E-13
1633.45952540481  2.209333E-13
1634.90718232534  2.349537E-13
1636.35483924588  2.418060E-13
1637.80249616642  2.090638E-13
1639.25015308695  2.088941E-13
1640.69781000749  2.106259E-13
1642.14546692803  2.149427E-13
1643.59312384857  2.255792E-13
1645.0407807691  2.213992E-13
1646.48843768964  2.257455E-13
1647.93609461018  2.292687E-13
1649.38375153071  2.367872E-13
1650.83140845125  2.298734E-13
1652.27906537179  2.217750E-13
1653.72672229232  2.242283E-13
1655.17437921286  2.299222E-13
1656.6220361334  2.242504E-13
1658.06969305393  2.335868E-13
1659.51734997447  2.421922E-13
1660.96500689501  2.544140E-13
1662.41266381554  2.430083E-13
1663.86032073608  2.530978E-13
1665.30797765662  2.392681E-13
1666.75563457715  2.352478E-13
1668.20329149769  2.416483E-13
1669.65094841823  2.309763E-13
1671.09860533876  2.118337E-13
1672.5462622593  2.159185E-13
1673.99391917984  2.129990E-13
1675.44157610038  1.952341E-13
1676.88923302091  1.946222E-13
1678.33688994145  2.045956E-13
1679.78454686199  2.027530E-13
1681.23220378252  2.039683E-13
1682.67986070306  2.059124E-13
1684.1275176236  2.117499E-13
1685.57517454413  2.041290E-13
1687.02283146467  2.014798E-13
1688.47048838521  2.111780E-13
1689.91814530574  1.997730E-13
1691.36580222628  1.939641E-13
1692.81345914682  1.938065E-13
1694.26111606735  1.863715E-13
1695.70877298789  1.753083E-13
1697.15642990843  1.861369E-13
1698.60408682896  2.039163E-13
1700.0517437495  2.075011E-13
1701.49940067004  2.031893E-13
1702.94705759057  2.093438E-13
1704.39471451111  2.104757E-13
1705.84237143165  1.984206E-13
1707.29002835218  1.952302E-13
1708.73768527272  1.956264E-13
1710.18534219326  0.
1711.63299911379  0.
1713.08065603433  0.
1714.52831295487  0.
1715.97596987541  0.
1717.42362679594  0.
1718.87128371648  0.
1720.31894063702  0.
1721.76659755755  0.
1723.21425447809  0.
1724.66191139863  0.
1726.10956831916  0.
1727.5572252397  0.
1729.00488216024  0.
1730.45253908077  0.
1731.90019600131  0.
1733.34785292185  0.
1734.79550984238  0.
1736.24316676292  0.
1737.69082368346  0.
1739.13848060399  0.
1740.58613752453  0.
1742.03379444507  0.
1743.4814513656  0.
1744.92910828614  0.
1746.37676520668  0.
1747.82442212721  0.
1749.27207904775  0.
1750.71973596829  0.
1752.16739288882  0.
1753.61504980936  0.
1755.0627067299  0.
1756.51036365043  0.
1757.95802057097  0.
1759.40567749151  0.
1760.85333441205  0.
1762.30099133258  0.
1763.74864825312  0.
1765.19630517366  0.
1766.64396209419  0.
1768.09161901473  0.
1769.53927593527  0.
1770.9869328558  0.
1772.43458977634  0.
1773.88224669688  0.
1775.32990361741  0.
1776.77756053795  0.
1778.22521745849  0.
1779.67287437902  0.
1781.12053129956  0.
1782.5681882201  0.
1784.01584514063  0.
1785.46350206117  0.
1786.91115898171  0.
1788.35881590224  0.
1789.80647282278  0.
1791.25412974332  0.
1792.70178666385  0.
1794.14944358439  0.
1795.59710050493  0.
1797.04475742547  0.
1798.492414346  0.
1799.94007126654  0.
1801.38772818708  0.
1802.83538510761  0.
1804.28304202815  0.
1805.73069894869  0.
1807.17835586922  0.
1808.62601278976  0.
1810.0736697103  0.
1811.52132663083  0.
1812.96898355137  0.
1814.41664047191  0.
1815.86429739244  0.
1817.31195431298  0.
1818.75961123352  0.
1820.20726815405  0.
1821.65492507459  0.
1823.10258199513  0.
1824.55023891566  0.
1825.9978958362  0.
1827.44555275674  0.
1828.89320967727  0.
1830.34086659781  0.
1831.78852351835  0.
