906.735751295338  0.
908.183408215875  0.
909.631065136412  0.
911.078722056949  0.
912.526378977485  0.
913.974035898022  0.
915.421692818559  0.
916.869349739096  0.
918.317006659633  0.
919.764663580169  0.
921.212320500706  0.
922.659977421243  0.
924.10763434178  0.
925.555291262316  0.
927.002948182853  0.
928.45060510339  0.
929.898262023927  0.
931.345918944464  0.
932.793575865  0.
934.241232785537  0.
935.688889706074  0.
937.136546626611  0.
938.584203547148  0.
940.031860467684  0.
941.479517388221  0.
942.927174308758  0.
944.374831229295  0.
945.822488149832  0.
947.270145070369  0.
948.717801990905  0.
950.165458911442  0.
951.613115831979  0.
953.060772752515  0.
954.508429673052  0.
955.956086593589  0.
957.403743514126  0.
958.851400434663  0.
960.2990573552  0.
961.746714275736  0.
963.194371196273  0.
964.64202811681  0.
966.089685037347  0.
967.537341957883  0.
968.98499887842  0.
970.432655798957  0.
971.880312719494  0.
973.327969640031  0.
974.775626560567  0.
976.223283481104  0.
977.670940401641  0.
979.118597322178  0.
980.566254242715  0.
982.013911163251  0.
983.461568083788  0.
984.909225004325  0.
986.356881924862  0.
987.804538845399  0.
989.252195765935  0.
990.699852686472  0.
992.147509607009  0.
993.595166527546  3.650189E-14
995.042823448082  3.035415E-13
996.490480368619  3.045201E-13
997.938137289156  4.907367E-13
999.385794209693  5.410138E-13
1000.83345113023  8.078324E-13
1002.28110805077  4.947279E-13
1003.7287649713  4.191586E-13
1005.17642189184  5.458015E-13
1006.62407881238  5.369436E-13
1008.07173573291  4.242035E-13
1009.51939265345  4.115469E-13
1010.96704957399  4.025670E-13
1012.41470649452  5.833903E-13
1013.86236341506  5.192420E-13
1015.3100203356  3.896766E-13
1016.75767725613  4.528657E-13
1018.20533417667  4.942523E-13
1019.65299109721  4.095947E-13
1021.10064801775  5.374337E-13
1022.54830493828  5.493476E-13
1023.99596185882  5.165110E-13
1025.44361877936  5.906006E-13
1026.89127569989  5.997369E-13
1028.33893262043  4.687538E-13
1029.78658954097  4.646771E-13
1031.2342464615  5.385763E-13
1032.68190338204  4.790039E-13
1034.12956030258  4.113615E-13
1035.57721722311  4.112280E-13
1037.02487414365  4.976306E-13
1038.47253106419  4.431438E-13
1039.92018798472  3.714390E-13
1041.36784490526  4.262503E-13
1042.8155018258  5.032784E-13
1044.26315874633  5.689620E-13
1045.71081566687  8.386992E-13
1047.15847258741  8.696659E-13
1048.60612950794  8.053765E-13
1050.05378642848  7.572984E-13
1051.50144334902  9.123080E-13
1052.94910026955  8.841667E-13
1054.39675719009  6.568724E-13
1055.84441411063  4.708781E-13
1057.29207103116  4.321478E-13
1058.7397279517  3.756164E-13
1060.18738487224  3.999536E-13
1061.63504179277  4.175182E-13
1063.08269871331  4.031713E-13
1064.53035563385  3.593794E-13
1065.97801255439  3.183753E-13
1067.42566947492  3.584577E-13
1068.87332639546  3.655558E-13
1070.320983316  3.546999E-13
1071.76864023653  3.999533E-13
1073.21629715707  3.555539E-13
1074.66395407761  4.118489E-13
1076.11161099814  4.110089E-13
1077.55926791868  3.740650E-13
1079.00692483922  3.981397E-13
1080.45458175975  3.301939E-13
1081.90223868029  3.408787E-13
1083.34989560083  3.501044E-13
1084.79755252136  2.908005E-13
1086.2452094419  2.957152E-13
1087.69286636244  2.900118E-13
1089.14052328297  2.922634E-13
1090.58818020351  3.017848E-13
1092.03583712405  3.457895E-13
1093.48349404458  3.175883E-13
1094.93115096512  3.100921E-13
1096.37880788566  2.970030E-13
1097.82646480619  3.068348E-13
1099.27412172673  3.063547E-13
1100.72177864727  2.996343E-13
1102.1694355678  3.237745E-13
1103.61709248834  3.282723E-13
1105.06474940888  3.422794E-13
1106.51240632942  3.047848E-13
1107.96006324995  3.325535E-13
1109.40772017049  3.371154E-13
1110.85537709103  4.121790E-13
1112.30303401156  3.419903E-13
1113.7506909321  3.278887E-13
1115.19834785264  3.257704E-13
1116.64600477317  3.126134E-13
1118.09366169371  3.237586E-13
1119.54131861425  3.065953E-13
1120.98897553478  3.011344E-13
1122.43663245532  2.556737E-13
1123.88428937586  3.006892E-13
1125.33194629639  2.779359E-13
1126.77960321693  2.841548E-13
1128.22726013747  2.674379E-13
1129.674917058  3.074010E-13
1131.12257397854  3.153994E-13
1132.57023089908  2.734383E-13
1134.01788781961  3.519482E-13
1135.46554474015  3.750855E-13
1136.91320166069  3.478424E-13
1138.36085858122  3.223338E-13
1139.80851550176  2.946864E-13
1141.2561724223  3.016006E-13
1142.70382934284  3.017728E-13
1144.15148626337  2.989588E-13
1145.59914318391  3.595121E-13
1147.04680010445  3.113387E-13
1148.49445702498  2.776665E-13
1149.94211394552  2.547644E-13
1151.38977086606  2.921270E-13
1152.83742778659  3.003003E-13
1154.28508470713  2.846005E-13
1155.73274162767  2.878228E-13
1157.1803985482  3.506319E-13
1158.62805546874  3.642002E-13
1160.07571238928  3.210909E-13
1161.52336930981  3.011157E-13
1162.97102623035  3.439184E-13
1164.41868315089  3.749293E-13
1165.86634007142  3.375511E-13
1167.31399699196  3.771032E-13
1168.7616539125  3.384554E-13
1170.20931083303  3.521781E-13
1171.65696775357  4.074303E-13
1173.10462467411  3.492630E-13
1174.55228159464  3.463234E-13
1175.99993851518  3.446498E-13
1177.44759543572  3.351467E-13
1178.89525235625  3.678510E-13
1180.34290927679  3.740238E-13
1181.79056619733  3.973695E-13
1183.23822311787  3.657823E-13
1184.6858800384  3.708751E-13
1186.13353695894  3.919156E-13
1187.58119387948  4.019691E-13
1189.02885080001  4.518133E-13
1190.47650772055  4.346693E-13
1191.92416464109  4.294584E-13
1193.37182156162  5.474924E-13
1194.81947848216  5.693206E-13
1196.2671354027  5.341436E-13
1197.71479232323  4.723180E-13
1199.16244924377  6.094628E-13
1200.61010616431  5.508537E-13
1202.05776308484  5.964768E-13
1203.50542000538  5.388203E-13
1204.95307692592  6.963360E-13
1206.40073384645  8.243897E-13
1207.84839076699  8.668583E-13
1209.29604768753  9.654733E-13
1210.74370460806  1.049604E-12
1212.1913615286  1.111299E-12
1213.63901844914  1.240859E-12
1215.08667536967  1.066217E-12
1216.53433229021  1.014937E-12
1217.98198921075  9.423150E-13
1219.42964613129  8.669593E-13
1220.87730305182  8.287433E-13
1222.32495997236  6.765560E-13
1223.7726168929  5.748135E-13
1225.22027381343  5.363658E-13
1226.66793073397  4.578908E-13
1228.11558765451  5.463517E-13
1229.56324457504  5.226913E-13
1231.01090149558  5.160095E-13
1232.45855841612  4.621940E-13
1233.90621533665  4.654054E-13
1235.35387225719  5.060320E-13
1236.80152917773  5.176431E-13
1238.24918609826  5.416655E-13
1239.6968430188  4.673811E-13
1241.14449993934  4.442041E-13
1242.59215685987  4.857287E-13
1244.03981378041  4.232197E-13
1245.48747070095  3.897915E-13
1246.93512762148  3.483452E-13
1248.38278454202  4.375062E-13
1249.83044146256  3.549928E-13
1251.27809838309  3.699899E-13
1252.72575530363  3.611384E-13
1254.17341222417  3.562251E-13
1255.62106914471  3.344052E-13
1257.06872606524  3.323614E-13
1258.51638298578  3.484982E-13
1259.96403990632  3.040755E-13
1261.41169682685  3.642631E-13
1262.85935374739  3.555317E-13
1264.30701066793  3.228150E-13
1265.75466758846  3.317463E-13
1267.202324509  2.992575E-13
1268.64998142954  3.119513E-13
1270.09763835007  3.164642E-13
1271.54529527061  3.294983E-13
1272.99295219115  3.274569E-13
1274.44060911168  3.586314E-13
1275.88826603222  3.087284E-13
1277.33592295276  2.862998E-13
1278.78357987329  2.884003E-13
1280.23123679383  2.941258E-13
1281.67889371437  2.546919E-13
1283.1265506349  2.687200E-13
1284.57420755544  2.729001E-13
1286.02186447598  2.605122E-13
1287.46952139651  2.989933E-13
1288.91717831705  2.950027E-13
1290.36483523759  3.005347E-13
1291.81249215812  2.584764E-13
1293.26014907866  2.793332E-13
1294.7078059992  3.001793E-13
1296.15546291974  3.044053E-13
1297.60311984027  2.858939E-13
1299.05077676081  2.950424E-13
1300.49843368135  3.302092E-13
1301.94609060188  3.410637E-13
1303.39374752242  3.229517E-13
1304.84140444296  2.765827E-13
1306.28906136349  2.567891E-13
1307.73671828403  2.673577E-13
1309.18437520457  2.776250E-13
1310.6320321251  2.213474E-13
1312.07968904564  2.141093E-13
1313.52734596618  2.480482E-13
1314.97500288671  2.670307E-13
1316.42265980725  2.562762E-13
1317.87031672779  2.328161E-13
1319.31797364832  2.265059E-13
1320.76563056886  2.381215E-13
1322.2132874894  2.388585E-13
1323.66094440993  2.700940E-13
1325.10860133047  2.649793E-13
1326.55625825101  2.662900E-13
1328.00391517154  2.540578E-13
1329.45157209208  3.110078E-13
1330.89922901262  2.491998E-13
1332.34688593315  2.474931E-13
1333.79454285369  2.454301E-13
1335.24219977423  2.350967E-13
1336.68985669477  2.617971E-13
1338.1375136153  2.532415E-13
1339.58517053584  2.765924E-13
1341.03282745638  2.999705E-13
1342.48048437691  2.631913E-13
1343.92814129745  2.491157E-13
1345.37579821799  2.606505E-13
1346.82345513852  2.720803E-13
1348.27111205906  2.555028E-13
1349.7187689796  2.055385E-13
1351.16642590013  3.048235E-13
1352.61408282067  2.954209E-13
1354.06173974121  2.033670E-13
1355.50939666174  2.766756E-13
1356.95705358228  2.534156E-13
1358.40471050282  2.619332E-13
1359.85236742335  2.871684E-13
1361.30002434389  2.830678E-13
1362.74768126443  3.013416E-13
1364.19533818496  2.788788E-13
1365.6429951055  2.523929E-13
1367.09065202604  2.329054E-13
1368.53830894657  3.235606E-13
1369.98596586711  2.684428E-13
1371.43362278765  2.405091E-13
1372.88127970819  3.022554E-13
1374.32893662872  2.324087E-13
1375.77659354926  2.744196E-13
1377.2242504698  2.639902E-13
1378.67190739033  2.699566E-13
1380.11956431087  2.836401E-13
1381.56722123141  3.286381E-13
1383.01487815194  2.572779E-13
1384.46253507248  3.051114E-13
1385.91019199302  2.953172E-13
1387.35784891355  2.927573E-13
1388.80550583409  2.464798E-13
1390.25316275463  2.750348E-13
1391.70081967516  2.713043E-13
1393.1484765957  3.036512E-13
1394.59613351624  2.826123E-13
1396.04379043677  3.270910E-13
1397.49144735731  3.246501E-13
1398.93910427785  3.333303E-13
1400.38676119838  3.065344E-13
1401.83441811892  3.166414E-13
1403.28207503946  2.937879E-13
1404.72973195999  2.871165E-13
1406.17738888053  2.626579E-13
1407.62504580107  2.363928E-13
1409.0727027216  2.741842E-13
1410.52035964214  2.572738E-13
1411.96801656268  2.762391E-13
1413.41567348322  2.774235E-13
1414.86333040375  2.470181E-13
1416.31098732429  2.648274E-13
1417.75864424483  2.410743E-13
1419.20630116536  2.514609E-13
1420.6539580859  2.432904E-13
1422.10161500644  2.608575E-13
1423.54927192697  2.454270E-13
1424.99692884751  2.174118E-13
1426.44458576805  2.190327E-13
1427.89224268858  2.406720E-13
1429.33989960912  2.139619E-13
1430.78755652966  2.205389E-13
1432.23521345019  2.539292E-13
1433.68287037073  2.775264E-13
1435.13052729127  2.403941E-13
1436.5781842118  2.571273E-13
1438.02584113234  2.367799E-13
1439.47349805288  2.375819E-13
1440.92115497341  2.452261E-13
1442.36881189395  2.325095E-13
1443.81646881449  2.562381E-13
1445.26412573502  2.784301E-13
1446.71178265556  2.784238E-13
1448.1594395761  2.400147E-13
1449.60709649664  2.278303E-13
1451.05475341717  2.185564E-13
1452.50241033771  2.280115E-13
1453.95006725825  2.467168E-13
1455.39772417878  2.188265E-13
1456.84538109932  2.228221E-13
1458.29303801986  2.470033E-13
1459.74069494039  2.301232E-13
1461.18835186093  2.234076E-13
1462.63600878147  2.091344E-13
1464.083665702  2.320774E-13
1465.53132262254  2.088051E-13
1466.97897954308  2.238016E-13
1468.42663646361  2.219426E-13
1469.87429338415  2.178444E-13
1471.32195030469  2.102066E-13
1472.76960722522  2.400507E-13
1474.21726414576  2.328998E-13
1475.6649210663  2.168597E-13
1477.11257798683  2.137328E-13
1478.56023490737  2.505912E-13
1480.00789182791  2.176138E-13
1481.45554874844  2.251764E-13
1482.90320566898  2.388354E-13
1484.35086258952  2.323304E-13
1485.79851951005  2.293783E-13
1487.24617643059  2.332680E-13
1488.69383335113  2.123270E-13
1490.14149027167  2.081337E-13
1491.5891471922  2.411980E-13
1493.03680411274  2.329699E-13
1494.48446103328  2.313750E-13
1495.93211795381  2.189993E-13
1497.37977487435  2.486836E-13
1498.82743179489  2.452881E-13
1500.27508871542  2.785028E-13
1501.72274563596  2.806421E-13
1503.1704025565  2.557974E-13
1504.61805947703  2.279365E-13
1506.06571639757  2.426569E-13
1507.51337331811  2.575496E-13
1508.96103023864  2.522740E-13
1510.40868715918  2.490804E-13
1511.85634407972  2.830791E-13
1513.30400100025  2.602917E-13
1514.75165792079  2.598456E-13
1516.19931484133  2.636651E-13
1517.64697176186  2.997705E-13
1519.0946286824  2.891959E-13
1520.54228560294  2.757452E-13
1521.98994252347  3.077724E-13
1523.43759944401  2.815240E-13
1524.88525636455  2.844310E-13
1526.33291328509  2.903643E-13
1527.78057020562  3.051507E-13
1529.22822712616  3.283266E-13
1530.6758840467  3.405644E-13
1532.12354096723  3.308584E-13
1533.57119788777  3.733621E-13
1535.01885480831  4.138166E-13
1536.46651172884  4.133707E-13
1537.91416864938  3.924451E-13
1539.36182556992  4.221173E-13
1540.80948249045  4.633555E-13
1542.25713941099  4.619433E-13
1543.70479633153  4.572747E-13
1545.15245325206  4.699358E-13
1546.6001101726  4.946767E-13
1548.04776709314  4.906714E-13
1549.49542401367  4.411441E-13
1550.94308093421  4.103507E-13
1552.39073785475  3.809555E-13
1553.83839477528  3.874921E-13
1555.28605169582  3.648759E-13
1556.73370861636  3.227999E-13
1558.18136553689  3.129151E-13
1559.62902245743  3.042627E-13
1561.07667937797  2.923616E-13
1562.5243362985  2.893742E-13
1563.97199321904  2.978523E-13
1565.41965013958  2.704695E-13
1566.86730706012  2.743632E-13
1568.31496398065  2.815826E-13
1569.76262090119  2.804987E-13
1571.21027782173  2.520845E-13
1572.65793474226  2.563103E-13
1574.1055916628  2.395758E-13
1575.55324858334  2.408077E-13
1577.00090550387  2.243549E-13
1578.44856242441  2.288434E-13
1579.89621934495  2.488982E-13
1581.34387626548  2.412613E-13
1582.79153318602  2.498014E-13
1584.23919010656  2.527007E-13
1585.68684702709  2.385658E-13
1587.13450394763  2.393442E-13
1588.58216086817  2.389785E-13
1590.0298177887  2.358108E-13
1591.47747470924  2.246604E-13
1592.92513162978  2.170035E-13
1594.37278855031  2.212837E-13
1595.82044547085  2.279440E-13
1597.26810239139  2.148356E-13
1598.71575931192  2.180186E-13
1600.16341623246  2.214695E-13
1601.611073153  2.262106E-13
1603.05873007354  2.471286E-13
1604.50638699407  2.270237E-13
1605.95404391461  2.182583E-13
1607.40170083515  2.252410E-13
1608.84935775568  2.190237E-13
1610.29701467622  2.382181E-13
1611.74467159676  2.262207E-13
1613.19232851729  2.253894E-13
1614.63998543783  2.206796E-13
1616.08764235837  2.330018E-13
1617.5352992789  2.356917E-13
1618.98295619944  2.337072E-13
1620.43061311998  2.277504E-13
1621.87827004051  2.227974E-13
1623.32592696105  2.316111E-13
1624.77358388159  2.344673E-13
1626.22124080212  2.306469E-13
1627.66889772266  2.380308E-13
1629.1165546432  2.349553E-13
1630.56421156373  2.506327E-13
1632.01186848427  2.484251E-13
1633.45952540481  2.352419E-13
1634.90718232534  2.434361E-13
1636.35483924588  2.484166E-13
1637.80249616642  2.427203E-13
1639.25015308695  2.508340E-13
1640.69781000749  2.258806E-13
1642.14546692803  2.345065E-13
1643.59312384857  2.450710E-13
1645.0407807691  2.384482E-13
1646.48843768964  2.379062E-13
1647.93609461018  2.241879E-13
1649.38375153071  2.418122E-13
1650.83140845125  2.478148E-13
1652.27906537179  2.466544E-13
1653.72672229232  2.358576E-13
1655.17437921286  2.171533E-13
1656.6220361334  2.276240E-13
1658.06969305393  2.226423E-13
1659.51734997447  2.230907E-13
1660.96500689501  2.121850E-13
1662.41266381554  2.097712E-13
1663.86032073608  2.170168E-13
1665.30797765662  2.150849E-13
1666.75563457715  2.075586E-13
1668.20329149769  2.139712E-13
1669.65094841823  2.073136E-13
1671.09860533876  2.110574E-13
1672.5462622593  2.105822E-13
1673.99391917984  2.103152E-13
1675.44157610038  2.034510E-13
1676.88923302091  1.948095E-13
1678.33688994145  1.937473E-13
1679.78454686199  1.882109E-13
1681.23220378252  1.821714E-13
1682.67986070306  1.864789E-13
1684.1275176236  1.873377E-13
1685.57517454413  1.891230E-13
1687.02283146467  1.917068E-13
1688.47048838521  1.981049E-13
1689.91814530574  2.023769E-13
1691.36580222628  2.020321E-13
1692.81345914682  1.893702E-13
1694.26111606735  1.866202E-13
1695.70877298789  1.806102E-13
1697.15642990843  1.947465E-13
1698.60408682896  1.954429E-13
1700.0517437495  1.894182E-13
1701.49940067004  1.834573E-13
1702.94705759057  1.858079E-13
1704.39471451111  1.882912E-13
1705.84237143165  1.875983E-13
1707.29002835218  1.885632E-13
1708.73768527272  1.904925E-13
1710.18534219326  0.
1711.63299911379  0.
1713.08065603433  0.
1714.52831295487  0.
1715.97596987541  0.
1717.42362679594  0.
1718.87128371648  0.
1720.31894063702  0.
1721.76659755755  0.
1723.21425447809  0.
1724.66191139863  0.
1726.10956831916  0.
1727.5572252397  0.
1729.00488216024  0.
1730.45253908077  0.
1731.90019600131  0.
1733.34785292185  0.
1734.79550984238  0.
1736.24316676292  0.
1737.69082368346  0.
1739.13848060399  0.
1740.58613752453  0.
1742.03379444507  0.
1743.4814513656  0.
1744.92910828614  0.
1746.37676520668  0.
1747.82442212721  0.
1749.27207904775  0.
1750.71973596829  0.
1752.16739288882  0.
1753.61504980936  0.
1755.0627067299  0.
1756.51036365043  0.
1757.95802057097  0.
1759.40567749151  0.
1760.85333441205  0.
1762.30099133258  0.
1763.74864825312  0.
1765.19630517366  0.
1766.64396209419  0.
1768.09161901473  0.
1769.53927593527  0.
1770.9869328558  0.
1772.43458977634  0.
1773.88224669688  0.
1775.32990361741  0.
1776.77756053795  0.
1778.22521745849  0.
1779.67287437902  0.
1781.12053129956  0.
1782.5681882201  0.
1784.01584514063  0.
1785.46350206117  0.
1786.91115898171  0.
1788.35881590224  0.
1789.80647282278  0.
1791.25412974332  0.
1792.70178666385  0.
1794.14944358439  0.
1795.59710050493  0.
1797.04475742547  0.
1798.492414346  0.
1799.94007126654  0.
1801.38772818708  0.
1802.83538510761  0.
1804.28304202815  0.
1805.73069894869  0.
1807.17835586922  0.
1808.62601278976  0.
1810.0736697103  0.
1811.52132663083  0.
1812.96898355137  0.
1814.41664047191  0.
1815.86429739244  0.
1817.31195431298  0.
1818.75961123352  0.
1820.20726815405  0.
1821.65492507459  0.
1823.10258199513  0.
1824.55023891566  0.
1825.9978958362  0.
1827.44555275674  0.
1828.89320967727  0.
1830.34086659781  0.
1831.78852351835  0.
