906.735751295338  0.
908.183365802898  0.
909.630980310458  0.
911.078594818018  0.
912.526209325578  0.
913.973823833137  0.
915.421438340697  0.
916.869052848257  0.
918.316667355817  0.
919.764281863377  0.
921.211896370937  0.
922.659510878497  0.
924.107125386056  0.
925.554739893616  0.
927.002354401176  0.
928.449968908736  0.
929.897583416296  0.
931.345197923856  0.
932.792812431415  0.
934.240426938975  0.
935.688041446535  0.
937.135655954095  0.
938.583270461655  0.
940.030884969215  0.
941.478499476774  0.
942.926113984334  0.
944.373728491894  0.
945.821342999454  0.
947.268957507014  0.
948.716572014574  0.
950.164186522133  0.
951.611801029693  0.
953.059415537253  0.
954.507030044813  0.
955.954644552373  0.
957.402259059933  0.
958.849873567493  0.
960.297488075052  0.
961.745102582612  0.
963.192717090172  0.
964.640331597732  0.
966.087946105292  0.
967.535560612852  0.
968.983175120411  0.
970.430789627971  0.
971.878404135531  0.
973.326018643091  0.
974.773633150651  0.
976.221247658211  0.
977.668862165771  0.
979.11647667333  0.
980.56409118089  0.
982.01170568845  0.
983.45932019601  0.
984.90693470357  0.
986.35454921113  0.
987.802163718689  0.
989.249778226249  0.
990.697392733809  0.
992.145007241369  0.
993.592621748929  2.118343E-13
995.040236256489  3.132123E-13
996.487850764048  2.685175E-13
997.935465271608  2.129584E-13
999.383079779168  2.686236E-13
1000.83069428673  2.294360E-13
1002.27830879429  2.926618E-13
1003.72592330185  3.736585E-13
1005.17353780941  2.585657E-13
1006.62115231697  2.562477E-13
1008.06876682453  2.511695E-13
1009.51638133209  2.936192E-13
1010.96399583965  3.484187E-13
1012.41161034721  2.959184E-13
1013.85922485477  3.097985E-13
1015.30683936233  3.046405E-13
1016.75445386989  3.106301E-13
1018.20206837745  2.678795E-13
1019.64968288501  3.055246E-13
1021.09729739257  2.886695E-13
1022.54491190013  3.316613E-13
1023.99252640769  3.349430E-13
1025.44014091525  3.639775E-13
1026.8877554228  3.569880E-13
1028.33536993037  3.705749E-13
1029.78298443792  3.409551E-13
1031.23059894548  3.818253E-13
1032.67821345304  3.591616E-13
1034.1258279606  3.556118E-13
1035.57344246816  3.590062E-13
1037.02105697572  3.599913E-13
1038.46867148328  3.314634E-13
1039.91628599084  3.631904E-13
1041.3639004984  3.561381E-13
1042.81151500596  3.470955E-13
1044.25912951352  3.467025E-13
1045.70674402108  4.941525E-13
1047.15435852864  5.454344E-13
1048.6019730362  4.798672E-13
1050.04958754376  4.169562E-13
1051.49720205132  3.867880E-13
1052.94481655888  3.079330E-13
1054.39243106644  2.364897E-13
1055.840045574  2.445777E-13
1057.28766008156  2.097626E-13
1058.73527458912  2.291656E-13
1060.18288909668  2.356327E-13
1061.63050360424  2.576422E-13
1063.0781181118  2.941111E-13
1064.52573261936  2.551312E-13
1065.97334712692  3.038451E-13
1067.42096163448  2.788538E-13
1068.86857614204  2.454970E-13
1070.3161906496  2.749472E-13
1071.76380515716  2.463605E-13
1073.21141966472  2.972014E-13
1074.65903417228  2.967387E-13
1076.10664867984  2.648600E-13
1077.5542631874  3.099297E-13
1079.00187769496  2.762474E-13
1080.44949220252  2.656576E-13
1081.89710671008  2.535022E-13
1083.34472121764  2.507302E-13
1084.7923357252  2.430477E-13
1086.23995023276  2.580505E-13
1087.68756474032  2.702717E-13
1089.13517924788  2.107071E-13
1090.58279375544  2.240309E-13
1092.030408263  2.233578E-13
1093.47802277056  2.553308E-13
1094.92563727812  2.276638E-13
1096.37325178568  2.532594E-13
1097.82086629324  2.380984E-13
1099.2684808008  2.643583E-13
1100.71609530836  2.071821E-13
1102.16370981592  2.424258E-13
1103.61132432348  2.449057E-13
1105.05893883104  2.242266E-13
1106.5065533386  2.423385E-13
1107.95416784616  2.816254E-13
1109.40178235372  2.870273E-13
1110.84939686128  2.413378E-13
1112.29701136884  2.358920E-13
1113.7446258764  2.875687E-13
1115.19224038396  2.762891E-13
1116.63985489152  2.654142E-13
1118.08746939908  2.641364E-13
1119.53508390664  2.614782E-13
1120.98269841419  2.535653E-13
1122.43031292175  2.440396E-13
1123.87792742931  2.258422E-13
1125.32554193687  2.314287E-13
1126.77315644443  2.081040E-13
1128.22077095199  2.210519E-13
1129.66838545955  2.197204E-13
1131.11599996711  2.590169E-13
1132.56361447467  2.260509E-13
1134.01122898223  2.181657E-13
1135.45884348979  2.468477E-13
1136.90645799735  2.318039E-13
1138.35407250491  2.262263E-13
1139.80168701247  2.284800E-13
1141.24930152003  2.182271E-13
1142.69691602759  2.201883E-13
1144.14453053515  2.665012E-13
1145.59214504271  2.450848E-13
1147.03975955027  2.715755E-13
1148.48737405783  2.242747E-13
1149.93498856539  2.376308E-13
1151.38260307295  2.325029E-13
1152.83021758051  1.996713E-13
1154.27783208807  1.864458E-13
1155.72544659563  2.327466E-13
1157.17306110319  2.373103E-13
1158.62067561075  2.508291E-13
1160.06829011831  2.363333E-13
1161.51590462587  2.428487E-13
1162.96351913343  3.361529E-13
1164.41113364099  2.385298E-13
1165.85874814855  2.731228E-13
1167.30636265611  2.403616E-13
1168.75397716367  2.667713E-13
1170.20159167123  2.874474E-13
1171.64920617879  2.637651E-13
1173.09682068635  2.552422E-13
1174.54443519391  2.763833E-13
1175.99204970147  2.851298E-13
1177.43966420903  2.799044E-13
1178.88727871659  2.636569E-13
1180.33489322415  3.199241E-13
1181.78250773171  2.674894E-13
1183.23012223927  2.740542E-13
1184.67773674683  2.537415E-13
1186.12535125439  3.302043E-13
1187.57296576195  2.990305E-13
1189.02058026951  3.056216E-13
1190.46819477707  2.956783E-13
1191.91580928463  3.185466E-13
1193.36342379219  3.435567E-13
1194.81103829975  3.428913E-13
1196.25865280731  3.528316E-13
1197.70626731487  4.026019E-13
1199.15388182243  4.212360E-13
1200.60149632999  4.195303E-13
1202.04911083755  4.126534E-13
1203.49672534511  4.578398E-13
1204.94433985267  4.024997E-13
1206.39195436023  4.458006E-13
1207.83956886779  4.929205E-13
1209.28718337535  5.431613E-13
1210.7347978829  7.786805E-13
1212.18241239046  7.263325E-13
1213.63002689802  8.355300E-13
1215.07764140558  8.030730E-13
1216.52525591314  8.806082E-13
1217.9728704207  8.741179E-13
1219.42048492826  9.316252E-13
1220.86809943582  8.303205E-13
1222.31571394338  6.043290E-13
1223.76332845094  5.793646E-13
1225.2109429585  4.974345E-13
1226.65855746606  4.788238E-13
1228.10617197362  4.557192E-13
1229.55378648118  3.795840E-13
1231.00140098874  4.204348E-13
1232.4490154963  4.386052E-13
1233.89663000386  3.811215E-13
1235.34424451142  3.544600E-13
1236.79185901898  4.081751E-13
1238.23947352654  4.264624E-13
1239.6870880341  4.066640E-13
1241.13470254166  4.076385E-13
1242.58231704922  3.695836E-13
1244.02993155678  3.829589E-13
1245.47754606434  3.269805E-13
1246.9251605719  3.242702E-13
1248.37277507946  3.136413E-13
1249.82038958702  3.236675E-13
1251.26800409458  2.841046E-13
1252.71561860214  2.912168E-13
1254.1632331097  2.911150E-13
1255.61084761726  2.665816E-13
1257.05846212482  2.858125E-13
1258.50607663238  2.813015E-13
1259.95369113994  2.546238E-13
1261.4013056475  2.382592E-13
1262.84892015506  2.620669E-13
1264.29653466262  2.243887E-13
1265.74414917018  2.458301E-13
1267.19176367774  2.362974E-13
1268.6393781853  2.354122E-13
1270.08699269286  2.696180E-13
1271.53460720042  2.642838E-13
1272.98222170798  2.167916E-13
1274.42983621554  2.242347E-13
1275.8774507231  2.380810E-13
1277.32506523066  2.294363E-13
1278.77267973822  2.203037E-13
1280.22029424578  2.259461E-13
1281.66790875334  2.111977E-13
1283.1155232609  2.192119E-13
1284.56313776846  2.208849E-13
1286.01075227602  2.074086E-13
1287.45836678358  2.045373E-13
1288.90598129114  2.798188E-13
1290.3535957987  1.966216E-13
1291.80121030626  2.013334E-13
1293.24882481382  2.045111E-13
1294.69643932138  2.281767E-13
1296.14405382894  2.202210E-13
1297.5916683365  2.303372E-13
1299.03928284406  2.136536E-13
1300.48689735162  2.360367E-13
1301.93451185917  2.241658E-13
1303.38212636674  2.249208E-13
1304.82974087429  2.232045E-13
1306.27735538185  2.151054E-13
1307.72496988941  2.000624E-13
1309.17258439697  2.159528E-13
1310.62019890453  2.173476E-13
1312.06781341209  2.175857E-13
1313.51542791965  2.158446E-13
1314.96304242721  2.245732E-13
1316.41065693477  2.100215E-13
1317.85827144233  2.098730E-13
1319.30588594989  1.968445E-13
1320.75350045745  1.696388E-13
1322.20111496501  2.074439E-13
1323.64872947257  2.030236E-13
1325.09634398013  2.091797E-13
1326.54395848769  2.335525E-13
1327.99157299525  2.289799E-13
1329.43918750281  2.096841E-13
1330.88680201037  2.117693E-13
1332.33441651793  2.213470E-13
1333.78203102549  2.497752E-13
1335.22964553305  2.349619E-13
1336.67726004061  2.026673E-13
1338.12487454817  1.716263E-13
1339.57248905573  1.693590E-13
1341.02010356329  1.732230E-13
1342.46771807085  2.115263E-13
1343.91533257841  2.271439E-13
1345.36294708597  2.260152E-13
1346.81056159353  2.279583E-13
1348.25817610109  1.814092E-13
1349.70579060865  2.092175E-13
1351.15340511621  2.080116E-13
1352.60101962377  2.073769E-13
1354.04863413133  2.322745E-13
1355.49624863889  2.026220E-13
1356.94386314645  1.978975E-13
1358.39147765401  2.052803E-13
1359.83909216157  2.129987E-13
1361.28670666913  2.194384E-13
1362.73432117669  2.145354E-13
1364.18193568425  2.043573E-13
1365.62955019181  1.830723E-13
1367.07716469937  2.229996E-13
1368.52477920693  1.972357E-13
1369.97239371449  1.666713E-13
1371.42000822205  1.957252E-13
1372.86762272961  1.868847E-13
1374.31523723717  1.891356E-13
1375.76285174473  1.932950E-13
1377.21046625229  1.929721E-13
1378.65808075985  1.959628E-13
1380.10569526741  1.996769E-13
1381.55330977497  1.927917E-13
1383.00092428253  1.882464E-13
1384.44853879009  2.002461E-13
1385.89615329765  2.079604E-13
1387.34376780521  2.160586E-13
1388.79138231277  2.191061E-13
1390.23899682033  1.985815E-13
1391.68661132789  2.034487E-13
1393.13422583545  2.331961E-13
1394.581840343  2.547759E-13
1396.02945485057  2.265297E-13
1397.47706935812  2.680402E-13
1398.92468386568  2.316611E-13
1400.37229837324  2.488810E-13
1401.8199128808  2.478897E-13
1403.26752738836  2.324950E-13
1404.71514189592  2.275589E-13
1406.16275640348  2.097827E-13
1407.61037091104  2.216860E-13
1409.0579854186  2.062048E-13
1410.50559992616  2.123607E-13
1411.95321443372  2.287203E-13
1413.40082894128  1.976759E-13
1414.84844344884  1.817588E-13
1416.2960579564  2.046666E-13
1417.74367246396  2.043439E-13
1419.19128697152  2.039005E-13
1420.63890147908  1.915321E-13
1422.08651598664  1.702072E-13
1423.5341304942  1.850251E-13
1424.98174500176  1.913380E-13
1426.42935950932  2.063741E-13
1427.87697401688  1.900643E-13
1429.32458852444  1.880903E-13
1430.772203032  1.801422E-13
1432.21981753956  2.004370E-13
1433.66743204712  1.914449E-13
1435.11504655468  1.759567E-13
1436.56266106224  1.685102E-13
1438.0102755698  1.649907E-13
1439.45789007736  1.940930E-13
1440.90550458492  1.862851E-13
1442.35311909248  1.890434E-13
1443.80073360004  1.616975E-13
1445.2483481076  1.773538E-13
1446.69596261516  1.666956E-13
1448.14357712272  1.807474E-13
1449.59119163028  1.711359E-13
1451.03880613784  1.797816E-13
1452.4864206454  1.781308E-13
1453.93403515296  1.780199E-13
1455.38164966052  1.770488E-13
1456.82926416808  1.659287E-13
1458.27687867564  1.620074E-13
1459.7244931832  1.763929E-13
1461.17210769076  1.621970E-13
1462.61972219832  1.780564E-13
1464.06733670588  1.686562E-13
1465.51495121344  1.714191E-13
1466.962565721  1.921586E-13
1468.41018022856  1.881796E-13
1469.85779473612  1.630058E-13
1471.30540924368  1.525675E-13
1472.75302375124  1.545309E-13
1474.2006382588  1.662049E-13
1475.64825276636  1.823851E-13
1477.09586727392  1.467502E-13
1478.54348178148  1.681102E-13
1479.99109628904  1.810714E-13
1481.4387107966  1.767677E-13
1482.88632530416  2.004363E-13
1484.33393981172  1.964510E-13
1485.78155431928  1.854462E-13
1487.22916882683  1.905553E-13
1488.67678333439  1.699341E-13
1490.12439784195  1.624477E-13
1491.57201234951  1.752226E-13
1493.01962685707  1.810739E-13
1494.46724136463  1.802428E-13
1495.91485587219  1.950895E-13
1497.36247037975  1.824757E-13
1498.81008488731  1.852739E-13
1500.25769939487  1.841640E-13
1501.70531390243  1.742519E-13
1503.15292840999  1.797500E-13
1504.60054291755  1.841798E-13
1506.04815742511  1.827373E-13
1507.49577193267  1.781462E-13
1508.94338644023  1.692423E-13
1510.39100094779  1.707368E-13
1511.83861545535  1.850551E-13
1513.28622996291  1.778168E-13
1514.73384447047  1.828230E-13
1516.18145897803  2.007672E-13
1517.62907348559  2.008030E-13
1519.07668799315  2.019627E-13
1520.52430250071  2.199122E-13
1521.97191700827  2.115220E-13
1523.41953151583  2.078528E-13
1524.86714602339  2.258518E-13
1526.31476053095  2.097050E-13
1527.76237503851  2.170276E-13
1529.20998954607  2.132419E-13
1530.65760405363  2.095822E-13
1532.10521856119  2.337318E-13
1533.55283306875  2.432576E-13
1535.00044757631  2.443685E-13
1536.44806208387  2.544251E-13
1537.89567659143  2.536885E-13
1539.34329109899  2.906048E-13
1540.79090560655  3.073343E-13
1542.23852011411  3.151425E-13
1543.68613462167  3.565827E-13
1545.13374912923  3.663953E-13
1546.58136363679  3.586465E-13
1548.02897814435  3.656410E-13
1549.47659265191  4.115810E-13
1550.92420715947  3.768317E-13
1552.37182166703  3.781872E-13
1553.81943617459  3.395932E-13
1555.26705068215  3.138663E-13
1556.71466518971  3.142105E-13
1558.16227969727  2.765071E-13
1559.60989420483  2.476346E-13
1561.05750871239  2.377200E-13
1562.50512321995  2.390750E-13
1563.95273772751  2.183141E-13
1565.40035223507  2.111028E-13
1566.84796674263  2.125270E-13
1568.29558125019  1.961572E-13
1569.74319575775  2.019349E-13
1571.19081026531  2.120705E-13
1572.63842477287  1.984282E-13
1574.08603928043  2.140866E-13
1575.53365378799  1.948206E-13
1576.98126829555  1.889195E-13
1578.4288828031  1.795050E-13
1579.87649731066  1.971183E-13
1581.32411181822  1.886979E-13
1582.77172632578  1.922810E-13
1584.21934083334  1.884806E-13
1585.6669553409  1.832099E-13
1587.11456984846  1.839781E-13
1588.56218435602  1.792415E-13
1590.00979886358  1.741577E-13
1591.45741337114  1.806574E-13
1592.9050278787  1.808863E-13
1594.35264238626  1.763135E-13
1595.80025689382  1.659294E-13
1597.24787140138  1.625969E-13
1598.69548590894  1.752522E-13
1600.1431004165  1.748450E-13
1601.59071492406  1.683231E-13
1603.03832943162  1.758775E-13
1604.48594393918  1.815681E-13
1605.93355844674  1.845055E-13
1607.3811729543  1.857417E-13
1608.82878746186  1.782981E-13
1610.27640196942  1.747284E-13
1611.72401647698  1.687741E-13
1613.17163098454  1.786725E-13
1614.6192454921  1.740448E-13
1616.06685999966  1.653716E-13
1617.51447450722  1.783414E-13
1618.96208901478  1.814710E-13
1620.40970352234  1.808498E-13
1621.8573180299  1.773593E-13
1623.30493253746  1.841234E-13
1624.75254704502  1.775165E-13
1626.20016155258  1.708928E-13
1627.64777606014  1.742477E-13
1629.0953905677  1.709465E-13
1630.54300507526  1.756644E-13
1631.99061958282  1.755476E-13
1633.43823409038  1.788556E-13
1634.88584859794  1.772559E-13
1636.3334631055  1.845862E-13
1637.78107761306  1.789818E-13
1639.22869212062  1.789605E-13
1640.67630662818  1.767331E-13
1642.12392113574  1.819073E-13
1643.5715356433  1.789035E-13
1645.01915015086  1.828352E-13
1646.46676465842  1.775333E-13
1647.91437916598  1.812849E-13
1649.36199367354  1.867314E-13
1650.8096081811  1.960951E-13
1652.25722268866  1.769308E-13
1653.70483719622  1.708823E-13
1655.15245170378  1.740050E-13
1656.60006621134  1.799692E-13
1658.0476807189  1.786132E-13
1659.49529522646  1.756264E-13
1660.94290973402  1.904099E-13
1662.39052424158  1.930530E-13
1663.83813874914  1.905091E-13
1665.2857532567  1.832526E-13
1666.73336776426  1.860391E-13
1668.18098227181  1.769226E-13
1669.62859677938  1.711599E-13
1671.07621128693  1.713620E-13
1672.52382579449  1.742474E-13
1673.97144030205  1.683933E-13
1675.41905480961  1.645030E-13
1676.86666931717  1.700304E-13
1678.31428382473  1.660605E-13
1679.76189833229  1.609372E-13
1681.20951283985  1.599455E-13
1682.65712734741  1.686877E-13
1684.10474185497  1.641761E-13
1685.55235636253  1.642718E-13
1686.99997087009  1.648311E-13
1688.44758537765  1.632171E-13
1689.89519988521  1.487441E-13
1691.34281439277  1.476010E-13
1692.79042890033  1.514995E-13
1694.23804340789  1.608836E-13
1695.68565791545  1.611757E-13
1697.13327242301  1.577003E-13
1698.58088693057  1.567077E-13
1700.02850143813  1.570269E-13
1701.47611594569  1.506625E-13
1702.92373045325  1.565773E-13
1704.37134496081  1.581677E-13
1705.81895946837  1.504369E-13
1707.26657397593  1.524244E-13
1708.71418848349  1.585874E-13
1710.16180299105  0.
1711.60941749861  0.
1713.05703200617  0.
1714.50464651373  0.
1715.95226102129  0.
1717.39987552885  0.
1718.84749003641  0.
1720.29510454397  0.
1721.74271905153  0.
1723.19033355909  0.
1724.63794806665  0.
1726.08556257421  0.
1727.53317708177  0.
1728.98079158933  0.
1730.42840609689  0.
1731.87602060445  0.
1733.32363511201  0.
1734.77124961957  0.
1736.21886412713  0.
1737.66647863469  0.
1739.11409314225  0.
1740.56170764981  0.
1742.00932215737  0.
1743.45693666493  0.
1744.90455117249  0.
1746.35216568005  0.
1747.79978018761  0.
1749.24739469517  0.
1750.69500920273  0.
1752.14262371029  0.
1753.59023821785  0.
1755.03785272541  0.
1756.48546723297  0.
1757.93308174053  0.
1759.38069624809  0.
1760.82831075565  0.
1762.27592526321  0.
1763.72353977076  0.
1765.17115427832  0.
1766.61876878588  0.
1768.06638329344  0.
1769.513997801  0.
1770.96161230856  0.
1772.40922681612  0.
1773.85684132368  0.
1775.30445583124  0.
1776.7520703388  0.
1778.19968484636  0.
1779.64729935392  0.
1781.09491386148  0.
1782.54252836904  0.
1783.9901428766  0.
1785.43775738416  0.
1786.88537189172  0.
1788.33298639928  0.
1789.78060090684  0.
1791.2282154144  0.
1792.67582992196  0.
1794.12344442952  0.
1795.57105893708  0.
1797.01867344464  0.
1798.4662879522  0.
1799.91390245976  0.
1801.36151696732  0.
1802.80913147488  0.
1804.25674598244  0.
1805.70436049  0.
1807.15197499756  0.
1808.59958950512  0.
1810.04720401268  0.
1811.49481852024  0.
1812.9424330278  0.
1814.39004753536  0.
1815.83766204292  0.
1817.28527655048  0.
1818.73289105804  0.
1820.1805055656  0.
1821.62812007316  0.
1823.07573458072  0.
1824.52334908828  0.
1825.97096359584  0.
1827.4185781034  0.
1828.86619261096  0.
1830.31380711852  0.
1831.76142162608  0.
