906.735751295338  0.
908.183408215875  0.
909.631065136412  0.
911.078722056949  0.
912.526378977485  0.
913.974035898022  0.
915.421692818559  0.
916.869349739096  0.
918.317006659633  0.
919.764663580169  0.
921.212320500706  0.
922.659977421243  0.
924.10763434178  0.
925.555291262316  0.
927.002948182853  0.
928.45060510339  0.
929.898262023927  0.
931.345918944464  0.
932.793575865  0.
934.241232785537  0.
935.688889706074  0.
937.136546626611  0.
938.584203547148  0.
940.031860467684  0.
941.479517388221  0.
942.927174308758  0.
944.374831229295  0.
945.822488149832  0.
947.270145070369  0.
948.717801990905  0.
950.165458911442  0.
951.613115831979  0.
953.060772752515  0.
954.508429673052  0.
955.956086593589  0.
957.403743514126  0.
958.851400434663  0.
960.2990573552  0.
961.746714275736  0.
963.194371196273  0.
964.64202811681  0.
966.089685037347  0.
967.537341957883  0.
968.98499887842  0.
970.432655798957  0.
971.880312719494  0.
973.327969640031  0.
974.775626560567  0.
976.223283481104  0.
977.670940401641  0.
979.118597322178  0.
980.566254242715  0.
982.013911163251  0.
983.461568083788  0.
984.909225004325  0.
986.356881924862  0.
987.804538845399  0.
989.252195765935  0.
990.699852686472  0.
992.147509607009  0.
993.595166527546  5.084748E-13
995.042823448082  3.893082E-13
996.490480368619  3.028273E-13
997.938137289156  3.075643E-13
999.385794209693  6.991052E-13
1000.83345113023  9.393228E-13
1002.28110805077  6.249290E-13
1003.7287649713  5.043585E-13
1005.17642189184  6.120887E-13
1006.62407881238  5.103178E-13
1008.07173573291  4.041672E-13
1009.51939265345  3.493834E-13
1010.96704957399  3.509463E-13
1012.41470649452  4.602374E-13
1013.86236341506  4.699692E-13
1015.3100203356  4.552124E-13
1016.75767725613  5.511488E-13
1018.20533417667  4.570545E-13
1019.65299109721  3.614970E-13
1021.10064801775  4.952425E-13
1022.54830493828  3.747357E-13
1023.99596185882  4.756109E-13
1025.44361877936  5.364092E-13
1026.89127569989  4.913670E-13
1028.33893262043  3.862041E-13
1029.78658954097  4.564204E-13
1031.2342464615  4.819541E-13
1032.68190338204  5.832935E-13
1034.12956030258  5.228451E-13
1035.57721722311  5.564149E-13
1037.02487414365  4.449842E-13
1038.47253106419  3.836061E-13
1039.92018798472  3.980666E-13
1041.36784490526  4.092182E-13
1042.8155018258  4.110736E-13
1044.26315874633  4.956460E-13
1045.71081566687  7.962240E-13
1047.15847258741  9.021008E-13
1048.60612950794  6.392389E-13
1050.05378642848  5.464631E-13
1051.50144334902  6.295841E-13
1052.94910026955  6.927817E-13
1054.39675719009  5.545806E-13
1055.84441411063  4.422632E-13
1057.29207103116  3.536154E-13
1058.7397279517  2.987338E-13
1060.18738487224  3.562670E-13
1061.63504179277  3.389515E-13
1063.08269871331  3.433975E-13
1064.53035563385  3.351847E-13
1065.97801255439  3.218967E-13
1067.42566947492  4.182818E-13
1068.87332639546  3.805445E-13
1070.320983316  3.584369E-13
1071.76864023653  3.896848E-13
1073.21629715707  3.542721E-13
1074.66395407761  4.011297E-13
1076.11161099814  3.823460E-13
1077.55926791868  4.013981E-13
1079.00692483922  3.807066E-13
1080.45458175975  3.082939E-13
1081.90223868029  3.362896E-13
1083.34989560083  3.366185E-13
1084.79755252136  2.916854E-13
1086.2452094419  3.112798E-13
1087.69286636244  2.973334E-13
1089.14052328297  2.841389E-13
1090.58818020351  3.049126E-13
1092.03583712405  3.307254E-13
1093.48349404458  2.976536E-13
1094.93115096512  3.218800E-13
1096.37880788566  2.971695E-13
1097.82646480619  3.397962E-13
1099.27412172673  3.093404E-13
1100.72177864727  3.446628E-13
1102.1694355678  3.156371E-13
1103.61709248834  3.325133E-13
1105.06474940888  3.576502E-13
1106.51240632942  3.119040E-13
1107.96006324995  3.235344E-13
1109.40772017049  3.524808E-13
1110.85537709103  3.811875E-13
1112.30303401156  3.481185E-13
1113.7506909321  2.993154E-13
1115.19834785264  3.167134E-13
1116.64600477317  3.356608E-13
1118.09366169371  3.095482E-13
1119.54131861425  2.893918E-13
1120.98897553478  2.800951E-13
1122.43663245532  3.416155E-13
1123.88428937586  3.469432E-13
1125.33194629639  2.919078E-13
1126.77960321693  3.139600E-13
1128.22726013747  2.830506E-13
1129.674917058  3.571641E-13
1131.12257397854  3.495378E-13
1132.57023089908  3.121028E-13
1134.01788781961  3.247469E-13
1135.46554474015  3.665840E-13
1136.91320166069  3.090216E-13
1138.36085858122  2.798158E-13
1139.80851550176  2.659942E-13
1141.2561724223  3.012910E-13
1142.70382934284  2.955486E-13
1144.15148626337  3.115558E-13
1145.59914318391  3.608881E-13
1147.04680010445  2.993170E-13
1148.49445702498  3.072676E-13
1149.94211394552  3.035686E-13
1151.38977086606  2.827195E-13
1152.83742778659  2.916714E-13
1154.28508470713  2.533606E-13
1155.73274162767  3.096260E-13
1157.1803985482  3.555358E-13
1158.62805546874  3.356291E-13
1160.07571238928  3.466094E-13
1161.52336930981  3.170509E-13
1162.97102623035  3.183066E-13
1164.41868315089  3.678376E-13
1165.86634007142  2.958465E-13
1167.31399699196  3.123977E-13
1168.7616539125  3.402214E-13
1170.20931083303  3.519200E-13
1171.65696775357  4.664319E-13
1173.10462467411  3.554375E-13
1174.55228159464  3.621477E-13
1175.99993851518  3.358086E-13
1177.44759543572  3.469876E-13
1178.89525235625  3.648976E-13
1180.34290927679  3.582435E-13
1181.79056619733  3.925178E-13
1183.23822311787  4.082955E-13
1184.6858800384  3.601313E-13
1186.13353695894  4.105604E-13
1187.58119387948  4.599122E-13
1189.02885080001  4.629360E-13
1190.47650772055  4.338567E-13
1191.92416464109  4.514271E-13
1193.37182156162  5.727462E-13
1194.81947848216  5.416663E-13
1196.2671354027  5.342715E-13
1197.71479232323  4.999185E-13
1199.16244924377  5.484496E-13
1200.61010616431  4.718791E-13
1202.05776308484  5.458973E-13
1203.50542000538  5.558741E-13
1204.95307692592  6.151100E-13
1206.40073384645  7.173050E-13
1207.84839076699  8.544054E-13
1209.29604768753  8.667039E-13
1210.74370460806  9.062277E-13
1212.1913615286  1.060119E-12
1213.63901844914  1.130220E-12
1215.08667536967  1.210300E-12
1216.53433229021  1.152705E-12
1217.98198921075  1.154539E-12
1219.42964613129  1.023561E-12
1220.87730305182  8.728485E-13
1222.32495997236  7.289698E-13
1223.7726168929  5.873014E-13
1225.22027381343  6.664142E-13
1226.66793073397  5.772534E-13
1228.11558765451  5.726927E-13
1229.56324457504  5.394632E-13
1231.01090149558  5.115142E-13
1232.45855841612  4.891658E-13
1233.90621533665  5.155662E-13
1235.35387225719  5.465904E-13
1236.80152917773  5.703796E-13
1238.24918609826  5.589337E-13
1239.6968430188  4.812743E-13
1241.14449993934  5.008162E-13
1242.59215685987  4.349494E-13
1244.03981378041  4.606283E-13
1245.48747070095  4.320277E-13
1246.93512762148  3.795405E-13
1248.38278454202  4.433449E-13
1249.83044146256  3.927069E-13
1251.27809838309  4.279895E-13
1252.72575530363  3.860201E-13
1254.17341222417  3.806120E-13
1255.62106914471  3.395167E-13
1257.06872606524  3.057115E-13
1258.51638298578  3.351526E-13
1259.96403990632  3.415276E-13
1261.41169682685  3.872270E-13
1262.85935374739  3.656508E-13
1264.30701066793  3.480043E-13
1265.75466758846  3.080711E-13
1267.202324509  2.921815E-13
1268.64998142954  3.272540E-13
1270.09763835007  3.253622E-13
1271.54529527061  2.928001E-13
1272.99295219115  2.662112E-13
1274.44060911168  2.839843E-13
1275.88826603222  2.948058E-13
1277.33592295276  2.990983E-13
1278.78357987329  2.829853E-13
1280.23123679383  3.012252E-13
1281.67889371437  2.644145E-13
1283.1265506349  2.466744E-13
1284.57420755544  2.798220E-13
1286.02186447598  2.648686E-13
1287.46952139651  3.037438E-13
1288.91717831705  2.958878E-13
1290.36483523759  3.555975E-13
1291.81249215812  2.589244E-13
1293.26014907866  2.691523E-13
1294.7078059992  2.547229E-13
1296.15546291974  2.737282E-13
1297.60311984027  2.533275E-13
1299.05077676081  2.588825E-13
1300.49843368135  3.081203E-13
1301.94609060188  3.321904E-13
1303.39374752242  3.022591E-13
1304.84140444296  2.681291E-13
1306.28906136349  3.085811E-13
1307.73671828403  2.414783E-13
1309.18437520457  2.681544E-13
1310.6320321251  2.729192E-13
1312.07968904564  2.780808E-13
1313.52734596618  2.817307E-13
1314.97500288671  2.872420E-13
1316.42265980725  2.864767E-13
1317.87031672779  2.581647E-13
1319.31797364832  2.245095E-13
1320.76563056886  2.337640E-13
1322.2132874894  2.282146E-13
1323.66094440993  2.857558E-13
1325.10860133047  2.552243E-13
1326.55625825101  2.410491E-13
1328.00391517154  2.296967E-13
1329.45157209208  2.619967E-13
1330.89922901262  2.927484E-13
1332.34688593315  2.856736E-13
1333.79454285369  2.616801E-13
1335.24219977423  2.779064E-13
1336.68985669477  2.208835E-13
1338.1375136153  2.451927E-13
1339.58517053584  2.263604E-13
1341.03282745638  2.427237E-13
1342.48048437691  2.363536E-13
1343.92814129745  2.539367E-13
1345.37579821799  2.647762E-13
1346.82345513852  2.596145E-13
1348.27111205906  2.541475E-13
1349.7187689796  2.295698E-13
1351.16642590013  2.562289E-13
1352.61408282067  2.511171E-13
1354.06173974121  2.090777E-13
1355.50939666174  2.420516E-13
1356.95705358228  2.363433E-13
1358.40471050282  2.449278E-13
1359.85236742335  2.931207E-13
1361.30002434389  2.985943E-13
1362.74768126443  3.026220E-13
1364.19533818496  2.822746E-13
1365.6429951055  2.755365E-13
1367.09065202604  2.365300E-13
1368.53830894657  3.186891E-13
1369.98596586711  3.028860E-13
1371.43362278765  2.607888E-13
1372.88127970819  2.747546E-13
1374.32893662872  2.351651E-13
1375.77659354926  3.415027E-13
1377.2242504698  3.048324E-13
1378.67190739033  2.518854E-13
1380.11956431087  2.782744E-13
1381.56722123141  2.936159E-13
1383.01487815194  2.457426E-13
1384.46253507248  2.522440E-13
1385.91019199302  2.392758E-13
1387.35784891355  3.104978E-13
1388.80550583409  3.081547E-13
1390.25316275463  3.045388E-13
1391.70081967516  2.576498E-13
1393.1484765957  3.341410E-13
1394.59613351624  3.309796E-13
1396.04379043677  3.496173E-13
1397.49144735731  3.679823E-13
1398.93910427785  3.562061E-13
1400.38676119838  3.383590E-13
1401.83441811892  3.456619E-13
1403.28207503946  3.503757E-13
1404.72973195999  3.403600E-13
1406.17738888053  3.115997E-13
1407.62504580107  2.991115E-13
1409.0727027216  3.287882E-13
1410.52035964214  3.133292E-13
1411.96801656268  3.259549E-13
1413.41567348322  3.141730E-13
1414.86333040375  3.285505E-13
1416.31098732429  3.515009E-13
1417.75864424483  2.720378E-13
1419.20630116536  2.503089E-13
1420.6539580859  2.741797E-13
1422.10161500644  3.112926E-13
1423.54927192697  2.746145E-13
1424.99692884751  3.139592E-13
1426.44458576805  2.681649E-13
1427.89224268858  2.320216E-13
1429.33989960912  2.861388E-13
1430.78755652966  2.787272E-13
1432.23521345019  2.609728E-13
1433.68287037073  2.997678E-13
1435.13052729127  2.625451E-13
1436.5781842118  2.638874E-13
1438.02584113234  2.902550E-13
1439.47349805288  3.075033E-13
1440.92115497341  2.575125E-13
1442.36881189395  2.132821E-13
1443.81646881449  2.470984E-13
1445.26412573502  2.699369E-13
1446.71178265556  2.609734E-13
1448.1594395761  2.642163E-13
1449.60709649664  2.497771E-13
1451.05475341717  2.502565E-13
1452.50241033771  2.468271E-13
1453.95006725825  2.284356E-13
1455.39772417878  2.279497E-13
1456.84538109932  2.544975E-13
1458.29303801986  2.350442E-13
1459.74069494039  2.049467E-13
1461.18835186093  2.274708E-13
1462.63600878147  2.365663E-13
1464.083665702  2.492733E-13
1465.53132262254  2.498299E-13
1466.97897954308  2.467673E-13
1468.42663646361  2.309669E-13
1469.87429338415  2.551509E-13
1471.32195030469  2.268467E-13
1472.76960722522  2.064133E-13
1474.21726414576  2.320402E-13
1475.6649210663  2.158562E-13
1477.11257798683  2.164924E-13
1478.56023490737  2.338097E-13
1480.00789182791  2.009329E-13
1481.45554874844  2.201981E-13
1482.90320566898  2.301784E-13
1484.35086258952  2.208908E-13
1485.79851951005  2.276952E-13
1487.24617643059  2.414861E-13
1488.69383335113  2.344052E-13
1490.14149027167  2.302468E-13
1491.5891471922  2.237475E-13
1493.03680411274  2.332369E-13
1494.48446103328  2.461779E-13
1495.93211795381  2.418517E-13
1497.37977487435  2.475155E-13
1498.82743179489  2.340183E-13
1500.27508871542  2.636035E-13
1501.72274563596  2.666223E-13
1503.1704025565  2.485251E-13
1504.61805947703  2.278343E-13
1506.06571639757  2.247118E-13
1507.51337331811  2.325088E-13
1508.96103023864  2.467357E-13
1510.40868715918  2.589587E-13
1511.85634407972  2.774697E-13
1513.30400100025  2.803441E-13
1514.75165792079  2.497927E-13
1516.19931484133  2.212198E-13
1517.64697176186  2.515673E-13
1519.0946286824  2.823512E-13
1520.54228560294  2.689884E-13
1521.98994252347  2.924323E-13
1523.43759944401  2.788902E-13
1524.88525636455  2.862642E-13
1526.33291328509  3.032528E-13
1527.78057020562  3.151902E-13
1529.22822712616  3.013841E-13
1530.6758840467  2.956294E-13
1532.12354096723  3.193876E-13
1533.57119788777  3.536069E-13
1535.01885480831  3.524208E-13
1536.46651172884  3.836998E-13
1537.91416864938  3.978056E-13
1539.36182556992  4.203964E-13
1540.80948249045  4.436760E-13
1542.25713941099  4.243608E-13
1543.70479633153  4.092102E-13
1545.15245325206  4.957619E-13
1546.6001101726  4.837074E-13
1548.04776709314  4.337616E-13
1549.49542401367  4.247418E-13
1550.94308093421  4.287143E-13
1552.39073785475  4.002037E-13
1553.83839477528  3.766915E-13
1555.28605169582  3.660601E-13
1556.73370861636  3.519729E-13
1558.18136553689  3.444345E-13
1559.62902245743  3.393056E-13
1561.07667937797  2.973417E-13
1562.5243362985  2.839908E-13
1563.97199321904  2.819755E-13
1565.41965013958  2.661854E-13
1566.86730706012  2.675452E-13
1568.31496398065  2.736737E-13
1569.76262090119  2.746370E-13
1571.21027782173  2.477133E-13
1572.65793474226  2.579113E-13
1574.1055916628  2.418171E-13
1575.55324858334  2.462262E-13
1577.00090550387  2.218392E-13
1578.44856242441  2.376235E-13
1579.89621934495  2.570189E-13
1581.34387626548  2.454726E-13
1582.79153318602  2.471567E-13
1584.23919010656  2.453903E-13
1585.68684702709  2.214993E-13
1587.13450394763  2.240605E-13
1588.58216086817  2.298565E-13
1590.0298177887  2.216319E-13
1591.47747470924  2.191009E-13
1592.92513162978  2.352901E-13
1594.37278855031  2.393935E-13
1595.82044547085  2.422641E-13
1597.26810239139  2.194603E-13
1598.71575931192  2.183982E-13
1600.16341623246  2.134014E-13
1601.611073153  2.123408E-13
1603.05873007354  2.236810E-13
1604.50638699407  2.256242E-13
1605.95404391461  2.371921E-13
1607.40170083515  2.310785E-13
1608.84935775568  2.300468E-13
1610.29701467622  2.430392E-13
1611.74467159676  2.315350E-13
1613.19232851729  2.314200E-13
1614.63998543783  2.208881E-13
1616.08764235837  2.210711E-13
1617.5352992789  2.250274E-13
1618.98295619944  2.219463E-13
1620.43061311998  2.237752E-13
1621.87827004051  2.141839E-13
1623.32592696105  2.149633E-13
1624.77358388159  2.227831E-13
1626.22124080212  2.363434E-13
1627.66889772266  2.509589E-13
1629.1165546432  2.510391E-13
1630.56421156373  2.448061E-13
1632.01186848427  2.437621E-13
1633.45952540481  2.376345E-13
1634.90718232534  2.423021E-13
1636.35483924588  2.487251E-13
1637.80249616642  2.340486E-13
1639.25015308695  2.339384E-13
1640.69781000749  2.220847E-13
1642.14546692803  2.223594E-13
1643.59312384857  2.362554E-13
1645.0407807691  2.343619E-13
1646.48843768964  2.387485E-13
1647.93609461018  2.264602E-13
1649.38375153071  2.392251E-13
1650.83140845125  2.256428E-13
1652.27906537179  2.279747E-13
1653.72672229232  2.283457E-13
1655.17437921286  2.176139E-13
1656.6220361334  2.302436E-13
1658.06969305393  2.358486E-13
1659.51734997447  2.389513E-13
1660.96500689501  2.381674E-13
1662.41266381554  2.251620E-13
1663.86032073608  2.176715E-13
1665.30797765662  2.168409E-13
1666.75563457715  2.162584E-13
1668.20329149769  2.230705E-13
1669.65094841823  2.210353E-13
1671.09860533876  2.268859E-13
1672.5462622593  2.315147E-13
1673.99391917984  2.286516E-13
1675.44157610038  2.250352E-13
1676.88923302091  2.154084E-13
1678.33688994145  2.159285E-13
1679.78454686199  2.199615E-13
1681.23220378252  2.263356E-13
1682.67986070306  2.218193E-13
1684.1275176236  2.217986E-13
1685.57517454413  2.051431E-13
1687.02283146467  2.113632E-13
1688.47048838521  2.150163E-13
1689.91814530574  2.193754E-13
1691.36580222628  2.169691E-13
1692.81345914682  2.088862E-13
1694.26111606735  2.091325E-13
1695.70877298789  2.019211E-13
1697.15642990843  2.141835E-13
1698.60408682896  2.197696E-13
1700.0517437495  2.141985E-13
1701.49940067004  2.142130E-13
1702.94705759057  2.074840E-13
1704.39471451111  2.068461E-13
1705.84237143165  2.045451E-13
1707.29002835218  1.970245E-13
1708.73768527272  1.885314E-13
1710.18534219326  0.
1711.63299911379  0.
1713.08065603433  0.
1714.52831295487  0.
1715.97596987541  0.
1717.42362679594  0.
1718.87128371648  0.
1720.31894063702  0.
1721.76659755755  0.
1723.21425447809  0.
1724.66191139863  0.
1726.10956831916  0.
1727.5572252397  0.
1729.00488216024  0.
1730.45253908077  0.
1731.90019600131  0.
1733.34785292185  0.
1734.79550984238  0.
1736.24316676292  0.
1737.69082368346  0.
1739.13848060399  0.
1740.58613752453  0.
1742.03379444507  0.
1743.4814513656  0.
1744.92910828614  0.
1746.37676520668  0.
1747.82442212721  0.
1749.27207904775  0.
1750.71973596829  0.
1752.16739288882  0.
1753.61504980936  0.
1755.0627067299  0.
1756.51036365043  0.
1757.95802057097  0.
1759.40567749151  0.
1760.85333441205  0.
1762.30099133258  0.
1763.74864825312  0.
1765.19630517366  0.
1766.64396209419  0.
1768.09161901473  0.
1769.53927593527  0.
1770.9869328558  0.
1772.43458977634  0.
1773.88224669688  0.
1775.32990361741  0.
1776.77756053795  0.
1778.22521745849  0.
1779.67287437902  0.
1781.12053129956  0.
1782.5681882201  0.
1784.01584514063  0.
1785.46350206117  0.
1786.91115898171  0.
1788.35881590224  0.
1789.80647282278  0.
1791.25412974332  0.
1792.70178666385  0.
1794.14944358439  0.
1795.59710050493  0.
1797.04475742547  0.
1798.492414346  0.
1799.94007126654  0.
1801.38772818708  0.
1802.83538510761  0.
1804.28304202815  0.
1805.73069894869  0.
1807.17835586922  0.
1808.62601278976  0.
1810.0736697103  0.
1811.52132663083  0.
1812.96898355137  0.
1814.41664047191  0.
1815.86429739244  0.
1817.31195431298  0.
1818.75961123352  0.
1820.20726815405  0.
1821.65492507459  0.
1823.10258199513  0.
1824.55023891566  0.
1825.9978958362  0.
1827.44555275674  0.
1828.89320967727  0.
1830.34086659781  0.
1831.78852351835  0.
