906.735751295338  0.
908.183408215875  0.
909.631065136412  0.
911.078722056949  0.
912.526378977485  0.
913.974035898022  0.
915.421692818559  0.
916.869349739096  0.
918.317006659633  0.
919.764663580169  0.
921.212320500706  0.
922.659977421243  0.
924.10763434178  0.
925.555291262316  0.
927.002948182853  0.
928.45060510339  0.
929.898262023927  0.
931.345918944464  0.
932.793575865  0.
934.241232785537  0.
935.688889706074  0.
937.136546626611  0.
938.584203547148  0.
940.031860467684  0.
941.479517388221  0.
942.927174308758  0.
944.374831229295  0.
945.822488149832  0.
947.270145070369  0.
948.717801990905  0.
950.165458911442  0.
951.613115831979  0.
953.060772752515  0.
954.508429673052  0.
955.956086593589  0.
957.403743514126  0.
958.851400434663  0.
960.2990573552  0.
961.746714275736  0.
963.194371196273  0.
964.64202811681  0.
966.089685037347  0.
967.537341957883  0.
968.98499887842  0.
970.432655798957  0.
971.880312719494  0.
973.327969640031  0.
974.775626560567  0.
976.223283481104  0.
977.670940401641  0.
979.118597322178  0.
980.566254242715  0.
982.013911163251  0.
983.461568083788  0.
984.909225004325  0.
986.356881924862  0.
987.804538845399  0.
989.252195765935  0.
990.699852686472  0.
992.147509607009  0.
993.595166527546  2.147746E-13
995.042823448082  1.173588E-13
996.490480368619  2.676860E-13
997.938137289156  3.551759E-13
999.385794209693  4.833776E-13
1000.83345113023  2.924177E-13
1002.28110805077  2.245023E-13
1003.7287649713  2.388651E-13
1005.17642189184  1.960527E-13
1006.62407881238  2.133020E-13
1008.07173573291  1.729478E-13
1009.51939265345  2.576080E-13
1010.96704957399  3.201904E-13
1012.41470649452  7.894370E-14
1013.86236341506  2.824384E-13
1015.3100203356  3.307325E-13
1016.75767725613  2.298101E-13
1018.20533417667  3.190354E-13
1019.65299109721  2.943550E-13
1021.10064801775  3.727704E-13
1022.54830493828  2.301795E-13
1023.99596185882  2.894398E-13
1025.44361877936  3.078558E-13
1026.89127569989  2.539612E-13
1028.33893262043  2.732157E-13
1029.78658954097  3.188175E-13
1031.2342464615  2.390560E-13
1032.68190338204  1.862467E-13
1034.12956030258  2.477572E-13
1035.57721722311  3.914204E-13
1037.02487414365  2.807299E-13
1038.47253106419  2.067554E-13
1039.92018798472  1.588736E-13
1041.36784490526  1.531838E-13
1042.8155018258  1.625876E-13
1044.26315874633  1.657502E-13
1045.71081566687  2.715395E-13
1047.15847258741  2.644448E-13
1048.60612950794  3.964699E-13
1050.05378642848  3.332031E-13
1051.50144334902  3.645131E-13
1052.94910026955  2.859049E-13
1054.39675719009  3.053836E-13
1055.84441411063  2.697007E-13
1057.29207103116  2.108391E-13
1058.7397279517  1.992399E-13
1060.18738487224  1.964137E-13
1061.63504179277  1.849734E-13
1063.08269871331  2.178710E-13
1064.53035563385  2.289617E-13
1065.97801255439  2.250152E-13
1067.42566947492  2.398867E-13
1068.87332639546  2.261728E-13
1070.320983316  2.035367E-13
1071.76864023653  1.380913E-13
1073.21629715707  2.008891E-13
1074.66395407761  2.187626E-13
1076.11161099814  1.889757E-13
1077.55926791868  1.878454E-13
1079.00692483922  1.640738E-13
1080.45458175975  1.815091E-13
1081.90223868029  1.718182E-13
1083.34989560083  1.940131E-13
1084.79755252136  2.099596E-13
1086.2452094419  1.713580E-13
1087.69286636244  1.645975E-13
1089.14052328297  1.643373E-13
1090.58818020351  1.736296E-13
1092.03583712405  1.369771E-13
1093.48349404458  1.672354E-13
1094.93115096512  1.937099E-13
1096.37880788566  1.677761E-13
1097.82646480619  1.497913E-13
1099.27412172673  1.570339E-13
1100.72177864727  1.447032E-13
1102.1694355678  1.487600E-13
1103.61709248834  1.501695E-13
1105.06474940888  1.386160E-13
1106.51240632942  1.324859E-13
1107.96006324995  1.643484E-13
1109.40772017049  1.770461E-13
1110.85537709103  1.823468E-13
1112.30303401156  1.621669E-13
1113.7506909321  1.894280E-13
1115.19834785264  1.586077E-13
1116.64600477317  1.326941E-13
1118.09366169371  1.562026E-13
1119.54131861425  1.343280E-13
1120.98897553478  1.457700E-13
1122.43663245532  1.365614E-13
1123.88428937586  1.406507E-13
1125.33194629639  1.712676E-13
1126.77960321693  1.592778E-13
1128.22726013747  1.561652E-13
1129.674917058  1.239862E-13
1131.12257397854  1.463461E-13
1132.57023089908  1.576052E-13
1134.01788781961  1.602692E-13
1135.46554474015  1.410601E-13
1136.91320166069  1.378436E-13
1138.36085858122  1.548252E-13
1139.80851550176  1.424706E-13
1141.2561724223  1.385552E-13
1142.70382934284  1.546932E-13
1144.15148626337  1.384883E-13
1145.59914318391  1.441227E-13
1147.04680010445  1.513090E-13
1148.49445702498  1.470505E-13
1149.94211394552  1.322566E-13
1151.38977086606  1.306856E-13
1152.83742778659  1.419084E-13
1154.28508470713  1.466486E-13
1155.73274162767  1.380132E-13
1157.1803985482  1.512982E-13
1158.62805546874  1.574897E-13
1160.07571238928  1.492354E-13
1161.52336930981  1.598188E-13
1162.97102623035  1.560241E-13
1164.41868315089  1.225651E-13
1165.86634007142  1.813650E-13
1167.31399699196  1.640499E-13
1168.7616539125  1.779763E-13
1170.20931083303  1.719416E-13
1171.65696775357  1.467838E-13
1173.10462467411  1.821651E-13
1174.55228159464  1.703325E-13
1175.99993851518  1.533976E-13
1177.44759543572  1.668175E-13
1178.89525235625  1.893303E-13
1180.34290927679  1.974702E-13
1181.79056619733  1.773866E-13
1183.23822311787  1.930111E-13
1184.6858800384  2.187972E-13
1186.13353695894  2.076523E-13
1187.58119387948  2.155179E-13
1189.02885080001  2.204533E-13
1190.47650772055  2.272381E-13
1191.92416464109  1.990108E-13
1193.37182156162  2.097181E-13
1194.81947848216  2.397612E-13
1196.2671354027  2.142500E-13
1197.71479232323  2.275091E-13
1199.16244924377  2.362833E-13
1200.61010616431  2.591186E-13
1202.05776308484  2.957388E-13
1203.50542000538  3.320473E-13
1204.95307692592  3.850068E-13
1206.40073384645  4.316257E-13
1207.84839076699  4.098870E-13
1209.29604768753  4.395277E-13
1210.74370460806  4.649197E-13
1212.1913615286  5.337669E-13
1213.63901844914  5.277942E-13
1215.08667536967  5.430994E-13
1216.53433229021  4.852385E-13
1217.98198921075  4.334153E-13
1219.42964613129  3.996645E-13
1220.87730305182  3.098235E-13
1222.32495997236  2.578657E-13
1223.7726168929  2.737365E-13
1225.22027381343  2.519775E-13
1226.66793073397  2.654691E-13
1228.11558765451  2.442158E-13
1229.56324457504  2.370170E-13
1231.01090149558  2.131872E-13
1232.45855841612  2.063025E-13
1233.90621533665  2.208602E-13
1235.35387225719  2.156837E-13
1236.80152917773  2.469710E-13
1238.24918609826  2.501265E-13
1239.6968430188  2.688746E-13
1241.14449993934  2.382994E-13
1242.59215685987  2.072241E-13
1244.03981378041  1.915156E-13
1245.48747070095  1.706975E-13
1246.93512762148  2.189385E-13
1248.38278454202  1.918806E-13
1249.83044146256  1.973377E-13
1251.27809838309  1.836202E-13
1252.72575530363  1.579857E-13
1254.17341222417  1.821298E-13
1255.62106914471  1.971696E-13
1257.06872606524  1.591074E-13
1258.51638298578  1.503395E-13
1259.96403990632  1.751988E-13
1261.41169682685  1.771319E-13
1262.85935374739  1.890155E-13
1264.30701066793  1.572414E-13
1265.75466758846  1.502395E-13
1267.202324509  1.179225E-13
1268.64998142954  1.182688E-13
1270.09763835007  9.002703E-14
1271.54529527061  1.114468E-13
1272.99295219115  1.234592E-13
1274.44060911168  1.290316E-13
1275.88826603222  1.384156E-13
1277.33592295276  1.467285E-13
1278.78357987329  1.812293E-13
1280.23123679383  1.432656E-13
1281.67889371437  1.507456E-13
1283.1265506349  1.137618E-13
1284.57420755544  1.270699E-13
1286.02186447598  1.566596E-13
1287.46952139651  1.297080E-13
1288.91717831705  1.438671E-13
1290.36483523759  1.449075E-13
1291.81249215812  1.422913E-13
1293.26014907866  1.113945E-13
1294.7078059992  1.517326E-13
1296.15546291974  1.171549E-13
1297.60311984027  1.487025E-13
1299.05077676081  1.321291E-13
1300.49843368135  1.562927E-13
1301.94609060188  1.579153E-13
1303.39374752242  1.694905E-13
1304.84140444296  1.593640E-13
1306.28906136349  1.523069E-13
1307.73671828403  1.306414E-13
1309.18437520457  1.526545E-13
1310.6320321251  1.558878E-13
1312.07968904564  1.555238E-13
1313.52734596618  1.202383E-13
1314.97500288671  1.363377E-13
1316.42265980725  1.284656E-13
1317.87031672779  1.345367E-13
1319.31797364832  1.660796E-13
1320.76563056886  1.566058E-13
1322.2132874894  1.339219E-13
1323.66094440993  1.101282E-13
1325.10860133047  1.315294E-13
1326.55625825101  1.204893E-13
1328.00391517154  1.594794E-13
1329.45157209208  1.434196E-13
1330.89922901262  1.433448E-13
1332.34688593315  1.565949E-13
1333.79454285369  1.307307E-13
1335.24219977423  1.144552E-13
1336.68985669477  1.351786E-13
1338.1375136153  1.542156E-13
1339.58517053584  1.490384E-13
1341.03282745638  1.327954E-13
1342.48048437691  1.205509E-13
1343.92814129745  1.331837E-13
1345.37579821799  1.277249E-13
1346.82345513852  1.178037E-13
1348.27111205906  1.601541E-13
1349.7187689796  1.573060E-13
1351.16642590013  1.369205E-13
1352.61408282067  1.395631E-13
1354.06173974121  1.144078E-13
1355.50939666174  1.223246E-13
1356.95705358228  1.528921E-13
1358.40471050282  1.406415E-13
1359.85236742335  1.568409E-13
1361.30002434389  1.798950E-13
1362.74768126443  1.612183E-13
1364.19533818496  1.199738E-13
1365.6429951055  1.013153E-13
1367.09065202604  1.012974E-13
1368.53830894657  1.537205E-13
1369.98596586711  1.427144E-13
1371.43362278765  1.390461E-13
1372.88127970819  1.407051E-13
1374.32893662872  1.252651E-13
1375.77659354926  1.276715E-13
1377.2242504698  1.379833E-13
1378.67190739033  1.497140E-13
1380.11956431087  1.155722E-13
1381.56722123141  1.347867E-13
1383.01487815194  1.378372E-13
1384.46253507248  1.631835E-13
1385.91019199302  1.404330E-13
1387.35784891355  1.801021E-13
1388.80550583409  1.582005E-13
1390.25316275463  1.547445E-13
1391.70081967516  1.749102E-13
1393.1484765957  1.634625E-13
1394.59613351624  1.754666E-13
1396.04379043677  1.911973E-13
1397.49144735731  1.720135E-13
1398.93910427785  1.536359E-13
1400.38676119838  1.235176E-13
1401.83441811892  1.508946E-13
1403.28207503946  1.677455E-13
1404.72973195999  1.495453E-13
1406.17738888053  1.588776E-13
1407.62504580107  1.445368E-13
1409.0727027216  1.315758E-13
1410.52035964214  1.262119E-13
1411.96801656268  1.210563E-13
1413.41567348322  1.200254E-13
1414.86333040375  1.260786E-13
1416.31098732429  1.466394E-13
1417.75864424483  1.540371E-13
1419.20630116536  1.362359E-13
1420.6539580859  1.208072E-13
1422.10161500644  1.380976E-13
1423.54927192697  1.355553E-13
1424.99692884751  1.087026E-13
1426.44458576805  1.148282E-13
1427.89224268858  1.162392E-13
1429.33989960912  1.047990E-13
1430.78755652966  9.053010E-14
1432.23521345019  1.229460E-13
1433.68287037073  1.245014E-13
1435.13052729127  1.089333E-13
1436.5781842118  1.069214E-13
1438.02584113234  1.104705E-13
1439.47349805288  1.305626E-13
1440.92115497341  1.610003E-13
1442.36881189395  1.099569E-13
1443.81646881449  1.088876E-13
1445.26412573502  1.349145E-13
1446.71178265556  1.360337E-13
1448.1594395761  1.118426E-13
1449.60709649664  1.101003E-13
1451.05475341717  1.046491E-13
1452.50241033771  1.175597E-13
1453.95006725825  1.130962E-13
1455.39772417878  1.285851E-13
1456.84538109932  1.351628E-13
1458.29303801986  1.262072E-13
1459.74069494039  1.033912E-13
1461.18835186093  1.076519E-13
1462.63600878147  1.082198E-13
1464.083665702  1.047943E-13
1465.53132262254  1.148057E-13
1466.97897954308  1.168892E-13
1468.42663646361  1.442527E-13
1469.87429338415  1.146428E-13
1471.32195030469  1.129459E-13
1472.76960722522  1.124170E-13
1474.21726414576  1.115859E-13
1475.6649210663  1.084490E-13
1477.11257798683  1.090819E-13
1478.56023490737  1.110668E-13
1480.00789182791  1.088882E-13
1481.45554874844  1.163453E-13
1482.90320566898  1.289368E-13
1484.35086258952  1.370510E-13
1485.79851951005  1.409759E-13
1487.24617643059  1.320063E-13
1488.69383335113  9.790463E-14
1490.14149027167  1.028388E-13
1491.5891471922  1.215155E-13
1493.03680411274  1.027197E-13
1494.48446103328  1.158766E-13
1495.93211795381  1.034742E-13
1497.37977487435  1.077851E-13
1498.82743179489  1.149705E-13
1500.27508871542  1.141765E-13
1501.72274563596  1.270510E-13
1503.1704025565  9.851166E-14
1504.61805947703  1.127644E-13
1506.06571639757  1.220290E-13
1507.51337331811  1.256907E-13
1508.96103023864  1.288396E-13
1510.40868715918  1.114836E-13
1511.85634407972  1.233634E-13
1513.30400100025  1.152792E-13
1514.75165792079  1.435960E-13
1516.19931484133  1.210779E-13
1517.64697176186  1.236476E-13
1519.0946286824  1.386834E-13
1520.54228560294  1.352082E-13
1521.98994252347  1.444772E-13
1523.43759944401  1.554313E-13
1524.88525636455  1.590767E-13
1526.33291328509  1.600701E-13
1527.78057020562  1.368416E-13
1529.22822712616  1.370187E-13
1530.6758840467  1.621328E-13
1532.12354096723  1.587826E-13
1533.57119788777  1.702457E-13
1535.01885480831  1.762186E-13
1536.46651172884  1.752782E-13
1537.91416864938  1.959200E-13
1539.36182556992  2.175935E-13
1540.80948249045  2.287270E-13
1542.25713941099  2.570402E-13
1543.70479633153  2.454073E-13
1545.15245325206  2.293680E-13
1546.6001101726  2.141604E-13
1548.04776709314  2.375733E-13
1549.49542401367  2.492568E-13
1550.94308093421  1.875886E-13
1552.39073785475  1.900598E-13
1553.83839477528  1.824679E-13
1555.28605169582  1.699359E-13
1556.73370861636  1.663336E-13
1558.18136553689  1.614821E-13
1559.62902245743  1.478537E-13
1561.07667937797  1.382425E-13
1562.5243362985  1.294590E-13
1563.97199321904  1.279754E-13
1565.41965013958  1.324661E-13
1566.86730706012  1.310576E-13
1568.31496398065  1.216843E-13
1569.76262090119  1.211514E-13
1571.21027782173  1.229057E-13
1572.65793474226  1.226277E-13
1574.1055916628  1.116787E-13
1575.55324858334  1.099688E-13
1577.00090550387  1.268731E-13
1578.44856242441  1.192823E-13
1579.89621934495  1.275948E-13
1581.34387626548  1.283996E-13
1582.79153318602  1.201455E-13
1584.23919010656  1.204495E-13
1585.68684702709  1.151715E-13
1587.13450394763  1.145496E-13
1588.58216086817  9.731150E-14
1590.0298177887  9.194046E-14
1591.47747470924  9.936598E-14
1592.92513162978  1.122189E-13
1594.37278855031  1.272167E-13
1595.82044547085  1.200236E-13
1597.26810239139  1.104898E-13
1598.71575931192  1.004719E-13
1600.16341623246  1.073836E-13
1601.611073153  1.211956E-13
1603.05873007354  1.210934E-13
1604.50638699407  1.275578E-13
1605.95404391461  1.252444E-13
1607.40170083515  1.301941E-13
1608.84935775568  1.276208E-13
1610.29701467622  1.240752E-13
1611.74467159676  1.251406E-13
1613.19232851729  1.177262E-13
1614.63998543783  1.214666E-13
1616.08764235837  1.183120E-13
1617.5352992789  1.212540E-13
1618.98295619944  1.123510E-13
1620.43061311998  1.100975E-13
1621.87827004051  1.124929E-13
1623.32592696105  1.139063E-13
1624.77358388159  1.143629E-13
1626.22124080212  1.080133E-13
1627.66889772266  1.026283E-13
1629.1165546432  1.165035E-13
1630.56421156373  1.355085E-13
1632.01186848427  1.348826E-13
1633.45952540481  1.253374E-13
1634.90718232534  1.255547E-13
1636.35483924588  1.169024E-13
1637.80249616642  1.141645E-13
1639.25015308695  1.147158E-13
1640.69781000749  1.277240E-13
1642.14546692803  1.216825E-13
1643.59312384857  1.197856E-13
1645.0407807691  1.129039E-13
1646.48843768964  1.140082E-13
1647.93609461018  1.092368E-13
1649.38375153071  1.037204E-13
1650.83140845125  1.217714E-13
1652.27906537179  1.128862E-13
1653.72672229232  1.126341E-13
1655.17437921286  1.062712E-13
1656.6220361334  1.026051E-13
1658.06969305393  1.044681E-13
1659.51734997447  1.043191E-13
1660.96500689501  1.077187E-13
1662.41266381554  1.248969E-13
1663.86032073608  1.254087E-13
1665.30797765662  1.235947E-13
1666.75563457715  1.278821E-13
1668.20329149769  1.226897E-13
1669.65094841823  1.339876E-13
1671.09860533876  1.280490E-13
1672.5462622593  1.129834E-13
1673.99391917984  1.080277E-13
1675.44157610038  1.160522E-13
1676.88923302091  1.241130E-13
1678.33688994145  1.201996E-13
1679.78454686199  1.129035E-13
1681.23220378252  1.063228E-13
1682.67986070306  1.044522E-13
1684.1275176236  1.115017E-13
1685.57517454413  1.142107E-13
1687.02283146467  1.126498E-13
1688.47048838521  1.179264E-13
1689.91814530574  1.144965E-13
1691.36580222628  1.188121E-13
1692.81345914682  1.159027E-13
1694.26111606735  1.196220E-13
1695.70877298789  1.186081E-13
1697.15642990843  1.118026E-13
1698.60408682896  1.128020E-13
1700.0517437495  1.146364E-13
1701.49940067004  1.104709E-13
1702.94705759057  1.078872E-13
1704.39471451111  1.093083E-13
1705.84237143165  1.168660E-13
1707.29002835218  1.364831E-13
1708.73768527272  1.503042E-13
1710.18534219326  0.
1711.63299911379  0.
1713.08065603433  0.
1714.52831295487  0.
1715.97596987541  0.
1717.42362679594  0.
1718.87128371648  0.
1720.31894063702  0.
1721.76659755755  0.
1723.21425447809  0.
1724.66191139863  0.
1726.10956831916  0.
1727.5572252397  0.
1729.00488216024  0.
1730.45253908077  0.
1731.90019600131  0.
1733.34785292185  0.
1734.79550984238  0.
1736.24316676292  0.
1737.69082368346  0.
1739.13848060399  0.
1740.58613752453  0.
1742.03379444507  0.
1743.4814513656  0.
1744.92910828614  0.
1746.37676520668  0.
1747.82442212721  0.
1749.27207904775  0.
1750.71973596829  0.
1752.16739288882  0.
1753.61504980936  0.
1755.0627067299  0.
1756.51036365043  0.
1757.95802057097  0.
1759.40567749151  0.
1760.85333441205  0.
1762.30099133258  0.
1763.74864825312  0.
1765.19630517366  0.
1766.64396209419  0.
1768.09161901473  0.
1769.53927593527  0.
1770.9869328558  0.
1772.43458977634  0.
1773.88224669688  0.
1775.32990361741  0.
1776.77756053795  0.
1778.22521745849  0.
1779.67287437902  0.
1781.12053129956  0.
1782.5681882201  0.
1784.01584514063  0.
1785.46350206117  0.
1786.91115898171  0.
1788.35881590224  0.
1789.80647282278  0.
1791.25412974332  0.
1792.70178666385  0.
1794.14944358439  0.
1795.59710050493  0.
1797.04475742547  0.
1798.492414346  0.
1799.94007126654  0.
1801.38772818708  0.
1802.83538510761  0.
1804.28304202815  0.
1805.73069894869  0.
1807.17835586922  0.
1808.62601278976  0.
1810.0736697103  0.
1811.52132663083  0.
1812.96898355137  0.
1814.41664047191  0.
1815.86429739244  0.
1817.31195431298  0.
1818.75961123352  0.
1820.20726815405  0.
1821.65492507459  0.
1823.10258199513  0.
1824.55023891566  0.
1825.9978958362  0.
1827.44555275674  0.
1828.89320967727  0.
1830.34086659781  0.
1831.78852351835  0.
