906.735751295338  0.
908.183408215875  0.
909.631065136412  0.
911.078722056949  0.
912.526378977485  0.
913.974035898022  0.
915.421692818559  0.
916.869349739096  0.
918.317006659633  0.
919.764663580169  0.
921.212320500706  0.
922.659977421243  0.
924.10763434178  0.
925.555291262316  0.
927.002948182853  0.
928.45060510339  0.
929.898262023927  0.
931.345918944464  0.
932.793575865  0.
934.241232785537  0.
935.688889706074  0.
937.136546626611  0.
938.584203547148  0.
940.031860467684  0.
941.479517388221  0.
942.927174308758  0.
944.374831229295  0.
945.822488149832  0.
947.270145070369  0.
948.717801990905  0.
950.165458911442  0.
951.613115831979  0.
953.060772752515  0.
954.508429673052  0.
955.956086593589  0.
957.403743514126  0.
958.851400434663  0.
960.2990573552  0.
961.746714275736  0.
963.194371196273  0.
964.64202811681  0.
966.089685037347  0.
967.537341957883  0.
968.98499887842  0.
970.432655798957  0.
971.880312719494  0.
973.327969640031  0.
974.775626560567  0.
976.223283481104  0.
977.670940401641  0.
979.118597322178  0.
980.566254242715  0.
982.013911163251  0.
983.461568083788  0.
984.909225004325  0.
986.356881924862  0.
987.804538845399  0.
989.252195765935  0.
990.699852686472  0.
992.147509607009  0.
993.595166527546  3.526677E-13
995.042823448082  7.230280E-13
996.490480368619  5.408824E-13
997.938137289156  6.960755E-13
999.385794209693  7.398156E-13
1000.83345113023  7.220032E-13
1002.28110805077  5.654801E-13
1003.7287649713  5.031227E-13
1005.17642189184  3.751214E-13
1006.62407881238  6.396844E-13
1008.07173573291  5.786484E-13
1009.51939265345  6.422316E-13
1010.96704957399  6.011378E-13
1012.41470649452  5.068228E-13
1013.86236341506  5.026205E-13
1015.3100203356  5.927426E-13
1016.75767725613  4.575534E-13
1018.20533417667  5.610811E-13
1019.65299109721  5.819389E-13
1021.10064801775  5.438781E-13
1022.54830493828  5.344454E-13
1023.99596185882  5.074907E-13
1025.44361877936  6.301547E-13
1026.89127569989  4.976569E-13
1028.33893262043  5.319927E-13
1029.78658954097  5.529046E-13
1031.2342464615  6.094648E-13
1032.68190338204  5.236593E-13
1034.12956030258  5.015106E-13
1035.57721722311  5.123715E-13
1037.02487414365  4.753727E-13
1038.47253106419  4.347934E-13
1039.92018798472  3.859576E-13
1041.36784490526  3.771984E-13
1042.8155018258  4.315389E-13
1044.26315874633  4.586830E-13
1045.71081566687  5.758952E-13
1047.15847258741  6.603072E-13
1048.60612950794  4.877239E-13
1050.05378642848  4.543079E-13
1051.50144334902  4.127741E-13
1052.94910026955  3.921367E-13
1054.39675719009  4.535790E-13
1055.84441411063  4.054792E-13
1057.29207103116  3.149251E-13
1058.7397279517  3.490264E-13
1060.18738487224  3.479364E-13
1061.63504179277  3.651274E-13
1063.08269871331  3.927744E-13
1064.53035563385  3.929065E-13
1065.97801255439  3.470490E-13
1067.42566947492  3.777987E-13
1068.87332639546  3.621346E-13
1070.320983316  4.272875E-13
1071.76864023653  3.627872E-13
1073.21629715707  3.971422E-13
1074.66395407761  3.678258E-13
1076.11161099814  3.910957E-13
1077.55926791868  4.203292E-13
1079.00692483922  3.654813E-13
1080.45458175975  4.117530E-13
1081.90223868029  3.415265E-13
1083.34989560083  3.255127E-13
1084.79755252136  2.861276E-13
1086.2452094419  2.856951E-13
1087.69286636244  2.858094E-13
1089.14052328297  2.806461E-13
1090.58818020351  3.552974E-13
1092.03583712405  3.079985E-13
1093.48349404458  3.329504E-13
1094.93115096512  3.674764E-13
1096.37880788566  3.592687E-13
1097.82646480619  3.378071E-13
1099.27412172673  3.311654E-13
1100.72177864727  3.109707E-13
1102.1694355678  3.791695E-13
1103.61709248834  3.569585E-13
1105.06474940888  3.368041E-13
1106.51240632942  3.460085E-13
1107.96006324995  3.416008E-13
1109.40772017049  3.207224E-13
1110.85537709103  3.214142E-13
1112.30303401156  3.386460E-13
1113.7506909321  3.561860E-13
1115.19834785264  2.989201E-13
1116.64600477317  3.208158E-13
1118.09366169371  3.084750E-13
1119.54131861425  3.084497E-13
1120.98897553478  3.326816E-13
1122.43663245532  3.353796E-13
1123.88428937586  3.268938E-13
1125.33194629639  2.899840E-13
1126.77960321693  2.562792E-13
1128.22726013747  3.171902E-13
1129.674917058  3.703486E-13
1131.12257397854  3.513218E-13
1132.57023089908  3.377347E-13
1134.01788781961  3.377792E-13
1135.46554474015  2.837907E-13
1136.91320166069  3.225033E-13
1138.36085858122  3.235692E-13
1139.80851550176  3.048649E-13
1141.2561724223  2.693827E-13
1142.70382934284  2.862066E-13
1144.15148626337  2.828917E-13
1145.59914318391  3.420467E-13
1147.04680010445  3.110975E-13
1148.49445702498  3.089012E-13
1149.94211394552  3.059897E-13
1151.38977086606  2.890202E-13
1152.83742778659  2.686044E-13
1154.28508470713  2.787810E-13
1155.73274162767  2.895762E-13
1157.1803985482  3.073528E-13
1158.62805546874  3.166749E-13
1160.07571238928  3.164033E-13
1161.52336930981  3.412488E-13
1162.97102623035  3.343395E-13
1164.41868315089  3.371291E-13
1165.86634007142  3.843501E-13
1167.31399699196  3.426589E-13
1168.7616539125  3.506371E-13
1170.20931083303  3.640442E-13
1171.65696775357  3.791375E-13
1173.10462467411  3.923645E-13
1174.55228159464  3.675298E-13
1175.99993851518  3.585598E-13
1177.44759543572  3.407997E-13
1178.89525235625  3.819808E-13
1180.34290927679  3.783494E-13
1181.79056619733  3.800831E-13
1183.23822311787  3.929251E-13
1184.6858800384  4.180450E-13
1186.13353695894  4.324976E-13
1187.58119387948  4.813972E-13
1189.02885080001  4.947368E-13
1190.47650772055  4.347778E-13
1191.92416464109  4.762963E-13
1193.37182156162  4.695916E-13
1194.81947848216  5.071788E-13
1196.2671354027  5.681801E-13
1197.71479232323  5.594350E-13
1199.16244924377  5.321762E-13
1200.61010616431  5.656426E-13
1202.05776308484  5.632147E-13
1203.50542000538  6.087434E-13
1204.95307692592  7.107773E-13
1206.40073384645  7.876069E-13
1207.84839076699  9.251396E-13
1209.29604768753  9.100224E-13
1210.74370460806  9.224516E-13
1212.1913615286  9.514945E-13
1213.63901844914  1.158965E-12
1215.08667536967  1.147972E-12
1216.53433229021  1.224419E-12
1217.98198921075  1.070333E-12
1219.42964613129  1.070572E-12
1220.87730305182  8.915333E-13
1222.32495997236  7.132377E-13
1223.7726168929  5.835240E-13
1225.22027381343  5.871319E-13
1226.66793073397  5.537534E-13
1228.11558765451  5.501810E-13
1229.56324457504  5.376808E-13
1231.01090149558  4.258514E-13
1232.45855841612  4.906754E-13
1233.90621533665  4.747050E-13
1235.35387225719  5.230177E-13
1236.80152917773  4.882766E-13
1238.24918609826  5.509047E-13
1239.6968430188  5.572576E-13
1241.14449993934  4.660105E-13
1242.59215685987  5.030857E-13
1244.03981378041  4.778014E-13
1245.48747070095  4.212570E-13
1246.93512762148  4.502197E-13
1248.38278454202  4.055278E-13
1249.83044146256  3.758198E-13
1251.27809838309  4.210363E-13
1252.72575530363  3.927095E-13
1254.17341222417  3.435021E-13
1255.62106914471  3.428757E-13
1257.06872606524  3.745390E-13
1258.51638298578  3.551969E-13
1259.96403990632  3.933731E-13
1261.41169682685  3.457033E-13
1262.85935374739  3.177954E-13
1264.30701066793  3.632967E-13
1265.75466758846  3.350344E-13
1267.202324509  3.022030E-13
1268.64998142954  2.750710E-13
1270.09763835007  3.349389E-13
1271.54529527061  3.668487E-13
1272.99295219115  3.410219E-13
1274.44060911168  3.157048E-13
1275.88826603222  3.024559E-13
1277.33592295276  2.595149E-13
1278.78357987329  2.800523E-13
1280.23123679383  2.724974E-13
1281.67889371437  2.842420E-13
1283.1265506349  2.431576E-13
1284.57420755544  2.667471E-13
1286.02186447598  2.771119E-13
1287.46952139651  2.968108E-13
1288.91717831705  2.674634E-13
1290.36483523759  3.041653E-13
1291.81249215812  2.741291E-13
1293.26014907866  2.588239E-13
1294.7078059992  2.470552E-13
1296.15546291974  2.687311E-13
1297.60311984027  2.680423E-13
1299.05077676081  2.510508E-13
1300.49843368135  2.920087E-13
1301.94609060188  3.173860E-13
1303.39374752242  2.803052E-13
1304.84140444296  2.585697E-13
1306.28906136349  2.902965E-13
1307.73671828403  2.534742E-13
1309.18437520457  2.818549E-13
1310.6320321251  2.722971E-13
1312.07968904564  2.818653E-13
1313.52734596618  3.054026E-13
1314.97500288671  2.729331E-13
1316.42265980725  2.486112E-13
1317.87031672779  2.333680E-13
1319.31797364832  2.461305E-13
1320.76563056886  2.914317E-13
1322.2132874894  2.773634E-13
1323.66094440993  2.882777E-13
1325.10860133047  2.964210E-13
1326.55625825101  2.694460E-13
1328.00391517154  2.761209E-13
1329.45157209208  2.835410E-13
1330.89922901262  2.741181E-13
1332.34688593315  2.575727E-13
1333.79454285369  2.916125E-13
1335.24219977423  2.811300E-13
1336.68985669477  2.522707E-13
1338.1375136153  2.378517E-13
1339.58517053584  2.396180E-13
1341.03282745638  2.846809E-13
1342.48048437691  2.807702E-13
1343.92814129745  2.860473E-13
1345.37579821799  2.730538E-13
1346.82345513852  2.934000E-13
1348.27111205906  2.610612E-13
1349.7187689796  2.337325E-13
1351.16642590013  2.696253E-13
1352.61408282067  2.755020E-13
1354.06173974121  2.536331E-13
1355.50939666174  2.619039E-13
1356.95705358228  2.732778E-13
1358.40471050282  2.437398E-13
1359.85236742335  2.429905E-13
1361.30002434389  2.676296E-13
1362.74768126443  2.772420E-13
1364.19533818496  2.827521E-13
1365.6429951055  2.404829E-13
1367.09065202604  2.371203E-13
1368.53830894657  3.396019E-13
1369.98596586711  2.982735E-13
1371.43362278765  2.658150E-13
1372.88127970819  2.603548E-13
1374.32893662872  2.382498E-13
1375.77659354926  2.929808E-13
1377.2242504698  2.715341E-13
1378.67190739033  2.912337E-13
1380.11956431087  3.029558E-13
1381.56722123141  3.227978E-13
1383.01487815194  2.586652E-13
1384.46253507248  2.398521E-13
1385.91019199302  2.537869E-13
1387.35784891355  3.033725E-13
1388.80550583409  3.061441E-13
1390.25316275463  2.875137E-13
1391.70081967516  2.781104E-13
1393.1484765957  2.798557E-13
1394.59613351624  2.976364E-13
1396.04379043677  3.148294E-13
1397.49144735731  3.129097E-13
1398.93910427785  3.474828E-13
1400.38676119838  3.459265E-13
1401.83441811892  3.521746E-13
1403.28207503946  3.266572E-13
1404.72973195999  2.644170E-13
1406.17738888053  2.574300E-13
1407.62504580107  2.649989E-13
1409.0727027216  2.664224E-13
1410.52035964214  3.027015E-13
1411.96801656268  2.990234E-13
1413.41567348322  2.982378E-13
1414.86333040375  2.802066E-13
1416.31098732429  2.718183E-13
1417.75864424483  2.720281E-13
1419.20630116536  2.580479E-13
1420.6539580859  2.542056E-13
1422.10161500644  2.367558E-13
1423.54927192697  2.605699E-13
1424.99692884751  2.871949E-13
1426.44458576805  2.492936E-13
1427.89224268858  2.381925E-13
1429.33989960912  2.711428E-13
1430.78755652966  2.509830E-13
1432.23521345019  2.497916E-13
1433.68287037073  2.682886E-13
1435.13052729127  2.692249E-13
1436.5781842118  2.582068E-13
1438.02584113234  2.321438E-13
1439.47349805288  2.420175E-13
1440.92115497341  2.256587E-13
1442.36881189395  2.329013E-13
1443.81646881449  2.821009E-13
1445.26412573502  2.481517E-13
1446.71178265556  2.426778E-13
1448.1594395761  2.133593E-13
1449.60709649664  2.237893E-13
1451.05475341717  2.299176E-13
1452.50241033771  2.778395E-13
1453.95006725825  2.392410E-13
1455.39772417878  2.317003E-13
1456.84538109932  2.479822E-13
1458.29303801986  2.377762E-13
1459.74069494039  2.496720E-13
1461.18835186093  2.194863E-13
1462.63600878147  2.150781E-13
1464.083665702  2.558490E-13
1465.53132262254  2.607522E-13
1466.97897954308  2.341843E-13
1468.42663646361  2.355448E-13
1469.87429338415  2.266229E-13
1471.32195030469  2.204447E-13
1472.76960722522  2.196715E-13
1474.21726414576  2.271292E-13
1475.6649210663  2.344205E-13
1477.11257798683  2.359899E-13
1478.56023490737  2.261510E-13
1480.00789182791  2.403092E-13
1481.45554874844  2.433087E-13
1482.90320566898  2.462055E-13
1484.35086258952  2.507708E-13
1485.79851951005  2.392655E-13
1487.24617643059  2.513260E-13
1488.69383335113  2.518733E-13
1490.14149027167  2.253311E-13
1491.5891471922  2.073205E-13
1493.03680411274  2.103368E-13
1494.48446103328  2.311100E-13
1495.93211795381  2.345737E-13
1497.37977487435  2.507159E-13
1498.82743179489  2.464333E-13
1500.27508871542  2.640324E-13
1501.72274563596  2.408760E-13
1503.1704025565  2.446127E-13
1504.61805947703  2.441876E-13
1506.06571639757  2.456967E-13
1507.51337331811  2.461546E-13
1508.96103023864  2.431014E-13
1510.40868715918  2.450173E-13
1511.85634407972  2.538464E-13
1513.30400100025  2.569688E-13
1514.75165792079  2.826696E-13
1516.19931484133  2.740527E-13
1517.64697176186  2.916983E-13
1519.0946286824  2.852400E-13
1520.54228560294  2.572767E-13
1521.98994252347  2.824116E-13
1523.43759944401  3.085496E-13
1524.88525636455  3.022561E-13
1526.33291328509  3.246305E-13
1527.78057020562  3.110864E-13
1529.22822712616  2.906311E-13
1530.6758840467  3.114765E-13
1532.12354096723  3.272732E-13
1533.57119788777  3.819953E-13
1535.01885480831  3.858288E-13
1536.46651172884  3.752889E-13
1537.91416864938  3.802012E-13
1539.36182556992  4.440742E-13
1540.80948249045  4.802167E-13
1542.25713941099  4.606372E-13
1543.70479633153  4.746571E-13
1545.15245325206  4.668765E-13
1546.6001101726  4.397591E-13
1548.04776709314  4.210747E-13
1549.49542401367  4.172006E-13
1550.94308093421  4.102192E-13
1552.39073785475  4.034393E-13
1553.83839477528  3.921468E-13
1555.28605169582  3.541972E-13
1556.73370861636  3.385159E-13
1558.18136553689  3.285762E-13
1559.62902245743  3.116968E-13
1561.07667937797  2.921471E-13
1562.5243362985  2.988420E-13
1563.97199321904  2.956086E-13
1565.41965013958  2.904889E-13
1566.86730706012  2.861405E-13
1568.31496398065  2.668267E-13
1569.76262090119  2.580461E-13
1571.21027782173  2.466930E-13
1572.65793474226  2.523709E-13
1574.1055916628  2.610379E-13
1575.55324858334  2.416718E-13
1577.00090550387  2.416533E-13
1578.44856242441  2.505329E-13
1579.89621934495  2.662273E-13
1581.34387626548  2.669806E-13
1582.79153318602  2.566374E-13
1584.23919010656  2.553077E-13
1585.68684702709  2.353832E-13
1587.13450394763  2.341375E-13
1588.58216086817  2.260334E-13
1590.0298177887  2.442858E-13
1591.47747470924  2.400105E-13
1592.92513162978  2.390737E-13
1594.37278855031  2.248259E-13
1595.82044547085  2.424617E-13
1597.26810239139  2.402989E-13
1598.71575931192  2.388094E-13
1600.16341623246  2.364422E-13
1601.611073153  2.347474E-13
1603.05873007354  2.341192E-13
1604.50638699407  2.287103E-13
1605.95404391461  2.277027E-13
1607.40170083515  2.362452E-13
1608.84935775568  2.239865E-13
1610.29701467622  2.329604E-13
1611.74467159676  2.325609E-13
1613.19232851729  2.282200E-13
1614.63998543783  2.406024E-13
1616.08764235837  2.412682E-13
1617.5352992789  2.397393E-13
1618.98295619944  2.250262E-13
1620.43061311998  2.289231E-13
1621.87827004051  2.399951E-13
1623.32592696105  2.335567E-13
1624.77358388159  2.378615E-13
1626.22124080212  2.364301E-13
1627.66889772266  2.330334E-13
1629.1165546432  2.411707E-13
1630.56421156373  2.681376E-13
1632.01186848427  2.651574E-13
1633.45952540481  2.483347E-13
1634.90718232534  2.537397E-13
1636.35483924588  2.522210E-13
1637.80249616642  2.531163E-13
1639.25015308695  2.482474E-13
1640.69781000749  2.416143E-13
1642.14546692803  2.266891E-13
1643.59312384857  2.283657E-13
1645.0407807691  2.301921E-13
1646.48843768964  2.372602E-13
1647.93609461018  2.379303E-13
1649.38375153071  2.472652E-13
1650.83140845125  2.470482E-13
1652.27906537179  2.475566E-13
1653.72672229232  2.260881E-13
1655.17437921286  2.264586E-13
1656.6220361334  2.365264E-13
1658.06969305393  2.384355E-13
1659.51734997447  2.455391E-13
1660.96500689501  2.380540E-13
1662.41266381554  2.349371E-13
1663.86032073608  2.281240E-13
1665.30797765662  2.228163E-13
1666.75563457715  2.261823E-13
1668.20329149769  2.215312E-13
1669.65094841823  2.054926E-13
1671.09860533876  2.076875E-13
1672.5462622593  2.072360E-13
1673.99391917984  2.035797E-13
1675.44157610038  2.064105E-13
1676.88923302091  2.084280E-13
1678.33688994145  2.107433E-13
1679.78454686199  2.035891E-13
1681.23220378252  2.001985E-13
1682.67986070306  1.971052E-13
1684.1275176236  2.034606E-13
1685.57517454413  2.016096E-13
1687.02283146467  2.008600E-13
1688.47048838521  2.082236E-13
1689.91814530574  2.099904E-13
1691.36580222628  1.951580E-13
1692.81345914682  1.801037E-13
1694.26111606735  1.853441E-13
1695.70877298789  1.854762E-13
1697.15642990843  1.982743E-13
1698.60408682896  1.947189E-13
1700.0517437495  2.036813E-13
1701.49940067004  2.025010E-13
1702.94705759057  2.020841E-13
1704.39471451111  1.993149E-13
1705.84237143165  1.990770E-13
1707.29002835218  1.987754E-13
1708.73768527272  1.871755E-13
1710.18534219326  0.
1711.63299911379  0.
1713.08065603433  0.
1714.52831295487  0.
1715.97596987541  0.
1717.42362679594  0.
1718.87128371648  0.
1720.31894063702  0.
1721.76659755755  0.
1723.21425447809  0.
1724.66191139863  0.
1726.10956831916  0.
1727.5572252397  0.
1729.00488216024  0.
1730.45253908077  0.
1731.90019600131  0.
1733.34785292185  0.
1734.79550984238  0.
1736.24316676292  0.
1737.69082368346  0.
1739.13848060399  0.
1740.58613752453  0.
1742.03379444507  0.
1743.4814513656  0.
1744.92910828614  0.
1746.37676520668  0.
1747.82442212721  0.
1749.27207904775  0.
1750.71973596829  0.
1752.16739288882  0.
1753.61504980936  0.
1755.0627067299  0.
1756.51036365043  0.
1757.95802057097  0.
1759.40567749151  0.
1760.85333441205  0.
1762.30099133258  0.
1763.74864825312  0.
1765.19630517366  0.
1766.64396209419  0.
1768.09161901473  0.
1769.53927593527  0.
1770.9869328558  0.
1772.43458977634  0.
1773.88224669688  0.
1775.32990361741  0.
1776.77756053795  0.
1778.22521745849  0.
1779.67287437902  0.
1781.12053129956  0.
1782.5681882201  0.
1784.01584514063  0.
1785.46350206117  0.
1786.91115898171  0.
1788.35881590224  0.
1789.80647282278  0.
1791.25412974332  0.
1792.70178666385  0.
1794.14944358439  0.
1795.59710050493  0.
1797.04475742547  0.
1798.492414346  0.
1799.94007126654  0.
1801.38772818708  0.
1802.83538510761  0.
1804.28304202815  0.
1805.73069894869  0.
1807.17835586922  0.
1808.62601278976  0.
1810.0736697103  0.
1811.52132663083  0.
1812.96898355137  0.
1814.41664047191  0.
1815.86429739244  0.
1817.31195431298  0.
1818.75961123352  0.
1820.20726815405  0.
1821.65492507459  0.
1823.10258199513  0.
1824.55023891566  0.
1825.9978958362  0.
1827.44555275674  0.
1828.89320967727  0.
1830.34086659781  0.
1831.78852351835  0.
