906.735751295338  0.
908.183408215875  0.
909.631065136412  0.
911.078722056949  0.
912.526378977485  0.
913.974035898022  0.
915.421692818559  0.
916.869349739096  0.
918.317006659633  0.
919.764663580169  0.
921.212320500706  0.
922.659977421243  0.
924.10763434178  0.
925.555291262316  0.
927.002948182853  0.
928.45060510339  0.
929.898262023927  0.
931.345918944464  0.
932.793575865  0.
934.241232785537  0.
935.688889706074  0.
937.136546626611  0.
938.584203547148  0.
940.031860467684  0.
941.479517388221  0.
942.927174308758  0.
944.374831229295  0.
945.822488149832  0.
947.270145070369  0.
948.717801990905  0.
950.165458911442  0.
951.613115831979  0.
953.060772752515  0.
954.508429673052  0.
955.956086593589  0.
957.403743514126  0.
958.851400434663  0.
960.2990573552  0.
961.746714275736  0.
963.194371196273  0.
964.64202811681  0.
966.089685037347  0.
967.537341957883  0.
968.98499887842  0.
970.432655798957  0.
971.880312719494  0.
973.327969640031  0.
974.775626560567  0.
976.223283481104  0.
977.670940401641  0.
979.118597322178  0.
980.566254242715  0.
982.013911163251  0.
983.461568083788  0.
984.909225004325  0.
986.356881924862  0.
987.804538845399  0.
989.252195765935  0.
990.699852686472  0.
992.147509607009  0.
993.595166527546  6.250545E-13
995.042823448082  1.993792E-13
996.490480368619  5.465851E-13
997.938137289156  4.189879E-13
999.385794209693  5.073762E-13
1000.83345113023  5.105957E-13
1002.28110805077  3.957173E-13
1003.7287649713  3.588225E-13
1005.17642189184  3.647633E-13
1006.62407881238  4.728371E-13
1008.07173573291  3.867293E-13
1009.51939265345  4.604897E-13
1010.96704957399  5.364952E-13
1012.41470649452  3.076962E-13
1013.86236341506  4.217847E-13
1015.3100203356  5.716914E-13
1016.75767725613  4.719608E-13
1018.20533417667  5.985213E-13
1019.65299109721  4.847339E-13
1021.10064801775  5.622252E-13
1022.54830493828  4.841637E-13
1023.99596185882  5.295244E-13
1025.44361877936  5.733841E-13
1026.89127569989  4.878689E-13
1028.33893262043  4.606803E-13
1029.78658954097  4.964283E-13
1031.2342464615  4.929940E-13
1032.68190338204  4.756862E-13
1034.12956030258  3.777304E-13
1035.57721722311  4.174378E-13
1037.02487414365  4.332369E-13
1038.47253106419  4.575822E-13
1039.92018798472  3.637123E-13
1041.36784490526  4.164209E-13
1042.8155018258  4.425837E-13
1044.26315874633  4.703440E-13
1045.71081566687  7.274852E-13
1047.15847258741  5.145787E-13
1048.60612950794  5.354447E-13
1050.05378642848  6.116055E-13
1051.50144334902  6.671660E-13
1052.94910026955  6.632116E-13
1054.39675719009  5.945795E-13
1055.84441411063  5.146134E-13
1057.29207103116  4.013009E-13
1058.7397279517  3.389636E-13
1060.18738487224  3.329494E-13
1061.63504179277  3.303705E-13
1063.08269871331  3.473857E-13
1064.53035563385  3.370643E-13
1065.97801255439  3.469427E-13
1067.42566947492  4.178624E-13
1068.87332639546  3.630518E-13
1070.320983316  4.237190E-13
1071.76864023653  2.954661E-13
1073.21629715707  3.526358E-13
1074.66395407761  4.075944E-13
1076.11161099814  3.410222E-13
1077.55926791868  3.500755E-13
1079.00692483922  3.652478E-13
1080.45458175975  3.316021E-13
1081.90223868029  3.318050E-13
1083.34989560083  3.572389E-13
1084.79755252136  3.140179E-13
1086.2452094419  2.548456E-13
1087.69286636244  2.876414E-13
1089.14052328297  3.184003E-13
1090.58818020351  3.629123E-13
1092.03583712405  3.012660E-13
1093.48349404458  3.197389E-13
1094.93115096512  3.207812E-13
1096.37880788566  2.813092E-13
1097.82646480619  2.905402E-13
1099.27412172673  2.926535E-13
1100.72177864727  3.004453E-13
1102.1694355678  3.188123E-13
1103.61709248834  3.794136E-13
1105.06474940888  3.251124E-13
1106.51240632942  2.745020E-13
1107.96006324995  3.335742E-13
1109.40772017049  3.093298E-13
1110.85537709103  3.238370E-13
1112.30303401156  3.221877E-13
1113.7506909321  3.171637E-13
1115.19834785264  2.935814E-13
1116.64600477317  2.863876E-13
1118.09366169371  2.897268E-13
1119.54131861425  2.508706E-13
1120.98897553478  2.701937E-13
1122.43663245532  2.586709E-13
1123.88428937586  2.868872E-13
1125.33194629639  2.713287E-13
1126.77960321693  2.873940E-13
1128.22726013747  3.363813E-13
1129.674917058  3.107361E-13
1131.12257397854  2.798232E-13
1132.57023089908  3.278664E-13
1134.01788781961  3.242784E-13
1135.46554474015  3.512644E-13
1136.91320166069  3.075682E-13
1138.36085858122  2.852982E-13
1139.80851550176  2.959097E-13
1141.2561724223  2.968502E-13
1142.70382934284  3.188037E-13
1144.15148626337  2.948435E-13
1145.59914318391  3.592054E-13
1147.04680010445  3.055098E-13
1148.49445702498  3.236455E-13
1149.94211394552  2.697973E-13
1151.38977086606  2.800481E-13
1152.83742778659  2.482980E-13
1154.28508470713  2.626891E-13
1155.73274162767  3.196834E-13
1157.1803985482  2.977371E-13
1158.62805546874  3.029228E-13
1160.07571238928  3.081934E-13
1161.52336930981  2.759145E-13
1162.97102623035  3.061873E-13
1164.41868315089  2.947370E-13
1165.86634007142  3.378303E-13
1167.31399699196  3.718933E-13
1168.7616539125  3.446354E-13
1170.20931083303  3.598627E-13
1171.65696775357  3.578262E-13
1173.10462467411  4.202870E-13
1174.55228159464  3.922825E-13
1175.99993851518  3.708756E-13
1177.44759543572  4.004172E-13
1178.89525235625  3.832958E-13
1180.34290927679  3.691980E-13
1181.79056619733  3.827220E-13
1183.23822311787  3.572988E-13
1184.6858800384  3.966020E-13
1186.13353695894  3.942990E-13
1187.58119387948  4.150969E-13
1189.02885080001  4.347127E-13
1190.47650772055  4.969109E-13
1191.92416464109  4.299433E-13
1193.37182156162  5.254722E-13
1194.81947848216  5.660456E-13
1196.2671354027  5.475277E-13
1197.71479232323  5.558042E-13
1199.16244924377  5.819197E-13
1200.61010616431  6.091870E-13
1202.05776308484  6.415195E-13
1203.50542000538  6.013149E-13
1204.95307692592  7.267797E-13
1206.40073384645  8.243069E-13
1207.84839076699  9.361186E-13
1209.29604768753  1.019248E-12
1210.74370460806  1.181312E-12
1212.1913615286  1.071413E-12
1213.63901844914  1.191442E-12
1215.08667536967  1.020187E-12
1216.53433229021  1.165865E-12
1217.98198921075  1.012019E-12
1219.42964613129  8.432932E-13
1220.87730305182  8.186502E-13
1222.32495997236  6.438581E-13
1223.7726168929  5.990625E-13
1225.22027381343  5.143001E-13
1226.66793073397  5.279879E-13
1228.11558765451  5.139311E-13
1229.56324457504  5.022715E-13
1231.01090149558  4.751294E-13
1232.45855841612  5.107142E-13
1233.90621533665  4.893640E-13
1235.35387225719  5.252447E-13
1236.80152917773  5.608022E-13
1238.24918609826  5.313836E-13
1239.6968430188  5.103222E-13
1241.14449993934  4.611272E-13
1242.59215685987  4.787147E-13
1244.03981378041  4.230682E-13
1245.48747070095  3.651329E-13
1246.93512762148  3.938850E-13
1248.38278454202  4.066686E-13
1249.83044146256  4.058088E-13
1251.27809838309  3.322680E-13
1252.72575530363  3.739599E-13
1254.17341222417  4.175341E-13
1255.62106914471  3.302050E-13
1257.06872606524  3.313265E-13
1258.51638298578  3.262351E-13
1259.96403990632  3.243333E-13
1261.41169682685  3.289936E-13
1262.85935374739  3.163396E-13
1264.30701066793  3.051060E-13
1265.75466758846  3.272410E-13
1267.202324509  2.804665E-13
1268.64998142954  2.567714E-13
1270.09763835007  2.543251E-13
1271.54529527061  2.839078E-13
1272.99295219115  2.645355E-13
1274.44060911168  2.817284E-13
1275.88826603222  3.050594E-13
1277.33592295276  2.775532E-13
1278.78357987329  2.413766E-13
1280.23123679383  2.665096E-13
1281.67889371437  2.502579E-13
1283.1265506349  2.333958E-13
1284.57420755544  2.566830E-13
1286.02186447598  2.641893E-13
1287.46952139651  2.737565E-13
1288.91717831705  2.788782E-13
1290.36483523759  2.632030E-13
1291.81249215812  2.332072E-13
1293.26014907866  2.669865E-13
1294.7078059992  2.750511E-13
1296.15546291974  2.631527E-13
1297.60311984027  2.625067E-13
1299.05077676081  2.494594E-13
1300.49843368135  2.552080E-13
1301.94609060188  2.744807E-13
1303.39374752242  2.574625E-13
1304.84140444296  2.341966E-13
1306.28906136349  2.765471E-13
1307.73671828403  2.751301E-13
1309.18437520457  2.689595E-13
1310.6320321251  2.584137E-13
1312.07968904564  2.511443E-13
1313.52734596618  2.303038E-13
1314.97500288671  2.573738E-13
1316.42265980725  2.583597E-13
1317.87031672779  2.537592E-13
1319.31797364832  2.467370E-13
1320.76563056886  2.569178E-13
1322.2132874894  2.865065E-13
1323.66094440993  2.809207E-13
1325.10860133047  2.936417E-13
1326.55625825101  2.623144E-13
1328.00391517154  2.684552E-13
1329.45157209208  2.791575E-13
1330.89922901262  2.766400E-13
1332.34688593315  2.870487E-13
1333.79454285369  2.668856E-13
1335.24219977423  2.203419E-13
1336.68985669477  2.272533E-13
1338.1375136153  2.434789E-13
1339.58517053584  2.477913E-13
1341.03282745638  2.772209E-13
1342.48048437691  2.682270E-13
1343.92814129745  2.729948E-13
1345.37579821799  2.601965E-13
1346.82345513852  2.423610E-13
1348.27111205906  2.974575E-13
1349.7187689796  2.947160E-13
1351.16642590013  2.925961E-13
1352.61408282067  2.422585E-13
1354.06173974121  2.269466E-13
1355.50939666174  2.418594E-13
1356.95705358228  2.738150E-13
1358.40471050282  2.785515E-13
1359.85236742335  2.894950E-13
1361.30002434389  2.890809E-13
1362.74768126443  2.779753E-13
1364.19533818496  2.967346E-13
1365.6429951055  2.564345E-13
1367.09065202604  2.562294E-13
1368.53830894657  2.590962E-13
1369.98596586711  2.628629E-13
1371.43362278765  2.707389E-13
1372.88127970819  2.723664E-13
1374.32893662872  2.465092E-13
1375.77659354926  2.325501E-13
1377.2242504698  2.458289E-13
1378.67190739033  2.579619E-13
1380.11956431087  2.426352E-13
1381.56722123141  3.078059E-13
1383.01487815194  2.532015E-13
1384.46253507248  2.364201E-13
1385.91019199302  2.580907E-13
1387.35784891355  2.539851E-13
1388.80550583409  2.876247E-13
1390.25316275463  3.121836E-13
1391.70081967516  3.426701E-13
1393.1484765957  3.285007E-13
1394.59613351624  3.160955E-13
1396.04379043677  3.273339E-13
1397.49144735731  3.468753E-13
1398.93910427785  3.448327E-13
1400.38676119838  3.248927E-13
1401.83441811892  3.431801E-13
1403.28207503946  3.043804E-13
1404.72973195999  2.678642E-13
1406.17738888053  2.858305E-13
1407.62504580107  2.218859E-13
1409.0727027216  2.679563E-13
1410.52035964214  2.654272E-13
1411.96801656268  2.629546E-13
1413.41567348322  2.938166E-13
1414.86333040375  2.882731E-13
1416.31098732429  2.929844E-13
1417.75864424483  2.664254E-13
1419.20630116536  2.465359E-13
1420.6539580859  2.569668E-13
1422.10161500644  2.625789E-13
1423.54927192697  2.615068E-13
1424.99692884751  2.631564E-13
1426.44458576805  2.478863E-13
1427.89224268858  2.478407E-13
1429.33989960912  2.709477E-13
1430.78755652966  2.620437E-13
1432.23521345019  2.332929E-13
1433.68287037073  2.262349E-13
1435.13052729127  2.174315E-13
1436.5781842118  2.340581E-13
1438.02584113234  2.539625E-13
1439.47349805288  2.586027E-13
1440.92115497341  2.466916E-13
1442.36881189395  2.330628E-13
1443.81646881449  2.105213E-13
1445.26412573502  2.436636E-13
1446.71178265556  2.249242E-13
1448.1594395761  2.246392E-13
1449.60709649664  2.388405E-13
1451.05475341717  2.094008E-13
1452.50241033771  2.283311E-13
1453.95006725825  2.370020E-13
1455.39772417878  2.292447E-13
1456.84538109932  2.344721E-13
1458.29303801986  2.270663E-13
1459.74069494039  2.322494E-13
1461.18835186093  2.336797E-13
1462.63600878147  2.083460E-13
1464.083665702  1.987731E-13
1465.53132262254  1.873574E-13
1466.97897954308  2.114196E-13
1468.42663646361  2.350573E-13
1469.87429338415  2.345216E-13
1471.32195030469  2.182819E-13
1472.76960722522  1.899218E-13
1474.21726414576  2.142230E-13
1475.6649210663  2.189390E-13
1477.11257798683  2.366565E-13
1478.56023490737  2.100370E-13
1480.00789182791  2.138368E-13
1481.45554874844  2.197871E-13
1482.90320566898  2.093247E-13
1484.35086258952  2.126049E-13
1485.79851951005  2.223229E-13
1487.24617643059  2.303499E-13
1488.69383335113  2.212468E-13
1490.14149027167  2.207850E-13
1491.5891471922  2.207494E-13
1493.03680411274  1.965313E-13
1494.48446103328  2.109145E-13
1495.93211795381  2.032863E-13
1497.37977487435  2.236091E-13
1498.82743179489  2.354923E-13
1500.27508871542  2.536427E-13
1501.72274563596  2.345540E-13
1503.1704025565  2.238727E-13
1504.61805947703  2.199571E-13
1506.06571639757  2.197126E-13
1507.51337331811  2.562995E-13
1508.96103023864  2.747486E-13
1510.40868715918  2.423021E-13
1511.85634407972  2.512106E-13
1513.30400100025  2.689943E-13
1514.75165792079  2.608664E-13
1516.19931484133  2.450857E-13
1517.64697176186  2.642171E-13
1519.0946286824  2.857806E-13
1520.54228560294  2.849871E-13
1521.98994252347  2.836377E-13
1523.43759944401  2.768116E-13
1524.88525636455  2.742385E-13
1526.33291328509  2.813613E-13
1527.78057020562  3.200849E-13
1529.22822712616  3.143760E-13
1530.6758840467  3.405016E-13
1532.12354096723  3.227312E-13
1533.57119788777  3.422119E-13
1535.01885480831  3.858111E-13
1536.46651172884  3.931380E-13
1537.91416864938  4.279426E-13
1539.36182556992  4.260752E-13
1540.80948249045  4.654495E-13
1542.25713941099  4.730789E-13
1543.70479633153  4.935708E-13
1545.15245325206  4.945685E-13
1546.6001101726  4.855344E-13
1548.04776709314  4.612759E-13
1549.49542401367  3.987419E-13
1550.94308093421  4.060178E-13
1552.39073785475  3.751459E-13
1553.83839477528  3.686465E-13
1555.28605169582  3.384766E-13
1556.73370861636  3.240492E-13
1558.18136553689  3.157861E-13
1559.62902245743  2.980793E-13
1561.07667937797  2.806250E-13
1562.5243362985  2.652645E-13
1563.97199321904  2.803989E-13
1565.41965013958  2.908759E-13
1566.86730706012  2.768149E-13
1568.31496398065  2.705950E-13
1569.76262090119  2.657196E-13
1571.21027782173  2.712734E-13
1572.65793474226  2.679522E-13
1574.1055916628  2.489871E-13
1575.55324858334  2.336485E-13
1577.00090550387  2.432934E-13
1578.44856242441  2.459421E-13
1579.89621934495  2.577943E-13
1581.34387626548  2.622292E-13
1582.79153318602  2.324113E-13
1584.23919010656  2.264864E-13
1585.68684702709  2.152505E-13
1587.13450394763  2.226033E-13
1588.58216086817  2.184048E-13
1590.0298177887  2.280943E-13
1591.47747470924  2.303064E-13
1592.92513162978  2.450599E-13
1594.37278855031  2.306261E-13
1595.82044547085  2.351582E-13
1597.26810239139  2.457522E-13
1598.71575931192  2.228648E-13
1600.16341623246  2.286482E-13
1601.611073153  2.378578E-13
1603.05873007354  2.277620E-13
1604.50638699407  2.385124E-13
1605.95404391461  2.248083E-13
1607.40170083515  2.375611E-13
1608.84935775568  2.341585E-13
1610.29701467622  2.370683E-13
1611.74467159676  2.305293E-13
1613.19232851729  2.125214E-13
1614.63998543783  2.279147E-13
1616.08764235837  2.197995E-13
1617.5352992789  2.294472E-13
1618.98295619944  2.314999E-13
1620.43061311998  2.203745E-13
1621.87827004051  2.216605E-13
1623.32592696105  2.121135E-13
1624.77358388159  2.148235E-13
1626.22124080212  2.252879E-13
1627.66889772266  2.189040E-13
1629.1165546432  2.277284E-13
1630.56421156373  2.346174E-13
1632.01186848427  2.445020E-13
1633.45952540481  2.348753E-13
1634.90718232534  2.329545E-13
1636.35483924588  2.228581E-13
1637.80249616642  2.122639E-13
1639.25015308695  2.110564E-13
1640.69781000749  2.007914E-13
1642.14546692803  1.958829E-13
1643.59312384857  2.145959E-13
1645.0407807691  2.150354E-13
1646.48843768964  2.212264E-13
1647.93609461018  2.206954E-13
1649.38375153071  2.100850E-13
1650.83140845125  2.201835E-13
1652.27906537179  2.182434E-13
1653.72672229232  2.252872E-13
1655.17437921286  2.203972E-13
1656.6220361334  2.262626E-13
1658.06969305393  2.408440E-13
1659.51734997447  2.532553E-13
1660.96500689501  2.508790E-13
1662.41266381554  2.421323E-13
1663.86032073608  2.292680E-13
1665.30797765662  2.273935E-13
1666.75563457715  2.228978E-13
1668.20329149769  2.109075E-13
1669.65094841823  2.097683E-13
1671.09860533876  2.105953E-13
1672.5462622593  2.073487E-13
1673.99391917984  2.025614E-13
1675.44157610038  2.078877E-13
1676.88923302091  2.038139E-13
1678.33688994145  1.995004E-13
1679.78454686199  2.039241E-13
1681.23220378252  1.968506E-13
1682.67986070306  1.915926E-13
1684.1275176236  1.996403E-13
1685.57517454413  1.958225E-13
1687.02283146467  1.988970E-13
1688.47048838521  2.002360E-13
1689.91814530574  2.137336E-13
1691.36580222628  2.233841E-13
1692.81345914682  2.083673E-13
1694.26111606735  2.086320E-13
1695.70877298789  2.049375E-13
1697.15642990843  2.071180E-13
1698.60408682896  2.058397E-13
1700.0517437495  2.081199E-13
1701.49940067004  2.099240E-13
1702.94705759057  2.099446E-13
1704.39471451111  1.999424E-13
1705.84237143165  1.908322E-13
1707.29002835218  1.880862E-13
1708.73768527272  1.858893E-13
1710.18534219326  0.
1711.63299911379  0.
1713.08065603433  0.
1714.52831295487  0.
1715.97596987541  0.
1717.42362679594  0.
1718.87128371648  0.
1720.31894063702  0.
1721.76659755755  0.
1723.21425447809  0.
1724.66191139863  0.
1726.10956831916  0.
1727.5572252397  0.
1729.00488216024  0.
1730.45253908077  0.
1731.90019600131  0.
1733.34785292185  0.
1734.79550984238  0.
1736.24316676292  0.
1737.69082368346  0.
1739.13848060399  0.
1740.58613752453  0.
1742.03379444507  0.
1743.4814513656  0.
1744.92910828614  0.
1746.37676520668  0.
1747.82442212721  0.
1749.27207904775  0.
1750.71973596829  0.
1752.16739288882  0.
1753.61504980936  0.
1755.0627067299  0.
1756.51036365043  0.
1757.95802057097  0.
1759.40567749151  0.
1760.85333441205  0.
1762.30099133258  0.
1763.74864825312  0.
1765.19630517366  0.
1766.64396209419  0.
1768.09161901473  0.
1769.53927593527  0.
1770.9869328558  0.
1772.43458977634  0.
1773.88224669688  0.
1775.32990361741  0.
1776.77756053795  0.
1778.22521745849  0.
1779.67287437902  0.
1781.12053129956  0.
1782.5681882201  0.
1784.01584514063  0.
1785.46350206117  0.
1786.91115898171  0.
1788.35881590224  0.
1789.80647282278  0.
1791.25412974332  0.
1792.70178666385  0.
1794.14944358439  0.
1795.59710050493  0.
1797.04475742547  0.
1798.492414346  0.
1799.94007126654  0.
1801.38772818708  0.
1802.83538510761  0.
1804.28304202815  0.
1805.73069894869  0.
1807.17835586922  0.
1808.62601278976  0.
1810.0736697103  0.
1811.52132663083  0.
1812.96898355137  0.
1814.41664047191  0.
1815.86429739244  0.
1817.31195431298  0.
1818.75961123352  0.
1820.20726815405  0.
1821.65492507459  0.
1823.10258199513  0.
1824.55023891566  0.
1825.9978958362  0.
1827.44555275674  0.
1828.89320967727  0.
1830.34086659781  0.
1831.78852351835  0.
