906.735751295338  0.
908.183408215875  0.
909.631065136412  0.
911.078722056949  0.
912.526378977485  0.
913.974035898022  0.
915.421692818559  0.
916.869349739096  0.
918.317006659633  0.
919.764663580169  0.
921.212320500706  0.
922.659977421243  0.
924.10763434178  0.
925.555291262316  0.
927.002948182853  0.
928.45060510339  0.
929.898262023927  0.
931.345918944464  0.
932.793575865  0.
934.241232785537  0.
935.688889706074  0.
937.136546626611  0.
938.584203547148  0.
940.031860467684  0.
941.479517388221  0.
942.927174308758  0.
944.374831229295  0.
945.822488149832  0.
947.270145070369  0.
948.717801990905  0.
950.165458911442  0.
951.613115831979  0.
953.060772752515  0.
954.508429673052  0.
955.956086593589  0.
957.403743514126  0.
958.851400434663  0.
960.2990573552  0.
961.746714275736  0.
963.194371196273  0.
964.64202811681  0.
966.089685037347  0.
967.537341957883  0.
968.98499887842  0.
970.432655798957  0.
971.880312719494  0.
973.327969640031  0.
974.775626560567  0.
976.223283481104  0.
977.670940401641  0.
979.118597322178  0.
980.566254242715  0.
982.013911163251  0.
983.461568083788  0.
984.909225004325  0.
986.356881924862  0.
987.804538845399  0.
989.252195765935  0.
990.699852686472  0.
992.147509607009  0.
993.595166527546  6.883942E-13
995.042823448082  4.941437E-13
996.490480368619  3.637409E-13
997.938137289156  2.874340E-13
999.385794209693  4.237819E-13
1000.83345113023  4.091479E-13
1002.28110805077  3.546731E-13
1003.7287649713  5.021427E-13
1005.17642189184  4.818308E-13
1006.62407881238  5.632050E-13
1008.07173573291  5.177554E-13
1009.51939265345  5.848836E-13
1010.96704957399  5.145603E-13
1012.41470649452  3.020041E-13
1013.86236341506  3.420763E-13
1015.3100203356  5.820329E-13
1016.75767725613  4.183228E-13
1018.20533417667  4.510985E-13
1019.65299109721  5.091327E-13
1021.10064801775  5.969163E-13
1022.54830493828  5.012622E-13
1023.99596185882  4.327045E-13
1025.44361877936  4.749679E-13
1026.89127569989  4.608735E-13
1028.33893262043  5.465533E-13
1029.78658954097  5.973970E-13
1031.2342464615  5.393167E-13
1032.68190338204  4.391267E-13
1034.12956030258  4.785956E-13
1035.57721722311  4.510904E-13
1037.02487414365  4.168349E-13
1038.47253106419  3.876717E-13
1039.92018798472  3.824720E-13
1041.36784490526  3.724934E-13
1042.8155018258  4.454162E-13
1044.26315874633  4.677186E-13
1045.71081566687  5.972791E-13
1047.15847258741  5.104467E-13
1048.60612950794  5.032151E-13
1050.05378642848  5.092216E-13
1051.50144334902  5.236331E-13
1052.94910026955  8.634950E-13
1054.39675719009  5.390411E-13
1055.84441411063  4.427214E-13
1057.29207103116  3.884417E-13
1058.7397279517  3.705194E-13
1060.18738487224  4.274464E-13
1061.63504179277  3.745586E-13
1063.08269871331  3.330792E-13
1064.53035563385  3.580713E-13
1065.97801255439  3.655251E-13
1067.42566947492  3.847334E-13
1068.87332639546  3.620638E-13
1070.320983316  4.254490E-13
1071.76864023653  3.671346E-13
1073.21629715707  3.882982E-13
1074.66395407761  4.065797E-13
1076.11161099814  3.764321E-13
1077.55926791868  3.773580E-13
1079.00692483922  3.474835E-13
1080.45458175975  2.958961E-13
1081.90223868029  3.147746E-13
1083.34989560083  3.561551E-13
1084.79755252136  3.413225E-13
1086.2452094419  3.115845E-13
1087.69286636244  2.808423E-13
1089.14052328297  2.950101E-13
1090.58818020351  3.557429E-13
1092.03583712405  3.317049E-13
1093.48349404458  3.448026E-13
1094.93115096512  3.221966E-13
1096.37880788566  2.890678E-13
1097.82646480619  3.081621E-13
1099.27412172673  2.946348E-13
1100.72177864727  2.931698E-13
1102.1694355678  3.478151E-13
1103.61709248834  3.269988E-13
1105.06474940888  3.359462E-13
1106.51240632942  2.964348E-13
1107.96006324995  3.081705E-13
1109.40772017049  3.109268E-13
1110.85537709103  3.524089E-13
1112.30303401156  3.632824E-13
1113.7506909321  3.540370E-13
1115.19834785264  3.078907E-13
1116.64600477317  3.035435E-13
1118.09366169371  3.237963E-13
1119.54131861425  2.677827E-13
1120.98897553478  3.220726E-13
1122.43663245532  2.916059E-13
1123.88428937586  2.570808E-13
1125.33194629639  2.483530E-13
1126.77960321693  2.959370E-13
1128.22726013747  3.133792E-13
1129.674917058  3.265866E-13
1131.12257397854  3.600384E-13
1132.57023089908  3.098107E-13
1134.01788781961  3.253017E-13
1135.46554474015  3.428737E-13
1136.91320166069  2.813205E-13
1138.36085858122  3.207734E-13
1139.80851550176  3.040669E-13
1141.2561724223  2.931593E-13
1142.70382934284  3.021200E-13
1144.15148626337  3.137604E-13
1145.59914318391  3.309507E-13
1147.04680010445  3.116246E-13
1148.49445702498  2.961240E-13
1149.94211394552  2.581297E-13
1151.38977086606  2.665385E-13
1152.83742778659  2.654680E-13
1154.28508470713  3.255329E-13
1155.73274162767  2.936802E-13
1157.1803985482  3.578427E-13
1158.62805546874  3.295100E-13
1160.07571238928  3.421100E-13
1161.52336930981  3.158927E-13
1162.97102623035  3.034964E-13
1164.41868315089  2.789538E-13
1165.86634007142  3.522667E-13
1167.31399699196  3.090271E-13
1168.7616539125  3.126259E-13
1170.20931083303  3.314794E-13
1171.65696775357  3.514180E-13
1173.10462467411  3.772763E-13
1174.55228159464  3.304655E-13
1175.99993851518  3.453125E-13
1177.44759543572  3.807827E-13
1178.89525235625  3.665204E-13
1180.34290927679  3.452765E-13
1181.79056619733  3.702443E-13
1183.23822311787  3.688056E-13
1184.6858800384  3.346486E-13
1186.13353695894  3.829758E-13
1187.58119387948  4.229168E-13
1189.02885080001  4.325604E-13
1190.47650772055  4.479256E-13
1191.92416464109  4.694270E-13
1193.37182156162  4.749304E-13
1194.81947848216  5.727851E-13
1196.2671354027  5.149471E-13
1197.71479232323  5.208038E-13
1199.16244924377  5.595735E-13
1200.61010616431  5.885083E-13
1202.05776308484  5.771082E-13
1203.50542000538  5.591489E-13
1204.95307692592  6.703027E-13
1206.40073384645  8.085328E-13
1207.84839076699  8.473033E-13
1209.29604768753  9.352719E-13
1210.74370460806  9.407901E-13
1212.1913615286  1.034858E-12
1213.63901844914  1.115029E-12
1215.08667536967  1.093924E-12
1216.53433229021  1.066911E-12
1217.98198921075  9.549706E-13
1219.42964613129  8.557599E-13
1220.87730305182  7.763260E-13
1222.32495997236  6.264131E-13
1223.7726168929  6.126828E-13
1225.22027381343  5.144763E-13
1226.66793073397  5.591182E-13
1228.11558765451  5.185193E-13
1229.56324457504  5.045535E-13
1231.01090149558  4.794349E-13
1232.45855841612  4.637198E-13
1233.90621533665  4.742829E-13
1235.35387225719  5.151004E-13
1236.80152917773  5.403719E-13
1238.24918609826  5.222062E-13
1239.6968430188  5.287664E-13
1241.14449993934  4.946016E-13
1242.59215685987  4.366102E-13
1244.03981378041  4.125672E-13
1245.48747070095  3.721275E-13
1246.93512762148  4.010815E-13
1248.38278454202  4.600724E-13
1249.83044146256  4.114668E-13
1251.27809838309  3.955774E-13
1252.72575530363  3.897591E-13
1254.17341222417  4.194385E-13
1255.62106914471  3.635462E-13
1257.06872606524  3.351421E-13
1258.51638298578  3.308447E-13
1259.96403990632  3.308771E-13
1261.41169682685  2.916349E-13
1262.85935374739  3.269464E-13
1264.30701066793  3.353702E-13
1265.75466758846  3.100561E-13
1267.202324509  2.311267E-13
1268.64998142954  2.529533E-13
1270.09763835007  2.567037E-13
1271.54529527061  2.802701E-13
1272.99295219115  3.119851E-13
1274.44060911168  2.885132E-13
1275.88826603222  3.172350E-13
1277.33592295276  3.051243E-13
1278.78357987329  2.771884E-13
1280.23123679383  3.028930E-13
1281.67889371437  3.021191E-13
1283.1265506349  2.613694E-13
1284.57420755544  2.656937E-13
1286.02186447598  2.567287E-13
1287.46952139651  2.919102E-13
1288.91717831705  2.994476E-13
1290.36483523759  2.873189E-13
1291.81249215812  3.049197E-13
1293.26014907866  2.866844E-13
1294.7078059992  3.060493E-13
1296.15546291974  2.758572E-13
1297.60311984027  2.793698E-13
1299.05077676081  2.856260E-13
1300.49843368135  2.916584E-13
1301.94609060188  2.819609E-13
1303.39374752242  2.776871E-13
1304.84140444296  2.598761E-13
1306.28906136349  2.724182E-13
1307.73671828403  2.304784E-13
1309.18437520457  2.510453E-13
1310.6320321251  2.745317E-13
1312.07968904564  3.094302E-13
1313.52734596618  2.768543E-13
1314.97500288671  2.727836E-13
1316.42265980725  2.708752E-13
1317.87031672779  2.282914E-13
1319.31797364832  2.385852E-13
1320.76563056886  2.154496E-13
1322.2132874894  2.377614E-13
1323.66094440993  2.848357E-13
1325.10860133047  2.998939E-13
1326.55625825101  2.499830E-13
1328.00391517154  2.561666E-13
1329.45157209208  2.577671E-13
1330.89922901262  2.360794E-13
1332.34688593315  2.596067E-13
1333.79454285369  2.979478E-13
1335.24219977423  2.783016E-13
1336.68985669477  2.672089E-13
1338.1375136153  2.392057E-13
1339.58517053584  2.679602E-13
1341.03282745638  3.487137E-13
1342.48048437691  2.922341E-13
1343.92814129745  2.562491E-13
1345.37579821799  2.854941E-13
1346.82345513852  2.765115E-13
1348.27111205906  2.815850E-13
1349.7187689796  2.516621E-13
1351.16642590013  2.934068E-13
1352.61408282067  2.893375E-13
1354.06173974121  2.434856E-13
1355.50939666174  3.041334E-13
1356.95705358228  2.903821E-13
1358.40471050282  2.651710E-13
1359.85236742335  2.727099E-13
1361.30002434389  2.824434E-13
1362.74768126443  2.754777E-13
1364.19533818496  3.161011E-13
1365.6429951055  2.598057E-13
1367.09065202604  2.196464E-13
1368.53830894657  2.448873E-13
1369.98596586711  2.850467E-13
1371.43362278765  2.997490E-13
1372.88127970819  2.639696E-13
1374.32893662872  2.243304E-13
1375.77659354926  2.311497E-13
1377.2242504698  2.319908E-13
1378.67190739033  2.578101E-13
1380.11956431087  2.588722E-13
1381.56722123141  3.094951E-13
1383.01487815194  2.913179E-13
1384.46253507248  2.734728E-13
1385.91019199302  2.412406E-13
1387.35784891355  2.744155E-13
1388.80550583409  3.060314E-13
1390.25316275463  3.200215E-13
1391.70081967516  3.034850E-13
1393.1484765957  3.055710E-13
1394.59613351624  3.031987E-13
1396.04379043677  3.223155E-13
1397.49144735731  3.255839E-13
1398.93910427785  3.849734E-13
1400.38676119838  3.413836E-13
1401.83441811892  3.054253E-13
1403.28207503946  3.317136E-13
1404.72973195999  2.726591E-13
1406.17738888053  2.776301E-13
1407.62504580107  2.711804E-13
1409.0727027216  2.966620E-13
1410.52035964214  3.103436E-13
1411.96801656268  2.942905E-13
1413.41567348322  2.947494E-13
1414.86333040375  2.645042E-13
1416.31098732429  2.392051E-13
1417.75864424483  2.521925E-13
1419.20630116536  2.451387E-13
1420.6539580859  2.708709E-13
1422.10161500644  2.635986E-13
1423.54927192697  2.462801E-13
1424.99692884751  2.439133E-13
1426.44458576805  2.513831E-13
1427.89224268858  2.513632E-13
1429.33989960912  2.364882E-13
1430.78755652966  2.313705E-13
1432.23521345019  2.470521E-13
1433.68287037073  2.512655E-13
1435.13052729127  2.319024E-13
1436.5781842118  2.229738E-13
1438.02584113234  2.233058E-13
1439.47349805288  1.905989E-13
1440.92115497341  2.344119E-13
1442.36881189395  2.183745E-13
1443.81646881449  1.816790E-13
1445.26412573502  2.215667E-13
1446.71178265556  2.397061E-13
1448.1594395761  2.280271E-13
1449.60709649664  2.419633E-13
1451.05475341717  1.966676E-13
1452.50241033771  2.394871E-13
1453.95006725825  2.362492E-13
1455.39772417878  2.369360E-13
1456.84538109932  2.569698E-13
1458.29303801986  2.667433E-13
1459.74069494039  2.343506E-13
1461.18835186093  2.035539E-13
1462.63600878147  1.904563E-13
1464.083665702  2.075703E-13
1465.53132262254  2.161607E-13
1466.97897954308  2.282997E-13
1468.42663646361  2.450036E-13
1469.87429338415  2.409686E-13
1471.32195030469  2.333506E-13
1472.76960722522  2.316535E-13
1474.21726414576  2.417362E-13
1475.6649210663  2.212193E-13
1477.11257798683  2.053220E-13
1478.56023490737  2.244689E-13
1480.00789182791  2.352056E-13
1481.45554874844  1.917494E-13
1482.90320566898  2.110080E-13
1484.35086258952  2.354087E-13
1485.79851951005  2.365202E-13
1487.24617643059  2.276922E-13
1488.69383335113  2.431667E-13
1490.14149027167  2.148832E-13
1491.5891471922  2.216827E-13
1493.03680411274  2.287182E-13
1494.48446103328  2.458572E-13
1495.93211795381  2.351351E-13
1497.37977487435  2.209481E-13
1498.82743179489  2.488372E-13
1500.27508871542  2.936818E-13
1501.72274563596  2.454110E-13
1503.1704025565  2.223330E-13
1504.61805947703  2.260810E-13
1506.06571639757  2.398537E-13
1507.51337331811  2.439367E-13
1508.96103023864  2.376920E-13
1510.40868715918  2.445890E-13
1511.85634407972  2.474786E-13
1513.30400100025  2.588511E-13
1514.75165792079  2.799221E-13
1516.19931484133  2.725614E-13
1517.64697176186  2.721393E-13
1519.0946286824  2.829523E-13
1520.54228560294  2.674798E-13
1521.98994252347  2.770730E-13
1523.43759944401  2.883905E-13
1524.88525636455  2.720212E-13
1526.33291328509  2.942542E-13
1527.78057020562  3.306771E-13
1529.22822712616  3.256006E-13
1530.6758840467  3.178174E-13
1532.12354096723  3.204151E-13
1533.57119788777  3.411045E-13
1535.01885480831  3.470023E-13
1536.46651172884  3.589219E-13
1537.91416864938  3.898293E-13
1539.36182556992  4.336019E-13
1540.80948249045  4.527929E-13
1542.25713941099  4.605473E-13
1543.70479633153  4.718513E-13
1545.15245325206  4.698621E-13
1546.6001101726  5.062695E-13
1548.04776709314  5.004249E-13
1549.49542401367  4.182622E-13
1550.94308093421  4.190541E-13
1552.39073785475  3.987906E-13
1553.83839477528  3.893772E-13
1555.28605169582  3.468145E-13
1556.73370861636  3.461251E-13
1558.18136553689  3.308446E-13
1559.62902245743  2.863013E-13
1561.07667937797  2.739840E-13
1562.5243362985  2.771048E-13
1563.97199321904  3.050171E-13
1565.41965013958  2.949815E-13
1566.86730706012  2.690035E-13
1568.31496398065  2.582081E-13
1569.76262090119  2.683984E-13
1571.21027782173  2.701703E-13
1572.65793474226  2.821871E-13
1574.1055916628  2.696916E-13
1575.55324858334  2.625640E-13
1577.00090550387  2.672478E-13
1578.44856242441  2.430809E-13
1579.89621934495  2.709282E-13
1581.34387626548  2.743641E-13
1582.79153318602  2.695591E-13
1584.23919010656  2.612385E-13
1585.68684702709  2.330843E-13
1587.13450394763  2.229151E-13
1588.58216086817  2.261827E-13
1590.0298177887  2.300883E-13
1591.47747470924  2.213968E-13
1592.92513162978  2.258069E-13
1594.37278855031  2.350480E-13
1595.82044547085  2.187190E-13
1597.26810239139  2.174576E-13
1598.71575931192  2.215503E-13
1600.16341623246  2.416956E-13
1601.611073153  2.334820E-13
1603.05873007354  2.075327E-13
1604.50638699407  2.283157E-13
1605.95404391461  2.319698E-13
1607.40170083515  2.432617E-13
1608.84935775568  2.320747E-13
1610.29701467622  2.305877E-13
1611.74467159676  2.300994E-13
1613.19232851729  2.138829E-13
1614.63998543783  2.413626E-13
1616.08764235837  2.435528E-13
1617.5352992789  2.359564E-13
1618.98295619944  2.316808E-13
1620.43061311998  2.340276E-13
1621.87827004051  2.527974E-13
1623.32592696105  2.418306E-13
1624.77358388159  2.301262E-13
1626.22124080212  2.317636E-13
1627.66889772266  2.228091E-13
1629.1165546432  2.375337E-13
1630.56421156373  2.460134E-13
1632.01186848427  2.313124E-13
1633.45952540481  2.361916E-13
1634.90718232534  2.403472E-13
1636.35483924588  2.471676E-13
1637.80249616642  2.411895E-13
1639.25015308695  2.467621E-13
1640.69781000749  2.351784E-13
1642.14546692803  2.134969E-13
1643.59312384857  2.182448E-13
1645.0407807691  2.304537E-13
1646.48843768964  2.262354E-13
1647.93609461018  2.340831E-13
1649.38375153071  2.299280E-13
1650.83140845125  2.336140E-13
1652.27906537179  2.318058E-13
1653.72672229232  2.361695E-13
1655.17437921286  2.248229E-13
1656.6220361334  2.142705E-13
1658.06969305393  2.280483E-13
1659.51734997447  2.455953E-13
1660.96500689501  2.551217E-13
1662.41266381554  2.563156E-13
1663.86032073608  2.453600E-13
1665.30797765662  2.301144E-13
1666.75563457715  2.158974E-13
1668.20329149769  2.075048E-13
1669.65094841823  2.033477E-13
1671.09860533876  2.082439E-13
1672.5462622593  2.112619E-13
1673.99391917984  2.114317E-13
1675.44157610038  2.109691E-13
1676.88923302091  2.005242E-13
1678.33688994145  2.109675E-13
1679.78454686199  2.171113E-13
1681.23220378252  2.029854E-13
1682.67986070306  1.941433E-13
1684.1275176236  1.966033E-13
1685.57517454413  1.971171E-13
1687.02283146467  1.883224E-13
1688.47048838521  1.932864E-13
1689.91814530574  1.998841E-13
1691.36580222628  2.072510E-13
1692.81345914682  2.053883E-13
1694.26111606735  2.110048E-13
1695.70877298789  2.065348E-13
1697.15642990843  2.051191E-13
1698.60408682896  1.987026E-13
1700.0517437495  2.013809E-13
1701.49940067004  2.024195E-13
1702.94705759057  2.026133E-13
1704.39471451111  2.056379E-13
1705.84237143165  2.009622E-13
1707.29002835218  2.043154E-13
1708.73768527272  2.007949E-13
1710.18534219326  0.
1711.63299911379  0.
1713.08065603433  0.
1714.52831295487  0.
1715.97596987541  0.
1717.42362679594  0.
1718.87128371648  0.
1720.31894063702  0.
1721.76659755755  0.
1723.21425447809  0.
1724.66191139863  0.
1726.10956831916  0.
1727.5572252397  0.
1729.00488216024  0.
1730.45253908077  0.
1731.90019600131  0.
1733.34785292185  0.
1734.79550984238  0.
1736.24316676292  0.
1737.69082368346  0.
1739.13848060399  0.
1740.58613752453  0.
1742.03379444507  0.
1743.4814513656  0.
1744.92910828614  0.
1746.37676520668  0.
1747.82442212721  0.
1749.27207904775  0.
1750.71973596829  0.
1752.16739288882  0.
1753.61504980936  0.
1755.0627067299  0.
1756.51036365043  0.
1757.95802057097  0.
1759.40567749151  0.
1760.85333441205  0.
1762.30099133258  0.
1763.74864825312  0.
1765.19630517366  0.
1766.64396209419  0.
1768.09161901473  0.
1769.53927593527  0.
1770.9869328558  0.
1772.43458977634  0.
1773.88224669688  0.
1775.32990361741  0.
1776.77756053795  0.
1778.22521745849  0.
1779.67287437902  0.
1781.12053129956  0.
1782.5681882201  0.
1784.01584514063  0.
1785.46350206117  0.
1786.91115898171  0.
1788.35881590224  0.
1789.80647282278  0.
1791.25412974332  0.
1792.70178666385  0.
1794.14944358439  0.
1795.59710050493  0.
1797.04475742547  0.
1798.492414346  0.
1799.94007126654  0.
1801.38772818708  0.
1802.83538510761  0.
1804.28304202815  0.
1805.73069894869  0.
1807.17835586922  0.
1808.62601278976  0.
1810.0736697103  0.
1811.52132663083  0.
1812.96898355137  0.
1814.41664047191  0.
1815.86429739244  0.
1817.31195431298  0.
1818.75961123352  0.
1820.20726815405  0.
1821.65492507459  0.
1823.10258199513  0.
1824.55023891566  0.
1825.9978958362  0.
1827.44555275674  0.
1828.89320967727  0.
1830.34086659781  0.
1831.78852351835  0.
