906.735751295338  0.
908.183408215875  0.
909.631065136412  0.
911.078722056949  0.
912.526378977485  0.
913.974035898022  0.
915.421692818559  0.
916.869349739096  0.
918.317006659633  0.
919.764663580169  0.
921.212320500706  0.
922.659977421243  0.
924.10763434178  0.
925.555291262316  0.
927.002948182853  0.
928.45060510339  0.
929.898262023927  0.
931.345918944464  0.
932.793575865  0.
934.241232785537  0.
935.688889706074  0.
937.136546626611  0.
938.584203547148  0.
940.031860467684  0.
941.479517388221  0.
942.927174308758  0.
944.374831229295  0.
945.822488149832  0.
947.270145070369  0.
948.717801990905  0.
950.165458911442  0.
951.613115831979  0.
953.060772752515  0.
954.508429673052  0.
955.956086593589  0.
957.403743514126  0.
958.851400434663  0.
960.2990573552  0.
961.746714275736  0.
963.194371196273  0.
964.64202811681  0.
966.089685037347  0.
967.537341957883  0.
968.98499887842  0.
970.432655798957  0.
971.880312719494  0.
973.327969640031  0.
974.775626560567  0.
976.223283481104  0.
977.670940401641  0.
979.118597322178  0.
980.566254242715  0.
982.013911163251  0.
983.461568083788  0.
984.909225004325  0.
986.356881924862  0.
987.804538845399  0.
989.252195765935  0.
990.699852686472  0.
992.147509607009  0.
993.595166527546  1.133827E-13
995.042823448082  3.752513E-13
996.490480368619  2.104117E-13
997.938137289156  1.238424E-13
999.385794209693  3.701003E-13
1000.83345113023  3.552675E-13
1002.28110805077  5.198584E-13
1003.7287649713  2.643801E-13
1005.17642189184  1.758354E-13
1006.62407881238  4.128435E-13
1008.07173573291  4.652336E-13
1009.51939265345  7.341627E-13
1010.96704957399  6.317717E-13
1012.41470649452  2.263101E-13
1013.86236341506  3.217040E-13
1015.3100203356  3.797686E-13
1016.75767725613  3.137968E-13
1018.20533417667  4.698566E-13
1019.65299109721  5.534337E-13
1021.10064801775  6.235294E-13
1022.54830493828  3.929231E-13
1023.99596185882  4.023731E-13
1025.44361877936  5.189630E-13
1026.89127569989  4.233290E-13
1028.33893262043  4.413203E-13
1029.78658954097  5.356169E-13
1031.2342464615  4.950078E-13
1032.68190338204  5.532056E-13
1034.12956030258  5.517476E-13
1035.57721722311  4.213224E-13
1037.02487414365  4.491949E-13
1038.47253106419  4.418839E-13
1039.92018798472  4.598395E-13
1041.36784490526  3.865663E-13
1042.8155018258  3.382081E-13
1044.26315874633  4.146966E-13
1045.71081566687  5.704846E-13
1047.15847258741  3.712499E-13
1048.60612950794  5.449368E-13
1050.05378642848  4.930367E-13
1051.50144334902  4.258719E-13
1052.94910026955  4.452575E-13
1054.39675719009  5.176111E-13
1055.84441411063  4.840782E-13
1057.29207103116  3.243416E-13
1058.7397279517  3.175188E-13
1060.18738487224  3.303526E-13
1061.63504179277  3.578531E-13
1063.08269871331  3.619948E-13
1064.53035563385  3.901372E-13
1065.97801255439  3.420239E-13
1067.42566947492  3.884112E-13
1068.87332639546  3.843761E-13
1070.320983316  4.429498E-13
1071.76864023653  3.693265E-13
1073.21629715707  4.396381E-13
1074.66395407761  4.767337E-13
1076.11161099814  4.316457E-13
1077.55926791868  4.579350E-13
1079.00692483922  3.554059E-13
1080.45458175975  3.842211E-13
1081.90223868029  3.589911E-13
1083.34989560083  3.457062E-13
1084.79755252136  3.564377E-13
1086.2452094419  2.973949E-13
1087.69286636244  2.900479E-13
1089.14052328297  3.313898E-13
1090.58818020351  3.820688E-13
1092.03583712405  2.933121E-13
1093.48349404458  3.028528E-13
1094.93115096512  3.318037E-13
1096.37880788566  3.387595E-13
1097.82646480619  3.673400E-13
1099.27412172673  3.658654E-13
1100.72177864727  3.328870E-13
1102.1694355678  3.264169E-13
1103.61709248834  3.203090E-13
1105.06474940888  3.353218E-13
1106.51240632942  3.159997E-13
1107.96006324995  3.298885E-13
1109.40772017049  3.120665E-13
1110.85537709103  3.305099E-13
1112.30303401156  2.694211E-13
1113.7506909321  2.917399E-13
1115.19834785264  2.959474E-13
1116.64600477317  3.101258E-13
1118.09366169371  3.352366E-13
1119.54131861425  3.249502E-13
1120.98897553478  3.138219E-13
1122.43663245532  3.144351E-13
1123.88428937586  2.774637E-13
1125.33194629639  2.815745E-13
1126.77960321693  3.369061E-13
1128.22726013747  3.341826E-13
1129.674917058  3.857773E-13
1131.12257397854  3.642820E-13
1132.57023089908  3.296808E-13
1134.01788781961  3.685499E-13
1135.46554474015  3.498440E-13
1136.91320166069  2.874901E-13
1138.36085858122  3.403006E-13
1139.80851550176  3.160441E-13
1141.2561724223  2.620129E-13
1142.70382934284  2.787646E-13
1144.15148626337  3.164768E-13
1145.59914318391  3.217789E-13
1147.04680010445  3.287803E-13
1148.49445702498  3.266038E-13
1149.94211394552  2.945345E-13
1151.38977086606  2.846724E-13
1152.83742778659  2.920933E-13
1154.28508470713  3.316313E-13
1155.73274162767  3.148187E-13
1157.1803985482  3.405174E-13
1158.62805546874  3.800339E-13
1160.07571238928  3.432140E-13
1161.52336930981  3.260757E-13
1162.97102623035  3.109432E-13
1164.41868315089  2.795445E-13
1165.86634007142  3.205155E-13
1167.31399699196  3.037205E-13
1168.7616539125  3.281053E-13
1170.20931083303  3.328044E-13
1171.65696775357  3.671159E-13
1173.10462467411  4.324090E-13
1174.55228159464  3.939347E-13
1175.99993851518  3.347813E-13
1177.44759543572  3.397096E-13
1178.89525235625  3.924833E-13
1180.34290927679  3.929435E-13
1181.79056619733  3.970033E-13
1183.23822311787  3.977126E-13
1184.6858800384  3.951414E-13
1186.13353695894  4.214866E-13
1187.58119387948  4.119008E-13
1189.02885080001  4.004071E-13
1190.47650772055  4.584627E-13
1191.92416464109  3.881316E-13
1193.37182156162  4.316399E-13
1194.81947848216  4.700068E-13
1196.2671354027  4.339598E-13
1197.71479232323  5.570029E-13
1199.16244924377  5.695567E-13
1200.61010616431  5.956637E-13
1202.05776308484  5.879819E-13
1203.50542000538  6.349990E-13
1204.95307692592  6.634746E-13
1206.40073384645  7.899886E-13
1207.84839076699  7.833288E-13
1209.29604768753  8.619340E-13
1210.74370460806  1.068540E-12
1212.1913615286  1.095470E-12
1213.63901844914  1.233730E-12
1215.08667536967  1.068147E-12
1216.53433229021  1.115820E-12
1217.98198921075  9.993926E-13
1219.42964613129  8.153670E-13
1220.87730305182  8.634385E-13
1222.32495997236  6.789902E-13
1223.7726168929  5.759785E-13
1225.22027381343  5.907613E-13
1226.66793073397  5.293153E-13
1228.11558765451  5.289621E-13
1229.56324457504  5.184545E-13
1231.01090149558  4.705133E-13
1232.45855841612  4.541600E-13
1233.90621533665  4.169713E-13
1235.35387225719  4.794147E-13
1236.80152917773  4.592709E-13
1238.24918609826  5.278339E-13
1239.6968430188  5.479036E-13
1241.14449993934  5.672422E-13
1242.59215685987  5.202117E-13
1244.03981378041  4.486592E-13
1245.48747070095  4.023243E-13
1246.93512762148  4.521240E-13
1248.38278454202  4.361855E-13
1249.83044146256  3.977850E-13
1251.27809838309  3.831511E-13
1252.72575530363  4.041214E-13
1254.17341222417  3.923197E-13
1255.62106914471  3.856984E-13
1257.06872606524  3.281770E-13
1258.51638298578  3.396657E-13
1259.96403990632  3.087084E-13
1261.41169682685  3.467610E-13
1262.85935374739  3.293723E-13
1264.30701066793  3.419587E-13
1265.75466758846  3.429447E-13
1267.202324509  3.229670E-13
1268.64998142954  2.903123E-13
1270.09763835007  2.643102E-13
1271.54529527061  3.207609E-13
1272.99295219115  3.349074E-13
1274.44060911168  2.959835E-13
1275.88826603222  3.097463E-13
1277.33592295276  2.725730E-13
1278.78357987329  3.014542E-13
1280.23123679383  2.616529E-13
1281.67889371437  2.845877E-13
1283.1265506349  2.252662E-13
1284.57420755544  2.775425E-13
1286.02186447598  3.238333E-13
1287.46952139651  2.828778E-13
1288.91717831705  3.236581E-13
1290.36483523759  2.825704E-13
1291.81249215812  2.913446E-13
1293.26014907866  2.641160E-13
1294.7078059992  2.757861E-13
1296.15546291974  2.555150E-13
1297.60311984027  2.712722E-13
1299.05077676081  2.389868E-13
1300.49843368135  3.057175E-13
1301.94609060188  3.128733E-13
1303.39374752242  2.920526E-13
1304.84140444296  2.625721E-13
1306.28906136349  2.752314E-13
1307.73671828403  2.577108E-13
1309.18437520457  2.875691E-13
1310.6320321251  2.782667E-13
1312.07968904564  2.584244E-13
1313.52734596618  3.133491E-13
1314.97500288671  2.792412E-13
1316.42265980725  2.902689E-13
1317.87031672779  2.742518E-13
1319.31797364832  2.652176E-13
1320.76563056886  2.572305E-13
1322.2132874894  2.623529E-13
1323.66094440993  2.544168E-13
1325.10860133047  2.906884E-13
1326.55625825101  2.731498E-13
1328.00391517154  2.742895E-13
1329.45157209208  2.230075E-13
1330.89922901262  2.738297E-13
1332.34688593315  2.747697E-13
1333.79454285369  2.792294E-13
1335.24219977423  2.628402E-13
1336.68985669477  2.382987E-13
1338.1375136153  2.814049E-13
1339.58517053584  2.779820E-13
1341.03282745638  2.632746E-13
1342.48048437691  2.457162E-13
1343.92814129745  2.614648E-13
1345.37579821799  2.202642E-13
1346.82345513852  2.539008E-13
1348.27111205906  2.585185E-13
1349.7187689796  2.405535E-13
1351.16642590013  2.605123E-13
1352.61408282067  2.608037E-13
1354.06173974121  2.785244E-13
1355.50939666174  2.758125E-13
1356.95705358228  2.746489E-13
1358.40471050282  2.314836E-13
1359.85236742335  2.744906E-13
1361.30002434389  2.850465E-13
1362.74768126443  3.227774E-13
1364.19533818496  2.976377E-13
1365.6429951055  2.395688E-13
1367.09065202604  2.113062E-13
1368.53830894657  2.857561E-13
1369.98596586711  3.068526E-13
1371.43362278765  2.811424E-13
1372.88127970819  2.791870E-13
1374.32893662872  2.843793E-13
1375.77659354926  2.672590E-13
1377.2242504698  2.355264E-13
1378.67190739033  2.806862E-13
1380.11956431087  2.763563E-13
1381.56722123141  3.779789E-13
1383.01487815194  3.258762E-13
1384.46253507248  3.582098E-13
1385.91019199302  3.309208E-13
1387.35784891355  2.971435E-13
1388.80550583409  3.036634E-13
1390.25316275463  2.805198E-13
1391.70081967516  3.404811E-13
1393.1484765957  3.531180E-13
1394.59613351624  3.463777E-13
1396.04379043677  3.400749E-13
1397.49144735731  3.031714E-13
1398.93910427785  3.082549E-13
1400.38676119838  2.846507E-13
1401.83441811892  3.225667E-13
1403.28207503946  3.469651E-13
1404.72973195999  3.384143E-13
1406.17738888053  3.157729E-13
1407.62504580107  2.755114E-13
1409.0727027216  3.386968E-13
1410.52035964214  2.807347E-13
1411.96801656268  2.938724E-13
1413.41567348322  3.621306E-13
1414.86333040375  2.588894E-13
1416.31098732429  2.693614E-13
1417.75864424483  2.332668E-13
1419.20630116536  2.355727E-13
1420.6539580859  2.603200E-13
1422.10161500644  2.881658E-13
1423.54927192697  2.678923E-13
1424.99692884751  2.602697E-13
1426.44458576805  2.474993E-13
1427.89224268858  2.394748E-13
1429.33989960912  2.824033E-13
1430.78755652966  2.830675E-13
1432.23521345019  2.753607E-13
1433.68287037073  2.498958E-13
1435.13052729127  2.206012E-13
1436.5781842118  1.991539E-13
1438.02584113234  2.170319E-13
1439.47349805288  2.350957E-13
1440.92115497341  2.072649E-13
1442.36881189395  1.788373E-13
1443.81646881449  2.166507E-13
1445.26412573502  2.192020E-13
1446.71178265556  2.051257E-13
1448.1594395761  1.931744E-13
1449.60709649664  2.037919E-13
1451.05475341717  1.717356E-13
1452.50241033771  2.058519E-13
1453.95006725825  1.747746E-13
1455.39772417878  1.809043E-13
1456.84538109932  2.152620E-13
1458.29303801986  2.164607E-13
1459.74069494039  2.162526E-13
1461.18835186093  2.289002E-13
1462.63600878147  2.256561E-13
1464.083665702  2.522735E-13
1465.53132262254  2.584985E-13
1466.97897954308  2.570495E-13
1468.42663646361  2.964088E-13
1469.87429338415  2.316059E-13
1471.32195030469  2.252842E-13
1472.76960722522  2.233699E-13
1474.21726414576  2.005199E-13
1475.6649210663  2.036014E-13
1477.11257798683  2.490769E-13
1478.56023490737  2.509878E-13
1480.00789182791  2.429140E-13
1481.45554874844  2.239707E-13
1482.90320566898  2.559042E-13
1484.35086258952  2.716808E-13
1485.79851951005  2.586632E-13
1487.24617643059  2.185080E-13
1488.69383335113  1.927046E-13
1490.14149027167  2.051997E-13
1491.5891471922  2.501804E-13
1493.03680411274  2.239986E-13
1494.48446103328  2.197168E-13
1495.93211795381  2.118610E-13
1497.37977487435  2.506134E-13
1498.82743179489  2.539211E-13
1500.27508871542  2.868686E-13
1501.72274563596  2.779143E-13
1503.1704025565  2.603248E-13
1504.61805947703  2.590991E-13
1506.06571639757  2.659219E-13
1507.51337331811  2.654621E-13
1508.96103023864  2.613666E-13
1510.40868715918  2.399214E-13
1511.85634407972  2.879400E-13
1513.30400100025  2.731963E-13
1514.75165792079  2.905313E-13
1516.19931484133  2.702156E-13
1517.64697176186  2.929789E-13
1519.0946286824  3.007510E-13
1520.54228560294  2.921533E-13
1521.98994252347  2.819578E-13
1523.43759944401  2.808802E-13
1524.88525636455  2.736136E-13
1526.33291328509  2.769220E-13
1527.78057020562  2.833589E-13
1529.22822712616  2.824029E-13
1530.6758840467  3.081387E-13
1532.12354096723  2.985979E-13
1533.57119788777  3.621844E-13
1535.01885480831  3.868283E-13
1536.46651172884  3.642043E-13
1537.91416864938  3.819773E-13
1539.36182556992  4.088526E-13
1540.80948249045  4.372118E-13
1542.25713941099  4.383113E-13
1543.70479633153  4.307437E-13
1545.15245325206  4.615273E-13
1546.6001101726  4.802649E-13
1548.04776709314  4.625804E-13
1549.49542401367  3.932426E-13
1550.94308093421  4.029842E-13
1552.39073785475  4.297239E-13
1553.83839477528  4.080288E-13
1555.28605169582  3.740403E-13
1556.73370861636  3.609635E-13
1558.18136553689  3.322023E-13
1559.62902245743  3.072636E-13
1561.07667937797  3.023324E-13
1562.5243362985  3.216355E-13
1563.97199321904  2.980276E-13
1565.41965013958  2.776074E-13
1566.86730706012  2.771208E-13
1568.31496398065  2.721190E-13
1569.76262090119  2.768920E-13
1571.21027782173  2.666052E-13
1572.65793474226  2.602903E-13
1574.1055916628  2.574311E-13
1575.55324858334  2.681037E-13
1577.00090550387  2.541866E-13
1578.44856242441  2.413186E-13
1579.89621934495  2.629644E-13
1581.34387626548  2.589390E-13
1582.79153318602  2.420090E-13
1584.23919010656  2.548404E-13
1585.68684702709  2.347074E-13
1587.13450394763  2.550127E-13
1588.58216086817  2.475749E-13
1590.0298177887  2.364236E-13
1591.47747470924  2.353886E-13
1592.92513162978  2.420863E-13
1594.37278855031  2.405101E-13
1595.82044547085  2.406181E-13
1597.26810239139  2.362796E-13
1598.71575931192  2.268361E-13
1600.16341623246  2.152339E-13
1601.611073153  2.176485E-13
1603.05873007354  2.191009E-13
1604.50638699407  2.302222E-13
1605.95404391461  2.143654E-13
1607.40170083515  2.335887E-13
1608.84935775568  2.248447E-13
1610.29701467622  2.148599E-13
1611.74467159676  2.102759E-13
1613.19232851729  2.182215E-13
1614.63998543783  2.349553E-13
1616.08764235837  2.375770E-13
1617.5352992789  2.405629E-13
1618.98295619944  2.422064E-13
1620.43061311998  2.317440E-13
1621.87827004051  2.448814E-13
1623.32592696105  2.393940E-13
1624.77358388159  2.408907E-13
1626.22124080212  2.333005E-13
1627.66889772266  2.213953E-13
1629.1165546432  2.218591E-13
1630.56421156373  2.391196E-13
1632.01186848427  2.381908E-13
1633.45952540481  2.383178E-13
1634.90718232534  2.354293E-13
1636.35483924588  2.423039E-13
1637.80249616642  2.364536E-13
1639.25015308695  2.290506E-13
1640.69781000749  2.273901E-13
1642.14546692803  2.155858E-13
1643.59312384857  2.269188E-13
1645.0407807691  2.375584E-13
1646.48843768964  2.428887E-13
1647.93609461018  2.398856E-13
1649.38375153071  2.291965E-13
1650.83140845125  2.193397E-13
1652.27906537179  2.227827E-13
1653.72672229232  2.272310E-13
1655.17437921286  2.354394E-13
1656.6220361334  2.281439E-13
1658.06969305393  2.260221E-13
1659.51734997447  2.323374E-13
1660.96500689501  2.395779E-13
1662.41266381554  2.469938E-13
1663.86032073608  2.530494E-13
1665.30797765662  2.510315E-13
1666.75563457715  2.444116E-13
1668.20329149769  2.240272E-13
1669.65094841823  2.134698E-13
1671.09860533876  2.086797E-13
1672.5462622593  2.132408E-13
1673.99391917984  2.249519E-13
1675.44157610038  2.143686E-13
1676.88923302091  2.105664E-13
1678.33688994145  2.007199E-13
1679.78454686199  1.959389E-13
1681.23220378252  1.986165E-13
1682.67986070306  1.965267E-13
1684.1275176236  1.990654E-13
1685.57517454413  1.949393E-13
1687.02283146467  1.985602E-13
1688.47048838521  2.141445E-13
1689.91814530574  2.206602E-13
1691.36580222628  2.248239E-13
1692.81345914682  2.202583E-13
1694.26111606735  2.210915E-13
1695.70877298789  2.100292E-13
1697.15642990843  2.101456E-13
1698.60408682896  2.202331E-13
1700.0517437495  2.269319E-13
1701.49940067004  2.157510E-13
1702.94705759057  2.003693E-13
1704.39471451111  1.932893E-13
1705.84237143165  1.907198E-13
1707.29002835218  1.824385E-13
1708.73768527272  1.801468E-13
1710.18534219326  0.
1711.63299911379  0.
1713.08065603433  0.
1714.52831295487  0.
1715.97596987541  0.
1717.42362679594  0.
1718.87128371648  0.
1720.31894063702  0.
1721.76659755755  0.
1723.21425447809  0.
1724.66191139863  0.
1726.10956831916  0.
1727.5572252397  0.
1729.00488216024  0.
1730.45253908077  0.
1731.90019600131  0.
1733.34785292185  0.
1734.79550984238  0.
1736.24316676292  0.
1737.69082368346  0.
1739.13848060399  0.
1740.58613752453  0.
1742.03379444507  0.
1743.4814513656  0.
1744.92910828614  0.
1746.37676520668  0.
1747.82442212721  0.
1749.27207904775  0.
1750.71973596829  0.
1752.16739288882  0.
1753.61504980936  0.
1755.0627067299  0.
1756.51036365043  0.
1757.95802057097  0.
1759.40567749151  0.
1760.85333441205  0.
1762.30099133258  0.
1763.74864825312  0.
1765.19630517366  0.
1766.64396209419  0.
1768.09161901473  0.
1769.53927593527  0.
1770.9869328558  0.
1772.43458977634  0.
1773.88224669688  0.
1775.32990361741  0.
1776.77756053795  0.
1778.22521745849  0.
1779.67287437902  0.
1781.12053129956  0.
1782.5681882201  0.
1784.01584514063  0.
1785.46350206117  0.
1786.91115898171  0.
1788.35881590224  0.
1789.80647282278  0.
1791.25412974332  0.
1792.70178666385  0.
1794.14944358439  0.
1795.59710050493  0.
1797.04475742547  0.
1798.492414346  0.
1799.94007126654  0.
1801.38772818708  0.
1802.83538510761  0.
1804.28304202815  0.
1805.73069894869  0.
1807.17835586922  0.
1808.62601278976  0.
1810.0736697103  0.
1811.52132663083  0.
1812.96898355137  0.
1814.41664047191  0.
1815.86429739244  0.
1817.31195431298  0.
1818.75961123352  0.
1820.20726815405  0.
1821.65492507459  0.
1823.10258199513  0.
1824.55023891566  0.
1825.9978958362  0.
1827.44555275674  0.
1828.89320967727  0.
1830.34086659781  0.
1831.78852351835  0.
