906.735751295338  0.
908.183408215875  0.
909.631065136412  0.
911.078722056949  0.
912.526378977485  0.
913.974035898022  0.
915.421692818559  0.
916.869349739096  0.
918.317006659633  0.
919.764663580169  0.
921.212320500706  0.
922.659977421243  0.
924.10763434178  0.
925.555291262316  0.
927.002948182853  0.
928.45060510339  0.
929.898262023927  0.
931.345918944464  0.
932.793575865  0.
934.241232785537  0.
935.688889706074  0.
937.136546626611  0.
938.584203547148  0.
940.031860467684  0.
941.479517388221  0.
942.927174308758  0.
944.374831229295  0.
945.822488149832  0.
947.270145070369  0.
948.717801990905  0.
950.165458911442  0.
951.613115831979  0.
953.060772752515  0.
954.508429673052  0.
955.956086593589  0.
957.403743514126  0.
958.851400434663  0.
960.2990573552  0.
961.746714275736  0.
963.194371196273  0.
964.64202811681  0.
966.089685037347  0.
967.537341957883  0.
968.98499887842  0.
970.432655798957  0.
971.880312719494  0.
973.327969640031  0.
974.775626560567  0.
976.223283481104  0.
977.670940401641  0.
979.118597322178  0.
980.566254242715  0.
982.013911163251  0.
983.461568083788  0.
984.909225004325  0.
986.356881924862  0.
987.804538845399  0.
989.252195765935  0.
990.699852686472  0.
992.147509607009  0.
993.595166527546  6.133269E-13
995.042823448082  1.368441E-13
996.490480368619  4.030368E-13
997.938137289156  4.931602E-13
999.385794209693  5.204237E-13
1000.83345113023  5.192318E-13
1002.28110805077  5.256078E-13
1003.7287649713  3.673608E-13
1005.17642189184  4.294667E-13
1006.62407881238  5.127197E-13
1008.07173573291  3.480399E-13
1009.51939265345  4.183605E-13
1010.96704957399  4.714469E-13
1012.41470649452  3.470207E-13
1013.86236341506  4.173436E-13
1015.3100203356  4.724338E-13
1016.75767725613  3.980620E-13
1018.20533417667  5.005385E-13
1019.65299109721  3.963685E-13
1021.10064801775  4.575686E-13
1022.54830493828  4.305483E-13
1023.99596185882  4.860705E-13
1025.44361877936  4.849788E-13
1026.89127569989  5.468727E-13
1028.33893262043  4.179735E-13
1029.78658954097  4.322455E-13
1031.2342464615  4.267630E-13
1032.68190338204  4.601226E-13
1034.12956030258  4.570442E-13
1035.57721722311  5.275092E-13
1037.02487414365  4.050535E-13
1038.47253106419  3.885930E-13
1039.92018798472  4.117289E-13
1041.36784490526  3.921162E-13
1042.8155018258  4.259600E-13
1044.26315874633  4.145663E-13
1045.71081566687  6.006449E-13
1047.15847258741  3.887352E-13
1048.60612950794  3.891407E-13
1050.05378642848  3.566796E-13
1051.50144334902  3.271922E-13
1052.94910026955  3.444795E-13
1054.39675719009  2.790914E-13
1055.84441411063  2.570027E-13
1057.29207103116  3.039678E-13
1058.7397279517  2.826750E-13
1060.18738487224  2.844463E-13
1061.63504179277  3.400454E-13
1063.08269871331  3.298052E-13
1064.53035563385  3.393247E-13
1065.97801255439  3.578984E-13
1067.42566947492  3.965608E-13
1068.87332639546  3.961481E-13
1070.320983316  3.817447E-13
1071.76864023653  3.378300E-13
1073.21629715707  3.189285E-13
1074.66395407761  3.865491E-13
1076.11161099814  3.521238E-13
1077.55926791868  3.947869E-13
1079.00692483922  3.743969E-13
1080.45458175975  3.152148E-13
1081.90223868029  3.318093E-13
1083.34989560083  3.262642E-13
1084.79755252136  3.035930E-13
1086.2452094419  3.324292E-13
1087.69286636244  2.994711E-13
1089.14052328297  3.230433E-13
1090.58818020351  2.931460E-13
1092.03583712405  3.350270E-13
1093.48349404458  3.018340E-13
1094.93115096512  3.138978E-13
1096.37880788566  2.922742E-13
1097.82646480619  3.209297E-13
1099.27412172673  3.078490E-13
1100.72177864727  3.028212E-13
1102.1694355678  3.084927E-13
1103.61709248834  3.264091E-13
1105.06474940888  3.457275E-13
1106.51240632942  3.243423E-13
1107.96006324995  3.105830E-13
1109.40772017049  3.059604E-13
1110.85537709103  3.343923E-13
1112.30303401156  3.184406E-13
1113.7506909321  3.125899E-13
1115.19834785264  3.034760E-13
1116.64600477317  3.460432E-13
1118.09366169371  3.297305E-13
1119.54131861425  3.299660E-13
1120.98897553478  3.043763E-13
1122.43663245532  2.905829E-13
1123.88428937586  2.863756E-13
1125.33194629639  2.881301E-13
1126.77960321693  2.931055E-13
1128.22726013747  3.270661E-13
1129.674917058  3.164192E-13
1131.12257397854  3.223125E-13
1132.57023089908  3.387047E-13
1134.01788781961  3.347643E-13
1135.46554474015  3.550196E-13
1136.91320166069  3.051630E-13
1138.36085858122  3.161780E-13
1139.80851550176  3.096223E-13
1141.2561724223  2.978306E-13
1142.70382934284  3.204419E-13
1144.15148626337  2.898719E-13
1145.59914318391  2.987606E-13
1147.04680010445  2.969376E-13
1148.49445702498  2.876715E-13
1149.94211394552  3.141853E-13
1151.38977086606  3.308005E-13
1152.83742778659  2.870020E-13
1154.28508470713  2.710770E-13
1155.73274162767  2.818564E-13
1157.1803985482  2.889827E-13
1158.62805546874  3.207442E-13
1160.07571238928  3.248876E-13
1161.52336930981  3.050138E-13
1162.97102623035  3.842304E-13
1164.41868315089  3.342872E-13
1165.86634007142  3.232624E-13
1167.31399699196  3.712315E-13
1168.7616539125  3.251406E-13
1170.20931083303  3.532935E-13
1171.65696775357  3.617833E-13
1173.10462467411  3.499172E-13
1174.55228159464  3.921260E-13
1175.99993851518  3.514785E-13
1177.44759543572  3.909010E-13
1178.89525235625  3.620550E-13
1180.34290927679  3.425796E-13
1181.79056619733  3.743753E-13
1183.23822311787  3.670202E-13
1184.6858800384  3.461328E-13
1186.13353695894  3.816280E-13
1187.58119387948  3.967876E-13
1189.02885080001  3.729396E-13
1190.47650772055  3.853447E-13
1191.92416464109  4.721610E-13
1193.37182156162  4.802139E-13
1194.81947848216  5.372982E-13
1196.2671354027  5.149000E-13
1197.71479232323  4.777919E-13
1199.16244924377  5.168788E-13
1200.61010616431  5.403360E-13
1202.05776308484  5.526190E-13
1203.50542000538  5.070017E-13
1204.95307692592  5.343602E-13
1206.40073384645  6.635980E-13
1207.84839076699  6.608055E-13
1209.29604768753  7.046574E-13
1210.74370460806  8.791446E-13
1212.1913615286  8.602180E-13
1213.63901844914  1.009609E-12
1215.08667536967  1.015076E-12
1216.53433229021  9.464991E-13
1217.98198921075  1.299373E-12
1219.42964613129  1.030583E-12
1220.87730305182  7.996573E-13
1222.32495997236  7.438025E-13
1223.7726168929  7.182234E-13
1225.22027381343  6.450298E-13
1226.66793073397  6.433664E-13
1228.11558765451  6.148460E-13
1229.56324457504  5.251700E-13
1231.01090149558  5.236284E-13
1232.45855841612  5.347901E-13
1233.90621533665  4.931577E-13
1235.35387225719  5.095871E-13
1236.80152917773  5.164080E-13
1238.24918609826  5.404038E-13
1239.6968430188  4.769828E-13
1241.14449993934  5.061487E-13
1242.59215685987  4.828210E-13
1244.03981378041  4.745747E-13
1245.48747070095  4.608404E-13
1246.93512762148  4.444934E-13
1248.38278454202  4.595384E-13
1249.83044146256  4.110235E-13
1251.27809838309  3.960488E-13
1252.72575530363  3.733410E-13
1254.17341222417  3.815734E-13
1255.62106914471  3.778395E-13
1257.06872606524  3.473836E-13
1258.51638298578  3.195087E-13
1259.96403990632  3.377796E-13
1261.41169682685  3.354304E-13
1262.85935374739  3.742242E-13
1264.30701066793  3.345297E-13
1265.75466758846  3.502054E-13
1267.202324509  3.010476E-13
1268.64998142954  3.173002E-13
1270.09763835007  2.918515E-13
1271.54529527061  3.160954E-13
1272.99295219115  2.891472E-13
1274.44060911168  2.907898E-13
1275.88826603222  3.071372E-13
1277.33592295276  3.128128E-13
1278.78357987329  2.936957E-13
1280.23123679383  2.719829E-13
1281.67889371437  2.875922E-13
1283.1265506349  2.875446E-13
1284.57420755544  2.403525E-13
1286.02186447598  2.327826E-13
1287.46952139651  2.544876E-13
1288.91717831705  2.904790E-13
1290.36483523759  2.790634E-13
1291.81249215812  3.004595E-13
1293.26014907866  2.944036E-13
1294.7078059992  3.036623E-13
1296.15546291974  2.783364E-13
1297.60311984027  2.544340E-13
1299.05077676081  2.944440E-13
1300.49843368135  3.076899E-13
1301.94609060188  3.019063E-13
1303.39374752242  2.750902E-13
1304.84140444296  2.426068E-13
1306.28906136349  2.747517E-13
1307.73671828403  2.755753E-13
1309.18437520457  2.518056E-13
1310.6320321251  2.557651E-13
1312.07968904564  2.812107E-13
1313.52734596618  2.918737E-13
1314.97500288671  2.752107E-13
1316.42265980725  2.572047E-13
1317.87031672779  2.568803E-13
1319.31797364832  2.547358E-13
1320.76563056886  2.185605E-13
1322.2132874894  2.575050E-13
1323.66094440993  2.599406E-13
1325.10860133047  2.653588E-13
1326.55625825101  2.291349E-13
1328.00391517154  2.584524E-13
1329.45157209208  2.752361E-13
1330.89922901262  2.538507E-13
1332.34688593315  2.742275E-13
1333.79454285369  2.902085E-13
1335.24219977423  2.772041E-13
1336.68985669477  2.226578E-13
1338.1375136153  2.376400E-13
1339.58517053584  2.456453E-13
1341.03282745638  2.389670E-13
1342.48048437691  2.821165E-13
1343.92814129745  2.747928E-13
1345.37579821799  2.548536E-13
1346.82345513852  2.274074E-13
1348.27111205906  2.264800E-13
1349.7187689796  2.582180E-13
1351.16642590013  2.450412E-13
1352.61408282067  2.639234E-13
1354.06173974121  2.309216E-13
1355.50939666174  2.379209E-13
1356.95705358228  2.482338E-13
1358.40471050282  2.528364E-13
1359.85236742335  2.586718E-13
1361.30002434389  2.652622E-13
1362.74768126443  2.894324E-13
1364.19533818496  2.825715E-13
1365.6429951055  2.680135E-13
1367.09065202604  2.836448E-13
1368.53830894657  2.868442E-13
1369.98596586711  2.555408E-13
1371.43362278765  2.682055E-13
1372.88127970819  2.716758E-13
1374.32893662872  2.463625E-13
1375.77659354926  2.697338E-13
1377.2242504698  2.641322E-13
1378.67190739033  2.460139E-13
1380.11956431087  2.657224E-13
1381.56722123141  2.851936E-13
1383.01487815194  2.711435E-13
1384.46253507248  2.464858E-13
1385.91019199302  2.454394E-13
1387.35784891355  2.569716E-13
1388.80550583409  2.946011E-13
1390.25316275463  2.799988E-13
1391.70081967516  2.875764E-13
1393.1484765957  2.876105E-13
1394.59613351624  2.851630E-13
1396.04379043677  3.012328E-13
1397.49144735731  3.105433E-13
1398.93910427785  3.056993E-13
1400.38676119838  2.882135E-13
1401.83441811892  3.045419E-13
1403.28207503946  3.445521E-13
1404.72973195999  3.113071E-13
1406.17738888053  2.795194E-13
1407.62504580107  2.871924E-13
1409.0727027216  2.958507E-13
1410.52035964214  2.964836E-13
1411.96801656268  2.785653E-13
1413.41567348322  2.707769E-13
1414.86333040375  2.727044E-13
1416.31098732429  2.797742E-13
1417.75864424483  2.596887E-13
1419.20630116536  2.315967E-13
1420.6539580859  2.511075E-13
1422.10161500644  2.420143E-13
1423.54927192697  2.585814E-13
1424.99692884751  2.489885E-13
1426.44458576805  2.360592E-13
1427.89224268858  2.329976E-13
1429.33989960912  2.466652E-13
1430.78755652966  2.349682E-13
1432.23521345019  2.533754E-13
1433.68287037073  2.373046E-13
1435.13052729127  2.228004E-13
1436.5781842118  2.309236E-13
1438.02584113234  2.499686E-13
1439.47349805288  2.518808E-13
1440.92115497341  2.433394E-13
1442.36881189395  2.133819E-13
1443.81646881449  2.106358E-13
1445.26412573502  2.128476E-13
1446.71178265556  1.966550E-13
1448.1594395761  2.176247E-13
1449.60709649664  2.359499E-13
1451.05475341717  2.220065E-13
1452.50241033771  2.145512E-13
1453.95006725825  2.181863E-13
1455.39772417878  2.336902E-13
1456.84538109932  2.049405E-13
1458.29303801986  2.096656E-13
1459.74069494039  2.182880E-13
1461.18835186093  2.339520E-13
1462.63600878147  2.329788E-13
1464.083665702  2.244306E-13
1465.53132262254  2.303677E-13
1466.97897954308  2.327644E-13
1468.42663646361  2.397217E-13
1469.87429338415  2.511737E-13
1471.32195030469  2.388196E-13
1472.76960722522  2.257866E-13
1474.21726414576  2.149384E-13
1475.6649210663  2.344808E-13
1477.11257798683  2.173811E-13
1478.56023490737  2.154966E-13
1480.00789182791  2.144405E-13
1481.45554874844  2.210650E-13
1482.90320566898  2.344449E-13
1484.35086258952  2.255171E-13
1485.79851951005  2.190132E-13
1487.24617643059  2.296146E-13
1488.69383335113  2.269193E-13
1490.14149027167  2.199301E-13
1491.5891471922  2.379382E-13
1493.03680411274  2.100359E-13
1494.48446103328  2.218776E-13
1495.93211795381  2.320250E-13
1497.37977487435  2.264435E-13
1498.82743179489  2.228976E-13
1500.27508871542  2.502362E-13
1501.72274563596  2.306723E-13
1503.1704025565  2.330633E-13
1504.61805947703  2.314354E-13
1506.06571639757  2.362178E-13
1507.51337331811  2.449639E-13
1508.96103023864  2.289624E-13
1510.40868715918  2.467544E-13
1511.85634407972  2.525293E-13
1513.30400100025  2.438679E-13
1514.75165792079  2.248042E-13
1516.19931484133  2.534194E-13
1517.64697176186  2.612337E-13
1519.0946286824  2.522441E-13
1520.54228560294  2.540675E-13
1521.98994252347  2.689651E-13
1523.43759944401  2.931747E-13
1524.88525636455  2.679095E-13
1526.33291328509  2.580020E-13
1527.78057020562  2.627139E-13
1529.22822712616  2.855522E-13
1530.6758840467  3.020531E-13
1532.12354096723  2.996267E-13
1533.57119788777  3.236961E-13
1535.01885480831  3.482540E-13
1536.46651172884  3.594791E-13
1537.91416864938  3.753303E-13
1539.36182556992  3.918040E-13
1540.80948249045  3.795596E-13
1542.25713941099  4.135094E-13
1543.70479633153  4.304933E-13
1545.15245325206  4.500648E-13
1546.6001101726  4.867103E-13
1548.04776709314  4.895171E-13
1549.49542401367  4.342755E-13
1550.94308093421  4.391090E-13
1552.39073785475  4.269088E-13
1553.83839477528  4.161974E-13
1555.28605169582  3.877542E-13
1556.73370861636  3.733974E-13
1558.18136553689  3.437507E-13
1559.62902245743  3.338014E-13
1561.07667937797  3.099777E-13
1562.5243362985  3.114000E-13
1563.97199321904  3.117830E-13
1565.41965013958  2.959505E-13
1566.86730706012  2.804998E-13
1568.31496398065  2.712625E-13
1569.76262090119  2.619468E-13
1571.21027782173  2.631053E-13
1572.65793474226  2.654329E-13
1574.1055916628  2.555833E-13
1575.55324858334  2.427361E-13
1577.00090550387  2.374354E-13
1578.44856242441  2.245208E-13
1579.89621934495  2.383024E-13
1581.34387626548  2.430495E-13
1582.79153318602  2.523785E-13
1584.23919010656  2.611855E-13
1585.68684702709  2.418239E-13
1587.13450394763  2.253186E-13
1588.58216086817  2.180808E-13
1590.0298177887  2.298863E-13
1591.47747470924  2.249558E-13
1592.92513162978  2.185886E-13
1594.37278855031  2.220113E-13
1595.82044547085  2.329246E-13
1597.26810239139  2.264319E-13
1598.71575931192  2.232949E-13
1600.16341623246  2.299022E-13
1601.611073153  2.282845E-13
1603.05873007354  2.169717E-13
1604.50638699407  2.255931E-13
1605.95404391461  2.273443E-13
1607.40170083515  2.201852E-13
1608.84935775568  2.245134E-13
1610.29701467622  2.190543E-13
1611.74467159676  2.231872E-13
1613.19232851729  2.213094E-13
1614.63998543783  2.220986E-13
1616.08764235837  2.154545E-13
1617.5352992789  2.177429E-13
1618.98295619944  2.326563E-13
1620.43061311998  2.181882E-13
1621.87827004051  2.246987E-13
1623.32592696105  2.285516E-13
1624.77358388159  2.234745E-13
1626.22124080212  2.385649E-13
1627.66889772266  2.138484E-13
1629.1165546432  2.175193E-13
1630.56421156373  2.240992E-13
1632.01186848427  2.334082E-13
1633.45952540481  2.416813E-13
1634.90718232534  2.413399E-13
1636.35483924588  2.468162E-13
1637.80249616642  2.277722E-13
1639.25015308695  2.340295E-13
1640.69781000749  2.372039E-13
1642.14546692803  2.330449E-13
1643.59312384857  2.388823E-13
1645.0407807691  2.329071E-13
1646.48843768964  2.290022E-13
1647.93609461018  2.225213E-13
1649.38375153071  2.214829E-13
1650.83140845125  2.199891E-13
1652.27906537179  2.161534E-13
1653.72672229232  2.140070E-13
1655.17437921286  2.089470E-13
1656.6220361334  2.209504E-13
1658.06969305393  2.247302E-13
1659.51734997447  2.259136E-13
1660.96500689501  2.217913E-13
1662.41266381554  2.253162E-13
1663.86032073608  2.168552E-13
1665.30797765662  2.144571E-13
1666.75563457715  2.235432E-13
1668.20329149769  2.153631E-13
1669.65094841823  2.052448E-13
1671.09860533876  2.026819E-13
1672.5462622593  2.034301E-13
1673.99391917984  1.988008E-13
1675.44157610038  1.942159E-13
1676.88923302091  1.968026E-13
1678.33688994145  1.945649E-13
1679.78454686199  2.007792E-13
1681.23220378252  1.956623E-13
1682.67986070306  2.003409E-13
1684.1275176236  2.028313E-13
1685.57517454413  1.967471E-13
1687.02283146467  2.005262E-13
1688.47048838521  1.984850E-13
1689.91814530574  1.935651E-13
1691.36580222628  1.965920E-13
1692.81345914682  1.862646E-13
1694.26111606735  1.877575E-13
1695.70877298789  1.842740E-13
1697.15642990843  2.002687E-13
1698.60408682896  2.030715E-13
1700.0517437495  1.968667E-13
1701.49940067004  1.930687E-13
1702.94705759057  1.949443E-13
1704.39471451111  1.882826E-13
1705.84237143165  1.873186E-13
1707.29002835218  1.968324E-13
1708.73768527272  1.934167E-13
1710.18534219326  0.
1711.63299911379  0.
1713.08065603433  0.
1714.52831295487  0.
1715.97596987541  0.
1717.42362679594  0.
1718.87128371648  0.
1720.31894063702  0.
1721.76659755755  0.
1723.21425447809  0.
1724.66191139863  0.
1726.10956831916  0.
1727.5572252397  0.
1729.00488216024  0.
1730.45253908077  0.
1731.90019600131  0.
1733.34785292185  0.
1734.79550984238  0.
1736.24316676292  0.
1737.69082368346  0.
1739.13848060399  0.
1740.58613752453  0.
1742.03379444507  0.
1743.4814513656  0.
1744.92910828614  0.
1746.37676520668  0.
1747.82442212721  0.
1749.27207904775  0.
1750.71973596829  0.
1752.16739288882  0.
1753.61504980936  0.
1755.0627067299  0.
1756.51036365043  0.
1757.95802057097  0.
1759.40567749151  0.
1760.85333441205  0.
1762.30099133258  0.
1763.74864825312  0.
1765.19630517366  0.
1766.64396209419  0.
1768.09161901473  0.
1769.53927593527  0.
1770.9869328558  0.
1772.43458977634  0.
1773.88224669688  0.
1775.32990361741  0.
1776.77756053795  0.
1778.22521745849  0.
1779.67287437902  0.
1781.12053129956  0.
1782.5681882201  0.
1784.01584514063  0.
1785.46350206117  0.
1786.91115898171  0.
1788.35881590224  0.
1789.80647282278  0.
1791.25412974332  0.
1792.70178666385  0.
1794.14944358439  0.
1795.59710050493  0.
1797.04475742547  0.
1798.492414346  0.
1799.94007126654  0.
1801.38772818708  0.
1802.83538510761  0.
1804.28304202815  0.
1805.73069894869  0.
1807.17835586922  0.
1808.62601278976  0.
1810.0736697103  0.
1811.52132663083  0.
1812.96898355137  0.
1814.41664047191  0.
1815.86429739244  0.
1817.31195431298  0.
1818.75961123352  0.
1820.20726815405  0.
1821.65492507459  0.
1823.10258199513  0.
1824.55023891566  0.
1825.9978958362  0.
1827.44555275674  0.
1828.89320967727  0.
1830.34086659781  0.
1831.78852351835  0.
