906.735751295338  0.
908.183408215875  0.
909.631065136412  0.
911.078722056949  0.
912.526378977485  0.
913.974035898022  0.
915.421692818559  0.
916.869349739096  0.
918.317006659633  0.
919.764663580169  0.
921.212320500706  0.
922.659977421243  0.
924.10763434178  0.
925.555291262316  0.
927.002948182853  0.
928.45060510339  0.
929.898262023927  0.
931.345918944464  0.
932.793575865  0.
934.241232785537  0.
935.688889706074  0.
937.136546626611  0.
938.584203547148  0.
940.031860467684  0.
941.479517388221  0.
942.927174308758  0.
944.374831229295  0.
945.822488149832  0.
947.270145070369  0.
948.717801990905  0.
950.165458911442  0.
951.613115831979  0.
953.060772752515  0.
954.508429673052  0.
955.956086593589  0.
957.403743514126  0.
958.851400434663  0.
960.2990573552  0.
961.746714275736  0.
963.194371196273  0.
964.64202811681  0.
966.089685037347  0.
967.537341957883  0.
968.98499887842  0.
970.432655798957  0.
971.880312719494  0.
973.327969640031  0.
974.775626560567  0.
976.223283481104  0.
977.670940401641  0.
979.118597322178  0.
980.566254242715  0.
982.013911163251  0.
983.461568083788  0.
984.909225004325  0.
986.356881924862  0.
987.804538845399  0.
989.252195765935  0.
990.699852686472  0.
992.147509607009  0.
993.595166527546  4.963736E-13
995.042823448082  7.290755E-14
996.490480368619  6.395086E-13
997.938137289156  3.860989E-13
999.385794209693  4.375356E-13
1000.83345113023  5.444689E-13
1002.28110805077  2.277038E-13
1003.7287649713  4.243062E-13
1005.17642189184  3.424850E-13
1006.62407881238  3.562772E-13
1008.07173573291  4.044844E-13
1009.51939265345  2.564434E-13
1010.96704957399  4.976588E-13
1012.41470649452  3.404887E-13
1013.86236341506  3.332783E-13
1015.3100203356  5.905744E-13
1016.75767725613  4.685512E-13
1018.20533417667  3.972391E-13
1019.65299109721  4.429256E-13
1021.10064801775  6.017039E-13
1022.54830493828  4.921563E-13
1023.99596185882  4.327202E-13
1025.44361877936  4.877308E-13
1026.89127569989  6.735403E-13
1028.33893262043  4.417329E-13
1029.78658954097  5.174495E-13
1031.2342464615  4.981823E-13
1032.68190338204  5.183665E-13
1034.12956030258  4.292531E-13
1035.57721722311  3.967075E-13
1037.02487414365  3.773428E-13
1038.47253106419  4.167930E-13
1039.92018798472  3.806006E-13
1041.36784490526  3.766671E-13
1042.8155018258  4.314174E-13
1044.26315874633  5.678988E-13
1045.71081566687  5.209926E-13
1047.15847258741  8.597084E-13
1048.60612950794  7.585740E-13
1050.05378642848  7.224364E-13
1051.50144334902  7.948943E-13
1052.94910026955  8.717304E-13
1054.39675719009  7.152963E-13
1055.84441411063  4.606566E-13
1057.29207103116  4.514719E-13
1058.7397279517  3.368574E-13
1060.18738487224  3.917634E-13
1061.63504179277  3.605315E-13
1063.08269871331  3.791173E-13
1064.53035563385  3.836620E-13
1065.97801255439  3.455695E-13
1067.42566947492  3.765142E-13
1068.87332639546  3.348022E-13
1070.320983316  3.649044E-13
1071.76864023653  3.841350E-13
1073.21629715707  2.916966E-13
1074.66395407761  3.859698E-13
1076.11161099814  3.424917E-13
1077.55926791868  3.854324E-13
1079.00692483922  3.801410E-13
1080.45458175975  2.846902E-13
1081.90223868029  3.310003E-13
1083.34989560083  3.413905E-13
1084.79755252136  3.050578E-13
1086.2452094419  2.747134E-13
1087.69286636244  2.412308E-13
1089.14052328297  2.577829E-13
1090.58818020351  3.301570E-13
1092.03583712405  3.017167E-13
1093.48349404458  2.836553E-13
1094.93115096512  3.263713E-13
1096.37880788566  3.028085E-13
1097.82646480619  3.144916E-13
1099.27412172673  3.019721E-13
1100.72177864727  3.147150E-13
1102.1694355678  3.064626E-13
1103.61709248834  3.578390E-13
1105.06474940888  3.398213E-13
1106.51240632942  3.071674E-13
1107.96006324995  3.571844E-13
1109.40772017049  3.145659E-13
1110.85537709103  3.629862E-13
1112.30303401156  3.403162E-13
1113.7506909321  3.482621E-13
1115.19834785264  3.104848E-13
1116.64600477317  3.092592E-13
1118.09366169371  3.255762E-13
1119.54131861425  2.983572E-13
1120.98897553478  3.081891E-13
1122.43663245532  2.898074E-13
1123.88428937586  2.865323E-13
1125.33194629639  2.623900E-13
1126.77960321693  3.176013E-13
1128.22726013747  2.915325E-13
1129.674917058  2.984241E-13
1131.12257397854  2.782962E-13
1132.57023089908  3.407417E-13
1134.01788781961  3.224133E-13
1135.46554474015  3.636689E-13
1136.91320166069  3.153047E-13
1138.36085858122  2.968201E-13
1139.80851550176  3.253068E-13
1141.2561724223  3.162856E-13
1142.70382934284  3.102103E-13
1144.15148626337  2.695589E-13
1145.59914318391  3.226181E-13
1147.04680010445  3.128858E-13
1148.49445702498  2.921568E-13
1149.94211394552  2.509925E-13
1151.38977086606  2.691368E-13
1152.83742778659  2.841276E-13
1154.28508470713  2.672346E-13
1155.73274162767  2.952118E-13
1157.1803985482  2.992353E-13
1158.62805546874  3.331053E-13
1160.07571238928  3.425198E-13
1161.52336930981  2.739355E-13
1162.97102623035  3.269143E-13
1164.41868315089  2.770460E-13
1165.86634007142  2.839294E-13
1167.31399699196  3.680646E-13
1168.7616539125  3.652841E-13
1170.20931083303  3.713998E-13
1171.65696775357  3.765816E-13
1173.10462467411  3.523546E-13
1174.55228159464  3.387527E-13
1175.99993851518  3.390296E-13
1177.44759543572  3.753514E-13
1178.89525235625  3.848118E-13
1180.34290927679  3.511524E-13
1181.79056619733  3.460935E-13
1183.23822311787  3.857454E-13
1184.6858800384  4.093981E-13
1186.13353695894  4.230270E-13
1187.58119387948  4.307044E-13
1189.02885080001  3.897822E-13
1190.47650772055  4.225043E-13
1191.92416464109  4.593237E-13
1193.37182156162  4.741133E-13
1194.81947848216  4.603762E-13
1196.2671354027  5.258370E-13
1197.71479232323  5.494300E-13
1199.16244924377  5.769247E-13
1200.61010616431  5.628194E-13
1202.05776308484  5.622224E-13
1203.50542000538  5.331306E-13
1204.95307692592  7.268700E-13
1206.40073384645  7.305311E-13
1207.84839076699  8.822694E-13
1209.29604768753  9.862635E-13
1210.74370460806  9.686352E-13
1212.1913615286  8.593746E-13
1213.63901844914  1.005565E-12
1215.08667536967  9.928294E-13
1216.53433229021  1.116260E-12
1217.98198921075  7.966612E-13
1219.42964613129  8.793914E-13
1220.87730305182  8.197221E-13
1222.32495997236  6.610581E-13
1223.7726168929  6.091075E-13
1225.22027381343  5.435433E-13
1226.66793073397  5.383879E-13
1228.11558765451  5.108822E-13
1229.56324457504  5.104454E-13
1231.01090149558  4.775059E-13
1232.45855841612  5.086764E-13
1233.90621533665  5.064299E-13
1235.35387225719  5.004132E-13
1236.80152917773  5.526751E-13
1238.24918609826  5.053189E-13
1239.6968430188  4.852698E-13
1241.14449993934  4.682269E-13
1242.59215685987  4.702603E-13
1244.03981378041  4.432307E-13
1245.48747070095  3.663500E-13
1246.93512762148  3.786386E-13
1248.38278454202  3.829310E-13
1249.83044146256  3.802191E-13
1251.27809838309  3.229737E-13
1252.72575530363  3.665445E-13
1254.17341222417  3.937854E-13
1255.62106914471  3.709597E-13
1257.06872606524  3.551422E-13
1258.51638298578  3.307418E-13
1259.96403990632  3.020136E-13
1261.41169682685  3.215103E-13
1262.85935374739  3.261078E-13
1264.30701066793  3.385237E-13
1265.75466758846  3.552492E-13
1267.202324509  3.178513E-13
1268.64998142954  3.212809E-13
1270.09763835007  2.964557E-13
1271.54529527061  3.028372E-13
1272.99295219115  3.041844E-13
1274.44060911168  2.855180E-13
1275.88826603222  2.489673E-13
1277.33592295276  2.763401E-13
1278.78357987329  2.756118E-13
1280.23123679383  2.936620E-13
1281.67889371437  2.467608E-13
1283.1265506349  2.411672E-13
1284.57420755544  2.031772E-13
1286.02186447598  2.439671E-13
1287.46952139651  2.858306E-13
1288.91717831705  2.630174E-13
1290.36483523759  2.627238E-13
1291.81249215812  2.535845E-13
1293.26014907866  3.428088E-13
1294.7078059992  2.835633E-13
1296.15546291974  2.514217E-13
1297.60311984027  2.730933E-13
1299.05077676081  3.097304E-13
1300.49843368135  2.708483E-13
1301.94609060188  2.876276E-13
1303.39374752242  3.103236E-13
1304.84140444296  2.465011E-13
1306.28906136349  2.564578E-13
1307.73671828403  2.450035E-13
1309.18437520457  2.909048E-13
1310.6320321251  2.838180E-13
1312.07968904564  2.806083E-13
1313.52734596618  2.440235E-13
1314.97500288671  2.393354E-13
1316.42265980725  2.604301E-13
1317.87031672779  2.626162E-13
1319.31797364832  2.329317E-13
1320.76563056886  2.328611E-13
1322.2132874894  2.132223E-13
1323.66094440993  2.836834E-13
1325.10860133047  2.755230E-13
1326.55625825101  2.975565E-13
1328.00391517154  2.851634E-13
1329.45157209208  2.874559E-13
1330.89922901262  2.743486E-13
1332.34688593315  2.740830E-13
1333.79454285369  2.594019E-13
1335.24219977423  2.639288E-13
1336.68985669477  2.444189E-13
1338.1375136153  2.453679E-13
1339.58517053584  2.604623E-13
1341.03282745638  2.640133E-13
1342.48048437691  2.897016E-13
1343.92814129745  2.987699E-13
1345.37579821799  2.658978E-13
1346.82345513852  2.408845E-13
1348.27111205906  2.711320E-13
1349.7187689796  2.465747E-13
1351.16642590013  2.389670E-13
1352.61408282067  2.650424E-13
1354.06173974121  2.606295E-13
1355.50939666174  2.711736E-13
1356.95705358228  2.611608E-13
1358.40471050282  2.553707E-13
1359.85236742335  2.244814E-13
1361.30002434389  2.889278E-13
1362.74768126443  2.895811E-13
1364.19533818496  2.366725E-13
1365.6429951055  2.428162E-13
1367.09065202604  2.291418E-13
1368.53830894657  2.671882E-13
1369.98596586711  2.735114E-13
1371.43362278765  2.465231E-13
1372.88127970819  2.401716E-13
1374.32893662872  2.512017E-13
1375.77659354926  2.639163E-13
1377.2242504698  2.749272E-13
1378.67190739033  2.387765E-13
1380.11956431087  2.676135E-13
1381.56722123141  3.080315E-13
1383.01487815194  2.794516E-13
1384.46253507248  2.725754E-13
1385.91019199302  2.459782E-13
1387.35784891355  2.701891E-13
1388.80550583409  2.379962E-13
1390.25316275463  2.847595E-13
1391.70081967516  2.942788E-13
1393.1484765957  3.036807E-13
1394.59613351624  3.340458E-13
1396.04379043677  3.896289E-13
1397.49144735731  3.504063E-13
1398.93910427785  3.228099E-13
1400.38676119838  2.957308E-13
1401.83441811892  3.093097E-13
1403.28207503946  3.244539E-13
1404.72973195999  3.149338E-13
1406.17738888053  2.896177E-13
1407.62504580107  3.013002E-13
1409.0727027216  2.659322E-13
1410.52035964214  2.486809E-13
1411.96801656268  2.638209E-13
1413.41567348322  2.827651E-13
1414.86333040375  2.402558E-13
1416.31098732429  2.940042E-13
1417.75864424483  2.623855E-13
1419.20630116536  2.472305E-13
1420.6539580859  2.543165E-13
1422.10161500644  2.455253E-13
1423.54927192697  2.426696E-13
1424.99692884751  2.612465E-13
1426.44458576805  2.621967E-13
1427.89224268858  2.288092E-13
1429.33989960912  2.557975E-13
1430.78755652966  2.640787E-13
1432.23521345019  2.686236E-13
1433.68287037073  2.254916E-13
1435.13052729127  2.321600E-13
1436.5781842118  2.101901E-13
1438.02584113234  2.318673E-13
1439.47349805288  2.294536E-13
1440.92115497341  2.110924E-13
1442.36881189395  2.137784E-13
1443.81646881449  1.903380E-13
1445.26412573502  2.365672E-13
1446.71178265556  2.412411E-13
1448.1594395761  2.449595E-13
1449.60709649664  2.339628E-13
1451.05475341717  1.995890E-13
1452.50241033771  2.073638E-13
1453.95006725825  2.208330E-13
1455.39772417878  2.292950E-13
1456.84538109932  2.458942E-13
1458.29303801986  2.431629E-13
1459.74069494039  2.407867E-13
1461.18835186093  2.476288E-13
1462.63600878147  2.301991E-13
1464.083665702  2.312427E-13
1465.53132262254  2.152702E-13
1466.97897954308  2.156011E-13
1468.42663646361  2.048576E-13
1469.87429338415  2.224603E-13
1471.32195030469  2.116961E-13
1472.76960722522  2.044406E-13
1474.21726414576  2.221066E-13
1475.6649210663  2.322971E-13
1477.11257798683  2.010245E-13
1478.56023490737  2.091654E-13
1480.00789182791  2.394112E-13
1481.45554874844  2.361324E-13
1482.90320566898  2.467134E-13
1484.35086258952  2.631838E-13
1485.79851951005  2.108985E-13
1487.24617643059  2.325464E-13
1488.69383335113  2.210375E-13
1490.14149027167  1.955848E-13
1491.5891471922  1.945081E-13
1493.03680411274  2.009188E-13
1494.48446103328  2.114284E-13
1495.93211795381  2.093957E-13
1497.37977487435  2.360617E-13
1498.82743179489  2.465326E-13
1500.27508871542  2.435985E-13
1501.72274563596  2.521146E-13
1503.1704025565  2.441835E-13
1504.61805947703  2.294279E-13
1506.06571639757  2.218028E-13
1507.51337331811  2.623184E-13
1508.96103023864  2.668351E-13
1510.40868715918  2.566322E-13
1511.85634407972  2.696589E-13
1513.30400100025  2.748041E-13
1514.75165792079  2.489540E-13
1516.19931484133  2.449378E-13
1517.64697176186  2.878769E-13
1519.0946286824  2.865465E-13
1520.54228560294  2.736097E-13
1521.98994252347  2.921272E-13
1523.43759944401  3.294494E-13
1524.88525636455  3.239645E-13
1526.33291328509  2.974990E-13
1527.78057020562  3.253231E-13
1529.22822712616  3.151492E-13
1530.6758840467  2.905523E-13
1532.12354096723  3.153406E-13
1533.57119788777  3.485438E-13
1535.01885480831  3.752025E-13
1536.46651172884  3.751538E-13
1537.91416864938  3.679802E-13
1539.36182556992  4.032824E-13
1540.80948249045  4.199974E-13
1542.25713941099  4.171404E-13
1543.70479633153  4.596408E-13
1545.15245325206  5.014606E-13
1546.6001101726  4.972078E-13
1548.04776709314  4.521421E-13
1549.49542401367  4.283432E-13
1550.94308093421  4.561732E-13
1552.39073785475  4.246437E-13
1553.83839477528  3.902265E-13
1555.28605169582  3.620480E-13
1556.73370861636  3.534308E-13
1558.18136553689  3.203721E-13
1559.62902245743  3.168128E-13
1561.07667937797  3.031070E-13
1562.5243362985  2.752231E-13
1563.97199321904  2.789558E-13
1565.41965013958  2.876984E-13
1566.86730706012  2.952400E-13
1568.31496398065  2.782595E-13
1569.76262090119  2.577079E-13
1571.21027782173  2.505895E-13
1572.65793474226  2.513235E-13
1574.1055916628  2.403097E-13
1575.55324858334  2.344867E-13
1577.00090550387  2.404089E-13
1578.44856242441  2.383437E-13
1579.89621934495  2.589642E-13
1581.34387626548  2.757557E-13
1582.79153318602  2.650101E-13
1584.23919010656  2.479149E-13
1585.68684702709  2.220442E-13
1587.13450394763  2.311229E-13
1588.58216086817  2.213464E-13
1590.0298177887  2.334805E-13
1591.47747470924  2.254168E-13
1592.92513162978  2.211127E-13
1594.37278855031  2.288875E-13
1595.82044547085  2.350951E-13
1597.26810239139  2.341705E-13
1598.71575931192  2.252857E-13
1600.16341623246  2.191243E-13
1601.611073153  2.224984E-13
1603.05873007354  2.219288E-13
1604.50638699407  2.204443E-13
1605.95404391461  2.142229E-13
1607.40170083515  2.192135E-13
1608.84935775568  2.232216E-13
1610.29701467622  2.256291E-13
1611.74467159676  2.311763E-13
1613.19232851729  2.087009E-13
1614.63998543783  2.235521E-13
1616.08764235837  2.256954E-13
1617.5352992789  2.422225E-13
1618.98295619944  2.418287E-13
1620.43061311998  2.207066E-13
1621.87827004051  2.217760E-13
1623.32592696105  2.147285E-13
1624.77358388159  2.257849E-13
1626.22124080212  2.247667E-13
1627.66889772266  2.182698E-13
1629.1165546432  2.205686E-13
1630.56421156373  2.204687E-13
1632.01186848427  2.230837E-13
1633.45952540481  2.284251E-13
1634.90718232534  2.312308E-13
1636.35483924588  2.399842E-13
1637.80249616642  2.380314E-13
1639.25015308695  2.409496E-13
1640.69781000749  2.319372E-13
1642.14546692803  2.091992E-13
1643.59312384857  2.130665E-13
1645.0407807691  2.182034E-13
1646.48843768964  2.301004E-13
1647.93609461018  2.257268E-13
1649.38375153071  2.227562E-13
1650.83140845125  2.272048E-13
1652.27906537179  2.135777E-13
1653.72672229232  2.369470E-13
1655.17437921286  2.329855E-13
1656.6220361334  2.255717E-13
1658.06969305393  2.393730E-13
1659.51734997447  2.400950E-13
1660.96500689501  2.344865E-13
1662.41266381554  2.112621E-13
1663.86032073608  2.078680E-13
1665.30797765662  2.121967E-13
1666.75563457715  2.279501E-13
1668.20329149769  2.342177E-13
1669.65094841823  2.379396E-13
1671.09860533876  2.171733E-13
1672.5462622593  2.087801E-13
1673.99391917984  2.016252E-13
1675.44157610038  1.980688E-13
1676.88923302091  1.908595E-13
1678.33688994145  1.784122E-13
1679.78454686199  1.879811E-13
1681.23220378252  1.874151E-13
1682.67986070306  1.874404E-13
1684.1275176236  1.885312E-13
1685.57517454413  1.845936E-13
1687.02283146467  1.893845E-13
1688.47048838521  1.983961E-13
1689.91814530574  2.044287E-13
1691.36580222628  1.982835E-13
1692.81345914682  1.936985E-13
1694.26111606735  1.929383E-13
1695.70877298789  1.878420E-13
1697.15642990843  1.933696E-13
1698.60408682896  1.916068E-13
1700.0517437495  1.935569E-13
1701.49940067004  1.915429E-13
1702.94705759057  1.905708E-13
1704.39471451111  1.850303E-13
1705.84237143165  1.882742E-13
1707.29002835218  1.920629E-13
1708.73768527272  1.861661E-13
1710.18534219326  0.
1711.63299911379  0.
1713.08065603433  0.
1714.52831295487  0.
1715.97596987541  0.
1717.42362679594  0.
1718.87128371648  0.
1720.31894063702  0.
1721.76659755755  0.
1723.21425447809  0.
1724.66191139863  0.
1726.10956831916  0.
1727.5572252397  0.
1729.00488216024  0.
1730.45253908077  0.
1731.90019600131  0.
1733.34785292185  0.
1734.79550984238  0.
1736.24316676292  0.
1737.69082368346  0.
1739.13848060399  0.
1740.58613752453  0.
1742.03379444507  0.
1743.4814513656  0.
1744.92910828614  0.
1746.37676520668  0.
1747.82442212721  0.
1749.27207904775  0.
1750.71973596829  0.
1752.16739288882  0.
1753.61504980936  0.
1755.0627067299  0.
1756.51036365043  0.
1757.95802057097  0.
1759.40567749151  0.
1760.85333441205  0.
1762.30099133258  0.
1763.74864825312  0.
1765.19630517366  0.
1766.64396209419  0.
1768.09161901473  0.
1769.53927593527  0.
1770.9869328558  0.
1772.43458977634  0.
1773.88224669688  0.
1775.32990361741  0.
1776.77756053795  0.
1778.22521745849  0.
1779.67287437902  0.
1781.12053129956  0.
1782.5681882201  0.
1784.01584514063  0.
1785.46350206117  0.
1786.91115898171  0.
1788.35881590224  0.
1789.80647282278  0.
1791.25412974332  0.
1792.70178666385  0.
1794.14944358439  0.
1795.59710050493  0.
1797.04475742547  0.
1798.492414346  0.
1799.94007126654  0.
1801.38772818708  0.
1802.83538510761  0.
1804.28304202815  0.
1805.73069894869  0.
1807.17835586922  0.
1808.62601278976  0.
1810.0736697103  0.
1811.52132663083  0.
1812.96898355137  0.
1814.41664047191  0.
1815.86429739244  0.
1817.31195431298  0.
1818.75961123352  0.
1820.20726815405  0.
1821.65492507459  0.
1823.10258199513  0.
1824.55023891566  0.
1825.9978958362  0.
1827.44555275674  0.
1828.89320967727  0.
1830.34086659781  0.
1831.78852351835  0.
