906.735751295338  0.
908.183408215875  0.
909.631065136412  0.
911.078722056949  0.
912.526378977485  0.
913.974035898022  0.
915.421692818559  0.
916.869349739096  0.
918.317006659633  0.
919.764663580169  0.
921.212320500706  0.
922.659977421243  0.
924.10763434178  0.
925.555291262316  0.
927.002948182853  0.
928.45060510339  0.
929.898262023927  0.
931.345918944464  0.
932.793575865  0.
934.241232785537  0.
935.688889706074  0.
937.136546626611  0.
938.584203547148  0.
940.031860467684  0.
941.479517388221  0.
942.927174308758  0.
944.374831229295  0.
945.822488149832  0.
947.270145070369  0.
948.717801990905  0.
950.165458911442  0.
951.613115831979  0.
953.060772752515  0.
954.508429673052  0.
955.956086593589  0.
957.403743514126  0.
958.851400434663  0.
960.2990573552  0.
961.746714275736  0.
963.194371196273  0.
964.64202811681  0.
966.089685037347  0.
967.537341957883  0.
968.98499887842  0.
970.432655798957  0.
971.880312719494  0.
973.327969640031  0.
974.775626560567  0.
976.223283481104  0.
977.670940401641  0.
979.118597322178  0.
980.566254242715  0.
982.013911163251  0.
983.461568083788  0.
984.909225004325  0.
986.356881924862  0.
987.804538845399  0.
989.252195765935  0.
990.699852686472  0.
992.147509607009  0.
993.595166527546  4.113404E-13
995.042823448082  2.935414E-13
996.490480368619  2.593828E-13
997.938137289156  1.709064E-13
999.385794209693  2.038093E-13
1000.83345113023  4.350742E-13
1002.28110805077  4.548145E-13
1003.7287649713  4.081920E-13
1005.17642189184  3.888637E-13
1006.62407881238  5.196010E-13
1008.07173573291  3.898452E-13
1009.51939265345  3.322801E-13
1010.96704957399  4.360768E-13
1012.41470649452  3.235841E-13
1013.86236341506  3.563274E-13
1015.3100203356  4.877809E-13
1016.75767725613  4.744764E-13
1018.20533417667  5.430203E-13
1019.65299109721  5.348109E-13
1021.10064801775  5.339861E-13
1022.54830493828  4.543242E-13
1023.99596185882  4.395991E-13
1025.44361877936  4.742852E-13
1026.89127569989  4.660802E-13
1028.33893262043  4.768647E-13
1029.78658954097  5.248816E-13
1031.2342464615  5.459495E-13
1032.68190338204  5.166400E-13
1034.12956030258  4.671772E-13
1035.57721722311  4.228193E-13
1037.02487414365  4.350064E-13
1038.47253106419  4.110996E-13
1039.92018798472  3.992467E-13
1041.36784490526  4.125120E-13
1042.8155018258  4.312857E-13
1044.26315874633  5.659068E-13
1045.71081566687  7.199381E-13
1047.15847258741  7.802858E-13
1048.60612950794  9.206386E-13
1050.05378642848  7.107374E-13
1051.50144334902  8.147964E-13
1052.94910026955  8.487883E-13
1054.39675719009  6.612663E-13
1055.84441411063  5.420843E-13
1057.29207103116  3.831255E-13
1058.7397279517  3.612104E-13
1060.18738487224  3.644714E-13
1061.63504179277  4.015245E-13
1063.08269871331  3.835906E-13
1064.53035563385  3.855961E-13
1065.97801255439  4.017506E-13
1067.42566947492  3.959666E-13
1068.87332639546  3.695232E-13
1070.320983316  4.064728E-13
1071.76864023653  3.239522E-13
1073.21629715707  3.607301E-13
1074.66395407761  3.883525E-13
1076.11161099814  3.997096E-13
1077.55926791868  3.795487E-13
1079.00692483922  3.622375E-13
1080.45458175975  3.478530E-13
1081.90223868029  3.549449E-13
1083.34989560083  3.302864E-13
1084.79755252136  2.823500E-13
1086.2452094419  2.792830E-13
1087.69286636244  2.662795E-13
1089.14052328297  2.823656E-13
1090.58818020351  3.504475E-13
1092.03583712405  3.052649E-13
1093.48349404458  2.814715E-13
1094.93115096512  2.908545E-13
1096.37880788566  2.785533E-13
1097.82646480619  3.124289E-13
1099.27412172673  3.135573E-13
1100.72177864727  3.192371E-13
1102.1694355678  3.201447E-13
1103.61709248834  3.318560E-13
1105.06474940888  3.245983E-13
1106.51240632942  3.024618E-13
1107.96006324995  3.361919E-13
1109.40772017049  3.340892E-13
1110.85537709103  3.075047E-13
1112.30303401156  2.866653E-13
1113.7506909321  3.112874E-13
1115.19834785264  2.963828E-13
1116.64600477317  2.946570E-13
1118.09366169371  3.091295E-13
1119.54131861425  3.099326E-13
1120.98897553478  3.010709E-13
1122.43663245532  2.617528E-13
1123.88428937586  2.699162E-13
1125.33194629639  2.859143E-13
1126.77960321693  2.911945E-13
1128.22726013747  3.211665E-13
1129.674917058  3.165969E-13
1131.12257397854  3.091946E-13
1132.57023089908  3.245646E-13
1134.01788781961  3.336760E-13
1135.46554474015  3.344130E-13
1136.91320166069  3.127559E-13
1138.36085858122  3.035382E-13
1139.80851550176  3.015742E-13
1141.2561724223  2.966305E-13
1142.70382934284  3.268086E-13
1144.15148626337  3.000421E-13
1145.59914318391  3.406527E-13
1147.04680010445  3.364676E-13
1148.49445702498  3.397345E-13
1149.94211394552  3.050889E-13
1151.38977086606  3.038160E-13
1152.83742778659  2.703613E-13
1154.28508470713  2.580340E-13
1155.73274162767  2.874774E-13
1157.1803985482  3.216194E-13
1158.62805546874  3.537719E-13
1160.07571238928  3.190896E-13
1161.52336930981  3.207487E-13
1162.97102623035  3.154018E-13
1164.41868315089  3.730440E-13
1165.86634007142  3.647677E-13
1167.31399699196  3.455661E-13
1168.7616539125  3.301424E-13
1170.20931083303  3.534282E-13
1171.65696775357  3.623872E-13
1173.10462467411  3.979878E-13
1174.55228159464  4.018263E-13
1175.99993851518  3.625225E-13
1177.44759543572  3.396641E-13
1178.89525235625  3.799882E-13
1180.34290927679  3.655704E-13
1181.79056619733  4.074288E-13
1183.23822311787  3.740135E-13
1184.6858800384  3.791611E-13
1186.13353695894  4.007216E-13
1187.58119387948  4.169133E-13
1189.02885080001  3.961697E-13
1190.47650772055  4.649210E-13
1191.92416464109  4.554464E-13
1193.37182156162  5.239985E-13
1194.81947848216  5.541252E-13
1196.2671354027  4.855735E-13
1197.71479232323  5.363466E-13
1199.16244924377  4.773850E-13
1200.61010616431  5.442298E-13
1202.05776308484  5.647008E-13
1203.50542000538  5.992585E-13
1204.95307692592  6.619850E-13
1206.40073384645  7.860794E-13
1207.84839076699  8.701981E-13
1209.29604768753  9.688229E-13
1210.74370460806  1.066756E-12
1212.1913615286  9.848845E-13
1213.63901844914  1.045483E-12
1215.08667536967  1.221369E-12
1216.53433229021  1.031148E-12
1217.98198921075  1.000930E-12
1219.42964613129  8.394556E-13
1220.87730305182  8.284682E-13
1222.32495997236  7.038204E-13
1223.7726168929  6.578242E-13
1225.22027381343  5.485235E-13
1226.66793073397  5.926168E-13
1228.11558765451  5.455013E-13
1229.56324457504  5.526711E-13
1231.01090149558  5.726119E-13
1232.45855841612  7.211121E-13
1233.90621533665  5.425202E-13
1235.35387225719  4.694321E-13
1236.80152917773  5.193104E-13
1238.24918609826  5.071748E-13
1239.6968430188  5.248527E-13
1241.14449993934  4.621201E-13
1242.59215685987  4.700524E-13
1244.03981378041  4.275901E-13
1245.48747070095  3.909649E-13
1246.93512762148  4.197351E-13
1248.38278454202  3.859292E-13
1249.83044146256  3.940911E-13
1251.27809838309  3.763685E-13
1252.72575530363  3.471918E-13
1254.17341222417  3.674560E-13
1255.62106914471  3.684590E-13
1257.06872606524  3.123927E-13
1258.51638298578  3.477235E-13
1259.96403990632  3.522569E-13
1261.41169682685  3.818456E-13
1262.85935374739  3.848347E-13
1264.30701066793  3.161038E-13
1265.75466758846  2.956109E-13
1267.202324509  3.191138E-13
1268.64998142954  2.823990E-13
1270.09763835007  2.831391E-13
1271.54529527061  2.913204E-13
1272.99295219115  2.845850E-13
1274.44060911168  2.940313E-13
1275.88826603222  2.732481E-13
1277.33592295276  2.723556E-13
1278.78357987329  2.974479E-13
1280.23123679383  2.858581E-13
1281.67889371437  2.693514E-13
1283.1265506349  2.603646E-13
1284.57420755544  2.859207E-13
1286.02186447598  2.794883E-13
1287.46952139651  2.770469E-13
1288.91717831705  3.041970E-13
1290.36483523759  3.087224E-13
1291.81249215812  2.957191E-13
1293.26014907866  2.902776E-13
1294.7078059992  2.971514E-13
1296.15546291974  2.824454E-13
1297.60311984027  2.935071E-13
1299.05077676081  2.729353E-13
1300.49843368135  2.911633E-13
1301.94609060188  2.759891E-13
1303.39374752242  2.748749E-13
1304.84140444296  2.612640E-13
1306.28906136349  2.733571E-13
1307.73671828403  2.833686E-13
1309.18437520457  2.666462E-13
1310.6320321251  2.135867E-13
1312.07968904564  2.369662E-13
1313.52734596618  2.856926E-13
1314.97500288671  2.513950E-13
1316.42265980725  2.658749E-13
1317.87031672779  2.549778E-13
1319.31797364832  2.712964E-13
1320.76563056886  2.591571E-13
1322.2132874894  2.731710E-13
1323.66094440993  2.661314E-13
1325.10860133047  2.955111E-13
1326.55625825101  2.509493E-13
1328.00391517154  2.629356E-13
1329.45157209208  2.753653E-13
1330.89922901262  2.897604E-13
1332.34688593315  2.707600E-13
1333.79454285369  2.724616E-13
1335.24219977423  2.565008E-13
1336.68985669477  2.426897E-13
1338.1375136153  2.801711E-13
1339.58517053584  3.057029E-13
1341.03282745638  2.917330E-13
1342.48048437691  2.706616E-13
1343.92814129745  2.488457E-13
1345.37579821799  2.582293E-13
1346.82345513852  2.544169E-13
1348.27111205906  2.244356E-13
1349.7187689796  2.338614E-13
1351.16642590013  2.439618E-13
1352.61408282067  2.903052E-13
1354.06173974121  2.793719E-13
1355.50939666174  2.803072E-13
1356.95705358228  2.776834E-13
1358.40471050282  2.503633E-13
1359.85236742335  2.541074E-13
1361.30002434389  2.691865E-13
1362.74768126443  2.976208E-13
1364.19533818496  2.725636E-13
1365.6429951055  2.672616E-13
1367.09065202604  2.554979E-13
1368.53830894657  2.515465E-13
1369.98596586711  2.800664E-13
1371.43362278765  2.910147E-13
1372.88127970819  2.428924E-13
1374.32893662872  2.570750E-13
1375.77659354926  2.792783E-13
1377.2242504698  2.860324E-13
1378.67190739033  3.003883E-13
1380.11956431087  2.576256E-13
1381.56722123141  3.127463E-13
1383.01487815194  2.567502E-13
1384.46253507248  2.648735E-13
1385.91019199302  2.450273E-13
1387.35784891355  2.732082E-13
1388.80550583409  3.013216E-13
1390.25316275463  2.884355E-13
1391.70081967516  3.074652E-13
1393.1484765957  3.028043E-13
1394.59613351624  3.248378E-13
1396.04379043677  3.457313E-13
1397.49144735731  3.336335E-13
1398.93910427785  3.105265E-13
1400.38676119838  2.789723E-13
1401.83441811892  3.110193E-13
1403.28207503946  3.293719E-13
1404.72973195999  2.809030E-13
1406.17738888053  2.686352E-13
1407.62504580107  2.981334E-13
1409.0727027216  2.877417E-13
1410.52035964214  2.908946E-13
1411.96801656268  2.864195E-13
1413.41567348322  2.730628E-13
1414.86333040375  2.875635E-13
1416.31098732429  2.866312E-13
1417.75864424483  2.365832E-13
1419.20630116536  2.277056E-13
1420.6539580859  2.769947E-13
1422.10161500644  2.722981E-13
1423.54927192697  2.655482E-13
1424.99692884751  2.339623E-13
1426.44458576805  2.340382E-13
1427.89224268858  2.343036E-13
1429.33989960912  2.550394E-13
1430.78755652966  2.476056E-13
1432.23521345019  2.453027E-13
1433.68287037073  2.621078E-13
1435.13052729127  2.765559E-13
1436.5781842118  2.664431E-13
1438.02584113234  2.523575E-13
1439.47349805288  2.315973E-13
1440.92115497341  2.443530E-13
1442.36881189395  2.218997E-13
1443.81646881449  2.455197E-13
1445.26412573502  2.445250E-13
1446.71178265556  2.583804E-13
1448.1594395761  2.655502E-13
1449.60709649664  2.467723E-13
1451.05475341717  2.205512E-13
1452.50241033771  2.426109E-13
1453.95006725825  2.335118E-13
1455.39772417878  2.535062E-13
1456.84538109932  2.559887E-13
1458.29303801986  2.340105E-13
1459.74069494039  2.250088E-13
1461.18835186093  2.498631E-13
1462.63600878147  2.548033E-13
1464.083665702  2.333751E-13
1465.53132262254  2.396327E-13
1466.97897954308  2.235172E-13
1468.42663646361  2.267024E-13
1469.87429338415  2.143265E-13
1471.32195030469  2.186475E-13
1472.76960722522  2.243577E-13
1474.21726414576  2.345260E-13
1475.6649210663  2.393847E-13
1477.11257798683  2.275552E-13
1478.56023490737  2.161272E-13
1480.00789182791  1.993764E-13
1481.45554874844  1.949431E-13
1482.90320566898  2.115005E-13
1484.35086258952  2.237320E-13
1485.79851951005  2.416982E-13
1487.24617643059  2.497333E-13
1488.69383335113  2.324247E-13
1490.14149027167  2.271002E-13
1491.5891471922  2.388776E-13
1493.03680411274  2.286587E-13
1494.48446103328  2.275570E-13
1495.93211795381  2.369545E-13
1497.37977487435  2.321310E-13
1498.82743179489  2.417685E-13
1500.27508871542  2.828326E-13
1501.72274563596  2.480926E-13
1503.1704025565  2.427219E-13
1504.61805947703  2.437992E-13
1506.06571639757  2.328621E-13
1507.51337331811  2.298281E-13
1508.96103023864  2.362123E-13
1510.40868715918  2.332852E-13
1511.85634407972  2.482588E-13
1513.30400100025  2.595098E-13
1514.75165792079  2.519947E-13
1516.19931484133  2.517733E-13
1517.64697176186  2.677504E-13
1519.0946286824  2.713693E-13
1520.54228560294  2.774556E-13
1521.98994252347  2.835183E-13
1523.43759944401  2.801778E-13
1524.88525636455  2.674581E-13
1526.33291328509  2.811870E-13
1527.78057020562  3.018644E-13
1529.22822712616  3.149820E-13
1530.6758840467  2.952330E-13
1532.12354096723  3.083341E-13
1533.57119788777  3.730047E-13
1535.01885480831  3.721088E-13
1536.46651172884  4.024350E-13
1537.91416864938  4.174873E-13
1539.36182556992  4.153929E-13
1540.80948249045  4.181193E-13
1542.25713941099  4.469702E-13
1543.70479633153  4.774271E-13
1545.15245325206  4.918147E-13
1546.6001101726  5.132584E-13
1548.04776709314  4.779175E-13
1549.49542401367  4.553880E-13
1550.94308093421  4.525917E-13
1552.39073785475  4.232909E-13
1553.83839477528  3.847321E-13
1555.28605169582  3.343755E-13
1556.73370861636  3.368773E-13
1558.18136553689  3.198024E-13
1559.62902245743  3.024089E-13
1561.07667937797  3.042091E-13
1562.5243362985  3.037831E-13
1563.97199321904  3.141729E-13
1565.41965013958  3.184154E-13
1566.86730706012  2.813551E-13
1568.31496398065  2.756617E-13
1569.76262090119  2.840414E-13
1571.21027782173  2.603120E-13
1572.65793474226  2.721719E-13
1574.1055916628  2.697352E-13
1575.55324858334  2.523050E-13
1577.00090550387  2.434899E-13
1578.44856242441  2.205321E-13
1579.89621934495  2.408094E-13
1581.34387626548  2.525584E-13
1582.79153318602  2.507446E-13
1584.23919010656  2.481768E-13
1585.68684702709  2.221197E-13
1587.13450394763  2.336909E-13
1588.58216086817  2.246817E-13
1590.0298177887  2.288880E-13
1591.47747470924  2.442672E-13
1592.92513162978  2.461951E-13
1594.37278855031  2.383810E-13
1595.82044547085  2.254012E-13
1597.26810239139  2.284823E-13
1598.71575931192  2.346170E-13
1600.16341623246  2.360510E-13
1601.611073153  2.332354E-13
1603.05873007354  2.244581E-13
1604.50638699407  2.389343E-13
1605.95404391461  2.272706E-13
1607.40170083515  2.313688E-13
1608.84935775568  2.322588E-13
1610.29701467622  2.292988E-13
1611.74467159676  2.251293E-13
1613.19232851729  2.115298E-13
1614.63998543783  2.242134E-13
1616.08764235837  2.282376E-13
1617.5352992789  2.386626E-13
1618.98295619944  2.401933E-13
1620.43061311998  2.426368E-13
1621.87827004051  2.483110E-13
1623.32592696105  2.290045E-13
1624.77358388159  2.215784E-13
1626.22124080212  2.269613E-13
1627.66889772266  2.304995E-13
1629.1165546432  2.343436E-13
1630.56421156373  2.393979E-13
1632.01186848427  2.361864E-13
1633.45952540481  2.469966E-13
1634.90718232534  2.422257E-13
1636.35483924588  2.313905E-13
1637.80249616642  2.229164E-13
1639.25015308695  2.127030E-13
1640.69781000749  2.169012E-13
1642.14546692803  2.162650E-13
1643.59312384857  2.224095E-13
1645.0407807691  2.261900E-13
1646.48843768964  2.177853E-13
1647.93609461018  2.192892E-13
1649.38375153071  2.270112E-13
1650.83140845125  2.260827E-13
1652.27906537179  2.242022E-13
1653.72672229232  2.324397E-13
1655.17437921286  2.300105E-13
1656.6220361334  2.223641E-13
1658.06969305393  2.222858E-13
1659.51734997447  2.140616E-13
1660.96500689501  2.264478E-13
1662.41266381554  2.287518E-13
1663.86032073608  2.311021E-13
1665.30797765662  2.240575E-13
1666.75563457715  2.110927E-13
1668.20329149769  2.107931E-13
1669.65094841823  2.169211E-13
1671.09860533876  2.131711E-13
1672.5462622593  2.140229E-13
1673.99391917984  2.131193E-13
1675.44157610038  2.086615E-13
1676.88923302091  2.032807E-13
1678.33688994145  1.993782E-13
1679.78454686199  2.025977E-13
1681.23220378252  1.913937E-13
1682.67986070306  1.893641E-13
1684.1275176236  1.992463E-13
1685.57517454413  1.902790E-13
1687.02283146467  1.925476E-13
1688.47048838521  2.023950E-13
1689.91814530574  2.184113E-13
1691.36580222628  2.285106E-13
1692.81345914682  2.126894E-13
1694.26111606735  2.111967E-13
1695.70877298789  1.994892E-13
1697.15642990843  2.006890E-13
1698.60408682896  2.096646E-13
1700.0517437495  2.085097E-13
1701.49940067004  2.098887E-13
1702.94705759057  2.139337E-13
1704.39471451111  2.143119E-13
1705.84237143165  2.129408E-13
1707.29002835218  2.087293E-13
1708.73768527272  2.005559E-13
1710.18534219326  0.
1711.63299911379  0.
1713.08065603433  0.
1714.52831295487  0.
1715.97596987541  0.
1717.42362679594  0.
1718.87128371648  0.
1720.31894063702  0.
1721.76659755755  0.
1723.21425447809  0.
1724.66191139863  0.
1726.10956831916  0.
1727.5572252397  0.
1729.00488216024  0.
1730.45253908077  0.
1731.90019600131  0.
1733.34785292185  0.
1734.79550984238  0.
1736.24316676292  0.
1737.69082368346  0.
1739.13848060399  0.
1740.58613752453  0.
1742.03379444507  0.
1743.4814513656  0.
1744.92910828614  0.
1746.37676520668  0.
1747.82442212721  0.
1749.27207904775  0.
1750.71973596829  0.
1752.16739288882  0.
1753.61504980936  0.
1755.0627067299  0.
1756.51036365043  0.
1757.95802057097  0.
1759.40567749151  0.
1760.85333441205  0.
1762.30099133258  0.
1763.74864825312  0.
1765.19630517366  0.
1766.64396209419  0.
1768.09161901473  0.
1769.53927593527  0.
1770.9869328558  0.
1772.43458977634  0.
1773.88224669688  0.
1775.32990361741  0.
1776.77756053795  0.
1778.22521745849  0.
1779.67287437902  0.
1781.12053129956  0.
1782.5681882201  0.
1784.01584514063  0.
1785.46350206117  0.
1786.91115898171  0.
1788.35881590224  0.
1789.80647282278  0.
1791.25412974332  0.
1792.70178666385  0.
1794.14944358439  0.
1795.59710050493  0.
1797.04475742547  0.
1798.492414346  0.
1799.94007126654  0.
1801.38772818708  0.
1802.83538510761  0.
1804.28304202815  0.
1805.73069894869  0.
1807.17835586922  0.
1808.62601278976  0.
1810.0736697103  0.
1811.52132663083  0.
1812.96898355137  0.
1814.41664047191  0.
1815.86429739244  0.
1817.31195431298  0.
1818.75961123352  0.
1820.20726815405  0.
1821.65492507459  0.
1823.10258199513  0.
1824.55023891566  0.
1825.9978958362  0.
1827.44555275674  0.
1828.89320967727  0.
1830.34086659781  0.
1831.78852351835  0.
