906.735751295338  0.
908.183408215875  0.
909.631065136412  0.
911.078722056949  0.
912.526378977485  0.
913.974035898022  0.
915.421692818559  0.
916.869349739096  0.
918.317006659633  0.
919.764663580169  0.
921.212320500706  0.
922.659977421243  0.
924.10763434178  0.
925.555291262316  0.
927.002948182853  0.
928.45060510339  0.
929.898262023927  0.
931.345918944464  0.
932.793575865  0.
934.241232785537  0.
935.688889706074  0.
937.136546626611  0.
938.584203547148  0.
940.031860467684  0.
941.479517388221  0.
942.927174308758  0.
944.374831229295  0.
945.822488149832  0.
947.270145070369  0.
948.717801990905  0.
950.165458911442  0.
951.613115831979  0.
953.060772752515  0.
954.508429673052  0.
955.956086593589  0.
957.403743514126  0.
958.851400434663  0.
960.2990573552  0.
961.746714275736  0.
963.194371196273  0.
964.64202811681  0.
966.089685037347  0.
967.537341957883  0.
968.98499887842  0.
970.432655798957  0.
971.880312719494  0.
973.327969640031  0.
974.775626560567  0.
976.223283481104  0.
977.670940401641  0.
979.118597322178  0.
980.566254242715  0.
982.013911163251  0.
983.461568083788  0.
984.909225004325  0.
986.356881924862  0.
987.804538845399  0.
989.252195765935  0.
990.699852686472  0.
992.147509607009  0.
993.595166527546  1.081110E-13
995.042823448082  1.964047E-14
996.490480368619  6.664321E-13
997.938137289156  3.616129E-13
999.385794209693  4.333784E-13
1000.83345113023  6.948032E-13
1002.28110805077  3.121774E-13
1003.7287649713  3.313895E-13
1005.17642189184  2.228127E-13
1006.62407881238  2.590449E-13
1008.07173573291  3.356622E-13
1009.51939265345  8.984484E-14
1010.96704957399  4.396792E-13
1012.41470649452  3.495041E-13
1013.86236341506  1.850421E-13
1015.3100203356  3.088528E-13
1016.75767725613  3.413828E-13
1018.20533417667  2.790837E-13
1019.65299109721  3.896595E-13
1021.10064801775  5.221880E-13
1022.54830493828  4.190909E-13
1023.99596185882  3.533791E-13
1025.44361877936  3.443275E-13
1026.89127569989  5.427262E-13
1028.33893262043  4.654784E-13
1029.78658954097  5.472373E-13
1031.2342464615  3.683496E-13
1032.68190338204  4.463462E-13
1034.12956030258  3.005366E-13
1035.57721722311  3.855457E-13
1037.02487414365  3.916001E-13
1038.47253106419  4.289326E-13
1039.92018798472  3.918342E-13
1041.36784490526  3.329077E-13
1042.8155018258  3.789695E-13
1044.26315874633  4.204247E-13
1045.71081566687  4.746687E-13
1047.15847258741  6.607677E-13
1048.60612950794  4.908076E-13
1050.05378642848  3.905182E-13
1051.50144334902  3.688309E-13
1052.94910026955  2.706005E-13
1054.39675719009  2.099058E-13
1055.84441411063  2.171037E-13
1057.29207103116  2.731558E-13
1058.7397279517  2.444940E-13
1060.18738487224  2.663237E-13
1061.63504179277  2.945701E-13
1063.08269871331  3.523946E-13
1064.53035563385  3.662551E-13
1065.97801255439  3.525168E-13
1067.42566947492  3.724184E-13
1068.87332639546  3.125012E-13
1070.320983316  2.550287E-13
1071.76864023653  3.629722E-13
1073.21629715707  2.653038E-13
1074.66395407761  3.362040E-13
1076.11161099814  2.754509E-13
1077.55926791868  3.655308E-13
1079.00692483922  3.182907E-13
1080.45458175975  2.506905E-13
1081.90223868029  2.882778E-13
1083.34989560083  2.689135E-13
1084.79755252136  2.552856E-13
1086.2452094419  2.762637E-13
1087.69286636244  3.034147E-13
1089.14052328297  2.720571E-13
1090.58818020351  3.065722E-13
1092.03583712405  2.939990E-13
1093.48349404458  2.939760E-13
1094.93115096512  3.041844E-13
1096.37880788566  2.524179E-13
1097.82646480619  2.489210E-13
1099.27412172673  2.740753E-13
1100.72177864727  3.053304E-13
1102.1694355678  2.527231E-13
1103.61709248834  2.724766E-13
1105.06474940888  2.510608E-13
1106.51240632942  2.633264E-13
1107.96006324995  2.896911E-13
1109.40772017049  2.826550E-13
1110.85537709103  3.009944E-13
1112.30303401156  3.020098E-13
1113.7506909321  2.676579E-13
1115.19834785264  2.848455E-13
1116.64600477317  2.791662E-13
1118.09366169371  3.268179E-13
1119.54131861425  3.278694E-13
1120.98897553478  2.476470E-13
1122.43663245532  2.526643E-13
1123.88428937586  2.562335E-13
1125.33194629639  2.551303E-13
1126.77960321693  2.498106E-13
1128.22726013747  2.289514E-13
1129.674917058  2.671253E-13
1131.12257397854  2.379981E-13
1132.57023089908  3.230051E-13
1134.01788781961  2.685921E-13
1135.46554474015  3.317139E-13
1136.91320166069  2.846864E-13
1138.36085858122  2.787670E-13
1139.80851550176  2.875461E-13
1141.2561724223  2.915034E-13
1142.70382934284  2.996945E-13
1144.15148626337  2.680217E-13
1145.59914318391  3.072357E-13
1147.04680010445  2.889737E-13
1148.49445702498  3.106155E-13
1149.94211394552  2.515188E-13
1151.38977086606  3.131669E-13
1152.83742778659  2.483638E-13
1154.28508470713  2.089835E-13
1155.73274162767  2.298966E-13
1157.1803985482  2.644204E-13
1158.62805546874  2.715859E-13
1160.07571238928  3.125516E-13
1161.52336930981  2.696232E-13
1162.97102623035  3.070430E-13
1164.41868315089  2.649279E-13
1165.86634007142  2.599328E-13
1167.31399699196  3.467627E-13
1168.7616539125  2.566873E-13
1170.20931083303  3.223153E-13
1171.65696775357  3.037392E-13
1173.10462467411  3.083069E-13
1174.55228159464  3.090977E-13
1175.99993851518  3.133287E-13
1177.44759543572  3.082025E-13
1178.89525235625  3.062417E-13
1180.34290927679  3.314254E-13
1181.79056619733  3.179643E-13
1183.23822311787  3.527449E-13
1184.6858800384  3.358082E-13
1186.13353695894  3.407311E-13
1187.58119387948  3.830540E-13
1189.02885080001  3.283187E-13
1190.47650772055  3.728323E-13
1191.92416464109  3.811915E-13
1193.37182156162  4.376485E-13
1194.81947848216  3.521397E-13
1196.2671354027  4.353970E-13
1197.71479232323  4.222667E-13
1199.16244924377  4.234860E-13
1200.61010616431  4.601084E-13
1202.05776308484  5.425430E-13
1203.50542000538  5.482693E-13
1204.95307692592  5.032362E-13
1206.40073384645  4.374565E-13
1207.84839076699  6.341426E-13
1209.29604768753  6.904858E-13
1210.74370460806  7.656423E-13
1212.1913615286  7.941703E-13
1213.63901844914  8.180391E-13
1215.08667536967  1.013329E-12
1216.53433229021  1.036698E-12
1217.98198921075  9.767313E-13
1219.42964613129  9.098036E-13
1220.87730305182  8.691210E-13
1222.32495997236  6.318438E-13
1223.7726168929  6.374375E-13
1225.22027381343  5.491166E-13
1226.66793073397  5.213978E-13
1228.11558765451  4.944621E-13
1229.56324457504  5.411062E-13
1231.01090149558  4.442453E-13
1232.45855841612  4.263578E-13
1233.90621533665  4.422184E-13
1235.35387225719  5.015700E-13
1236.80152917773  4.966809E-13
1238.24918609826  4.934503E-13
1239.6968430188  4.738100E-13
1241.14449993934  4.730813E-13
1242.59215685987  3.462908E-13
1244.03981378041  4.740491E-13
1245.48747070095  4.008289E-13
1246.93512762148  3.952073E-13
1248.38278454202  3.336384E-13
1249.83044146256  3.366431E-13
1251.27809838309  3.662749E-13
1252.72575530363  3.738402E-13
1254.17341222417  3.326373E-13
1255.62106914471  3.231170E-13
1257.06872606524  2.724041E-13
1258.51638298578  2.911554E-13
1259.96403990632  3.406395E-13
1261.41169682685  3.421379E-13
1262.85935374739  2.931687E-13
1264.30701066793  2.672923E-13
1265.75466758846  3.075213E-13
1267.202324509  2.846383E-13
1268.64998142954  3.127159E-13
1270.09763835007  2.793478E-13
1271.54529527061  2.374474E-13
1272.99295219115  2.432506E-13
1274.44060911168  2.810857E-13
1275.88826603222  2.195795E-13
1277.33592295276  2.263439E-13
1278.78357987329  2.280182E-13
1280.23123679383  2.538080E-13
1281.67889371437  2.264259E-13
1283.1265506349  2.562051E-13
1284.57420755544  2.319939E-13
1286.02186447598  1.990141E-13
1287.46952139651  2.672870E-13
1288.91717831705  2.709632E-13
1290.36483523759  2.462856E-13
1291.81249215812  2.187804E-13
1293.26014907866  2.456526E-13
1294.7078059992  2.033789E-13
1296.15546291974  2.541774E-13
1297.60311984027  2.552918E-13
1299.05077676081  2.592556E-13
1300.49843368135  2.457091E-13
1301.94609060188  2.774854E-13
1303.39374752242  2.636174E-13
1304.84140444296  2.432834E-13
1306.28906136349  2.508089E-13
1307.73671828403  2.156969E-13
1309.18437520457  2.464115E-13
1310.6320321251  2.304398E-13
1312.07968904564  2.139912E-13
1313.52734596618  2.448425E-13
1314.97500288671  2.648715E-13
1316.42265980725  2.369180E-13
1317.87031672779  2.404861E-13
1319.31797364832  2.764300E-13
1320.76563056886  2.550535E-13
1322.2132874894  2.367384E-13
1323.66094440993  2.132504E-13
1325.10860133047  2.278569E-13
1326.55625825101  2.694030E-13
1328.00391517154  2.055529E-13
1329.45157209208  2.182651E-13
1330.89922901262  2.204484E-13
1332.34688593315  2.226228E-13
1333.79454285369  2.660619E-13
1335.24219977423  2.437774E-13
1336.68985669477  2.629003E-13
1338.1375136153  2.205403E-13
1339.58517053584  2.065380E-13
1341.03282745638  2.214921E-13
1342.48048437691  1.812856E-13
1343.92814129745  2.249998E-13
1345.37579821799  2.200951E-13
1346.82345513852  2.378862E-13
1348.27111205906  2.143711E-13
1349.7187689796  2.080817E-13
1351.16642590013  2.077518E-13
1352.61408282067  2.400701E-13
1354.06173974121  2.176870E-13
1355.50939666174  2.172083E-13
1356.95705358228  2.278378E-13
1358.40471050282  2.180134E-13
1359.85236742335  2.319809E-13
1361.30002434389  2.500600E-13
1362.74768126443  2.389153E-13
1364.19533818496  2.319505E-13
1365.6429951055  2.057311E-13
1367.09065202604  1.807275E-13
1368.53830894657  2.185360E-13
1369.98596586711  2.443964E-13
1371.43362278765  2.192962E-13
1372.88127970819  2.301291E-13
1374.32893662872  2.434232E-13
1375.77659354926  2.355812E-13
1377.2242504698  2.440492E-13
1378.67190739033  2.465906E-13
1380.11956431087  2.406839E-13
1381.56722123141  2.670241E-13
1383.01487815194  2.465888E-13
1384.46253507248  2.115218E-13
1385.91019199302  2.053181E-13
1387.35784891355  2.409950E-13
1388.80550583409  2.335992E-13
1390.25316275463  2.522528E-13
1391.70081967516  2.472563E-13
1393.1484765957  2.779031E-13
1394.59613351624  2.816924E-13
1396.04379043677  2.455232E-13
1397.49144735731  2.692290E-13
1398.93910427785  2.700360E-13
1400.38676119838  2.264221E-13
1401.83441811892  2.386833E-13
1403.28207503946  2.385282E-13
1404.72973195999  2.330901E-13
1406.17738888053  1.938164E-13
1407.62504580107  2.395485E-13
1409.0727027216  2.458475E-13
1410.52035964214  2.430608E-13
1411.96801656268  2.569485E-13
1413.41567348322  2.234443E-13
1414.86333040375  2.460264E-13
1416.31098732429  2.311621E-13
1417.75864424483  2.021201E-13
1419.20630116536  1.769251E-13
1420.6539580859  1.936397E-13
1422.10161500644  1.968550E-13
1423.54927192697  2.092595E-13
1424.99692884751  2.207233E-13
1426.44458576805  2.192325E-13
1427.89224268858  1.889710E-13
1429.33989960912  2.049985E-13
1430.78755652966  2.237574E-13
1432.23521345019  1.941322E-13
1433.68287037073  1.996116E-13
1435.13052729127  2.227355E-13
1436.5781842118  2.008434E-13
1438.02584113234  2.042370E-13
1439.47349805288  2.165158E-13
1440.92115497341  2.148162E-13
1442.36881189395  2.032756E-13
1443.81646881449  2.027012E-13
1445.26412573502  1.928989E-13
1446.71178265556  1.892426E-13
1448.1594395761  1.859085E-13
1449.60709649664  2.081232E-13
1451.05475341717  2.165897E-13
1452.50241033771  2.084590E-13
1453.95006725825  2.198491E-13
1455.39772417878  2.225050E-13
1456.84538109932  2.165365E-13
1458.29303801986  2.304419E-13
1459.74069494039  2.478698E-13
1461.18835186093  2.515077E-13
1462.63600878147  2.246019E-13
1464.083665702  2.087660E-13
1465.53132262254  2.161321E-13
1466.97897954308  2.345175E-13
1468.42663646361  2.080455E-13
1469.87429338415  1.889224E-13
1471.32195030469  2.023726E-13
1472.76960722522  1.970319E-13
1474.21726414576  2.123202E-13
1475.6649210663  2.046155E-13
1477.11257798683  1.919827E-13
1478.56023490737  2.041900E-13
1480.00789182791  2.017213E-13
1481.45554874844  1.874650E-13
1482.90320566898  1.708513E-13
1484.35086258952  1.938458E-13
1485.79851951005  1.916335E-13
1487.24617643059  2.038668E-13
1488.69383335113  1.932239E-13
1490.14149027167  1.831917E-13
1491.5891471922  1.794986E-13
1493.03680411274  1.793475E-13
1494.48446103328  1.918064E-13
1495.93211795381  1.957691E-13
1497.37977487435  1.947541E-13
1498.82743179489  2.074774E-13
1500.27508871542  2.141432E-13
1501.72274563596  2.242637E-13
1503.1704025565  2.042454E-13
1504.61805947703  2.193231E-13
1506.06571639757  2.058904E-13
1507.51337331811  2.250732E-13
1508.96103023864  2.441086E-13
1510.40868715918  2.428555E-13
1511.85634407972  2.286163E-13
1513.30400100025  2.286055E-13
1514.75165792079  2.245928E-13
1516.19931484133  2.374024E-13
1517.64697176186  2.184089E-13
1519.0946286824  2.222862E-13
1520.54228560294  2.288135E-13
1521.98994252347  2.068838E-13
1523.43759944401  2.246239E-13
1524.88525636455  2.455585E-13
1526.33291328509  2.423367E-13
1527.78057020562  2.318915E-13
1529.22822712616  2.584466E-13
1530.6758840467  2.672125E-13
1532.12354096723  2.747491E-13
1533.57119788777  2.790955E-13
1535.01885480831  2.744616E-13
1536.46651172884  2.907338E-13
1537.91416864938  3.093457E-13
1539.36182556992  3.132779E-13
1540.80948249045  3.406356E-13
1542.25713941099  3.270319E-13
1543.70479633153  3.424617E-13
1545.15245325206  3.439471E-13
1546.6001101726  3.719123E-13
1548.04776709314  3.714299E-13
1549.49542401367  3.799997E-13
1550.94308093421  3.509337E-13
1552.39073785475  3.590516E-13
1553.83839477528  3.416020E-13
1555.28605169582  3.444428E-13
1556.73370861636  3.184690E-13
1558.18136553689  2.905386E-13
1559.62902245743  2.875401E-13
1561.07667937797  2.649987E-13
1562.5243362985  2.515369E-13
1563.97199321904  2.635365E-13
1565.41965013958  2.497523E-13
1566.86730706012  2.387549E-13
1568.31496398065  2.354858E-13
1569.76262090119  2.338733E-13
1571.21027782173  2.300981E-13
1572.65793474226  2.436277E-13
1574.1055916628  2.199524E-13
1575.55324858334  2.143876E-13
1577.00090550387  2.271632E-13
1578.44856242441  2.201410E-13
1579.89621934495  2.220511E-13
1581.34387626548  2.212492E-13
1582.79153318602  2.232667E-13
1584.23919010656  2.166460E-13
1585.68684702709  1.990566E-13
1587.13450394763  1.921887E-13
1588.58216086817  1.935233E-13
1590.0298177887  1.934588E-13
1591.47747470924  1.959572E-13
1592.92513162978  2.095845E-13
1594.37278855031  2.033584E-13
1595.82044547085  2.104782E-13
1597.26810239139  2.105590E-13
1598.71575931192  1.861523E-13
1600.16341623246  1.864342E-13
1601.611073153  1.902241E-13
1603.05873007354  1.897815E-13
1604.50638699407  2.019324E-13
1605.95404391461  1.986325E-13
1607.40170083515  1.991275E-13
1608.84935775568  2.003673E-13
1610.29701467622  1.917357E-13
1611.74467159676  1.858484E-13
1613.19232851729  1.745706E-13
1614.63998543783  1.919211E-13
1616.08764235837  2.075019E-13
1617.5352992789  2.117163E-13
1618.98295619944  2.137759E-13
1620.43061311998  2.039189E-13
1621.87827004051  1.881441E-13
1623.32592696105  1.908569E-13
1624.77358388159  1.937624E-13
1626.22124080212  1.990432E-13
1627.66889772266  2.042493E-13
1629.1165546432  2.023506E-13
1630.56421156373  2.066151E-13
1632.01186848427  2.117367E-13
1633.45952540481  2.104347E-13
1634.90718232534  2.093381E-13
1636.35483924588  2.029963E-13
1637.80249616642  2.001573E-13
1639.25015308695  2.036342E-13
1640.69781000749  2.023124E-13
1642.14546692803  2.023161E-13
1643.59312384857  1.983246E-13
1645.0407807691  1.901236E-13
1646.48843768964  1.905791E-13
1647.93609461018  1.835297E-13
1649.38375153071  1.906845E-13
1650.83140845125  2.003434E-13
1652.27906537179  1.965227E-13
1653.72672229232  2.009715E-13
1655.17437921286  1.959809E-13
1656.6220361334  1.915644E-13
1658.06969305393  1.930828E-13
1659.51734997447  1.926544E-13
1660.96500689501  2.030059E-13
1662.41266381554  1.926154E-13
1663.86032073608  1.976710E-13
1665.30797765662  2.061628E-13
1666.75563457715  2.098702E-13
1668.20329149769  2.113232E-13
1669.65094841823  2.180176E-13
1671.09860533876  2.173695E-13
1672.5462622593  2.159411E-13
1673.99391917984  2.097092E-13
1675.44157610038  1.905421E-13
1676.88923302091  1.831547E-13
1678.33688994145  1.692815E-13
1679.78454686199  1.739439E-13
1681.23220378252  1.833112E-13
1682.67986070306  1.798816E-13
1684.1275176236  1.735207E-13
1685.57517454413  1.729905E-13
1687.02283146467  1.717876E-13
1688.47048838521  1.716417E-13
1689.91814530574  1.716510E-13
1691.36580222628  1.791885E-13
1692.81345914682  1.773469E-13
1694.26111606735  1.697076E-13
1695.70877298789  1.634225E-13
1697.15642990843  1.566377E-13
1698.60408682896  1.541642E-13
1700.0517437495  1.622144E-13
1701.49940067004  1.652739E-13
1702.94705759057  1.679282E-13
1704.39471451111  1.606644E-13
1705.84237143165  1.509034E-13
1707.29002835218  1.499327E-13
1708.73768527272  1.535788E-13
1710.18534219326  0.
1711.63299911379  0.
1713.08065603433  0.
1714.52831295487  0.
1715.97596987541  0.
1717.42362679594  0.
1718.87128371648  0.
1720.31894063702  0.
1721.76659755755  0.
1723.21425447809  0.
1724.66191139863  0.
1726.10956831916  0.
1727.5572252397  0.
1729.00488216024  0.
1730.45253908077  0.
1731.90019600131  0.
1733.34785292185  0.
1734.79550984238  0.
1736.24316676292  0.
1737.69082368346  0.
1739.13848060399  0.
1740.58613752453  0.
1742.03379444507  0.
1743.4814513656  0.
1744.92910828614  0.
1746.37676520668  0.
1747.82442212721  0.
1749.27207904775  0.
1750.71973596829  0.
1752.16739288882  0.
1753.61504980936  0.
1755.0627067299  0.
1756.51036365043  0.
1757.95802057097  0.
1759.40567749151  0.
1760.85333441205  0.
1762.30099133258  0.
1763.74864825312  0.
1765.19630517366  0.
1766.64396209419  0.
1768.09161901473  0.
1769.53927593527  0.
1770.9869328558  0.
1772.43458977634  0.
1773.88224669688  0.
1775.32990361741  0.
1776.77756053795  0.
1778.22521745849  0.
1779.67287437902  0.
1781.12053129956  0.
1782.5681882201  0.
1784.01584514063  0.
1785.46350206117  0.
1786.91115898171  0.
1788.35881590224  0.
1789.80647282278  0.
1791.25412974332  0.
1792.70178666385  0.
1794.14944358439  0.
1795.59710050493  0.
1797.04475742547  0.
1798.492414346  0.
1799.94007126654  0.
1801.38772818708  0.
1802.83538510761  0.
1804.28304202815  0.
1805.73069894869  0.
1807.17835586922  0.
1808.62601278976  0.
1810.0736697103  0.
1811.52132663083  0.
1812.96898355137  0.
1814.41664047191  0.
1815.86429739244  0.
1817.31195431298  0.
1818.75961123352  0.
1820.20726815405  0.
1821.65492507459  0.
1823.10258199513  0.
1824.55023891566  0.
1825.9978958362  0.
1827.44555275674  0.
1828.89320967727  0.
1830.34086659781  0.
1831.78852351835  0.
