906.735751295338  0.
908.183408215875  0.
909.631065136412  0.
911.078722056949  0.
912.526378977485  0.
913.974035898022  0.
915.421692818559  0.
916.869349739096  0.
918.317006659633  0.
919.764663580169  0.
921.212320500706  0.
922.659977421243  0.
924.10763434178  0.
925.555291262316  0.
927.002948182853  0.
928.45060510339  0.
929.898262023927  0.
931.345918944464  0.
932.793575865  0.
934.241232785537  0.
935.688889706074  0.
937.136546626611  0.
938.584203547148  0.
940.031860467684  0.
941.479517388221  0.
942.927174308758  0.
944.374831229295  0.
945.822488149832  0.
947.270145070369  0.
948.717801990905  0.
950.165458911442  0.
951.613115831979  0.
953.060772752515  0.
954.508429673052  0.
955.956086593589  0.
957.403743514126  0.
958.851400434663  0.
960.2990573552  0.
961.746714275736  0.
963.194371196273  0.
964.64202811681  0.
966.089685037347  0.
967.537341957883  0.
968.98499887842  0.
970.432655798957  0.
971.880312719494  0.
973.327969640031  0.
974.775626560567  0.
976.223283481104  0.
977.670940401641  0.
979.118597322178  0.
980.566254242715  0.
982.013911163251  0.
983.461568083788  0.
984.909225004325  0.
986.356881924862  0.
987.804538845399  0.
989.252195765935  0.
990.699852686472  0.
992.147509607009  0.
993.595166527546  3.883515E-13
995.042823448082  1.290137E-14
996.490480368619  4.101639E-13
997.938137289156  6.526238E-13
999.385794209693  4.284714E-13
1000.83345113023  5.193024E-13
1002.28110805077  6.532766E-13
1003.7287649713  5.013085E-13
1005.17642189184  3.588009E-13
1006.62407881238  5.952765E-13
1008.07173573291  5.091631E-13
1009.51939265345  5.109823E-13
1010.96704957399  7.290792E-13
1012.41470649452  4.695879E-13
1013.86236341506  3.624397E-13
1015.3100203356  4.709113E-13
1016.75767725613  3.193168E-13
1018.20533417667  5.101128E-13
1019.65299109721  4.216012E-13
1021.10064801775  5.219714E-13
1022.54830493828  6.028372E-13
1023.99596185882  6.114078E-13
1025.44361877936  5.175448E-13
1026.89127569989  4.145068E-13
1028.33893262043  4.132820E-13
1029.78658954097  4.822428E-13
1031.2342464615  5.193487E-13
1032.68190338204  4.788234E-13
1034.12956030258  4.640668E-13
1035.57721722311  5.370842E-13
1037.02487414365  4.393895E-13
1038.47253106419  4.963995E-13
1039.92018798472  4.509117E-13
1041.36784490526  3.938555E-13
1042.8155018258  4.422663E-13
1044.26315874633  4.435400E-13
1045.71081566687  6.094261E-13
1047.15847258741  5.216180E-13
1048.60612950794  5.717466E-13
1050.05378642848  4.996796E-13
1051.50144334902  3.921103E-13
1052.94910026955  3.977871E-13
1054.39675719009  4.398828E-13
1055.84441411063  3.927796E-13
1057.29207103116  3.300827E-13
1058.7397279517  3.387302E-13
1060.18738487224  3.795821E-13
1061.63504179277  4.269914E-13
1063.08269871331  3.833397E-13
1064.53035563385  3.582688E-13
1065.97801255439  3.451933E-13
1067.42566947492  4.102045E-13
1068.87332639546  3.898911E-13
1070.320983316  4.478575E-13
1071.76864023653  3.407615E-13
1073.21629715707  4.063782E-13
1074.66395407761  4.168556E-13
1076.11161099814  4.196489E-13
1077.55926791868  3.848658E-13
1079.00692483922  3.644354E-13
1080.45458175975  3.819077E-13
1081.90223868029  3.884029E-13
1083.34989560083  3.498766E-13
1084.79755252136  3.219995E-13
1086.2452094419  3.019803E-13
1087.69286636244  2.869696E-13
1089.14052328297  2.611713E-13
1090.58818020351  3.034110E-13
1092.03583712405  3.033838E-13
1093.48349404458  3.049126E-13
1094.93115096512  3.448001E-13
1096.37880788566  3.507582E-13
1097.82646480619  3.221146E-13
1099.27412172673  3.187281E-13
1100.72177864727  3.154153E-13
1102.1694355678  2.911258E-13
1103.61709248834  3.249242E-13
1105.06474940888  3.463719E-13
1106.51240632942  3.202727E-13
1107.96006324995  3.317421E-13
1109.40772017049  3.189060E-13
1110.85537709103  3.444731E-13
1112.30303401156  3.415082E-13
1113.7506909321  2.973608E-13
1115.19834785264  2.803425E-13
1116.64600477317  3.659458E-13
1118.09366169371  3.741359E-13
1119.54131861425  2.962090E-13
1120.98897553478  3.278080E-13
1122.43663245532  3.170682E-13
1123.88428937586  2.945145E-13
1125.33194629639  2.541251E-13
1126.77960321693  3.179457E-13
1128.22726013747  3.624867E-13
1129.674917058  3.909127E-13
1131.12257397854  3.369417E-13
1132.57023089908  2.995391E-13
1134.01788781961  3.297297E-13
1135.46554474015  3.671179E-13
1136.91320166069  3.240241E-13
1138.36085858122  3.192008E-13
1139.80851550176  3.533596E-13
1141.2561724223  2.971821E-13
1142.70382934284  2.906116E-13
1144.15148626337  2.951581E-13
1145.59914318391  3.074628E-13
1147.04680010445  3.426596E-13
1148.49445702498  3.253359E-13
1149.94211394552  2.731149E-13
1151.38977086606  3.490841E-13
1152.83742778659  3.346400E-13
1154.28508470713  3.040863E-13
1155.73274162767  2.972059E-13
1157.1803985482  3.036788E-13
1158.62805546874  3.412093E-13
1160.07571238928  3.489015E-13
1161.52336930981  3.316512E-13
1162.97102623035  2.950307E-13
1164.41868315089  3.222946E-13
1165.86634007142  3.211842E-13
1167.31399699196  3.752346E-13
1168.7616539125  3.020483E-13
1170.20931083303  3.340903E-13
1171.65696775357  3.418368E-13
1173.10462467411  3.828973E-13
1174.55228159464  3.556818E-13
1175.99993851518  3.765160E-13
1177.44759543572  3.989110E-13
1178.89525235625  4.168792E-13
1180.34290927679  3.872058E-13
1181.79056619733  4.002338E-13
1183.23822311787  3.757277E-13
1184.6858800384  3.867980E-13
1186.13353695894  4.317429E-13
1187.58119387948  4.617921E-13
1189.02885080001  4.372771E-13
1190.47650772055  4.672864E-13
1191.92416464109  4.452839E-13
1193.37182156162  4.934348E-13
1194.81947848216  5.190303E-13
1196.2671354027  5.366470E-13
1197.71479232323  5.291238E-13
1199.16244924377  4.925383E-13
1200.61010616431  5.334304E-13
1202.05776308484  6.373948E-13
1203.50542000538  5.871623E-13
1204.95307692592  5.968383E-13
1206.40073384645  6.841039E-13
1207.84839076699  7.730852E-13
1209.29604768753  8.316965E-13
1210.74370460806  8.823850E-13
1212.1913615286  1.056517E-12
1213.63901844914  1.166643E-12
1215.08667536967  1.010066E-12
1216.53433229021  9.867118E-13
1217.98198921075  1.163854E-12
1219.42964613129  9.673496E-13
1220.87730305182  9.430018E-13
1222.32495997236  7.524968E-13
1223.7726168929  6.958919E-13
1225.22027381343  6.572485E-13
1226.66793073397  5.863542E-13
1228.11558765451  5.514587E-13
1229.56324457504  5.972748E-13
1231.01090149558  5.385087E-13
1232.45855841612  5.037120E-13
1233.90621533665  4.849394E-13
1235.35387225719  4.886648E-13
1236.80152917773  4.575154E-13
1238.24918609826  4.651840E-13
1239.6968430188  4.994033E-13
1241.14449993934  5.832044E-13
1242.59215685987  5.103309E-13
1244.03981378041  5.049236E-13
1245.48747070095  4.434738E-13
1246.93512762148  4.379569E-13
1248.38278454202  4.119053E-13
1249.83044146256  4.282272E-13
1251.27809838309  4.340292E-13
1252.72575530363  3.796185E-13
1254.17341222417  3.950087E-13
1255.62106914471  3.792747E-13
1257.06872606524  3.493192E-13
1258.51638298578  3.232760E-13
1259.96403990632  3.712873E-13
1261.41169682685  4.448699E-13
1262.85935374739  3.695465E-13
1264.30701066793  3.560885E-13
1265.75466758846  3.444447E-13
1267.202324509  2.949531E-13
1268.64998142954  3.412327E-13
1270.09763835007  3.212515E-13
1271.54529527061  3.169875E-13
1272.99295219115  3.060508E-13
1274.44060911168  3.052339E-13
1275.88826603222  3.024618E-13
1277.33592295276  2.932420E-13
1278.78357987329  3.216023E-13
1280.23123679383  3.116322E-13
1281.67889371437  2.603749E-13
1283.1265506349  2.560035E-13
1284.57420755544  2.426570E-13
1286.02186447598  2.594393E-13
1287.46952139651  2.704389E-13
1288.91717831705  2.787140E-13
1290.36483523759  2.609311E-13
1291.81249215812  2.967465E-13
1293.26014907866  2.698447E-13
1294.7078059992  3.094637E-13
1296.15546291974  2.788168E-13
1297.60311984027  2.856347E-13
1299.05077676081  2.555214E-13
1300.49843368135  2.402318E-13
1301.94609060188  3.184950E-13
1303.39374752242  3.158812E-13
1304.84140444296  2.676418E-13
1306.28906136349  2.629765E-13
1307.73671828403  2.783728E-13
1309.18437520457  2.989459E-13
1310.6320321251  2.809300E-13
1312.07968904564  2.677030E-13
1313.52734596618  2.538005E-13
1314.97500288671  2.837927E-13
1316.42265980725  2.697420E-13
1317.87031672779  2.808892E-13
1319.31797364832  2.680310E-13
1320.76563056886  2.530872E-13
1322.2132874894  2.746714E-13
1323.66094440993  2.716504E-13
1325.10860133047  2.599244E-13
1326.55625825101  2.499646E-13
1328.00391517154  3.100868E-13
1329.45157209208  2.684481E-13
1330.89922901262  2.398142E-13
1332.34688593315  2.677851E-13
1333.79454285369  2.748369E-13
1335.24219977423  2.553400E-13
1336.68985669477  2.619426E-13
1338.1375136153  2.595690E-13
1339.58517053584  2.707054E-13
1341.03282745638  3.161819E-13
1342.48048437691  2.845271E-13
1343.92814129745  2.741140E-13
1345.37579821799  2.473340E-13
1346.82345513852  2.723398E-13
1348.27111205906  2.544190E-13
1349.7187689796  2.429816E-13
1351.16642590013  2.811927E-13
1352.61408282067  2.818988E-13
1354.06173974121  2.635974E-13
1355.50939666174  2.514773E-13
1356.95705358228  2.937764E-13
1358.40471050282  2.904990E-13
1359.85236742335  2.869822E-13
1361.30002434389  2.798730E-13
1362.74768126443  2.869055E-13
1364.19533818496  2.946094E-13
1365.6429951055  2.490051E-13
1367.09065202604  2.481157E-13
1368.53830894657  2.928369E-13
1369.98596586711  3.128864E-13
1371.43362278765  3.023785E-13
1372.88127970819  2.793062E-13
1374.32893662872  2.718777E-13
1375.77659354926  2.865037E-13
1377.2242504698  2.776112E-13
1378.67190739033  2.871142E-13
1380.11956431087  2.813201E-13
1381.56722123141  3.298651E-13
1383.01487815194  2.754707E-13
1384.46253507248  2.884034E-13
1385.91019199302  2.448368E-13
1387.35784891355  2.753021E-13
1388.80550583409  3.112230E-13
1390.25316275463  3.165563E-13
1391.70081967516  3.438989E-13
1393.1484765957  3.100410E-13
1394.59613351624  3.219977E-13
1396.04379043677  2.872909E-13
1397.49144735731  2.961383E-13
1398.93910427785  3.716291E-13
1400.38676119838  3.329635E-13
1401.83441811892  2.812291E-13
1403.28207503946  3.142437E-13
1404.72973195999  2.976826E-13
1406.17738888053  2.878523E-13
1407.62504580107  2.817367E-13
1409.0727027216  2.861468E-13
1410.52035964214  3.083513E-13
1411.96801656268  2.808472E-13
1413.41567348322  3.398535E-13
1414.86333040375  3.186115E-13
1416.31098732429  3.184060E-13
1417.75864424483  2.950892E-13
1419.20630116536  2.595707E-13
1420.6539580859  2.461783E-13
1422.10161500644  2.697501E-13
1423.54927192697  2.631069E-13
1424.99692884751  2.753153E-13
1426.44458576805  2.669098E-13
1427.89224268858  2.364013E-13
1429.33989960912  2.521481E-13
1430.78755652966  2.292639E-13
1432.23521345019  2.548995E-13
1433.68287037073  2.288973E-13
1435.13052729127  2.531027E-13
1436.5781842118  2.446224E-13
1438.02584113234  2.792987E-13
1439.47349805288  2.640503E-13
1440.92115497341  2.623793E-13
1442.36881189395  2.224366E-13
1443.81646881449  2.078793E-13
1445.26412573502  2.140727E-13
1446.71178265556  2.338714E-13
1448.1594395761  2.507436E-13
1449.60709649664  2.303104E-13
1451.05475341717  2.295205E-13
1452.50241033771  2.385110E-13
1453.95006725825  2.198425E-13
1455.39772417878  2.348363E-13
1456.84538109932  2.475012E-13
1458.29303801986  2.581057E-13
1459.74069494039  2.434881E-13
1461.18835186093  2.560748E-13
1462.63600878147  2.428178E-13
1464.083665702  2.561897E-13
1465.53132262254  2.405763E-13
1466.97897954308  2.373646E-13
1468.42663646361  2.627954E-13
1469.87429338415  2.448302E-13
1471.32195030469  2.214888E-13
1472.76960722522  2.299662E-13
1474.21726414576  2.401274E-13
1475.6649210663  2.412909E-13
1477.11257798683  2.491887E-13
1478.56023490737  2.507012E-13
1480.00789182791  2.628112E-13
1481.45554874844  2.916915E-13
1482.90320566898  2.693094E-13
1484.35086258952  2.707546E-13
1485.79851951005  2.556531E-13
1487.24617643059  2.522989E-13
1488.69383335113  2.584854E-13
1490.14149027167  2.196600E-13
1491.5891471922  2.267723E-13
1493.03680411274  2.153978E-13
1494.48446103328  2.356439E-13
1495.93211795381  2.434886E-13
1497.37977487435  2.254649E-13
1498.82743179489  2.612471E-13
1500.27508871542  2.670156E-13
1501.72274563596  2.594501E-13
1503.1704025565  2.409284E-13
1504.61805947703  2.278278E-13
1506.06571639757  2.478493E-13
1507.51337331811  2.573938E-13
1508.96103023864  2.414233E-13
1510.40868715918  2.421367E-13
1511.85634407972  2.677296E-13
1513.30400100025  2.734629E-13
1514.75165792079  2.675861E-13
1516.19931484133  2.414133E-13
1517.64697176186  2.664145E-13
1519.0946286824  2.958398E-13
1520.54228560294  2.804276E-13
1521.98994252347  2.433540E-13
1523.43759944401  2.569099E-13
1524.88525636455  2.440411E-13
1526.33291328509  2.573694E-13
1527.78057020562  2.917279E-13
1529.22822712616  3.079264E-13
1530.6758840467  3.402255E-13
1532.12354096723  3.355027E-13
1533.57119788777  3.400506E-13
1535.01885480831  3.745363E-13
1536.46651172884  3.613817E-13
1537.91416864938  3.497207E-13
1539.36182556992  3.759489E-13
1540.80948249045  3.974162E-13
1542.25713941099  4.117315E-13
1543.70479633153  4.385363E-13
1545.15245325206  4.497909E-13
1546.6001101726  4.874446E-13
1548.04776709314  4.793900E-13
1549.49542401367  4.894442E-13
1550.94308093421  4.490263E-13
1552.39073785475  4.434449E-13
1553.83839477528  4.280772E-13
1555.28605169582  4.030688E-13
1556.73370861636  3.715369E-13
1558.18136553689  3.441795E-13
1559.62902245743  3.251579E-13
1561.07667937797  3.170000E-13
1562.5243362985  3.031937E-13
1563.97199321904  3.107627E-13
1565.41965013958  3.213128E-13
1566.86730706012  3.053001E-13
1568.31496398065  2.908498E-13
1569.76262090119  2.753406E-13
1571.21027782173  2.843645E-13
1572.65793474226  3.092473E-13
1574.1055916628  2.744339E-13
1575.55324858334  2.564998E-13
1577.00090550387  2.568447E-13
1578.44856242441  2.421543E-13
1579.89621934495  2.683866E-13
1581.34387626548  2.569313E-13
1582.79153318602  2.561990E-13
1584.23919010656  2.598459E-13
1585.68684702709  2.422728E-13
1587.13450394763  2.401207E-13
1588.58216086817  2.345060E-13
1590.0298177887  2.398217E-13
1591.47747470924  2.423106E-13
1592.92513162978  2.452234E-13
1594.37278855031  2.479545E-13
1595.82044547085  2.459789E-13
1597.26810239139  2.374325E-13
1598.71575931192  2.291090E-13
1600.16341623246  2.351389E-13
1601.611073153  2.250662E-13
1603.05873007354  2.225655E-13
1604.50638699407  2.296567E-13
1605.95404391461  2.328391E-13
1607.40170083515  2.582798E-13
1608.84935775568  2.607659E-13
1610.29701467622  2.269095E-13
1611.74467159676  2.211694E-13
1613.19232851729  2.165803E-13
1614.63998543783  2.396791E-13
1616.08764235837  2.418432E-13
1617.5352992789  2.366150E-13
1618.98295619944  2.326563E-13
1620.43061311998  2.262554E-13
1621.87827004051  2.325597E-13
1623.32592696105  2.224743E-13
1624.77358388159  2.366525E-13
1626.22124080212  2.488691E-13
1627.66889772266  2.406942E-13
1629.1165546432  2.461765E-13
1630.56421156373  2.456164E-13
1632.01186848427  2.292634E-13
1633.45952540481  2.273954E-13
1634.90718232534  2.256007E-13
1636.35483924588  2.470187E-13
1637.80249616642  2.471839E-13
1639.25015308695  2.412990E-13
1640.69781000749  2.333990E-13
1642.14546692803  2.343816E-13
1643.59312384857  2.444612E-13
1645.0407807691  2.583024E-13
1646.48843768964  2.663549E-13
1647.93609461018  2.431064E-13
1649.38375153071  2.208765E-13
1650.83140845125  2.301445E-13
1652.27906537179  2.376779E-13
1653.72672229232  2.436739E-13
1655.17437921286  2.412051E-13
1656.6220361334  2.436872E-13
1658.06969305393  2.466104E-13
1659.51734997447  2.550851E-13
1660.96500689501  2.599322E-13
1662.41266381554  2.518324E-13
1663.86032073608  2.369900E-13
1665.30797765662  2.428167E-13
1666.75563457715  2.319990E-13
1668.20329149769  2.322909E-13
1669.65094841823  2.313995E-13
1671.09860533876  2.216917E-13
1672.5462622593  2.190812E-13
1673.99391917984  2.110656E-13
1675.44157610038  2.049145E-13
1676.88923302091  2.012956E-13
1678.33688994145  2.073875E-13
1679.78454686199  2.080346E-13
1681.23220378252  2.054010E-13
1682.67986070306  2.091978E-13
1684.1275176236  2.136220E-13
1685.57517454413  2.106150E-13
1687.02283146467  2.118884E-13
1688.47048838521  2.084719E-13
1689.91814530574  1.987211E-13
1691.36580222628  1.954100E-13
1692.81345914682  1.852135E-13
1694.26111606735  1.893367E-13
1695.70877298789  1.948582E-13
1697.15642990843  2.159532E-13
1698.60408682896  2.107864E-13
1700.0517437495  2.044163E-13
1701.49940067004  2.067173E-13
1702.94705759057  2.039478E-13
1704.39471451111  2.024268E-13
1705.84237143165  1.920972E-13
1707.29002835218  1.911246E-13
1708.73768527272  1.874394E-13
1710.18534219326  0.
1711.63299911379  0.
1713.08065603433  0.
1714.52831295487  0.
1715.97596987541  0.
1717.42362679594  0.
1718.87128371648  0.
1720.31894063702  0.
1721.76659755755  0.
1723.21425447809  0.
1724.66191139863  0.
1726.10956831916  0.
1727.5572252397  0.
1729.00488216024  0.
1730.45253908077  0.
1731.90019600131  0.
1733.34785292185  0.
1734.79550984238  0.
1736.24316676292  0.
1737.69082368346  0.
1739.13848060399  0.
1740.58613752453  0.
1742.03379444507  0.
1743.4814513656  0.
1744.92910828614  0.
1746.37676520668  0.
1747.82442212721  0.
1749.27207904775  0.
1750.71973596829  0.
1752.16739288882  0.
1753.61504980936  0.
1755.0627067299  0.
1756.51036365043  0.
1757.95802057097  0.
1759.40567749151  0.
1760.85333441205  0.
1762.30099133258  0.
1763.74864825312  0.
1765.19630517366  0.
1766.64396209419  0.
1768.09161901473  0.
1769.53927593527  0.
1770.9869328558  0.
1772.43458977634  0.
1773.88224669688  0.
1775.32990361741  0.
1776.77756053795  0.
1778.22521745849  0.
1779.67287437902  0.
1781.12053129956  0.
1782.5681882201  0.
1784.01584514063  0.
1785.46350206117  0.
1786.91115898171  0.
1788.35881590224  0.
1789.80647282278  0.
1791.25412974332  0.
1792.70178666385  0.
1794.14944358439  0.
1795.59710050493  0.
1797.04475742547  0.
1798.492414346  0.
1799.94007126654  0.
1801.38772818708  0.
1802.83538510761  0.
1804.28304202815  0.
1805.73069894869  0.
1807.17835586922  0.
1808.62601278976  0.
1810.0736697103  0.
1811.52132663083  0.
1812.96898355137  0.
1814.41664047191  0.
1815.86429739244  0.
1817.31195431298  0.
1818.75961123352  0.
1820.20726815405  0.
1821.65492507459  0.
1823.10258199513  0.
1824.55023891566  0.
1825.9978958362  0.
1827.44555275674  0.
1828.89320967727  0.
1830.34086659781  0.
1831.78852351835  0.
