906.735751295338  0.
908.183408215875  0.
909.631065136412  0.
911.078722056949  0.
912.526378977485  0.
913.974035898022  0.
915.421692818559  0.
916.869349739096  0.
918.317006659633  0.
919.764663580169  0.
921.212320500706  0.
922.659977421243  0.
924.10763434178  0.
925.555291262316  0.
927.002948182853  0.
928.45060510339  0.
929.898262023927  0.
931.345918944464  0.
932.793575865  0.
934.241232785537  0.
935.688889706074  0.
937.136546626611  0.
938.584203547148  0.
940.031860467684  0.
941.479517388221  0.
942.927174308758  0.
944.374831229295  0.
945.822488149832  0.
947.270145070369  0.
948.717801990905  0.
950.165458911442  0.
951.613115831979  0.
953.060772752515  0.
954.508429673052  0.
955.956086593589  0.
957.403743514126  0.
958.851400434663  0.
960.2990573552  0.
961.746714275736  0.
963.194371196273  0.
964.64202811681  0.
966.089685037347  0.
967.537341957883  0.
968.98499887842  0.
970.432655798957  0.
971.880312719494  0.
973.327969640031  0.
974.775626560567  0.
976.223283481104  0.
977.670940401641  0.
979.118597322178  0.
980.566254242715  0.
982.013911163251  0.
983.461568083788  0.
984.909225004325  0.
986.356881924862  0.
987.804538845399  0.
989.252195765935  0.
990.699852686472  0.
992.147509607009  0.
993.595166527546  5.644461E-13
995.042823448082  7.992228E-14
996.490480368619  6.447066E-13
997.938137289156  3.519341E-13
999.385794209693  5.146540E-13
1000.83345113023  6.406464E-13
1002.28110805077  3.643890E-13
1003.7287649713  5.145723E-13
1005.17642189184  4.479036E-13
1006.62407881238  4.364159E-13
1008.07173573291  4.937107E-13
1009.51939265345  4.910082E-13
1010.96704957399  5.570404E-13
1012.41470649452  4.621907E-13
1013.86236341506  4.247580E-13
1015.3100203356  3.761052E-13
1016.75767725613  4.682921E-13
1018.20533417667  4.837594E-13
1019.65299109721  4.602868E-13
1021.10064801775  5.561452E-13
1022.54830493828  4.118296E-13
1023.99596185882  4.243266E-13
1025.44361877936  4.795690E-13
1026.89127569989  4.910847E-13
1028.33893262043  4.230209E-13
1029.78658954097  5.271206E-13
1031.2342464615  5.155225E-13
1032.68190338204  5.186783E-13
1034.12956030258  4.787481E-13
1035.57721722311  4.354050E-13
1037.02487414365  4.353495E-13
1038.47253106419  4.312195E-13
1039.92018798472  4.054918E-13
1041.36784490526  3.395604E-13
1042.8155018258  3.842976E-13
1044.26315874633  4.069586E-13
1045.71081566687  4.192877E-13
1047.15847258741  4.235408E-13
1048.60612950794  4.038553E-13
1050.05378642848  3.776958E-13
1051.50144334902  5.104481E-13
1052.94910026955  4.929076E-13
1054.39675719009  3.642410E-13
1055.84441411063  3.465595E-13
1057.29207103116  3.736365E-13
1058.7397279517  3.074504E-13
1060.18738487224  3.463579E-13
1061.63504179277  3.702003E-13
1063.08269871331  3.386298E-13
1064.53035563385  3.645731E-13
1065.97801255439  3.635344E-13
1067.42566947492  3.921569E-13
1068.87332639546  3.299637E-13
1070.320983316  3.086306E-13
1071.76864023653  3.565243E-13
1073.21629715707  2.988360E-13
1074.66395407761  3.459195E-13
1076.11161099814  3.111803E-13
1077.55926791868  3.333461E-13
1079.00692483922  3.555668E-13
1080.45458175975  2.952105E-13
1081.90223868029  3.174514E-13
1083.34989560083  3.482145E-13
1084.79755252136  3.381528E-13
1086.2452094419  2.519989E-13
1087.69286636244  2.316882E-13
1089.14052328297  2.686672E-13
1090.58818020351  2.789142E-13
1092.03583712405  2.690097E-13
1093.48349404458  2.884394E-13
1094.93115096512  2.973053E-13
1096.37880788566  2.713550E-13
1097.82646480619  2.818995E-13
1099.27412172673  2.811334E-13
1100.72177864727  2.898007E-13
1102.1694355678  2.634603E-13
1103.61709248834  3.043138E-13
1105.06474940888  2.919731E-13
1106.51240632942  2.719409E-13
1107.96006324995  3.260082E-13
1109.40772017049  3.129770E-13
1110.85537709103  3.219111E-13
1112.30303401156  2.814608E-13
1113.7506909321  3.314651E-13
1115.19834785264  2.975461E-13
1116.64600477317  2.867695E-13
1118.09366169371  2.772974E-13
1119.54131861425  2.980316E-13
1120.98897553478  2.767443E-13
1122.43663245532  2.640730E-13
1123.88428937586  2.857823E-13
1125.33194629639  2.577114E-13
1126.77960321693  2.635914E-13
1128.22726013747  2.631077E-13
1129.674917058  2.774824E-13
1131.12257397854  2.811944E-13
1132.57023089908  3.391782E-13
1134.01788781961  2.537138E-13
1135.46554474015  3.270492E-13
1136.91320166069  2.944810E-13
1138.36085858122  2.871817E-13
1139.80851550176  2.983910E-13
1141.2561724223  2.979259E-13
1142.70382934284  2.955394E-13
1144.15148626337  2.568813E-13
1145.59914318391  2.751734E-13
1147.04680010445  2.675372E-13
1148.49445702498  2.945288E-13
1149.94211394552  2.512154E-13
1151.38977086606  2.987100E-13
1152.83742778659  2.765676E-13
1154.28508470713  2.550617E-13
1155.73274162767  2.830537E-13
1157.1803985482  2.879325E-13
1158.62805546874  2.875831E-13
1160.07571238928  3.154077E-13
1161.52336930981  2.861252E-13
1162.97102623035  2.857040E-13
1164.41868315089  2.731127E-13
1165.86634007142  2.842759E-13
1167.31399699196  3.401747E-13
1168.7616539125  2.927828E-13
1170.20931083303  3.348484E-13
1171.65696775357  3.216924E-13
1173.10462467411  3.029084E-13
1174.55228159464  3.027624E-13
1175.99993851518  3.162960E-13
1177.44759543572  3.347614E-13
1178.89525235625  3.377038E-13
1180.34290927679  3.777848E-13
1181.79056619733  3.501230E-13
1183.23822311787  3.404406E-13
1184.6858800384  3.483197E-13
1186.13353695894  3.693652E-13
1187.58119387948  4.075467E-13
1189.02885080001  3.467987E-13
1190.47650772055  4.233416E-13
1191.92416464109  4.394055E-13
1193.37182156162  4.943594E-13
1194.81947848216  4.356872E-13
1196.2671354027  5.010624E-13
1197.71479232323  5.138031E-13
1199.16244924377  4.688308E-13
1200.61010616431  5.057768E-13
1202.05776308484  5.148631E-13
1203.50542000538  6.059581E-13
1204.95307692592  6.659932E-13
1206.40073384645  6.583830E-13
1207.84839076699  1.053490E-12
1209.29604768753  9.731531E-13
1210.74370460806  8.926785E-13
1212.1913615286  9.336616E-13
1213.63901844914  9.195266E-13
1215.08667536967  1.129064E-12
1216.53433229021  9.910113E-13
1217.98198921075  9.752105E-13
1219.42964613129  8.110365E-13
1220.87730305182  7.580340E-13
1222.32495997236  6.055643E-13
1223.7726168929  4.729419E-13
1225.22027381343  5.034334E-13
1226.66793073397  5.244710E-13
1228.11558765451  5.156312E-13
1229.56324457504  5.143369E-13
1231.01090149558  4.759961E-13
1232.45855841612  5.013592E-13
1233.90621533665  5.591309E-13
1235.35387225719  4.444490E-13
1236.80152917773  4.895939E-13
1238.24918609826  5.281331E-13
1239.6968430188  4.670468E-13
1241.14449993934  4.837109E-13
1242.59215685987  4.493910E-13
1244.03981378041  4.322059E-13
1245.48747070095  4.311155E-13
1246.93512762148  3.949052E-13
1248.38278454202  4.000667E-13
1249.83044146256  3.742210E-13
1251.27809838309  3.856998E-13
1252.72575530363  3.907353E-13
1254.17341222417  3.735767E-13
1255.62106914471  3.576841E-13
1257.06872606524  2.746614E-13
1258.51638298578  3.279253E-13
1259.96403990632  3.430989E-13
1261.41169682685  3.594641E-13
1262.85935374739  3.359183E-13
1264.30701066793  3.261452E-13
1265.75466758846  2.866088E-13
1267.202324509  2.311358E-13
1268.64998142954  2.809172E-13
1270.09763835007  2.575860E-13
1271.54529527061  2.435250E-13
1272.99295219115  2.300203E-13
1274.44060911168  2.775579E-13
1275.88826603222  2.422955E-13
1277.33592295276  2.531285E-13
1278.78357987329  2.628489E-13
1280.23123679383  3.004299E-13
1281.67889371437  2.770462E-13
1283.1265506349  2.405863E-13
1284.57420755544  2.614421E-13
1286.02186447598  2.418123E-13
1287.46952139651  2.571736E-13
1288.91717831705  2.606117E-13
1290.36483523759  2.593796E-13
1291.81249215812  2.459977E-13
1293.26014907866  2.636909E-13
1294.7078059992  2.746011E-13
1296.15546291974  2.783479E-13
1297.60311984027  2.763884E-13
1299.05077676081  2.833149E-13
1300.49843368135  2.746514E-13
1301.94609060188  2.841498E-13
1303.39374752242  2.717090E-13
1304.84140444296  2.599231E-13
1306.28906136349  2.734814E-13
1307.73671828403  2.361238E-13
1309.18437520457  2.864266E-13
1310.6320321251  2.428671E-13
1312.07968904564  2.593745E-13
1313.52734596618  2.616237E-13
1314.97500288671  2.463020E-13
1316.42265980725  2.166715E-13
1317.87031672779  2.152433E-13
1319.31797364832  2.341266E-13
1320.76563056886  2.440799E-13
1322.2132874894  2.166479E-13
1323.66094440993  2.284234E-13
1325.10860133047  2.592770E-13
1326.55625825101  2.670479E-13
1328.00391517154  2.635905E-13
1329.45157209208  2.321485E-13
1330.89922901262  2.203617E-13
1332.34688593315  2.196238E-13
1333.79454285369  2.517022E-13
1335.24219977423  2.270675E-13
1336.68985669477  2.277553E-13
1338.1375136153  2.149894E-13
1339.58517053584  2.352765E-13
1341.03282745638  2.758887E-13
1342.48048437691  2.542781E-13
1343.92814129745  2.331977E-13
1345.37579821799  2.417317E-13
1346.82345513852  2.099124E-13
1348.27111205906  2.416273E-13
1349.7187689796  2.481459E-13
1351.16642590013  2.673908E-13
1352.61408282067  2.530308E-13
1354.06173974121  2.420881E-13
1355.50939666174  2.273754E-13
1356.95705358228  2.424361E-13
1358.40471050282  2.255271E-13
1359.85236742335  2.337431E-13
1361.30002434389  2.438020E-13
1362.74768126443  2.550993E-13
1364.19533818496  2.390034E-13
1365.6429951055  2.308870E-13
1367.09065202604  2.272945E-13
1368.53830894657  2.546791E-13
1369.98596586711  2.600072E-13
1371.43362278765  2.497264E-13
1372.88127970819  2.602670E-13
1374.32893662872  2.455021E-13
1375.77659354926  2.345020E-13
1377.2242504698  2.612576E-13
1378.67190739033  2.612774E-13
1380.11956431087  2.411615E-13
1381.56722123141  2.239034E-13
1383.01487815194  2.221667E-13
1384.46253507248  2.506008E-13
1385.91019199302  2.422730E-13
1387.35784891355  2.519101E-13
1388.80550583409  2.275661E-13
1390.25316275463  2.605558E-13
1391.70081967516  2.749052E-13
1393.1484765957  2.853359E-13
1394.59613351624  3.261640E-13
1396.04379043677  3.196101E-13
1397.49144735731  2.944603E-13
1398.93910427785  3.003018E-13
1400.38676119838  2.852008E-13
1401.83441811892  2.871409E-13
1403.28207503946  2.818614E-13
1404.72973195999  2.580272E-13
1406.17738888053  2.456575E-13
1407.62504580107  2.782691E-13
1409.0727027216  2.541313E-13
1410.52035964214  2.454768E-13
1411.96801656268  2.090769E-13
1413.41567348322  2.372082E-13
1414.86333040375  2.485137E-13
1416.31098732429  2.296175E-13
1417.75864424483  2.434080E-13
1419.20630116536  2.364451E-13
1420.6539580859  2.337616E-13
1422.10161500644  2.133141E-13
1423.54927192697  2.000991E-13
1424.99692884751  1.946073E-13
1426.44458576805  2.243870E-13
1427.89224268858  2.028200E-13
1429.33989960912  2.242291E-13
1430.78755652966  2.294016E-13
1432.23521345019  2.327104E-13
1433.68287037073  2.354851E-13
1435.13052729127  2.266776E-13
1436.5781842118  2.091192E-13
1438.02584113234  2.088783E-13
1439.47349805288  2.169912E-13
1440.92115497341  1.988846E-13
1442.36881189395  2.037186E-13
1443.81646881449  1.958437E-13
1445.26412573502  2.087451E-13
1446.71178265556  2.185380E-13
1448.1594395761  1.999789E-13
1449.60709649664  2.022000E-13
1451.05475341717  2.040038E-13
1452.50241033771  2.055005E-13
1453.95006725825  2.057031E-13
1455.39772417878  2.061108E-13
1456.84538109932  2.056209E-13
1458.29303801986  2.112727E-13
1459.74069494039  2.147544E-13
1461.18835186093  2.024152E-13
1462.63600878147  2.038290E-13
1464.083665702  2.076886E-13
1465.53132262254  2.071808E-13
1466.97897954308  1.935261E-13
1468.42663646361  2.043473E-13
1469.87429338415  2.070774E-13
1471.32195030469  2.033734E-13
1472.76960722522  1.867179E-13
1474.21726414576  2.012804E-13
1475.6649210663  2.118915E-13
1477.11257798683  2.092481E-13
1478.56023490737  1.982710E-13
1480.00789182791  1.973764E-13
1481.45554874844  2.147720E-13
1482.90320566898  2.107166E-13
1484.35086258952  2.106145E-13
1485.79851951005  2.069873E-13
1487.24617643059  2.192154E-13
1488.69383335113  2.214753E-13
1490.14149027167  2.154455E-13
1491.5891471922  2.088413E-13
1493.03680411274  2.026885E-13
1494.48446103328  2.161811E-13
1495.93211795381  2.199764E-13
1497.37977487435  2.313735E-13
1498.82743179489  2.277080E-13
1500.27508871542  2.127453E-13
1501.72274563596  2.294822E-13
1503.1704025565  2.185799E-13
1504.61805947703  2.341908E-13
1506.06571639757  2.325139E-13
1507.51337331811  2.199614E-13
1508.96103023864  2.276878E-13
1510.40868715918  2.282985E-13
1511.85634407972  2.136258E-13
1513.30400100025  2.177104E-13
1514.75165792079  2.351606E-13
1516.19931484133  2.372833E-13
1517.64697176186  2.424101E-13
1519.0946286824  2.386247E-13
1520.54228560294  2.602662E-13
1521.98994252347  2.671028E-13
1523.43759944401  2.708241E-13
1524.88525636455  2.779153E-13
1526.33291328509  2.729598E-13
1527.78057020562  3.046320E-13
1529.22822712616  2.943420E-13
1530.6758840467  3.043484E-13
1532.12354096723  3.045430E-13
1533.57119788777  3.457076E-13
1535.01885480831  3.654779E-13
1536.46651172884  3.931384E-13
1537.91416864938  4.033386E-13
1539.36182556992  4.092264E-13
1540.80948249045  4.199285E-13
1542.25713941099  4.487897E-13
1543.70479633153  4.607068E-13
1545.15245325206  4.470589E-13
1546.6001101726  4.734918E-13
1548.04776709314  4.478907E-13
1549.49542401367  3.488289E-13
1550.94308093421  4.157211E-13
1552.39073785475  3.783865E-13
1553.83839477528  3.620167E-13
1555.28605169582  3.309564E-13
1556.73370861636  3.181875E-13
1558.18136553689  3.078482E-13
1559.62902245743  2.914238E-13
1561.07667937797  2.729251E-13
1562.5243362985  2.644672E-13
1563.97199321904  2.602223E-13
1565.41965013958  2.642911E-13
1566.86730706012  2.661775E-13
1568.31496398065  2.360698E-13
1569.76262090119  2.377297E-13
1571.21027782173  2.245533E-13
1572.65793474226  2.235722E-13
1574.1055916628  2.308743E-13
1575.55324858334  2.224662E-13
1577.00090550387  2.194518E-13
1578.44856242441  2.192833E-13
1579.89621934495  2.242722E-13
1581.34387626548  2.292384E-13
1582.79153318602  2.162368E-13
1584.23919010656  2.108201E-13
1585.68684702709  1.981181E-13
1587.13450394763  2.098258E-13
1588.58216086817  1.962639E-13
1590.0298177887  2.075083E-13
1591.47747470924  2.009573E-13
1592.92513162978  2.016538E-13
1594.37278855031  1.990680E-13
1595.82044547085  1.999329E-13
1597.26810239139  2.049731E-13
1598.71575931192  2.091438E-13
1600.16341623246  2.062026E-13
1601.611073153  2.120280E-13
1603.05873007354  1.931522E-13
1604.50638699407  1.981307E-13
1605.95404391461  2.050559E-13
1607.40170083515  2.101521E-13
1608.84935775568  2.120952E-13
1610.29701467622  2.044720E-13
1611.74467159676  2.051310E-13
1613.19232851729  2.089904E-13
1614.63998543783  1.996326E-13
1616.08764235837  2.108870E-13
1617.5352992789  2.128071E-13
1618.98295619944  2.155101E-13
1620.43061311998  2.030163E-13
1621.87827004051  2.027858E-13
1623.32592696105  2.019069E-13
1624.77358388159  2.049125E-13
1626.22124080212  2.024090E-13
1627.66889772266  2.082822E-13
1629.1165546432  2.083671E-13
1630.56421156373  2.165037E-13
1632.01186848427  2.142161E-13
1633.45952540481  2.097100E-13
1634.90718232534  2.171758E-13
1636.35483924588  2.198470E-13
1637.80249616642  2.029843E-13
1639.25015308695  2.050400E-13
1640.69781000749  2.065909E-13
1642.14546692803  2.068262E-13
1643.59312384857  2.111584E-13
1645.0407807691  2.095587E-13
1646.48843768964  2.164374E-13
1647.93609461018  2.029872E-13
1649.38375153071  2.010373E-13
1650.83140845125  2.079218E-13
1652.27906537179  2.085443E-13
1653.72672229232  2.027621E-13
1655.17437921286  1.898994E-13
1656.6220361334  1.976060E-13
1658.06969305393  2.064618E-13
1659.51734997447  2.058076E-13
1660.96500689501  2.035388E-13
1662.41266381554  1.949490E-13
1663.86032073608  2.013794E-13
1665.30797765662  1.988758E-13
1666.75563457715  1.998120E-13
1668.20329149769  1.896939E-13
1669.65094841823  1.895562E-13
1671.09860533876  1.878761E-13
1672.5462622593  1.847515E-13
1673.99391917984  1.812514E-13
1675.44157610038  1.819176E-13
1676.88923302091  1.876084E-13
1678.33688994145  1.795382E-13
1679.78454686199  1.794875E-13
1681.23220378252  1.757296E-13
1682.67986070306  1.692320E-13
1684.1275176236  1.735665E-13
1685.57517454413  1.746889E-13
1687.02283146467  1.815646E-13
1688.47048838521  1.772031E-13
1689.91814530574  1.770308E-13
1691.36580222628  1.847600E-13
1692.81345914682  1.794202E-13
1694.26111606735  1.825761E-13
1695.70877298789  1.783099E-13
1697.15642990843  1.860779E-13
1698.60408682896  1.893773E-13
1700.0517437495  1.819924E-13
1701.49940067004  1.820961E-13
1702.94705759057  1.872379E-13
1704.39471451111  1.861305E-13
1705.84237143165  1.801533E-13
1707.29002835218  1.825967E-13
1708.73768527272  1.799158E-13
1710.18534219326  0.
1711.63299911379  0.
1713.08065603433  0.
1714.52831295487  0.
1715.97596987541  0.
1717.42362679594  0.
1718.87128371648  0.
1720.31894063702  0.
1721.76659755755  0.
1723.21425447809  0.
1724.66191139863  0.
1726.10956831916  0.
1727.5572252397  0.
1729.00488216024  0.
1730.45253908077  0.
1731.90019600131  0.
1733.34785292185  0.
1734.79550984238  0.
1736.24316676292  0.
1737.69082368346  0.
1739.13848060399  0.
1740.58613752453  0.
1742.03379444507  0.
1743.4814513656  0.
1744.92910828614  0.
1746.37676520668  0.
1747.82442212721  0.
1749.27207904775  0.
1750.71973596829  0.
1752.16739288882  0.
1753.61504980936  0.
1755.0627067299  0.
1756.51036365043  0.
1757.95802057097  0.
1759.40567749151  0.
1760.85333441205  0.
1762.30099133258  0.
1763.74864825312  0.
1765.19630517366  0.
1766.64396209419  0.
1768.09161901473  0.
1769.53927593527  0.
1770.9869328558  0.
1772.43458977634  0.
1773.88224669688  0.
1775.32990361741  0.
1776.77756053795  0.
1778.22521745849  0.
1779.67287437902  0.
1781.12053129956  0.
1782.5681882201  0.
1784.01584514063  0.
1785.46350206117  0.
1786.91115898171  0.
1788.35881590224  0.
1789.80647282278  0.
1791.25412974332  0.
1792.70178666385  0.
1794.14944358439  0.
1795.59710050493  0.
1797.04475742547  0.
1798.492414346  0.
1799.94007126654  0.
1801.38772818708  0.
1802.83538510761  0.
1804.28304202815  0.
1805.73069894869  0.
1807.17835586922  0.
1808.62601278976  0.
1810.0736697103  0.
1811.52132663083  0.
1812.96898355137  0.
1814.41664047191  0.
1815.86429739244  0.
1817.31195431298  0.
1818.75961123352  0.
1820.20726815405  0.
1821.65492507459  0.
1823.10258199513  0.
1824.55023891566  0.
1825.9978958362  0.
1827.44555275674  0.
1828.89320967727  0.
1830.34086659781  0.
1831.78852351835  0.
