906.735751295338  0.
908.183408215875  0.
909.631065136412  0.
911.078722056949  0.
912.526378977485  0.
913.974035898022  0.
915.421692818559  0.
916.869349739096  0.
918.317006659633  0.
919.764663580169  0.
921.212320500706  0.
922.659977421243  0.
924.10763434178  0.
925.555291262316  0.
927.002948182853  0.
928.45060510339  0.
929.898262023927  0.
931.345918944464  0.
932.793575865  0.
934.241232785537  0.
935.688889706074  0.
937.136546626611  0.
938.584203547148  0.
940.031860467684  0.
941.479517388221  0.
942.927174308758  0.
944.374831229295  0.
945.822488149832  0.
947.270145070369  0.
948.717801990905  0.
950.165458911442  0.
951.613115831979  0.
953.060772752515  0.
954.508429673052  0.
955.956086593589  0.
957.403743514126  0.
958.851400434663  0.
960.2990573552  0.
961.746714275736  0.
963.194371196273  0.
964.64202811681  0.
966.089685037347  0.
967.537341957883  0.
968.98499887842  0.
970.432655798957  0.
971.880312719494  0.
973.327969640031  0.
974.775626560567  0.
976.223283481104  0.
977.670940401641  0.
979.118597322178  0.
980.566254242715  0.
982.013911163251  0.
983.461568083788  0.
984.909225004325  0.
986.356881924862  0.
987.804538845399  0.
989.252195765935  0.
990.699852686472  0.
992.147509607009  0.
993.595166527546  5.197541E-13
995.042823448082  4.891092E-13
996.490480368619  3.765333E-13
997.938137289156  2.594606E-13
999.385794209693  4.573144E-13
1000.83345113023  3.851226E-13
1002.28110805077  4.642663E-13
1003.7287649713  3.301200E-13
1005.17642189184  4.590618E-13
1006.62407881238  5.516980E-13
1008.07173573291  3.501188E-13
1009.51939265345  3.218270E-13
1010.96704957399  3.082854E-13
1012.41470649452  2.482842E-13
1013.86236341506  3.173816E-13
1015.3100203356  2.985664E-13
1016.75767725613  2.855465E-13
1018.20533417667  5.129401E-13
1019.65299109721  4.409527E-13
1021.10064801775  4.902471E-13
1022.54830493828  3.934018E-13
1023.99596185882  3.927449E-13
1025.44361877936  5.143905E-13
1026.89127569989  3.576976E-13
1028.33893262043  4.012661E-13
1029.78658954097  4.307865E-13
1031.2342464615  4.890954E-13
1032.68190338204  4.960130E-13
1034.12956030258  4.224302E-13
1035.57721722311  3.742401E-13
1037.02487414365  3.381050E-13
1038.47253106419  4.272459E-13
1039.92018798472  3.296886E-13
1041.36784490526  2.991794E-13
1042.8155018258  3.406826E-13
1044.26315874633  3.853148E-13
1045.71081566687  4.762386E-13
1047.15847258741  3.048643E-13
1048.60612950794  3.896590E-13
1050.05378642848  3.713467E-13
1051.50144334902  4.838576E-13
1052.94910026955  4.621330E-13
1054.39675719009  3.617519E-13
1055.84441411063  3.057171E-13
1057.29207103116  2.635813E-13
1058.7397279517  2.697407E-13
1060.18738487224  2.610131E-13
1061.63504179277  2.823450E-13
1063.08269871331  3.299406E-13
1064.53035563385  3.122789E-13
1065.97801255439  2.801611E-13
1067.42566947492  2.901902E-13
1068.87332639546  2.728175E-13
1070.320983316  3.359625E-13
1071.76864023653  2.726927E-13
1073.21629715707  2.896976E-13
1074.66395407761  2.781121E-13
1076.11161099814  2.853631E-13
1077.55926791868  3.413071E-13
1079.00692483922  2.937922E-13
1080.45458175975  2.824036E-13
1081.90223868029  2.901673E-13
1083.34989560083  2.895860E-13
1084.79755252136  2.652247E-13
1086.2452094419  2.314082E-13
1087.69286636244  2.447277E-13
1089.14052328297  2.758313E-13
1090.58818020351  3.051961E-13
1092.03583712405  2.570237E-13
1093.48349404458  2.730734E-13
1094.93115096512  2.676126E-13
1096.37880788566  2.497544E-13
1097.82646480619  2.154624E-13
1099.27412172673  2.549620E-13
1100.72177864727  2.264671E-13
1102.1694355678  2.656427E-13
1103.61709248834  2.897294E-13
1105.06474940888  2.832873E-13
1106.51240632942  2.677404E-13
1107.96006324995  2.572176E-13
1109.40772017049  2.516069E-13
1110.85537709103  2.886830E-13
1112.30303401156  2.798751E-13
1113.7506909321  2.909576E-13
1115.19834785264  2.471845E-13
1116.64600477317  2.508685E-13
1118.09366169371  2.617714E-13
1119.54131861425  2.430186E-13
1120.98897553478  2.441404E-13
1122.43663245532  2.230882E-13
1123.88428937586  2.183024E-13
1125.33194629639  2.123471E-13
1126.77960321693  2.369914E-13
1128.22726013747  2.493792E-13
1129.674917058  2.385474E-13
1131.12257397854  3.000344E-13
1132.57023089908  2.782351E-13
1134.01788781961  2.983868E-13
1135.46554474015  2.501861E-13
1136.91320166069  2.436574E-13
1138.36085858122  2.370423E-13
1139.80851550176  2.172419E-13
1141.2561724223  2.370430E-13
1142.70382934284  2.331376E-13
1144.15148626337  2.204362E-13
1145.59914318391  2.247590E-13
1147.04680010445  2.566776E-13
1148.49445702498  2.505342E-13
1149.94211394552  2.340915E-13
1151.38977086606  2.514461E-13
1152.83742778659  2.668196E-13
1154.28508470713  2.452235E-13
1155.73274162767  2.286044E-13
1157.1803985482  2.541948E-13
1158.62805546874  2.703862E-13
1160.07571238928  2.509588E-13
1161.52336930981  2.390371E-13
1162.97102623035  2.610017E-13
1164.41868315089  2.322481E-13
1165.86634007142  2.642116E-13
1167.31399699196  2.986444E-13
1168.7616539125  2.922438E-13
1170.20931083303  2.771592E-13
1171.65696775357  3.083837E-13
1173.10462467411  3.176920E-13
1174.55228159464  2.872387E-13
1175.99993851518  3.228692E-13
1177.44759543572  3.391088E-13
1178.89525235625  3.311220E-13
1180.34290927679  3.125968E-13
1181.79056619733  3.354288E-13
1183.23822311787  3.165737E-13
1184.6858800384  3.521901E-13
1186.13353695894  3.479840E-13
1187.58119387948  3.969352E-13
1189.02885080001  4.172961E-13
1190.47650772055  4.189218E-13
1191.92416464109  4.074418E-13
1193.37182156162  4.001669E-13
1194.81947848216  4.013811E-13
1196.2671354027  4.255944E-13
1197.71479232323  4.549778E-13
1199.16244924377  4.561504E-13
1200.61010616431  4.645232E-13
1202.05776308484  4.221793E-13
1203.50542000538  4.994580E-13
1204.95307692592  6.546829E-13
1206.40073384645  7.280069E-13
1207.84839076699  8.663349E-13
1209.29604768753  8.557068E-13
1210.74370460806  9.673847E-13
1212.1913615286  8.653952E-13
1213.63901844914  1.135072E-12
1215.08667536967  9.866088E-13
1216.53433229021  9.442982E-13
1217.98198921075  8.991029E-13
1219.42964613129  7.855049E-13
1220.87730305182  7.032950E-13
1222.32495997236  5.477896E-13
1223.7726168929  5.413468E-13
1225.22027381343  4.878712E-13
1226.66793073397  4.826766E-13
1228.11558765451  4.541289E-13
1229.56324457504  4.864267E-13
1231.01090149558  4.775004E-13
1232.45855841612  4.260660E-13
1233.90621533665  4.630807E-13
1235.35387225719  4.910910E-13
1236.80152917773  4.411825E-13
1238.24918609826  4.625950E-13
1239.6968430188  4.093217E-13
1241.14449993934  3.504634E-13
1242.59215685987  3.926942E-13
1244.03981378041  3.617470E-13
1245.48747070095  3.202329E-13
1246.93512762148  3.422153E-13
1248.38278454202  3.553026E-13
1249.83044146256  3.622370E-13
1251.27809838309  3.417478E-13
1252.72575530363  3.272859E-13
1254.17341222417  3.336634E-13
1255.62106914471  3.367271E-13
1257.06872606524  2.876571E-13
1258.51638298578  3.004243E-13
1259.96403990632  2.790251E-13
1261.41169682685  2.802302E-13
1262.85935374739  2.945534E-13
1264.30701066793  2.749873E-13
1265.75466758846  2.448924E-13
1267.202324509  2.382744E-13
1268.64998142954  2.172440E-13
1270.09763835007  2.100328E-13
1271.54529527061  2.433644E-13
1272.99295219115  2.386804E-13
1274.44060911168  2.426656E-13
1275.88826603222  2.503319E-13
1277.33592295276  2.667220E-13
1278.78357987329  2.533941E-13
1280.23123679383  2.473902E-13
1281.67889371437  2.265602E-13
1283.1265506349  2.263171E-13
1284.57420755544  2.318403E-13
1286.02186447598  2.148621E-13
1287.46952139651  2.042651E-13
1288.91717831705  2.366771E-13
1290.36483523759  2.176857E-13
1291.81249215812  2.020469E-13
1293.26014907866  2.242039E-13
1294.7078059992  2.569115E-13
1296.15546291974  2.072430E-13
1297.60311984027  2.165106E-13
1299.05077676081  1.987269E-13
1300.49843368135  2.349963E-13
1301.94609060188  2.272479E-13
1303.39374752242  2.449518E-13
1304.84140444296  2.082542E-13
1306.28906136349  2.125900E-13
1307.73671828403  2.106732E-13
1309.18437520457  2.352924E-13
1310.6320321251  2.086446E-13
1312.07968904564  2.068462E-13
1313.52734596618  2.402276E-13
1314.97500288671  2.403623E-13
1316.42265980725  2.435990E-13
1317.87031672779  1.886034E-13
1319.31797364832  1.926829E-13
1320.76563056886  2.197895E-13
1322.2132874894  2.308881E-13
1323.66094440993  2.197837E-13
1325.10860133047  2.183036E-13
1326.55625825101  2.415301E-13
1328.00391517154  2.348595E-13
1329.45157209208  2.214382E-13
1330.89922901262  2.148254E-13
1332.34688593315  2.050703E-13
1333.79454285369  2.081805E-13
1335.24219977423  2.071977E-13
1336.68985669477  2.061073E-13
1338.1375136153  2.382343E-13
1339.58517053584  2.136212E-13
1341.03282745638  2.150602E-13
1342.48048437691  2.059463E-13
1343.92814129745  2.070375E-13
1345.37579821799  2.026366E-13
1346.82345513852  2.097393E-13
1348.27111205906  2.021877E-13
1349.7187689796  2.148133E-13
1351.16642590013  2.001714E-13
1352.61408282067  2.187940E-13
1354.06173974121  1.921236E-13
1355.50939666174  1.915521E-13
1356.95705358228  2.355631E-13
1358.40471050282  2.107496E-13
1359.85236742335  2.061050E-13
1361.30002434389  2.335551E-13
1362.74768126443  2.278992E-13
1364.19533818496  2.645354E-13
1365.6429951055  2.129726E-13
1367.09065202604  1.753631E-13
1368.53830894657  2.320705E-13
1369.98596586711  2.542852E-13
1371.43362278765  2.325720E-13
1372.88127970819  2.228358E-13
1374.32893662872  2.096077E-13
1375.77659354926  2.023551E-13
1377.2242504698  2.163204E-13
1378.67190739033  2.544887E-13
1380.11956431087  2.276799E-13
1381.56722123141  2.508164E-13
1383.01487815194  2.578811E-13
1384.46253507248  2.354659E-13
1385.91019199302  2.332059E-13
1387.35784891355  2.525471E-13
1388.80550583409  2.462716E-13
1390.25316275463  2.578309E-13
1391.70081967516  2.587151E-13
1393.1484765957  2.418614E-13
1394.59613351624  2.841421E-13
1396.04379043677  2.788734E-13
1397.49144735731  2.591343E-13
1398.93910427785  2.657137E-13
1400.38676119838  2.607903E-13
1401.83441811892  2.936690E-13
1403.28207503946  2.864178E-13
1404.72973195999  2.465886E-13
1406.17738888053  2.397446E-13
1407.62504580107  2.108191E-13
1409.0727027216  2.256766E-13
1410.52035964214  2.394435E-13
1411.96801656268  2.244872E-13
1413.41567348322  2.645636E-13
1414.86333040375  2.597940E-13
1416.31098732429  2.445116E-13
1417.75864424483  1.941758E-13
1419.20630116536  1.711117E-13
1420.6539580859  1.889438E-13
1422.10161500644  1.873679E-13
1423.54927192697  1.998891E-13
1424.99692884751  2.082769E-13
1426.44458576805  2.099571E-13
1427.89224268858  2.165128E-13
1429.33989960912  1.965477E-13
1430.78755652966  1.574334E-13
1432.23521345019  1.824837E-13
1433.68287037073  2.040239E-13
1435.13052729127  1.972864E-13
1436.5781842118  1.874866E-13
1438.02584113234  1.990441E-13
1439.47349805288  1.983869E-13
1440.92115497341  1.990150E-13
1442.36881189395  1.940193E-13
1443.81646881449  1.785996E-13
1445.26412573502  1.911116E-13
1446.71178265556  1.793314E-13
1448.1594395761  1.677553E-13
1449.60709649664  1.760221E-13
1451.05475341717  1.805941E-13
1452.50241033771  1.954094E-13
1453.95006725825  1.613725E-13
1455.39772417878  1.701649E-13
1456.84538109932  1.892279E-13
1458.29303801986  1.951119E-13
1459.74069494039  2.085549E-13
1461.18835186093  1.929567E-13
1462.63600878147  1.741678E-13
1464.083665702  1.863155E-13
1465.53132262254  1.890478E-13
1466.97897954308  1.972966E-13
1468.42663646361  1.917399E-13
1469.87429338415  1.689921E-13
1471.32195030469  1.746527E-13
1472.76960722522  1.890021E-13
1474.21726414576  1.888087E-13
1475.6649210663  1.794319E-13
1477.11257798683  1.952351E-13
1478.56023490737  1.739542E-13
1480.00789182791  1.903527E-13
1481.45554874844  1.768789E-13
1482.90320566898  1.753071E-13
1484.35086258952  1.989393E-13
1485.79851951005  2.014150E-13
1487.24617643059  1.846901E-13
1488.69383335113  1.958689E-13
1490.14149027167  1.988585E-13
1491.5891471922  1.940449E-13
1493.03680411274  1.808022E-13
1494.48446103328  1.921985E-13
1495.93211795381  1.737316E-13
1497.37977487435  1.860374E-13
1498.82743179489  2.043118E-13
1500.27508871542  2.157254E-13
1501.72274563596  2.225853E-13
1503.1704025565  2.112761E-13
1504.61805947703  2.169480E-13
1506.06571639757  2.167738E-13
1507.51337331811  1.966551E-13
1508.96103023864  2.181418E-13
1510.40868715918  2.092308E-13
1511.85634407972  2.181811E-13
1513.30400100025  1.984540E-13
1514.75165792079  2.137262E-13
1516.19931484133  2.199883E-13
1517.64697176186  2.332976E-13
1519.0946286824  2.458981E-13
1520.54228560294  2.289864E-13
1521.98994252347  2.536949E-13
1523.43759944401  2.484399E-13
1524.88525636455  2.465817E-13
1526.33291328509  2.509804E-13
1527.78057020562  2.600240E-13
1529.22822712616  2.541914E-13
1530.6758840467  2.733302E-13
1532.12354096723  2.662036E-13
1533.57119788777  3.053540E-13
1535.01885480831  3.243647E-13
1536.46651172884  3.438447E-13
1537.91416864938  3.716432E-13
1539.36182556992  3.964069E-13
1540.80948249045  4.156724E-13
1542.25713941099  4.331322E-13
1543.70479633153  4.115248E-13
1545.15245325206  4.146966E-13
1546.6001101726  4.170344E-13
1548.04776709314  4.020611E-13
1549.49542401367  3.600335E-13
1550.94308093421  3.774634E-13
1552.39073785475  3.539149E-13
1553.83839477528  3.439389E-13
1555.28605169582  3.124876E-13
1556.73370861636  2.888335E-13
1558.18136553689  2.931665E-13
1559.62902245743  2.712797E-13
1561.07667937797  2.521206E-13
1562.5243362985  2.452834E-13
1563.97199321904  2.628699E-13
1565.41965013958  2.531171E-13
1566.86730706012  2.538989E-13
1568.31496398065  2.413107E-13
1569.76262090119  2.357461E-13
1571.21027782173  2.351591E-13
1572.65793474226  2.494592E-13
1574.1055916628  2.402281E-13
1575.55324858334  2.173118E-13
1577.00090550387  2.264072E-13
1578.44856242441  2.187606E-13
1579.89621934495  2.116506E-13
1581.34387626548  2.066214E-13
1582.79153318602  2.126996E-13
1584.23919010656  2.100415E-13
1585.68684702709  1.905934E-13
1587.13450394763  1.860962E-13
1588.58216086817  1.798485E-13
1590.0298177887  1.813893E-13
1591.47747470924  1.833439E-13
1592.92513162978  1.893949E-13
1594.37278855031  1.918551E-13
1595.82044547085  1.919679E-13
1597.26810239139  1.927461E-13
1598.71575931192  1.774758E-13
1600.16341623246  1.745084E-13
1601.611073153  1.690800E-13
1603.05873007354  1.739853E-13
1604.50638699407  1.847315E-13
1605.95404391461  1.918346E-13
1607.40170083515  2.109395E-13
1608.84935775568  1.966529E-13
1610.29701467622  2.041414E-13
1611.74467159676  1.883895E-13
1613.19232851729  1.797487E-13
1614.63998543783  1.882550E-13
1616.08764235837  1.862931E-13
1617.5352992789  1.998025E-13
1618.98295619944  1.872576E-13
1620.43061311998  1.832697E-13
1621.87827004051  1.867895E-13
1623.32592696105  1.839226E-13
1624.77358388159  1.908354E-13
1626.22124080212  1.945208E-13
1627.66889772266  1.943429E-13
1629.1165546432  2.062631E-13
1630.56421156373  2.107907E-13
1632.01186848427  2.058603E-13
1633.45952540481  2.064417E-13
1634.90718232534  2.085183E-13
1636.35483924588  1.942648E-13
1637.80249616642  1.807011E-13
1639.25015308695  1.760055E-13
1640.69781000749  1.755812E-13
1642.14546692803  1.724525E-13
1643.59312384857  1.762615E-13
1645.0407807691  1.827610E-13
1646.48843768964  1.927644E-13
1647.93609461018  1.926396E-13
1649.38375153071  1.900648E-13
1650.83140845125  2.005816E-13
1652.27906537179  1.928944E-13
1653.72672229232  1.958288E-13
1655.17437921286  1.966264E-13
1656.6220361334  1.901798E-13
1658.06969305393  1.894041E-13
1659.51734997447  1.966665E-13
1660.96500689501  2.037959E-13
1662.41266381554  1.986032E-13
1663.86032073608  1.868524E-13
1665.30797765662  1.829080E-13
1666.75563457715  1.838063E-13
1668.20329149769  1.697901E-13
1669.65094841823  1.705927E-13
1671.09860533876  1.678522E-13
1672.5462622593  1.708450E-13
1673.99391917984  1.760161E-13
1675.44157610038  1.776183E-13
1676.88923302091  1.762939E-13
1678.33688994145  1.717084E-13
1679.78454686199  1.606268E-13
1681.23220378252  1.580615E-13
1682.67986070306  1.639399E-13
1684.1275176236  1.724791E-13
1685.57517454413  1.643458E-13
1687.02283146467  1.692845E-13
1688.47048838521  1.767884E-13
1689.91814530574  1.727165E-13
1691.36580222628  1.741414E-13
1692.81345914682  1.655438E-13
1694.26111606735  1.716881E-13
1695.70877298789  1.641769E-13
1697.15642990843  1.764011E-13
1698.60408682896  1.831502E-13
1700.0517437495  1.823030E-13
1701.49940067004  1.802637E-13
1702.94705759057  1.778343E-13
1704.39471451111  1.758552E-13
1705.84237143165  1.619777E-13
1707.29002835218  1.635421E-13
1708.73768527272  1.691722E-13
1710.18534219326  0.
1711.63299911379  0.
1713.08065603433  0.
1714.52831295487  0.
1715.97596987541  0.
1717.42362679594  0.
1718.87128371648  0.
1720.31894063702  0.
1721.76659755755  0.
1723.21425447809  0.
1724.66191139863  0.
1726.10956831916  0.
1727.5572252397  0.
1729.00488216024  0.
1730.45253908077  0.
1731.90019600131  0.
1733.34785292185  0.
1734.79550984238  0.
1736.24316676292  0.
1737.69082368346  0.
1739.13848060399  0.
1740.58613752453  0.
1742.03379444507  0.
1743.4814513656  0.
1744.92910828614  0.
1746.37676520668  0.
1747.82442212721  0.
1749.27207904775  0.
1750.71973596829  0.
1752.16739288882  0.
1753.61504980936  0.
1755.0627067299  0.
1756.51036365043  0.
1757.95802057097  0.
1759.40567749151  0.
1760.85333441205  0.
1762.30099133258  0.
1763.74864825312  0.
1765.19630517366  0.
1766.64396209419  0.
1768.09161901473  0.
1769.53927593527  0.
1770.9869328558  0.
1772.43458977634  0.
1773.88224669688  0.
1775.32990361741  0.
1776.77756053795  0.
1778.22521745849  0.
1779.67287437902  0.
1781.12053129956  0.
1782.5681882201  0.
1784.01584514063  0.
1785.46350206117  0.
1786.91115898171  0.
1788.35881590224  0.
1789.80647282278  0.
1791.25412974332  0.
1792.70178666385  0.
1794.14944358439  0.
1795.59710050493  0.
1797.04475742547  0.
1798.492414346  0.
1799.94007126654  0.
1801.38772818708  0.
1802.83538510761  0.
1804.28304202815  0.
1805.73069894869  0.
1807.17835586922  0.
1808.62601278976  0.
1810.0736697103  0.
1811.52132663083  0.
1812.96898355137  0.
1814.41664047191  0.
1815.86429739244  0.
1817.31195431298  0.
1818.75961123352  0.
1820.20726815405  0.
1821.65492507459  0.
1823.10258199513  0.
1824.55023891566  0.
1825.9978958362  0.
1827.44555275674  0.
1828.89320967727  0.
1830.34086659781  0.
1831.78852351835  0.
