906.735751295338  0.
908.183365802898  0.
909.630980310458  0.
911.078594818018  0.
912.526209325578  0.
913.973823833137  0.
915.421438340697  0.
916.869052848257  0.
918.316667355817  0.
919.764281863377  0.
921.211896370937  0.
922.659510878497  0.
924.107125386056  0.
925.554739893616  0.
927.002354401176  0.
928.449968908736  0.
929.897583416296  0.
931.345197923856  0.
932.792812431415  0.
934.240426938975  0.
935.688041446535  0.
937.135655954095  0.
938.583270461655  0.
940.030884969215  0.
941.478499476774  0.
942.926113984334  0.
944.373728491894  0.
945.821342999454  0.
947.268957507014  0.
948.716572014574  0.
950.164186522133  0.
951.611801029693  0.
953.059415537253  0.
954.507030044813  0.
955.954644552373  0.
957.402259059933  0.
958.849873567493  0.
960.297488075052  0.
961.745102582612  0.
963.192717090172  0.
964.640331597732  0.
966.087946105292  0.
967.535560612852  0.
968.983175120411  0.
970.430789627971  0.
971.878404135531  0.
973.326018643091  0.
974.773633150651  0.
976.221247658211  0.
977.668862165771  0.
979.11647667333  0.
980.56409118089  0.
982.01170568845  0.
983.45932019601  0.
984.90693470357  0.
986.35454921113  0.
987.802163718689  0.
989.249778226249  0.
990.697392733809  0.
992.145007241369  0.
993.592621748929  3.128296E-14
995.040236256489  2.987253E-13
996.487850764048  1.467101E-13
997.935465271608  3.617977E-13
999.383079779168  2.556797E-13
1000.83069428673  2.639316E-13
1002.27830879429  1.771566E-13
1003.72592330185  2.418485E-13
1005.17353780941  2.918983E-13
1006.62115231697  2.618989E-13
1008.06876682453  3.088642E-13
1009.51638133209  3.576075E-13
1010.96399583965  2.924892E-13
1012.41161034721  1.624387E-13
1013.85922485477  2.495715E-13
1015.30683936233  2.514794E-13
1016.75445386989  2.934336E-13
1018.20206837745  2.109396E-13
1019.64968288501  2.962867E-13
1021.09729739257  2.353625E-13
1022.54491190013  3.127426E-13
1023.99252640769  3.022121E-13
1025.44014091525  3.360034E-13
1026.8877554228  3.597673E-13
1028.33536993037  3.870274E-13
1029.78298443792  3.491402E-13
1031.23059894548  3.785182E-13
1032.67821345304  3.035700E-13
1034.1258279606  3.810404E-13
1035.57344246816  4.101556E-13
1037.02105697572  3.644144E-13
1038.46867148328  2.876090E-13
1039.91628599084  3.325120E-13
1041.3639004984  3.467594E-13
1042.81151500596  3.074168E-13
1044.25912951352  3.134791E-13
1045.70674402108  3.433762E-13
1047.15435852864  5.373363E-13
1048.6019730362  4.765497E-13
1050.04958754376  4.299724E-13
1051.49720205132  2.914315E-13
1052.94481655888  3.120988E-13
1054.39243106644  3.243228E-13
1055.840045574  2.698178E-13
1057.28766008156  2.046444E-13
1058.73527458912  2.183491E-13
1060.18288909668  2.579639E-13
1061.63050360424  2.717446E-13
1063.0781181118  2.526092E-13
1064.52573261936  2.601183E-13
1065.97334712692  2.800934E-13
1067.42096163448  2.339957E-13
1068.86857614204  2.763513E-13
1070.3161906496  2.446502E-13
1071.76380515716  2.117041E-13
1073.21141966472  2.436571E-13
1074.65903417228  2.531561E-13
1076.10664867984  3.123146E-13
1077.5542631874  2.829215E-13
1079.00187769496  2.708001E-13
1080.44949220252  2.551880E-13
1081.89710671008  2.604700E-13
1083.34472121764  2.471029E-13
1084.7923357252  2.101157E-13
1086.23995023276  2.302634E-13
1087.68756474032  2.052221E-13
1089.13517924788  2.111647E-13
1090.58279375544  1.729176E-13
1092.030408263  2.207141E-13
1093.47802277056  2.352318E-13
1094.92563727812  2.148215E-13
1096.37325178568  2.369215E-13
1097.82086629324  2.400622E-13
1099.2684808008  2.361930E-13
1100.71609530836  2.144356E-13
1102.16370981592  2.483158E-13
1103.61132432348  2.144025E-13
1105.05893883104  2.106627E-13
1106.5065533386  2.443999E-13
1107.95416784616  2.564810E-13
1109.40178235372  2.899628E-13
1110.84939686128  2.325426E-13
1112.29701136884  2.687753E-13
1113.7446258764  2.559408E-13
1115.19224038396  2.389651E-13
1116.63985489152  2.429166E-13
1118.08746939908  2.727179E-13
1119.53508390664  2.148660E-13
1120.98269841419  2.137511E-13
1122.43031292175  2.265460E-13
1123.87792742931  2.454791E-13
1125.32554193687  2.176049E-13
1126.77315644443  2.069235E-13
1128.22077095199  2.133295E-13
1129.66838545955  2.154935E-13
1131.11599996711  2.707065E-13
1132.56361447467  2.461585E-13
1134.01122898223  2.777465E-13
1135.45884348979  2.463125E-13
1136.90645799735  2.420137E-13
1138.35407250491  2.272104E-13
1139.80168701247  2.091436E-13
1141.24930152003  2.245562E-13
1142.69691602759  1.923745E-13
1144.14453053515  2.404808E-13
1145.59214504271  2.568706E-13
1147.03975955027  2.320395E-13
1148.48737405783  2.112482E-13
1149.93498856539  2.125853E-13
1151.38260307295  2.181863E-13
1152.83021758051  2.004841E-13
1154.27783208807  2.116477E-13
1155.72544659563  1.933252E-13
1157.17306110319  2.407166E-13
1158.62067561075  2.420963E-13
1160.06829011831  2.148352E-13
1161.51590462587  2.468934E-13
1162.96351913343  2.304893E-13
1164.41113364099  2.308240E-13
1165.85874814855  2.117753E-13
1167.30636265611  2.227943E-13
1168.75397716367  2.443515E-13
1170.20159167123  2.723828E-13
1171.64920617879  2.681585E-13
1173.09682068635  2.522456E-13
1174.54443519391  2.481194E-13
1175.99204970147  2.665990E-13
1177.43966420903  2.492972E-13
1178.88727871659  2.236517E-13
1180.33489322415  2.470369E-13
1181.78250773171  2.917678E-13
1183.23012223927  2.557995E-13
1184.67773674683  2.719721E-13
1186.12535125439  2.805814E-13
1187.57296576195  2.380465E-13
1189.02058026951  2.692776E-13
1190.46819477707  3.002198E-13
1191.91580928463  2.994548E-13
1193.36342379219  2.707390E-13
1194.81103829975  3.579448E-13
1196.25865280731  3.051972E-13
1197.70626731487  3.322757E-13
1199.15388182243  3.260927E-13
1200.60149632999  3.505132E-13
1202.04911083755  3.793815E-13
1203.49672534511  3.680547E-13
1204.94433985267  4.122882E-13
1206.39195436023  5.074300E-13
1207.83956886779  4.859336E-13
1209.28718337535  6.020389E-13
1210.7347978829  6.114113E-13
1212.18241239046  6.949222E-13
1213.63002689802  7.742919E-13
1215.07764140558  1.014711E-12
1216.52525591314  8.850202E-13
1217.9728704207  1.110150E-12
1219.42048492826  8.451731E-13
1220.86809943582  7.559013E-13
1222.31571394338  6.911910E-13
1223.76332845094  4.975107E-13
1225.2109429585  5.164066E-13
1226.65855746606  4.507989E-13
1228.10617197362  4.142419E-13
1229.55378648118  4.110933E-13
1231.00140098874  3.907086E-13
1232.4490154963  3.866160E-13
1233.89663000386  3.944626E-13
1235.34424451142  3.883763E-13
1236.79185901898  4.036274E-13
1238.23947352654  3.506960E-13
1239.6870880341  3.365346E-13
1241.13470254166  3.468092E-13
1242.58231704922  3.998556E-13
1244.02993155678  3.086114E-13
1245.47754606434  3.399461E-13
1246.9251605719  3.138109E-13
1248.37277507946  3.395943E-13
1249.82038958702  2.841388E-13
1251.26800409458  2.668529E-13
1252.71561860214  2.525322E-13
1254.1632331097  3.225544E-13
1255.61084761726  2.659922E-13
1257.05846212482  2.639369E-13
1258.50607663238  3.153047E-13
1259.95369113994  2.704110E-13
1261.4013056475  2.374307E-13
1262.84892015506  2.206442E-13
1264.29653466262  2.543739E-13
1265.74414917018  2.583187E-13
1267.19176367774  2.385089E-13
1268.6393781853  2.294079E-13
1270.08699269286  2.320570E-13
1271.53460720042  2.579991E-13
1272.98222170798  2.455520E-13
1274.42983621554  2.345774E-13
1275.8774507231  2.162218E-13
1277.32506523066  1.978643E-13
1278.77267973822  2.184961E-13
1280.22029424578  2.204021E-13
1281.66790875334  2.211013E-13
1283.1155232609  2.186309E-13
1284.56313776846  2.037819E-13
1286.01075227602  1.689374E-13
1287.45836678358  1.951724E-13
1288.90598129114  1.992616E-13
1290.3535957987  2.347369E-13
1291.80121030626  2.228611E-13
1293.24882481382  2.222374E-13
1294.69643932138  2.409931E-13
1296.14405382894  2.324822E-13
1297.5916683365  2.378955E-13
1299.03928284406  2.299472E-13
1300.48689735162  2.311008E-13
1301.93451185917  2.350225E-13
1303.38212636674  1.981862E-13
1304.82974087429  2.037711E-13
1306.27735538185  2.186496E-13
1307.72496988941  2.126086E-13
1309.17258439697  1.871356E-13
1310.62019890453  2.087408E-13
1312.06781341209  2.217767E-13
1313.51542791965  2.461290E-13
1314.96304242721  2.220502E-13
1316.41065693477  2.005636E-13
1317.85827144233  2.161136E-13
1319.30588594989  2.098543E-13
1320.75350045745  2.000380E-13
1322.20111496501  1.829995E-13
1323.64872947257  1.955136E-13
1325.09634398013  2.358344E-13
1326.54395848769  1.950704E-13
1327.99157299525  2.297114E-13
1329.43918750281  2.232900E-13
1330.88680201037  2.248223E-13
1332.33441651793  2.051044E-13
1333.78203102549  1.944321E-13
1335.22964553305  2.312098E-13
1336.67726004061  2.349565E-13
1338.12487454817  1.908737E-13
1339.57248905573  1.984279E-13
1341.02010356329  1.733114E-13
1342.46771807085  2.250652E-13
1343.91533257841  2.361918E-13
1345.36294708597  1.930650E-13
1346.81056159353  1.836510E-13
1348.25817610109  1.952710E-13
1349.70579060865  2.005586E-13
1351.15340511621  1.685389E-13
1352.60101962377  1.981551E-13
1354.04863413133  1.700418E-13
1355.49624863889  2.116835E-13
1356.94386314645  2.046587E-13
1358.39147765401  1.905857E-13
1359.83909216157  2.172326E-13
1361.28670666913  2.238270E-13
1362.73432117669  2.171507E-13
1364.18193568425  1.964789E-13
1365.62955019181  2.348981E-13
1367.07716469937  2.164295E-13
1368.52477920693  2.129083E-13
1369.97239371449  2.028973E-13
1371.42000822205  2.123232E-13
1372.86762272961  1.915569E-13
1374.31523723717  1.830497E-13
1375.76285174473  2.047013E-13
1377.21046625229  2.120978E-13
1378.65808075985  2.152573E-13
1380.10569526741  2.160219E-13
1381.55330977497  2.121476E-13
1383.00092428253  2.033562E-13
1384.44853879009  2.032590E-13
1385.89615329765  2.164424E-13
1387.34376780521  2.319912E-13
1388.79138231277  2.106598E-13
1390.23899682033  2.039864E-13
1391.68661132789  2.316854E-13
1393.13422583545  2.160325E-13
1394.581840343  2.354083E-13
1396.02945485057  2.294359E-13
1397.47706935812  2.285222E-13
1398.92468386568  2.436531E-13
1400.37229837324  2.440643E-13
1401.8199128808  2.546357E-13
1403.26752738836  2.678616E-13
1404.71514189592  2.438667E-13
1406.16275640348  2.448690E-13
1407.61037091104  2.237365E-13
1409.0579854186  2.168691E-13
1410.50559992616  2.239604E-13
1411.95321443372  2.313772E-13
1413.40082894128  2.363374E-13
1414.84844344884  2.167816E-13
1416.2960579564  2.164118E-13
1417.74367246396  2.299023E-13
1419.19128697152  2.018730E-13
1420.63890147908  2.142867E-13
1422.08651598664  2.328564E-13
1423.5341304942  2.151449E-13
1424.98174500176  2.066092E-13
1426.42935950932  1.969462E-13
1427.87697401688  1.606689E-13
1429.32458852444  1.772563E-13
1430.772203032  1.905880E-13
1432.21981753956  2.097514E-13
1433.66743204712  2.013389E-13
1435.11504655468  1.905413E-13
1436.56266106224  2.034807E-13
1438.0102755698  2.230236E-13
1439.45789007736  2.011398E-13
1440.90550458492  2.108592E-13
1442.35311909248  2.145006E-13
1443.80073360004  1.833772E-13
1445.2483481076  1.808203E-13
1446.69596261516  1.728894E-13
1448.14357712272  1.879801E-13
1449.59119163028  1.784861E-13
1451.03880613784  1.746160E-13
1452.4864206454  1.875664E-13
1453.93403515296  1.906521E-13
1455.38164966052  1.667079E-13
1456.82926416808  1.677938E-13
1458.27687867564  1.769295E-13
1459.7244931832  1.733702E-13
1461.17210769076  1.750132E-13
1462.61972219832  1.799918E-13
1464.06733670588  1.837597E-13
1465.51495121344  1.679115E-13
1466.962565721  1.773476E-13
1468.41018022856  1.843659E-13
1469.85779473612  1.717864E-13
1471.30540924368  1.655072E-13
1472.75302375124  1.774756E-13
1474.2006382588  1.795019E-13
1475.64825276636  1.764658E-13
1477.09586727392  1.884471E-13
1478.54348178148  1.825969E-13
1479.99109628904  1.603350E-13
1481.4387107966  1.773179E-13
1482.88632530416  1.861344E-13
1484.33393981172  1.674274E-13
1485.78155431928  1.604512E-13
1487.22916882683  1.500436E-13
1488.67678333439  1.683785E-13
1490.12439784195  1.780250E-13
1491.57201234951  1.825571E-13
1493.01962685707  1.704931E-13
1494.46724136463  1.708349E-13
1495.91485587219  1.918467E-13
1497.36247037975  1.772197E-13
1498.81008488731  1.595643E-13
1500.25769939487  1.664508E-13
1501.70531390243  1.696377E-13
1503.15292840999  1.847082E-13
1504.60054291755  1.943547E-13
1506.04815742511  1.951141E-13
1507.49577193267  1.770118E-13
1508.94338644023  1.783506E-13
1510.39100094779  1.872562E-13
1511.83861545535  1.770622E-13
1513.28622996291  1.768079E-13
1514.73384447047  1.994933E-13
1516.18145897803  2.005065E-13
1517.62907348559  1.894551E-13
1519.07668799315  1.844363E-13
1520.52430250071  1.805875E-13
1521.97191700827  1.777186E-13
1523.41953151583  2.037348E-13
1524.86714602339  2.165971E-13
1526.31476053095  2.250541E-13
1527.76237503851  2.263307E-13
1529.20998954607  2.113099E-13
1530.65760405363  2.028441E-13
1532.10521856119  2.203164E-13
1533.55283306875  2.336194E-13
1535.00044757631  2.399414E-13
1536.44806208387  2.626012E-13
1537.89567659143  2.610247E-13
1539.34329109899  2.828785E-13
1540.79090560655  3.230911E-13
1542.23852011411  3.322606E-13
1543.68613462167  3.549755E-13
1545.13374912923  3.595117E-13
1546.58136363679  3.502310E-13
1548.02897814435  3.513364E-13
1549.47659265191  3.632758E-13
1550.92420715947  3.891813E-13
1552.37182166703  3.718424E-13
1553.81943617459  3.656593E-13
1555.26705068215  3.284352E-13
1556.71466518971  3.064635E-13
1558.16227969727  2.727036E-13
1559.60989420483  2.498226E-13
1561.05750871239  2.284591E-13
1562.50512321995  2.274447E-13
1563.95273772751  2.248962E-13
1565.40035223507  2.316551E-13
1566.84796674263  2.261074E-13
1568.29558125019  2.426584E-13
1569.74319575775  2.259499E-13
1571.19081026531  2.067283E-13
1572.63842477287  2.051840E-13
1574.08603928043  2.057970E-13
1575.53365378799  1.806525E-13
1576.98126829555  1.852121E-13
1578.4288828031  1.958893E-13
1579.87649731066  1.885358E-13
1581.32411181822  1.993717E-13
1582.77172632578  1.971824E-13
1584.21934083334  1.981798E-13
1585.6669553409  1.848419E-13
1587.11456984846  1.785987E-13
1588.56218435602  1.797320E-13
1590.00979886358  1.776325E-13
1591.45741337114  1.721301E-13
1592.9050278787  1.663982E-13
1594.35264238626  1.721753E-13
1595.80025689382  1.716193E-13
1597.24787140138  1.669138E-13
1598.69548590894  1.785239E-13
1600.1431004165  1.772262E-13
1601.59071492406  1.805705E-13
1603.03832943162  1.795445E-13
1604.48594393918  1.775217E-13
1605.93355844674  1.731606E-13
1607.3811729543  1.745256E-13
1608.82878746186  1.814704E-13
1610.27640196942  1.833197E-13
1611.72401647698  1.753593E-13
1613.17163098454  1.808042E-13
1614.6192454921  1.887483E-13
1616.06685999966  1.921534E-13
1617.51447450722  1.884492E-13
1618.96208901478  1.765248E-13
1620.40970352234  1.703119E-13
1621.8573180299  1.713539E-13
1623.30493253746  1.797844E-13
1624.75254704502  1.883986E-13
1626.20016155258  1.885388E-13
1627.64777606014  1.930657E-13
1629.0953905677  1.903237E-13
1630.54300507526  1.799192E-13
1631.99061958282  1.781928E-13
1633.43823409038  1.770100E-13
1634.88584859794  1.814600E-13
1636.3334631055  1.790773E-13
1637.78107761306  1.865698E-13
1639.22869212062  1.826797E-13
1640.67630662818  1.855514E-13
1642.12392113574  1.827568E-13
1643.5715356433  1.852618E-13
1645.01915015086  1.819756E-13
1646.46676465842  1.811493E-13
1647.91437916598  1.770248E-13
1649.36199367354  1.774849E-13
1650.8096081811  1.708266E-13
1652.25722268866  1.761700E-13
1653.70483719622  1.662054E-13
1655.15245170378  1.664488E-13
1656.60006621134  1.734497E-13
1658.0476807189  1.710478E-13
1659.49529522646  1.810088E-13
1660.94290973402  1.878355E-13
1662.39052424158  2.006167E-13
1663.83813874914  1.933779E-13
1665.2857532567  1.782140E-13
1666.73336776426  1.701975E-13
1668.18098227181  1.688517E-13
1669.62859677938  1.657626E-13
1671.07621128693  1.743459E-13
1672.52382579449  1.735748E-13
1673.97144030205  1.651589E-13
1675.41905480961  1.669005E-13
1676.86666931717  1.686742E-13
1678.31428382473  1.783147E-13
1679.76189833229  1.706266E-13
1681.20951283985  1.633370E-13
1682.65712734741  1.603806E-13
1684.10474185497  1.526015E-13
1685.55235636253  1.524709E-13
1686.99997087009  1.557755E-13
1688.44758537765  1.576803E-13
1689.89519988521  1.625711E-13
1691.34281439277  1.626837E-13
1692.79042890033  1.589968E-13
1694.23804340789  1.597396E-13
1695.68565791545  1.636235E-13
1697.13327242301  1.729366E-13
1698.58088693057  1.672888E-13
1700.02850143813  1.679511E-13
1701.47611594569  1.805640E-13
1702.92373045325  1.803101E-13
1704.37134496081  1.836747E-13
1705.81895946837  1.791628E-13
1707.26657397593  1.662815E-13
1708.71418848349  1.644062E-13
1710.16180299105  0.
1711.60941749861  0.
1713.05703200617  0.
1714.50464651373  0.
1715.95226102129  0.
1717.39987552885  0.
1718.84749003641  0.
1720.29510454397  0.
1721.74271905153  0.
1723.19033355909  0.
1724.63794806665  0.
1726.08556257421  0.
1727.53317708177  0.
1728.98079158933  0.
1730.42840609689  0.
1731.87602060445  0.
1733.32363511201  0.
1734.77124961957  0.
1736.21886412713  0.
1737.66647863469  0.
1739.11409314225  0.
1740.56170764981  0.
1742.00932215737  0.
1743.45693666493  0.
1744.90455117249  0.
1746.35216568005  0.
1747.79978018761  0.
1749.24739469517  0.
1750.69500920273  0.
1752.14262371029  0.
1753.59023821785  0.
1755.03785272541  0.
1756.48546723297  0.
1757.93308174053  0.
1759.38069624809  0.
1760.82831075565  0.
1762.27592526321  0.
1763.72353977076  0.
1765.17115427832  0.
1766.61876878588  0.
1768.06638329344  0.
1769.513997801  0.
1770.96161230856  0.
1772.40922681612  0.
1773.85684132368  0.
1775.30445583124  0.
1776.7520703388  0.
1778.19968484636  0.
1779.64729935392  0.
1781.09491386148  0.
1782.54252836904  0.
1783.9901428766  0.
1785.43775738416  0.
1786.88537189172  0.
1788.33298639928  0.
1789.78060090684  0.
1791.2282154144  0.
1792.67582992196  0.
1794.12344442952  0.
1795.57105893708  0.
1797.01867344464  0.
1798.4662879522  0.
1799.91390245976  0.
1801.36151696732  0.
1802.80913147488  0.
1804.25674598244  0.
1805.70436049  0.
1807.15197499756  0.
1808.59958950512  0.
1810.04720401268  0.
1811.49481852024  0.
1812.9424330278  0.
1814.39004753536  0.
1815.83766204292  0.
1817.28527655048  0.
1818.73289105804  0.
1820.1805055656  0.
1821.62812007316  0.
1823.07573458072  0.
1824.52334908828  0.
1825.97096359584  0.
1827.4185781034  0.
1828.86619261096  0.
1830.31380711852  0.
1831.76142162608  0.
