906.735751295338  0.
908.183408215875  0.
909.631065136412  0.
911.078722056949  0.
912.526378977485  0.
913.974035898022  0.
915.421692818559  0.
916.869349739096  0.
918.317006659633  0.
919.764663580169  0.
921.212320500706  0.
922.659977421243  0.
924.10763434178  0.
925.555291262316  0.
927.002948182853  0.
928.45060510339  0.
929.898262023927  0.
931.345918944464  0.
932.793575865  0.
934.241232785537  0.
935.688889706074  0.
937.136546626611  0.
938.584203547148  0.
940.031860467684  0.
941.479517388221  0.
942.927174308758  0.
944.374831229295  0.
945.822488149832  0.
947.270145070369  0.
948.717801990905  0.
950.165458911442  0.
951.613115831979  0.
953.060772752515  0.
954.508429673052  0.
955.956086593589  0.
957.403743514126  0.
958.851400434663  0.
960.2990573552  0.
961.746714275736  0.
963.194371196273  0.
964.64202811681  0.
966.089685037347  0.
967.537341957883  0.
968.98499887842  0.
970.432655798957  0.
971.880312719494  0.
973.327969640031  0.
974.775626560567  0.
976.223283481104  0.
977.670940401641  0.
979.118597322178  0.
980.566254242715  0.
982.013911163251  0.
983.461568083788  0.
984.909225004325  0.
986.356881924862  0.
987.804538845399  0.
989.252195765935  0.
990.699852686472  0.
992.147509607009  0.
993.595166527546  4.623586E-13
995.042823448082  4.521379E-13
996.490480368619  3.668174E-13
997.938137289156  5.049828E-13
999.385794209693  6.572237E-13
1000.83345113023  6.593255E-13
1002.28110805077  5.330884E-13
1003.7287649713  4.029331E-13
1005.17642189184  4.409346E-13
1006.62407881238  5.269390E-13
1008.07173573291  3.909949E-13
1009.51939265345  4.194102E-13
1010.96704957399  4.248357E-13
1012.41470649452  3.716156E-13
1013.86236341506  3.681289E-13
1015.3100203356  4.378469E-13
1016.75767725613  4.432254E-13
1018.20533417667  4.573176E-13
1019.65299109721  4.078887E-13
1021.10064801775  4.460302E-13
1022.54830493828  4.695848E-13
1023.99596185882  4.350628E-13
1025.44361877936  4.982510E-13
1026.89127569989  4.301024E-13
1028.33893262043  4.491895E-13
1029.78658954097  4.660728E-13
1031.2342464615  4.910477E-13
1032.68190338204  4.992738E-13
1034.12956030258  4.378871E-13
1035.57721722311  4.356227E-13
1037.02487414365  4.130252E-13
1038.47253106419  4.184483E-13
1039.92018798472  3.414381E-13
1041.36784490526  3.384837E-13
1042.8155018258  3.629126E-13
1044.26315874633  3.919562E-13
1045.71081566687  4.858428E-13
1047.15847258741  4.223154E-13
1048.60612950794  3.491300E-13
1050.05378642848  3.824165E-13
1051.50144334902  4.548946E-13
1052.94910026955  4.597872E-13
1054.39675719009  3.950425E-13
1055.84441411063  3.192133E-13
1057.29207103116  2.804786E-13
1058.7397279517  2.791561E-13
1060.18738487224  3.157477E-13
1061.63504179277  3.252385E-13
1063.08269871331  3.070190E-13
1064.53035563385  3.111170E-13
1065.97801255439  3.143273E-13
1067.42566947492  3.049546E-13
1068.87332639546  3.318295E-13
1070.320983316  3.571239E-13
1071.76864023653  3.039085E-13
1073.21629715707  3.067131E-13
1074.66395407761  3.039431E-13
1076.11161099814  3.126937E-13
1077.55926791868  2.971991E-13
1079.00692483922  2.954255E-13
1080.45458175975  2.856386E-13
1081.90223868029  2.744388E-13
1083.34989560083  2.735961E-13
1084.79755252136  2.525767E-13
1086.2452094419  2.419389E-13
1087.69286636244  2.324856E-13
1089.14052328297  2.383697E-13
1090.58818020351  2.576484E-13
1092.03583712405  2.734020E-13
1093.48349404458  2.854957E-13
1094.93115096512  2.768523E-13
1096.37880788566  2.493225E-13
1097.82646480619  2.537827E-13
1099.27412172673  2.335176E-13
1100.72177864727  2.204448E-13
1102.1694355678  2.475154E-13
1103.61709248834  2.757347E-13
1105.06474940888  2.823094E-13
1106.51240632942  2.616119E-13
1107.96006324995  2.606771E-13
1109.40772017049  2.642310E-13
1110.85537709103  2.655188E-13
1112.30303401156  2.711168E-13
1113.7506909321  2.852649E-13
1115.19834785264  2.767031E-13
1116.64600477317  2.669865E-13
1118.09366169371  2.760910E-13
1119.54131861425  2.863282E-13
1120.98897553478  2.424545E-13
1122.43663245532  2.056200E-13
1123.88428937586  2.336812E-13
1125.33194629639  2.452072E-13
1126.77960321693  2.365610E-13
1128.22726013747  2.566920E-13
1129.674917058  2.758366E-13
1131.12257397854  2.721121E-13
1132.57023089908  2.622865E-13
1134.01788781961  2.516104E-13
1135.46554474015  2.619416E-13
1136.91320166069  2.667967E-13
1138.36085858122  2.693312E-13
1139.80851550176  2.533175E-13
1141.2561724223  2.164370E-13
1142.70382934284  2.400460E-13
1144.15148626337  2.468800E-13
1145.59914318391  2.555851E-13
1147.04680010445  2.751435E-13
1148.49445702498  2.338463E-13
1149.94211394552  2.400993E-13
1151.38977086606  2.335785E-13
1152.83742778659  2.283901E-13
1154.28508470713  2.339604E-13
1155.73274162767  2.405465E-13
1157.1803985482  2.624510E-13
1158.62805546874  2.580029E-13
1160.07571238928  2.569800E-13
1161.52336930981  2.725701E-13
1162.97102623035  2.618977E-13
1164.41868315089  2.760163E-13
1165.86634007142  2.841336E-13
1167.31399699196  2.722737E-13
1168.7616539125  2.610882E-13
1170.20931083303  2.804659E-13
1171.65696775357  3.007739E-13
1173.10462467411  2.977948E-13
1174.55228159464  2.806268E-13
1175.99993851518  3.120129E-13
1177.44759543572  3.191710E-13
1178.89525235625  3.121256E-13
1180.34290927679  3.024993E-13
1181.79056619733  3.155165E-13
1183.23822311787  3.419106E-13
1184.6858800384  3.377791E-13
1186.13353695894  3.388187E-13
1187.58119387948  3.762794E-13
1189.02885080001  3.592915E-13
1190.47650772055  3.735268E-13
1191.92416464109  3.986547E-13
1193.37182156162  4.289492E-13
1194.81947848216  4.240526E-13
1196.2671354027  4.971210E-13
1197.71479232323  5.135552E-13
1199.16244924377  4.363586E-13
1200.61010616431  5.322792E-13
1202.05776308484  5.801450E-13
1203.50542000538  5.900617E-13
1204.95307692592  5.886524E-13
1206.40073384645  6.699766E-13
1207.84839076699  7.768401E-13
1209.29604768753  8.470380E-13
1210.74370460806  1.031122E-12
1212.1913615286  1.035673E-12
1213.63901844914  9.090246E-13
1215.08667536967  7.255569E-13
1216.53433229021  1.038369E-12
1217.98198921075  9.436028E-13
1219.42964613129  7.234176E-13
1220.87730305182  7.347435E-13
1222.32495997236  5.833923E-13
1223.7726168929  5.055143E-13
1225.22027381343  5.016083E-13
1226.66793073397  4.781610E-13
1228.11558765451  4.726139E-13
1229.56324457504  4.352256E-13
1231.01090149558  4.274642E-13
1232.45855841612  4.663534E-13
1233.90621533665  4.367601E-13
1235.35387225719  4.679014E-13
1236.80152917773  4.755751E-13
1238.24918609826  4.222644E-13
1239.6968430188  4.730242E-13
1241.14449993934  4.495711E-13
1242.59215685987  4.016304E-13
1244.03981378041  3.765977E-13
1245.48747070095  3.554037E-13
1246.93512762148  3.411268E-13
1248.38278454202  3.306030E-13
1249.83044146256  3.420156E-13
1251.27809838309  3.371535E-13
1252.72575530363  2.970874E-13
1254.17341222417  2.946770E-13
1255.62106914471  3.076651E-13
1257.06872606524  3.126676E-13
1258.51638298578  3.401664E-13
1259.96403990632  3.012113E-13
1261.41169682685  3.046750E-13
1262.85935374739  2.880726E-13
1264.30701066793  2.725103E-13
1265.75466758846  2.925084E-13
1267.202324509  2.489675E-13
1268.64998142954  2.444122E-13
1270.09763835007  2.638156E-13
1271.54529527061  2.508743E-13
1272.99295219115  2.453845E-13
1274.44060911168  2.408582E-13
1275.88826603222  2.428167E-13
1277.33592295276  2.441655E-13
1278.78357987329  2.439475E-13
1280.23123679383  2.500182E-13
1281.67889371437  2.532795E-13
1283.1265506349  2.223707E-13
1284.57420755544  2.181332E-13
1286.02186447598  2.022215E-13
1287.46952139651  2.425745E-13
1288.91717831705  2.287206E-13
1290.36483523759  2.335749E-13
1291.81249215812  2.128311E-13
1293.26014907866  2.192751E-13
1294.7078059992  2.376863E-13
1296.15546291974  2.348458E-13
1297.60311984027  2.304450E-13
1299.05077676081  2.440845E-13
1300.49843368135  2.333904E-13
1301.94609060188  2.479191E-13
1303.39374752242  2.507926E-13
1304.84140444296  2.375229E-13
1306.28906136349  2.339957E-13
1307.73671828403  2.090314E-13
1309.18437520457  2.341094E-13
1310.6320321251  2.261054E-13
1312.07968904564  2.430573E-13
1313.52734596618  2.416377E-13
1314.97500288671  2.317922E-13
1316.42265980725  2.098357E-13
1317.87031672779  1.944934E-13
1319.31797364832  2.289083E-13
1320.76563056886  2.486688E-13
1322.2132874894  2.330116E-13
1323.66094440993  2.040375E-13
1325.10860133047  2.163012E-13
1326.55625825101  2.203291E-13
1328.00391517154  2.188031E-13
1329.45157209208  2.285238E-13
1330.89922901262  2.282314E-13
1332.34688593315  2.154058E-13
1333.79454285369  2.229458E-13
1335.24219977423  2.188873E-13
1336.68985669477  1.924730E-13
1338.1375136153  1.998033E-13
1339.58517053584  2.202918E-13
1341.03282745638  2.290908E-13
1342.48048437691  2.184706E-13
1343.92814129745  2.281813E-13
1345.37579821799  2.182909E-13
1346.82345513852  1.900271E-13
1348.27111205906  2.047278E-13
1349.7187689796  1.993409E-13
1351.16642590013  2.230885E-13
1352.61408282067  2.512816E-13
1354.06173974121  2.268273E-13
1355.50939666174  2.287507E-13
1356.95705358228  2.249579E-13
1358.40471050282  2.150494E-13
1359.85236742335  2.084504E-13
1361.30002434389  2.372544E-13
1362.74768126443  2.300968E-13
1364.19533818496  2.332939E-13
1365.6429951055  2.361045E-13
1367.09065202604  2.083542E-13
1368.53830894657  2.121790E-13
1369.98596586711  2.349657E-13
1371.43362278765  2.337119E-13
1372.88127970819  2.135123E-13
1374.32893662872  2.027753E-13
1375.77659354926  2.492139E-13
1377.2242504698  1.964432E-13
1378.67190739033  2.312313E-13
1380.11956431087  2.241302E-13
1381.56722123141  2.238847E-13
1383.01487815194  2.136536E-13
1384.46253507248  2.233033E-13
1385.91019199302  2.153268E-13
1387.35784891355  2.378559E-13
1388.80550583409  2.557562E-13
1390.25316275463  2.546397E-13
1391.70081967516  2.494601E-13
1393.1484765957  2.568862E-13
1394.59613351624  2.667704E-13
1396.04379043677  2.466504E-13
1397.49144735731  2.866954E-13
1398.93910427785  2.860221E-13
1400.38676119838  2.728930E-13
1401.83441811892  2.827230E-13
1403.28207503946  2.799813E-13
1404.72973195999  2.322495E-13
1406.17738888053  2.268310E-13
1407.62504580107  2.305204E-13
1409.0727027216  2.468138E-13
1410.52035964214  2.463164E-13
1411.96801656268  2.202773E-13
1413.41567348322  2.351308E-13
1414.86333040375  2.054131E-13
1416.31098732429  2.272209E-13
1417.75864424483  2.021116E-13
1419.20630116536  1.720756E-13
1420.6539580859  2.122628E-13
1422.10161500644  2.192564E-13
1423.54927192697  2.210904E-13
1424.99692884751  2.090299E-13
1426.44458576805  2.141802E-13
1427.89224268858  1.937476E-13
1429.33989960912  2.104484E-13
1430.78755652966  2.010522E-13
1432.23521345019  1.866849E-13
1433.68287037073  1.971745E-13
1435.13052729127  1.835409E-13
1436.5781842118  1.783093E-13
1438.02584113234  1.829425E-13
1439.47349805288  2.028239E-13
1440.92115497341  1.922944E-13
1442.36881189395  1.720476E-13
1443.81646881449  1.932489E-13
1445.26412573502  1.951846E-13
1446.71178265556  1.934054E-13
1448.1594395761  1.877841E-13
1449.60709649664  1.754274E-13
1451.05475341717  1.648682E-13
1452.50241033771  1.859607E-13
1453.95006725825  1.960543E-13
1455.39772417878  1.850813E-13
1456.84538109932  1.806612E-13
1458.29303801986  1.864389E-13
1459.74069494039  1.892941E-13
1461.18835186093  1.972539E-13
1462.63600878147  1.755616E-13
1464.083665702  1.818542E-13
1465.53132262254  1.814886E-13
1466.97897954308  1.832350E-13
1468.42663646361  1.894405E-13
1469.87429338415  1.963567E-13
1471.32195030469  1.944234E-13
1472.76960722522  1.924541E-13
1474.21726414576  1.891198E-13
1475.6649210663  1.738844E-13
1477.11257798683  1.766090E-13
1478.56023490737  1.876636E-13
1480.00789182791  1.880033E-13
1481.45554874844  1.975540E-13
1482.90320566898  2.027835E-13
1484.35086258952  1.936007E-13
1485.79851951005  1.860697E-13
1487.24617643059  1.868658E-13
1488.69383335113  1.767000E-13
1490.14149027167  1.841717E-13
1491.5891471922  1.752272E-13
1493.03680411274  1.614466E-13
1494.48446103328  1.912609E-13
1495.93211795381  1.990374E-13
1497.37977487435  1.922945E-13
1498.82743179489  2.126554E-13
1500.27508871542  2.178588E-13
1501.72274563596  2.047249E-13
1503.1704025565  2.000101E-13
1504.61805947703  2.015832E-13
1506.06571639757  2.038166E-13
1507.51337331811  2.187461E-13
1508.96103023864  2.137477E-13
1510.40868715918  2.037113E-13
1511.85634407972  2.033118E-13
1513.30400100025  2.175901E-13
1514.75165792079  2.193404E-13
1516.19931484133  2.187234E-13
1517.64697176186  2.275190E-13
1519.0946286824  2.314344E-13
1520.54228560294  2.301586E-13
1521.98994252347  2.417050E-13
1523.43759944401  2.447020E-13
1524.88525636455  2.724176E-13
1526.33291328509  2.673528E-13
1527.78057020562  2.837728E-13
1529.22822712616  2.733640E-13
1530.6758840467  2.847483E-13
1532.12354096723  2.850381E-13
1533.57119788777  3.203944E-13
1535.01885480831  3.113583E-13
1536.46651172884  3.368413E-13
1537.91416864938  3.598097E-13
1539.36182556992  3.882298E-13
1540.80948249045  3.910690E-13
1542.25713941099  4.239451E-13
1543.70479633153  4.059705E-13
1545.15245325206  4.316166E-13
1546.6001101726  4.423519E-13
1548.04776709314  4.407573E-13
1549.49542401367  4.272563E-13
1550.94308093421  3.884088E-13
1552.39073785475  3.468646E-13
1553.83839477528  3.185828E-13
1555.28605169582  3.023998E-13
1556.73370861636  2.887453E-13
1558.18136553689  2.746718E-13
1559.62902245743  2.530626E-13
1561.07667937797  2.543905E-13
1562.5243362985  2.636340E-13
1563.97199321904  2.443707E-13
1565.41965013958  2.372667E-13
1566.86730706012  2.291101E-13
1568.31496398065  2.258869E-13
1569.76262090119  2.222440E-13
1571.21027782173  2.180939E-13
1572.65793474226  2.181716E-13
1574.1055916628  2.212302E-13
1575.55324858334  2.107481E-13
1577.00090550387  2.128339E-13
1578.44856242441  2.050389E-13
1579.89621934495  2.028654E-13
1581.34387626548  2.054300E-13
1582.79153318602  2.003172E-13
1584.23919010656  1.962816E-13
1585.68684702709  1.928426E-13
1587.13450394763  1.839606E-13
1588.58216086817  1.786137E-13
1590.0298177887  1.909023E-13
1591.47747470924  1.833682E-13
1592.92513162978  1.878033E-13
1594.37278855031  1.875449E-13
1595.82044547085  1.896091E-13
1597.26810239139  1.869410E-13
1598.71575931192  1.913110E-13
1600.16341623246  1.904431E-13
1601.611073153  1.843093E-13
1603.05873007354  1.809491E-13
1604.50638699407  1.801982E-13
1605.95404391461  1.903362E-13
1607.40170083515  1.956981E-13
1608.84935775568  1.884439E-13
1610.29701467622  1.849833E-13
1611.74467159676  1.903078E-13
1613.19232851729  1.900783E-13
1614.63998543783  1.896412E-13
1616.08764235837  1.953129E-13
1617.5352992789  2.003784E-13
1618.98295619944  1.927760E-13
1620.43061311998  1.858115E-13
1621.87827004051  1.928718E-13
1623.32592696105  1.888543E-13
1624.77358388159  1.982277E-13
1626.22124080212  2.050501E-13
1627.66889772266  2.013488E-13
1629.1165546432  1.988188E-13
1630.56421156373  1.995804E-13
1632.01186848427  2.021232E-13
1633.45952540481  2.044821E-13
1634.90718232534  2.021043E-13
1636.35483924588  2.060064E-13
1637.80249616642  1.977253E-13
1639.25015308695  1.925359E-13
1640.69781000749  1.894867E-13
1642.14546692803  1.874651E-13
1643.59312384857  1.880974E-13
1645.0407807691  1.853129E-13
1646.48843768964  1.930144E-13
1647.93609461018  1.866266E-13
1649.38375153071  1.897306E-13
1650.83140845125  2.090724E-13
1652.27906537179  2.053894E-13
1653.72672229232  1.990848E-13
1655.17437921286  1.882477E-13
1656.6220361334  1.909690E-13
1658.06969305393  1.959335E-13
1659.51734997447  1.998059E-13
1660.96500689501  2.034350E-13
1662.41266381554  2.021680E-13
1663.86032073608  2.020787E-13
1665.30797765662  2.004911E-13
1666.75563457715  1.946255E-13
1668.20329149769  1.962749E-13
1669.65094841823  1.983140E-13
1671.09860533876  1.922847E-13
1672.5462622593  1.884434E-13
1673.99391917984  1.883868E-13
1675.44157610038  1.887144E-13
1676.88923302091  1.879857E-13
1678.33688994145  1.854814E-13
1679.78454686199  1.822693E-13
1681.23220378252  1.817458E-13
1682.67986070306  1.855709E-13
1684.1275176236  1.828447E-13
1685.57517454413  1.772900E-13
1687.02283146467  1.740076E-13
1688.47048838521  1.741252E-13
1689.91814530574  1.646079E-13
1691.36580222628  1.622950E-13
1692.81345914682  1.559039E-13
1694.26111606735  1.560954E-13
1695.70877298789  1.548048E-13
1697.15642990843  1.709846E-13
1698.60408682896  1.737391E-13
1700.0517437495  1.745295E-13
1701.49940067004  1.712765E-13
1702.94705759057  1.675636E-13
1704.39471451111  1.733505E-13
1705.84237143165  1.637572E-13
1707.29002835218  1.611308E-13
1708.73768527272  1.547206E-13
1710.18534219326  0.
1711.63299911379  0.
1713.08065603433  0.
1714.52831295487  0.
1715.97596987541  0.
1717.42362679594  0.
1718.87128371648  0.
1720.31894063702  0.
1721.76659755755  0.
1723.21425447809  0.
1724.66191139863  0.
1726.10956831916  0.
1727.5572252397  0.
1729.00488216024  0.
1730.45253908077  0.
1731.90019600131  0.
1733.34785292185  0.
1734.79550984238  0.
1736.24316676292  0.
1737.69082368346  0.
1739.13848060399  0.
1740.58613752453  0.
1742.03379444507  0.
1743.4814513656  0.
1744.92910828614  0.
1746.37676520668  0.
1747.82442212721  0.
1749.27207904775  0.
1750.71973596829  0.
1752.16739288882  0.
1753.61504980936  0.
1755.0627067299  0.
1756.51036365043  0.
1757.95802057097  0.
1759.40567749151  0.
1760.85333441205  0.
1762.30099133258  0.
1763.74864825312  0.
1765.19630517366  0.
1766.64396209419  0.
1768.09161901473  0.
1769.53927593527  0.
1770.9869328558  0.
1772.43458977634  0.
1773.88224669688  0.
1775.32990361741  0.
1776.77756053795  0.
1778.22521745849  0.
1779.67287437902  0.
1781.12053129956  0.
1782.5681882201  0.
1784.01584514063  0.
1785.46350206117  0.
1786.91115898171  0.
1788.35881590224  0.
1789.80647282278  0.
1791.25412974332  0.
1792.70178666385  0.
1794.14944358439  0.
1795.59710050493  0.
1797.04475742547  0.
1798.492414346  0.
1799.94007126654  0.
1801.38772818708  0.
1802.83538510761  0.
1804.28304202815  0.
1805.73069894869  0.
1807.17835586922  0.
1808.62601278976  0.
1810.0736697103  0.
1811.52132663083  0.
1812.96898355137  0.
1814.41664047191  0.
1815.86429739244  0.
1817.31195431298  0.
1818.75961123352  0.
1820.20726815405  0.
1821.65492507459  0.
1823.10258199513  0.
1824.55023891566  0.
1825.9978958362  0.
1827.44555275674  0.
1828.89320967727  0.
1830.34086659781  0.
1831.78852351835  0.
