906.735751295338  0.
908.183408215875  0.
909.631065136412  0.
911.078722056949  0.
912.526378977485  0.
913.974035898022  0.
915.421692818559  0.
916.869349739096  0.
918.317006659633  0.
919.764663580169  0.
921.212320500706  0.
922.659977421243  0.
924.10763434178  0.
925.555291262316  0.
927.002948182853  0.
928.45060510339  0.
929.898262023927  0.
931.345918944464  0.
932.793575865  0.
934.241232785537  0.
935.688889706074  0.
937.136546626611  0.
938.584203547148  0.
940.031860467684  0.
941.479517388221  0.
942.927174308758  0.
944.374831229295  0.
945.822488149832  0.
947.270145070369  0.
948.717801990905  0.
950.165458911442  0.
951.613115831979  0.
953.060772752515  0.
954.508429673052  0.
955.956086593589  0.
957.403743514126  0.
958.851400434663  0.
960.2990573552  0.
961.746714275736  0.
963.194371196273  0.
964.64202811681  0.
966.089685037347  0.
967.537341957883  0.
968.98499887842  0.
970.432655798957  0.
971.880312719494  0.
973.327969640031  0.
974.775626560567  0.
976.223283481104  0.
977.670940401641  0.
979.118597322178  0.
980.566254242715  0.
982.013911163251  0.
983.461568083788  0.
984.909225004325  0.
986.356881924862  0.
987.804538845399  0.
989.252195765935  0.
990.699852686472  0.
992.147509607009  0.
993.595166527546  5.043120E-13
995.042823448082  2.869425E-13
996.490480368619  1.882351E-13
997.938137289156  3.136654E-13
999.385794209693  4.826712E-13
1000.83345113023  4.004939E-13
1002.28110805077  4.830604E-13
1003.7287649713  3.591879E-13
1005.17642189184  3.833849E-13
1006.62407881238  3.938541E-13
1008.07173573291  3.549749E-13
1009.51939265345  5.221810E-13
1010.96704957399  4.142184E-13
1012.41470649452  3.104113E-13
1013.86236341506  4.752784E-13
1015.3100203356  4.597812E-13
1016.75767725613  3.829270E-13
1018.20533417667  4.579884E-13
1019.65299109721  4.251801E-13
1021.10064801775  3.812335E-13
1022.54830493828  3.868910E-13
1023.99596185882  4.078072E-13
1025.44361877936  5.162814E-13
1026.89127569989  3.571106E-13
1028.33893262043  3.968951E-13
1029.78658954097  4.773320E-13
1031.2342464615  5.555275E-13
1032.68190338204  4.721916E-13
1034.12956030258  3.873623E-13
1035.57721722311  4.130578E-13
1037.02487414365  3.647809E-13
1038.47253106419  3.624056E-13
1039.92018798472  3.679350E-13
1041.36784490526  3.399857E-13
1042.8155018258  3.689598E-13
1044.26315874633  4.358270E-13
1045.71081566687  4.447462E-13
1047.15847258741  3.937410E-13
1048.60612950794  4.293516E-13
1050.05378642848  3.594173E-13
1051.50144334902  4.265753E-13
1052.94910026955  4.528482E-13
1054.39675719009  4.026295E-13
1055.84441411063  3.355737E-13
1057.29207103116  2.598425E-13
1058.7397279517  2.997809E-13
1060.18738487224  3.057875E-13
1061.63504179277  3.331134E-13
1063.08269871331  3.367888E-13
1064.53035563385  3.109711E-13
1065.97801255439  3.117159E-13
1067.42566947492  3.298066E-13
1068.87332639546  3.355908E-13
1070.320983316  3.575713E-13
1071.76864023653  2.977905E-13
1073.21629715707  3.058069E-13
1074.66395407761  2.860559E-13
1076.11161099814  2.992404E-13
1077.55926791868  3.309245E-13
1079.00692483922  3.475302E-13
1080.45458175975  3.394736E-13
1081.90223868029  3.182958E-13
1083.34989560083  3.009727E-13
1084.79755252136  2.816183E-13
1086.2452094419  2.306755E-13
1087.69286636244  2.296919E-13
1089.14052328297  2.359660E-13
1090.58818020351  2.991021E-13
1092.03583712405  2.754327E-13
1093.48349404458  2.812358E-13
1094.93115096512  2.848173E-13
1096.37880788566  2.451604E-13
1097.82646480619  2.845724E-13
1099.27412172673  3.056242E-13
1100.72177864727  2.661918E-13
1102.1694355678  2.914691E-13
1103.61709248834  2.728886E-13
1105.06474940888  2.291730E-13
1106.51240632942  2.435164E-13
1107.96006324995  2.931085E-13
1109.40772017049  2.702200E-13
1110.85537709103  2.806333E-13
1112.30303401156  2.746018E-13
1113.7506909321  2.984414E-13
1115.19834785264  2.801470E-13
1116.64600477317  2.417642E-13
1118.09366169371  2.705147E-13
1119.54131861425  2.611365E-13
1120.98897553478  2.682139E-13
1122.43663245532  2.489146E-13
1123.88428937586  2.607691E-13
1125.33194629639  2.794028E-13
1126.77960321693  2.890056E-13
1128.22726013747  2.826043E-13
1129.674917058  2.474902E-13
1131.12257397854  2.901347E-13
1132.57023089908  2.505551E-13
1134.01788781961  2.659066E-13
1135.46554474015  2.910138E-13
1136.91320166069  2.959620E-13
1138.36085858122  3.147061E-13
1139.80851550176  2.815545E-13
1141.2561724223  2.715445E-13
1142.70382934284  2.561610E-13
1144.15148626337  2.669971E-13
1145.59914318391  2.781358E-13
1147.04680010445  2.793700E-13
1148.49445702498  2.525308E-13
1149.94211394552  2.604441E-13
1151.38977086606  2.596940E-13
1152.83742778659  2.509733E-13
1154.28508470713  2.763363E-13
1155.73274162767  2.778680E-13
1157.1803985482  2.696474E-13
1158.62805546874  3.147230E-13
1160.07571238928  2.662309E-13
1161.52336930981  2.505254E-13
1162.97102623035  2.867973E-13
1164.41868315089  2.819454E-13
1165.86634007142  2.790546E-13
1167.31399699196  2.628051E-13
1168.7616539125  2.914762E-13
1170.20931083303  3.332299E-13
1171.65696775357  3.568688E-13
1173.10462467411  3.395418E-13
1174.55228159464  3.080135E-13
1175.99993851518  3.040486E-13
1177.44759543572  3.485160E-13
1178.89525235625  3.463190E-13
1180.34290927679  2.898198E-13
1181.79056619733  3.280593E-13
1183.23822311787  3.382065E-13
1184.6858800384  3.312154E-13
1186.13353695894  3.252679E-13
1187.58119387948  3.630453E-13
1189.02885080001  4.044732E-13
1190.47650772055  3.402493E-13
1191.92416464109  4.040222E-13
1193.37182156162  4.491445E-13
1194.81947848216  4.398045E-13
1196.2671354027  4.812632E-13
1197.71479232323  4.921349E-13
1199.16244924377  4.649724E-13
1200.61010616431  4.905818E-13
1202.05776308484  4.734394E-13
1203.50542000538  5.765873E-13
1204.95307692592  6.264240E-13
1206.40073384645  7.144679E-13
1207.84839076699  8.043592E-13
1209.29604768753  9.260598E-13
1210.74370460806  1.041023E-12
1212.1913615286  9.431645E-13
1213.63901844914  1.045625E-12
1215.08667536967  1.117062E-12
1216.53433229021  1.030650E-12
1217.98198921075  1.015251E-12
1219.42964613129  8.196552E-13
1220.87730305182  7.144827E-13
1222.32495997236  6.123790E-13
1223.7726168929  5.110460E-13
1225.22027381343  5.320223E-13
1226.66793073397  4.991945E-13
1228.11558765451  5.084251E-13
1229.56324457504  4.625982E-13
1231.01090149558  4.333905E-13
1232.45855841612  4.665763E-13
1233.90621533665  3.976712E-13
1235.35387225719  4.113326E-13
1236.80152917773  4.995405E-13
1238.24918609826  5.166454E-13
1239.6968430188  4.651681E-13
1241.14449993934  4.060605E-13
1242.59215685987  4.238334E-13
1244.03981378041  4.001167E-13
1245.48747070095  3.685843E-13
1246.93512762148  3.678200E-13
1248.38278454202  3.735214E-13
1249.83044146256  3.777453E-13
1251.27809838309  3.411230E-13
1252.72575530363  3.275826E-13
1254.17341222417  3.375402E-13
1255.62106914471  3.444889E-13
1257.06872606524  3.016105E-13
1258.51638298578  3.052176E-13
1259.96403990632  2.958467E-13
1261.41169682685  3.247839E-13
1262.85935374739  3.193561E-13
1264.30701066793  3.163594E-13
1265.75466758846  3.113846E-13
1267.202324509  2.743004E-13
1268.64998142954  2.874276E-13
1270.09763835007  2.692616E-13
1271.54529527061  2.566211E-13
1272.99295219115  2.646762E-13
1274.44060911168  2.693248E-13
1275.88826603222  2.678262E-13
1277.33592295276  2.753373E-13
1278.78357987329  2.614667E-13
1280.23123679383  2.494796E-13
1281.67889371437  2.439782E-13
1283.1265506349  2.094470E-13
1284.57420755544  2.351954E-13
1286.02186447598  2.114740E-13
1287.46952139651  2.296790E-13
1288.91717831705  2.650956E-13
1290.36483523759  2.438716E-13
1291.81249215812  2.570541E-13
1293.26014907866  2.642609E-13
1294.7078059992  2.968381E-13
1296.15546291974  2.456320E-13
1297.60311984027  2.634176E-13
1299.05077676081  2.461398E-13
1300.49843368135  2.562942E-13
1301.94609060188  2.836768E-13
1303.39374752242  2.596214E-13
1304.84140444296  2.268228E-13
1306.28906136349  2.220747E-13
1307.73671828403  2.030877E-13
1309.18437520457  2.448936E-13
1310.6320321251  2.217914E-13
1312.07968904564  2.409257E-13
1313.52734596618  2.661615E-13
1314.97500288671  2.440816E-13
1316.42265980725  2.411469E-13
1317.87031672779  2.480435E-13
1319.31797364832  2.252729E-13
1320.76563056886  2.074331E-13
1322.2132874894  2.496546E-13
1323.66094440993  2.398103E-13
1325.10860133047  2.367549E-13
1326.55625825101  2.368862E-13
1328.00391517154  2.142331E-13
1329.45157209208  2.091440E-13
1330.89922901262  2.489672E-13
1332.34688593315  2.377296E-13
1333.79454285369  2.278558E-13
1335.24219977423  2.267102E-13
1336.68985669477  1.859322E-13
1338.1375136153  2.153390E-13
1339.58517053584  2.471772E-13
1341.03282745638  2.613806E-13
1342.48048437691  2.688499E-13
1343.92814129745  2.594087E-13
1345.37579821799  2.352306E-13
1346.82345513852  2.284462E-13
1348.27111205906  2.493679E-13
1349.7187689796  2.184811E-13
1351.16642590013  2.261665E-13
1352.61408282067  2.502863E-13
1354.06173974121  2.092337E-13
1355.50939666174  2.142233E-13
1356.95705358228  2.388834E-13
1358.40471050282  2.211764E-13
1359.85236742335  1.965816E-13
1361.30002434389  2.080419E-13
1362.74768126443  2.324134E-13
1364.19533818496  2.373592E-13
1365.6429951055  2.248055E-13
1367.09065202604  2.007597E-13
1368.53830894657  2.518003E-13
1369.98596586711  2.572475E-13
1371.43362278765  2.508004E-13
1372.88127970819  2.807961E-13
1374.32893662872  2.064778E-13
1375.77659354926  2.021461E-13
1377.2242504698  2.245472E-13
1378.67190739033  2.373585E-13
1380.11956431087  2.030478E-13
1381.56722123141  2.371952E-13
1383.01487815194  2.173852E-13
1384.46253507248  1.982372E-13
1385.91019199302  2.039285E-13
1387.35784891355  2.327820E-13
1388.80550583409  2.510392E-13
1390.25316275463  2.790395E-13
1391.70081967516  2.583601E-13
1393.1484765957  2.658861E-13
1394.59613351624  2.557307E-13
1396.04379043677  2.950909E-13
1397.49144735731  2.904989E-13
1398.93910427785  2.663644E-13
1400.38676119838  2.485124E-13
1401.83441811892  2.219865E-13
1403.28207503946  2.358464E-13
1404.72973195999  2.637645E-13
1406.17738888053  2.476847E-13
1407.62504580107  2.348017E-13
1409.0727027216  2.404423E-13
1410.52035964214  2.416136E-13
1411.96801656268  2.377018E-13
1413.41567348322  2.361653E-13
1414.86333040375  2.328519E-13
1416.31098732429  2.396271E-13
1417.75864424483  2.711544E-13
1419.20630116536  2.476810E-13
1420.6539580859  2.795624E-13
1422.10161500644  2.185801E-13
1423.54927192697  2.312715E-13
1424.99692884751  2.111409E-13
1426.44458576805  1.850589E-13
1427.89224268858  1.722319E-13
1429.33989960912  1.882070E-13
1430.78755652966  2.197480E-13
1432.23521345019  2.571851E-13
1433.68287037073  2.395334E-13
1435.13052729127  2.036322E-13
1436.5781842118  1.950420E-13
1438.02584113234  1.931704E-13
1439.47349805288  2.013258E-13
1440.92115497341  2.117798E-13
1442.36881189395  1.675995E-13
1443.81646881449  1.901498E-13
1445.26412573502  2.189782E-13
1446.71178265556  1.992331E-13
1448.1594395761  1.867779E-13
1449.60709649664  1.871372E-13
1451.05475341717  1.681248E-13
1452.50241033771  1.947462E-13
1453.95006725825  1.822101E-13
1455.39772417878  1.834934E-13
1456.84538109932  1.866905E-13
1458.29303801986  2.048105E-13
1459.74069494039  2.144075E-13
1461.18835186093  1.801609E-13
1462.63600878147  1.757239E-13
1464.083665702  2.161731E-13
1465.53132262254  1.942605E-13
1466.97897954308  1.991355E-13
1468.42663646361  2.235371E-13
1469.87429338415  1.911412E-13
1471.32195030469  1.894079E-13
1472.76960722522  1.915589E-13
1474.21726414576  2.015888E-13
1475.6649210663  1.839372E-13
1477.11257798683  1.813013E-13
1478.56023490737  1.716651E-13
1480.00789182791  1.805661E-13
1481.45554874844  1.948705E-13
1482.90320566898  2.009761E-13
1484.35086258952  2.074131E-13
1485.79851951005  2.002014E-13
1487.24617643059  1.973730E-13
1488.69383335113  1.877499E-13
1490.14149027167  1.998552E-13
1491.5891471922  2.064148E-13
1493.03680411274  1.694653E-13
1494.48446103328  1.960051E-13
1495.93211795381  2.158031E-13
1497.37977487435  2.075692E-13
1498.82743179489  2.160142E-13
1500.27508871542  2.300628E-13
1501.72274563596  2.326995E-13
1503.1704025565  2.196197E-13
1504.61805947703  2.115211E-13
1506.06571639757  2.408202E-13
1507.51337331811  2.284181E-13
1508.96103023864  2.293887E-13
1510.40868715918  2.185671E-13
1511.85634407972  2.428712E-13
1513.30400100025  2.418260E-13
1514.75165792079  2.712691E-13
1516.19931484133  2.317588E-13
1517.64697176186  2.411500E-13
1519.0946286824  2.584974E-13
1520.54228560294  2.701981E-13
1521.98994252347  2.868096E-13
1523.43759944401  2.655413E-13
1524.88525636455  2.378695E-13
1526.33291328509  2.521786E-13
1527.78057020562  2.637357E-13
1529.22822712616  2.687328E-13
1530.6758840467  2.788779E-13
1532.12354096723  2.901946E-13
1533.57119788777  3.266512E-13
1535.01885480831  3.504687E-13
1536.46651172884  3.500378E-13
1537.91416864938  3.719005E-13
1539.36182556992  4.026401E-13
1540.80948249045  4.484693E-13
1542.25713941099  4.413569E-13
1543.70479633153  4.194965E-13
1545.15245325206  4.062303E-13
1546.6001101726  4.346292E-13
1548.04776709314  4.400393E-13
1549.49542401367  3.856895E-13
1550.94308093421  3.816783E-13
1552.39073785475  3.687543E-13
1553.83839477528  3.658233E-13
1555.28605169582  3.365695E-13
1556.73370861636  3.248179E-13
1558.18136553689  2.998227E-13
1559.62902245743  2.814806E-13
1561.07667937797  2.709896E-13
1562.5243362985  2.562119E-13
1563.97199321904  2.624697E-13
1565.41965013958  2.544462E-13
1566.86730706012  2.443880E-13
1568.31496398065  2.362976E-13
1569.76262090119  2.474840E-13
1571.21027782173  2.472072E-13
1572.65793474226  2.409848E-13
1574.1055916628  2.283821E-13
1575.55324858334  2.313760E-13
1577.00090550387  2.276300E-13
1578.44856242441  2.120420E-13
1579.89621934495  2.348844E-13
1581.34387626548  2.320998E-13
1582.79153318602  2.325105E-13
1584.23919010656  2.206612E-13
1585.68684702709  1.884056E-13
1587.13450394763  1.837673E-13
1588.58216086817  1.832182E-13
1590.0298177887  1.886285E-13
1591.47747470924  2.016970E-13
1592.92513162978  2.008083E-13
1594.37278855031  1.999241E-13
1595.82044547085  2.163491E-13
1597.26810239139  2.214889E-13
1598.71575931192  1.922773E-13
1600.16341623246  1.785409E-13
1601.611073153  1.886814E-13
1603.05873007354  2.003992E-13
1604.50638699407  2.122316E-13
1605.95404391461  2.018577E-13
1607.40170083515  2.043423E-13
1608.84935775568  1.993093E-13
1610.29701467622  2.032534E-13
1611.74467159676  1.880452E-13
1613.19232851729  1.818492E-13
1614.63998543783  1.979596E-13
1616.08764235837  2.010630E-13
1617.5352992789  1.903075E-13
1618.98295619944  1.898747E-13
1620.43061311998  1.959803E-13
1621.87827004051  2.110458E-13
1623.32592696105  2.097223E-13
1624.77358388159  2.155867E-13
1626.22124080212  2.140196E-13
1627.66889772266  2.090608E-13
1629.1165546432  2.185302E-13
1630.56421156373  2.225241E-13
1632.01186848427  2.220305E-13
1633.45952540481  2.106634E-13
1634.90718232534  2.084431E-13
1636.35483924588  2.070097E-13
1637.80249616642  2.007750E-13
1639.25015308695  1.979414E-13
1640.69781000749  2.039616E-13
1642.14546692803  2.063433E-13
1643.59312384857  2.021659E-13
1645.0407807691  1.968110E-13
1646.48843768964  2.032691E-13
1647.93609461018  1.941848E-13
1649.38375153071  1.878857E-13
1650.83140845125  1.844998E-13
1652.27906537179  1.865817E-13
1653.72672229232  1.783334E-13
1655.17437921286  1.815457E-13
1656.6220361334  1.826613E-13
1658.06969305393  1.829885E-13
1659.51734997447  1.865996E-13
1660.96500689501  1.958558E-13
1662.41266381554  2.004520E-13
1663.86032073608  2.049100E-13
1665.30797765662  1.975559E-13
1666.75563457715  1.868231E-13
1668.20329149769  1.772939E-13
1669.65094841823  1.748550E-13
1671.09860533876  1.846998E-13
1672.5462622593  1.854457E-13
1673.99391917984  1.835119E-13
1675.44157610038  1.793273E-13
1676.88923302091  1.822518E-13
1678.33688994145  1.870025E-13
1679.78454686199  1.894438E-13
1681.23220378252  1.849834E-13
1682.67986070306  1.782768E-13
1684.1275176236  1.784365E-13
1685.57517454413  1.741276E-13
1687.02283146467  1.762473E-13
1688.47048838521  1.762496E-13
1689.91814530574  1.720948E-13
1691.36580222628  1.790167E-13
1692.81345914682  1.828566E-13
1694.26111606735  1.742428E-13
1695.70877298789  1.582352E-13
1697.15642990843  1.656183E-13
1698.60408682896  1.732205E-13
1700.0517437495  1.772851E-13
1701.49940067004  1.852974E-13
1702.94705759057  1.888771E-13
1704.39471451111  1.803006E-13
1705.84237143165  1.770737E-13
1707.29002835218  1.742835E-13
1708.73768527272  1.650243E-13
1710.18534219326  0.
1711.63299911379  0.
1713.08065603433  0.
1714.52831295487  0.
1715.97596987541  0.
1717.42362679594  0.
1718.87128371648  0.
1720.31894063702  0.
1721.76659755755  0.
1723.21425447809  0.
1724.66191139863  0.
1726.10956831916  0.
1727.5572252397  0.
1729.00488216024  0.
1730.45253908077  0.
1731.90019600131  0.
1733.34785292185  0.
1734.79550984238  0.
1736.24316676292  0.
1737.69082368346  0.
1739.13848060399  0.
1740.58613752453  0.
1742.03379444507  0.
1743.4814513656  0.
1744.92910828614  0.
1746.37676520668  0.
1747.82442212721  0.
1749.27207904775  0.
1750.71973596829  0.
1752.16739288882  0.
1753.61504980936  0.
1755.0627067299  0.
1756.51036365043  0.
1757.95802057097  0.
1759.40567749151  0.
1760.85333441205  0.
1762.30099133258  0.
1763.74864825312  0.
1765.19630517366  0.
1766.64396209419  0.
1768.09161901473  0.
1769.53927593527  0.
1770.9869328558  0.
1772.43458977634  0.
1773.88224669688  0.
1775.32990361741  0.
1776.77756053795  0.
1778.22521745849  0.
1779.67287437902  0.
1781.12053129956  0.
1782.5681882201  0.
1784.01584514063  0.
1785.46350206117  0.
1786.91115898171  0.
1788.35881590224  0.
1789.80647282278  0.
1791.25412974332  0.
1792.70178666385  0.
1794.14944358439  0.
1795.59710050493  0.
1797.04475742547  0.
1798.492414346  0.
1799.94007126654  0.
1801.38772818708  0.
1802.83538510761  0.
1804.28304202815  0.
1805.73069894869  0.
1807.17835586922  0.
1808.62601278976  0.
1810.0736697103  0.
1811.52132663083  0.
1812.96898355137  0.
1814.41664047191  0.
1815.86429739244  0.
1817.31195431298  0.
1818.75961123352  0.
1820.20726815405  0.
1821.65492507459  0.
1823.10258199513  0.
1824.55023891566  0.
1825.9978958362  0.
1827.44555275674  0.
1828.89320967727  0.
1830.34086659781  0.
1831.78852351835  0.
