906.735751295338  0.
908.183408215875  0.
909.631065136412  0.
911.078722056949  0.
912.526378977485  0.
913.974035898022  0.
915.421692818559  0.
916.869349739096  0.
918.317006659633  0.
919.764663580169  0.
921.212320500706  0.
922.659977421243  0.
924.10763434178  0.
925.555291262316  0.
927.002948182853  0.
928.45060510339  0.
929.898262023927  0.
931.345918944464  0.
932.793575865  0.
934.241232785537  0.
935.688889706074  0.
937.136546626611  0.
938.584203547148  0.
940.031860467684  0.
941.479517388221  0.
942.927174308758  0.
944.374831229295  0.
945.822488149832  0.
947.270145070369  0.
948.717801990905  0.
950.165458911442  0.
951.613115831979  0.
953.060772752515  0.
954.508429673052  0.
955.956086593589  0.
957.403743514126  0.
958.851400434663  0.
960.2990573552  0.
961.746714275736  0.
963.194371196273  0.
964.64202811681  0.
966.089685037347  0.
967.537341957883  0.
968.98499887842  0.
970.432655798957  0.
971.880312719494  0.
973.327969640031  0.
974.775626560567  0.
976.223283481104  0.
977.670940401641  0.
979.118597322178  0.
980.566254242715  0.
982.013911163251  0.
983.461568083788  0.
984.909225004325  0.
986.356881924862  0.
987.804538845399  0.
989.252195765935  0.
990.699852686472  0.
992.147509607009  0.
993.595166527546  3.643698E-13
995.042823448082  6.304003E-13
996.490480368619  4.210621E-13
997.938137289156  4.542050E-13
999.385794209693  5.741747E-13
1000.83345113023  3.748166E-13
1002.28110805077  3.891362E-13
1003.7287649713  2.845799E-13
1005.17642189184  4.608924E-13
1006.62407881238  5.317726E-13
1008.07173573291  4.108044E-13
1009.51939265345  4.598639E-13
1010.96704957399  5.282016E-13
1012.41470649452  4.213576E-13
1013.86236341506  3.853518E-13
1015.3100203356  3.928587E-13
1016.75767725613  2.916714E-13
1018.20533417667  4.934082E-13
1019.65299109721  4.758688E-13
1021.10064801775  4.984886E-13
1022.54830493828  5.024037E-13
1023.99596185882  4.103769E-13
1025.44361877936  5.046661E-13
1026.89127569989  4.404676E-13
1028.33893262043  4.661264E-13
1029.78658954097  4.772912E-13
1031.2342464615  5.329673E-13
1032.68190338204  4.645150E-13
1034.12956030258  4.591004E-13
1035.57721722311  3.620850E-13
1037.02487414365  3.921905E-13
1038.47253106419  3.844123E-13
1039.92018798472  3.323398E-13
1041.36784490526  3.403649E-13
1042.8155018258  3.921448E-13
1044.26315874633  3.787760E-13
1045.71081566687  4.057998E-13
1047.15847258741  3.084078E-13
1048.60612950794  3.685024E-13
1050.05378642848  3.620869E-13
1051.50144334902  3.890040E-13
1052.94910026955  3.802346E-13
1054.39675719009  3.395817E-13
1055.84441411063  3.672563E-13
1057.29207103116  3.018517E-13
1058.7397279517  2.932710E-13
1060.18738487224  3.566324E-13
1061.63504179277  3.296809E-13
1063.08269871331  3.400476E-13
1064.53035563385  3.378176E-13
1065.97801255439  2.969333E-13
1067.42566947492  3.535542E-13
1068.87332639546  3.510331E-13
1070.320983316  3.380529E-13
1071.76864023653  2.765387E-13
1073.21629715707  3.087919E-13
1074.66395407761  3.413404E-13
1076.11161099814  3.484897E-13
1077.55926791868  3.614799E-13
1079.00692483922  3.081158E-13
1080.45458175975  3.067655E-13
1081.90223868029  3.187481E-13
1083.34989560083  3.121466E-13
1084.79755252136  2.681221E-13
1086.2452094419  2.240575E-13
1087.69286636244  2.360326E-13
1089.14052328297  2.615754E-13
1090.58818020351  2.795774E-13
1092.03583712405  2.745767E-13
1093.48349404458  2.587540E-13
1094.93115096512  2.748990E-13
1096.37880788566  2.646368E-13
1097.82646480619  2.645818E-13
1099.27412172673  2.728395E-13
1100.72177864727  2.649343E-13
1102.1694355678  2.780985E-13
1103.61709248834  2.860764E-13
1105.06474940888  2.915681E-13
1106.51240632942  2.517940E-13
1107.96006324995  2.710724E-13
1109.40772017049  2.459226E-13
1110.85537709103  2.761952E-13
1112.30303401156  2.843249E-13
1113.7506909321  2.826303E-13
1115.19834785264  2.516333E-13
1116.64600477317  2.678726E-13
1118.09366169371  2.983431E-13
1119.54131861425  2.448271E-13
1120.98897553478  2.486088E-13
1122.43663245532  2.189388E-13
1123.88428937586  2.661981E-13
1125.33194629639  2.799850E-13
1126.77960321693  2.588130E-13
1128.22726013747  2.693983E-13
1129.674917058  2.945282E-13
1131.12257397854  3.073312E-13
1132.57023089908  2.812268E-13
1134.01788781961  2.854131E-13
1135.46554474015  2.303325E-13
1136.91320166069  2.563704E-13
1138.36085858122  2.691208E-13
1139.80851550176  2.446625E-13
1141.2561724223  2.304054E-13
1142.70382934284  2.560448E-13
1144.15148626337  2.545400E-13
1145.59914318391  2.584818E-13
1147.04680010445  2.885191E-13
1148.49445702498  2.669155E-13
1149.94211394552  2.542999E-13
1151.38977086606  2.618278E-13
1152.83742778659  2.685009E-13
1154.28508470713  2.644539E-13
1155.73274162767  2.733988E-13
1157.1803985482  2.839470E-13
1158.62805546874  2.838018E-13
1160.07571238928  2.481490E-13
1161.52336930981  2.654110E-13
1162.97102623035  2.774930E-13
1164.41868315089  2.555555E-13
1165.86634007142  2.817751E-13
1167.31399699196  3.128706E-13
1168.7616539125  3.182759E-13
1170.20931083303  3.213952E-13
1171.65696775357  3.291340E-13
1173.10462467411  3.360002E-13
1174.55228159464  3.132051E-13
1175.99993851518  3.287572E-13
1177.44759543572  3.301434E-13
1178.89525235625  3.146978E-13
1180.34290927679  3.089441E-13
1181.79056619733  3.036372E-13
1183.23822311787  3.264511E-13
1184.6858800384  3.435163E-13
1186.13353695894  3.646881E-13
1187.58119387948  3.960259E-13
1189.02885080001  4.129638E-13
1190.47650772055  4.155140E-13
1191.92416464109  4.314806E-13
1193.37182156162  4.468888E-13
1194.81947848216  4.474467E-13
1196.2671354027  4.623785E-13
1197.71479232323  4.582417E-13
1199.16244924377  5.040533E-13
1200.61010616431  5.607469E-13
1202.05776308484  5.475082E-13
1203.50542000538  5.822057E-13
1204.95307692592  7.434817E-13
1206.40073384645  8.192464E-13
1207.84839076699  8.748837E-13
1209.29604768753  8.415201E-13
1210.74370460806  1.097794E-12
1212.1913615286  8.463578E-13
1213.63901844914  1.159307E-12
1215.08667536967  9.987114E-13
1216.53433229021  1.055658E-12
1217.98198921075  9.261426E-13
1219.42964613129  8.096510E-13
1220.87730305182  7.497123E-13
1222.32495997236  5.533222E-13
1223.7726168929  4.777369E-13
1225.22027381343  5.195607E-13
1226.66793073397  5.100899E-13
1228.11558765451  5.124318E-13
1229.56324457504  4.637505E-13
1231.01090149558  4.785794E-13
1232.45855841612  4.861943E-13
1233.90621533665  4.660120E-13
1235.35387225719  4.310919E-13
1236.80152917773  4.470752E-13
1238.24918609826  4.603754E-13
1239.6968430188  4.614066E-13
1241.14449993934  3.942860E-13
1242.59215685987  4.188647E-13
1244.03981378041  3.645582E-13
1245.48747070095  3.376272E-13
1246.93512762148  3.266322E-13
1248.38278454202  3.836911E-13
1249.83044146256  3.575487E-13
1251.27809838309  3.529784E-13
1252.72575530363  3.204358E-13
1254.17341222417  3.455217E-13
1255.62106914471  3.219220E-13
1257.06872606524  3.043179E-13
1258.51638298578  2.864139E-13
1259.96403990632  3.165783E-13
1261.41169682685  3.324814E-13
1262.85935374739  2.951659E-13
1264.30701066793  2.470808E-13
1265.75466758846  2.548628E-13
1267.202324509  2.716510E-13
1268.64998142954  2.556314E-13
1270.09763835007  2.457392E-13
1271.54529527061  2.726503E-13
1272.99295219115  2.632807E-13
1274.44060911168  2.307827E-13
1275.88826603222  2.287701E-13
1277.33592295276  2.527836E-13
1278.78357987329  2.788354E-13
1280.23123679383  2.583398E-13
1281.67889371437  2.590631E-13
1283.1265506349  2.149472E-13
1284.57420755544  2.440960E-13
1286.02186447598  2.321840E-13
1287.46952139651  2.212657E-13
1288.91717831705  2.406301E-13
1290.36483523759  2.320379E-13
1291.81249215812  2.444951E-13
1293.26014907866  2.453800E-13
1294.7078059992  2.685436E-13
1296.15546291974  2.343028E-13
1297.60311984027  2.350994E-13
1299.05077676081  2.071479E-13
1300.49843368135  2.809797E-13
1301.94609060188  2.739380E-13
1303.39374752242  2.718071E-13
1304.84140444296  2.387023E-13
1306.28906136349  2.206425E-13
1307.73671828403  2.434960E-13
1309.18437520457  2.846861E-13
1310.6320321251  2.350348E-13
1312.07968904564  2.269537E-13
1313.52734596618  2.675400E-13
1314.97500288671  2.326818E-13
1316.42265980725  2.176709E-13
1317.87031672779  2.686148E-13
1319.31797364832  2.242903E-13
1320.76563056886  2.111509E-13
1322.2132874894  2.408717E-13
1323.66094440993  2.500268E-13
1325.10860133047  2.334308E-13
1326.55625825101  2.149727E-13
1328.00391517154  2.274704E-13
1329.45157209208  2.462010E-13
1330.89922901262  2.623123E-13
1332.34688593315  2.111912E-13
1333.79454285369  2.119710E-13
1335.24219977423  2.219296E-13
1336.68985669477  2.424384E-13
1338.1375136153  2.109316E-13
1339.58517053584  2.789852E-13
1341.03282745638  2.540089E-13
1342.48048437691  2.278848E-13
1343.92814129745  2.391400E-13
1345.37579821799  1.954045E-13
1346.82345513852  1.948926E-13
1348.27111205906  2.419338E-13
1349.7187689796  2.198007E-13
1351.16642590013  2.111718E-13
1352.61408282067  2.271404E-13
1354.06173974121  2.008692E-13
1355.50939666174  2.266855E-13
1356.95705358228  2.332986E-13
1358.40471050282  2.237808E-13
1359.85236742335  2.226612E-13
1361.30002434389  2.469331E-13
1362.74768126443  2.672731E-13
1364.19533818496  2.713171E-13
1365.6429951055  2.244718E-13
1367.09065202604  2.192610E-13
1368.53830894657  2.470883E-13
1369.98596586711  2.422606E-13
1371.43362278765  2.344833E-13
1372.88127970819  2.334995E-13
1374.32893662872  2.231904E-13
1375.77659354926  2.324860E-13
1377.2242504698  2.473459E-13
1378.67190739033  2.184997E-13
1380.11956431087  2.173842E-13
1381.56722123141  2.444260E-13
1383.01487815194  2.150923E-13
1384.46253507248  2.107969E-13
1385.91019199302  2.277539E-13
1387.35784891355  2.371176E-13
1388.80550583409  2.561057E-13
1390.25316275463  2.627387E-13
1391.70081967516  2.350668E-13
1393.1484765957  2.567546E-13
1394.59613351624  2.825233E-13
1396.04379043677  3.032685E-13
1397.49144735731  2.951515E-13
1398.93910427785  2.955843E-13
1400.38676119838  2.455149E-13
1401.83441811892  2.527224E-13
1403.28207503946  2.733079E-13
1404.72973195999  2.484009E-13
1406.17738888053  2.506937E-13
1407.62504580107  2.145511E-13
1409.0727027216  2.134376E-13
1410.52035964214  2.292022E-13
1411.96801656268  2.274849E-13
1413.41567348322  2.401066E-13
1414.86333040375  2.035086E-13
1416.31098732429  2.152591E-13
1417.75864424483  2.316803E-13
1419.20630116536  2.197149E-13
1420.6539580859  2.054100E-13
1422.10161500644  2.155463E-13
1423.54927192697  2.296857E-13
1424.99692884751  2.292133E-13
1426.44458576805  2.290966E-13
1427.89224268858  2.144596E-13
1429.33989960912  2.157990E-13
1430.78755652966  2.125286E-13
1432.23521345019  2.186380E-13
1433.68287037073  2.388028E-13
1435.13052729127  1.964615E-13
1436.5781842118  1.724928E-13
1438.02584113234  1.931845E-13
1439.47349805288  2.396089E-13
1440.92115497341  2.173643E-13
1442.36881189395  1.974646E-13
1443.81646881449  1.921143E-13
1445.26412573502  1.807050E-13
1446.71178265556  2.084707E-13
1448.1594395761  2.215293E-13
1449.60709649664  2.068875E-13
1451.05475341717  1.806032E-13
1452.50241033771  1.965509E-13
1453.95006725825  1.989476E-13
1455.39772417878  2.046546E-13
1456.84538109932  2.040397E-13
1458.29303801986  1.844385E-13
1459.74069494039  1.928490E-13
1461.18835186093  1.932781E-13
1462.63600878147  1.684948E-13
1464.083665702  1.905421E-13
1465.53132262254  2.165300E-13
1466.97897954308  2.091078E-13
1468.42663646361  2.066298E-13
1469.87429338415  1.959386E-13
1471.32195030469  1.986491E-13
1472.76960722522  1.914884E-13
1474.21726414576  1.859472E-13
1475.6649210663  1.976048E-13
1477.11257798683  2.053090E-13
1478.56023490737  1.774261E-13
1480.00789182791  2.068228E-13
1481.45554874844  1.910013E-13
1482.90320566898  2.066140E-13
1484.35086258952  2.212381E-13
1485.79851951005  2.234370E-13
1487.24617643059  2.028358E-13
1488.69383335113  2.083755E-13
1490.14149027167  1.872368E-13
1491.5891471922  1.810911E-13
1493.03680411274  1.596378E-13
1494.48446103328  2.082002E-13
1495.93211795381  1.968071E-13
1497.37977487435  2.125603E-13
1498.82743179489  2.179407E-13
1500.27508871542  2.215167E-13
1501.72274563596  2.093320E-13
1503.1704025565  2.023212E-13
1504.61805947703  2.094546E-13
1506.06571639757  2.353435E-13
1507.51337331811  2.315676E-13
1508.96103023864  2.328114E-13
1510.40868715918  2.377689E-13
1511.85634407972  2.290485E-13
1513.30400100025  2.312429E-13
1514.75165792079  2.609520E-13
1516.19931484133  2.480228E-13
1517.64697176186  2.283080E-13
1519.0946286824  2.533017E-13
1520.54228560294  2.288821E-13
1521.98994252347  2.479353E-13
1523.43759944401  2.583949E-13
1524.88525636455  2.498459E-13
1526.33291328509  2.585116E-13
1527.78057020562  2.920539E-13
1529.22822712616  2.719482E-13
1530.6758840467  2.980888E-13
1532.12354096723  2.876919E-13
1533.57119788777  3.277698E-13
1535.01885480831  3.494532E-13
1536.46651172884  3.369506E-13
1537.91416864938  3.717759E-13
1539.36182556992  4.106162E-13
1540.80948249045  4.208999E-13
1542.25713941099  4.486214E-13
1543.70479633153  4.388262E-13
1545.15245325206  4.335620E-13
1546.6001101726  4.386270E-13
1548.04776709314  4.521672E-13
1549.49542401367  4.274655E-13
1550.94308093421  3.927526E-13
1552.39073785475  3.713113E-13
1553.83839477528  3.580325E-13
1555.28605169582  3.308824E-13
1556.73370861636  3.046262E-13
1558.18136553689  2.991684E-13
1559.62902245743  2.715454E-13
1561.07667937797  2.519777E-13
1562.5243362985  2.583941E-13
1563.97199321904  2.834033E-13
1565.41965013958  2.825647E-13
1566.86730706012  2.404607E-13
1568.31496398065  2.268824E-13
1569.76262090119  2.367549E-13
1571.21027782173  2.423762E-13
1572.65793474226  2.280137E-13
1574.1055916628  2.167312E-13
1575.55324858334  2.172072E-13
1577.00090550387  2.104547E-13
1578.44856242441  2.235779E-13
1579.89621934495  2.238773E-13
1581.34387626548  2.067550E-13
1582.79153318602  1.942953E-13
1584.23919010656  1.888532E-13
1585.68684702709  1.911745E-13
1587.13450394763  1.924143E-13
1588.58216086817  1.744122E-13
1590.0298177887  1.810467E-13
1591.47747470924  1.854162E-13
1592.92513162978  1.882801E-13
1594.37278855031  1.867949E-13
1595.82044547085  1.953177E-13
1597.26810239139  1.829088E-13
1598.71575931192  1.783633E-13
1600.16341623246  1.775886E-13
1601.611073153  1.827045E-13
1603.05873007354  1.984808E-13
1604.50638699407  1.969607E-13
1605.95404391461  2.056585E-13
1607.40170083515  2.322587E-13
1608.84935775568  2.153336E-13
1610.29701467622  2.098327E-13
1611.74467159676  1.891242E-13
1613.19232851729  1.879099E-13
1614.63998543783  2.061675E-13
1616.08764235837  1.925743E-13
1617.5352992789  1.937045E-13
1618.98295619944  1.945036E-13
1620.43061311998  1.932023E-13
1621.87827004051  1.971154E-13
1623.32592696105  1.950763E-13
1624.77358388159  2.046058E-13
1626.22124080212  2.130131E-13
1627.66889772266  2.073043E-13
1629.1165546432  2.101693E-13
1630.56421156373  2.246964E-13
1632.01186848427  2.250736E-13
1633.45952540481  2.231193E-13
1634.90718232534  2.163715E-13
1636.35483924588  2.130490E-13
1637.80249616642  2.045066E-13
1639.25015308695  2.008961E-13
1640.69781000749  2.083125E-13
1642.14546692803  2.022560E-13
1643.59312384857  2.009905E-13
1645.0407807691  1.898219E-13
1646.48843768964  1.985463E-13
1647.93609461018  1.930316E-13
1649.38375153071  1.945621E-13
1650.83140845125  1.938003E-13
1652.27906537179  2.015920E-13
1653.72672229232  2.019496E-13
1655.17437921286  1.940611E-13
1656.6220361334  1.905792E-13
1658.06969305393  1.988562E-13
1659.51734997447  2.002405E-13
1660.96500689501  2.045674E-13
1662.41266381554  2.059843E-13
1663.86032073608  1.970984E-13
1665.30797765662  1.919113E-13
1666.75563457715  1.861198E-13
1668.20329149769  1.837092E-13
1669.65094841823  1.799460E-13
1671.09860533876  1.792064E-13
1672.5462622593  1.709109E-13
1673.99391917984  1.702708E-13
1675.44157610038  1.761362E-13
1676.88923302091  1.711619E-13
1678.33688994145  1.730054E-13
1679.78454686199  1.721306E-13
1681.23220378252  1.679303E-13
1682.67986070306  1.707459E-13
1684.1275176236  1.755067E-13
1685.57517454413  1.809026E-13
1687.02283146467  1.913736E-13
1688.47048838521  2.017971E-13
1689.91814530574  2.059284E-13
1691.36580222628  1.943588E-13
1692.81345914682  1.698744E-13
1694.26111606735  1.586692E-13
1695.70877298789  1.520748E-13
1697.15642990843  1.699536E-13
1698.60408682896  1.791638E-13
1700.0517437495  1.838743E-13
1701.49940067004  1.791620E-13
1702.94705759057  1.745617E-13
1704.39471451111  1.743848E-13
1705.84237143165  1.739627E-13
1707.29002835218  1.773920E-13
1708.73768527272  1.744501E-13
1710.18534219326  0.
1711.63299911379  0.
1713.08065603433  0.
1714.52831295487  0.
1715.97596987541  0.
1717.42362679594  0.
1718.87128371648  0.
1720.31894063702  0.
1721.76659755755  0.
1723.21425447809  0.
1724.66191139863  0.
1726.10956831916  0.
1727.5572252397  0.
1729.00488216024  0.
1730.45253908077  0.
1731.90019600131  0.
1733.34785292185  0.
1734.79550984238  0.
1736.24316676292  0.
1737.69082368346  0.
1739.13848060399  0.
1740.58613752453  0.
1742.03379444507  0.
1743.4814513656  0.
1744.92910828614  0.
1746.37676520668  0.
1747.82442212721  0.
1749.27207904775  0.
1750.71973596829  0.
1752.16739288882  0.
1753.61504980936  0.
1755.0627067299  0.
1756.51036365043  0.
1757.95802057097  0.
1759.40567749151  0.
1760.85333441205  0.
1762.30099133258  0.
1763.74864825312  0.
1765.19630517366  0.
1766.64396209419  0.
1768.09161901473  0.
1769.53927593527  0.
1770.9869328558  0.
1772.43458977634  0.
1773.88224669688  0.
1775.32990361741  0.
1776.77756053795  0.
1778.22521745849  0.
1779.67287437902  0.
1781.12053129956  0.
1782.5681882201  0.
1784.01584514063  0.
1785.46350206117  0.
1786.91115898171  0.
1788.35881590224  0.
1789.80647282278  0.
1791.25412974332  0.
1792.70178666385  0.
1794.14944358439  0.
1795.59710050493  0.
1797.04475742547  0.
1798.492414346  0.
1799.94007126654  0.
1801.38772818708  0.
1802.83538510761  0.
1804.28304202815  0.
1805.73069894869  0.
1807.17835586922  0.
1808.62601278976  0.
1810.0736697103  0.
1811.52132663083  0.
1812.96898355137  0.
1814.41664047191  0.
1815.86429739244  0.
1817.31195431298  0.
1818.75961123352  0.
1820.20726815405  0.
1821.65492507459  0.
1823.10258199513  0.
1824.55023891566  0.
1825.9978958362  0.
1827.44555275674  0.
1828.89320967727  0.
1830.34086659781  0.
1831.78852351835  0.
