906.735751295338  0.
908.183408215875  0.
909.631065136412  0.
911.078722056949  0.
912.526378977485  0.
913.974035898022  0.
915.421692818559  0.
916.869349739096  0.
918.317006659633  0.
919.764663580169  0.
921.212320500706  0.
922.659977421243  0.
924.10763434178  0.
925.555291262316  0.
927.002948182853  0.
928.45060510339  0.
929.898262023927  0.
931.345918944464  0.
932.793575865  0.
934.241232785537  0.
935.688889706074  0.
937.136546626611  0.
938.584203547148  0.
940.031860467684  0.
941.479517388221  0.
942.927174308758  0.
944.374831229295  0.
945.822488149832  0.
947.270145070369  0.
948.717801990905  0.
950.165458911442  0.
951.613115831979  0.
953.060772752515  0.
954.508429673052  0.
955.956086593589  0.
957.403743514126  0.
958.851400434663  0.
960.2990573552  0.
961.746714275736  0.
963.194371196273  0.
964.64202811681  0.
966.089685037347  0.
967.537341957883  0.
968.98499887842  0.
970.432655798957  0.
971.880312719494  0.
973.327969640031  0.
974.775626560567  0.
976.223283481104  0.
977.670940401641  0.
979.118597322178  0.
980.566254242715  0.
982.013911163251  0.
983.461568083788  0.
984.909225004325  0.
986.356881924862  0.
987.804538845399  0.
989.252195765935  0.
990.699852686472  0.
992.147509607009  0.
993.595166527546  1.095587E-12
995.042823448082  1.514979E-13
996.490480368619  3.849503E-13
997.938137289156  1.977923E-13
999.385794209693  5.014616E-13
1000.83345113023  6.696326E-13
1002.28110805077  4.393424E-13
1003.7287649713  4.682970E-13
1005.17642189184  5.205336E-13
1006.62407881238  6.003825E-13
1008.07173573291  3.920582E-13
1009.51939265345  3.767086E-13
1010.96704957399  4.954719E-13
1012.41470649452  2.604378E-13
1013.86236341506  2.567900E-13
1015.3100203356  5.424919E-13
1016.75767725613  4.395064E-13
1018.20533417667  4.759518E-13
1019.65299109721  4.406877E-13
1021.10064801775  5.221412E-13
1022.54830493828  4.133159E-13
1023.99596185882  4.760168E-13
1025.44361877936  5.839420E-13
1026.89127569989  6.156452E-13
1028.33893262043  4.493355E-13
1029.78658954097  4.700760E-13
1031.2342464615  4.895634E-13
1032.68190338204  4.084575E-13
1034.12956030258  3.751796E-13
1035.57721722311  4.333786E-13
1037.02487414365  3.943002E-13
1038.47253106419  3.998825E-13
1039.92018798472  3.267982E-13
1041.36784490526  3.295895E-13
1042.8155018258  3.058000E-13
1044.26315874633  2.729678E-13
1045.71081566687  3.357594E-13
1047.15847258741  2.725925E-13
1048.60612950794  2.800053E-13
1050.05378642848  3.796545E-13
1051.50144334902  4.515791E-13
1052.94910026955  5.517816E-13
1054.39675719009  4.432746E-13
1055.84441411063  3.687267E-13
1057.29207103116  3.572722E-13
1058.7397279517  2.863592E-13
1060.18738487224  3.374887E-13
1061.63504179277  3.584472E-13
1063.08269871331  3.680804E-13
1064.53035563385  3.159931E-13
1065.97801255439  3.122189E-13
1067.42566947492  3.963483E-13
1068.87332639546  3.440403E-13
1070.320983316  3.704337E-13
1071.76864023653  3.247952E-13
1073.21629715707  2.815081E-13
1074.66395407761  3.502135E-13
1076.11161099814  3.070323E-13
1077.55926791868  3.332901E-13
1079.00692483922  3.532883E-13
1080.45458175975  2.822727E-13
1081.90223868029  2.955148E-13
1083.34989560083  2.987088E-13
1084.79755252136  2.265613E-13
1086.2452094419  2.109181E-13
1087.69286636244  2.488043E-13
1089.14052328297  2.542701E-13
1090.58818020351  2.827135E-13
1092.03583712405  2.482813E-13
1093.48349404458  2.497894E-13
1094.93115096512  2.643526E-13
1096.37880788566  2.416345E-13
1097.82646480619  2.762752E-13
1099.27412172673  2.751969E-13
1100.72177864727  2.837528E-13
1102.1694355678  2.836631E-13
1103.61709248834  3.328950E-13
1105.06474940888  2.843801E-13
1106.51240632942  2.648058E-13
1107.96006324995  3.286924E-13
1109.40772017049  3.008722E-13
1110.85537709103  2.730185E-13
1112.30303401156  2.830465E-13
1113.7506909321  3.153230E-13
1115.19834785264  3.032186E-13
1116.64600477317  2.947625E-13
1118.09366169371  2.980194E-13
1119.54131861425  2.773102E-13
1120.98897553478  2.451521E-13
1122.43663245532  2.158551E-13
1123.88428937586  2.452185E-13
1125.33194629639  2.630870E-13
1126.77960321693  2.934300E-13
1128.22726013747  2.908818E-13
1129.674917058  2.718008E-13
1131.12257397854  2.604209E-13
1132.57023089908  2.864340E-13
1134.01788781961  2.712934E-13
1135.46554474015  2.910146E-13
1136.91320166069  2.729989E-13
1138.36085858122  2.668327E-13
1139.80851550176  2.524663E-13
1141.2561724223  2.333993E-13
1142.70382934284  2.696070E-13
1144.15148626337  2.766288E-13
1145.59914318391  2.771026E-13
1147.04680010445  2.423122E-13
1148.49445702498  2.409087E-13
1149.94211394552  1.924348E-13
1151.38977086606  2.564430E-13
1152.83742778659  2.719117E-13
1154.28508470713  2.845008E-13
1155.73274162767  2.756655E-13
1157.1803985482  2.419223E-13
1158.62805546874  2.414021E-13
1160.07571238928  2.760527E-13
1161.52336930981  2.886916E-13
1162.97102623035  2.701927E-13
1164.41868315089  2.602549E-13
1165.86634007142  2.718025E-13
1167.31399699196  3.086233E-13
1168.7616539125  3.202211E-13
1170.20931083303  3.080107E-13
1171.65696775357  2.915706E-13
1173.10462467411  3.082506E-13
1174.55228159464  3.462126E-13
1175.99993851518  3.209184E-13
1177.44759543572  3.559297E-13
1178.89525235625  3.257423E-13
1180.34290927679  3.243594E-13
1181.79056619733  2.979613E-13
1183.23822311787  3.255694E-13
1184.6858800384  3.375858E-13
1186.13353695894  3.534675E-13
1187.58119387948  4.132996E-13
1189.02885080001  4.105343E-13
1190.47650772055  4.522571E-13
1191.92416464109  4.558577E-13
1193.37182156162  4.766625E-13
1194.81947848216  4.618167E-13
1196.2671354027  4.685717E-13
1197.71479232323  4.473038E-13
1199.16244924377  4.638352E-13
1200.61010616431  4.752795E-13
1202.05776308484  6.289600E-13
1203.50542000538  6.380438E-13
1204.95307692592  7.154716E-13
1206.40073384645  7.437408E-13
1207.84839076699  8.461607E-13
1209.29604768753  9.639011E-13
1210.74370460806  1.031053E-12
1212.1913615286  7.577836E-13
1213.63901844914  1.072114E-12
1215.08667536967  9.683032E-13
1216.53433229021  8.340207E-13
1217.98198921075  8.308030E-13
1219.42964613129  6.842059E-13
1220.87730305182  6.746845E-13
1222.32495997236  4.472625E-13
1223.7726168929  4.739282E-13
1225.22027381343  4.707681E-13
1226.66793073397  4.767279E-13
1228.11558765451  4.206853E-13
1229.56324457504  4.501474E-13
1231.01090149558  4.047722E-13
1232.45855841612  4.504258E-13
1233.90621533665  4.130859E-13
1235.35387225719  3.943050E-13
1236.80152917773  4.547960E-13
1238.24918609826  4.750251E-13
1239.6968430188  4.406839E-13
1241.14449993934  3.929994E-13
1242.59215685987  3.677823E-13
1244.03981378041  3.470497E-13
1245.48747070095  3.066650E-13
1246.93512762148  3.545782E-13
1248.38278454202  3.163667E-13
1249.83044146256  3.256819E-13
1251.27809838309  3.090762E-13
1252.72575530363  3.177595E-13
1254.17341222417  3.462924E-13
1255.62106914471  3.235533E-13
1257.06872606524  3.090278E-13
1258.51638298578  3.069782E-13
1259.96403990632  3.048032E-13
1261.41169682685  2.825522E-13
1262.85935374739  2.954279E-13
1264.30701066793  2.286888E-13
1265.75466758846  2.536940E-13
1267.202324509  2.362308E-13
1268.64998142954  2.499912E-13
1270.09763835007  2.170809E-13
1271.54529527061  1.850643E-13
1272.99295219115  2.052310E-13
1274.44060911168  2.379124E-13
1275.88826603222  2.340911E-13
1277.33592295276  2.448713E-13
1278.78357987329  2.291897E-13
1280.23123679383  2.154423E-13
1281.67889371437  2.271518E-13
1283.1265506349  2.051123E-13
1284.57420755544  1.984497E-13
1286.02186447598  2.590216E-13
1287.46952139651  2.440656E-13
1288.91717831705  2.453020E-13
1290.36483523759  2.512536E-13
1291.81249215812  2.410074E-13
1293.26014907866  2.382633E-13
1294.7078059992  2.390635E-13
1296.15546291974  2.498414E-13
1297.60311984027  2.591105E-13
1299.05077676081  2.675188E-13
1300.49843368135  2.560485E-13
1301.94609060188  2.557956E-13
1303.39374752242  2.603631E-13
1304.84140444296  2.162934E-13
1306.28906136349  2.382239E-13
1307.73671828403  2.239214E-13
1309.18437520457  2.605841E-13
1310.6320321251  2.253052E-13
1312.07968904564  2.250768E-13
1313.52734596618  2.211896E-13
1314.97500288671  2.077567E-13
1316.42265980725  2.032123E-13
1317.87031672779  1.990081E-13
1319.31797364832  2.098493E-13
1320.76563056886  2.104866E-13
1322.2132874894  2.325265E-13
1323.66094440993  2.463701E-13
1325.10860133047  2.063568E-13
1326.55625825101  2.432298E-13
1328.00391517154  2.795630E-13
1329.45157209208  2.405807E-13
1330.89922901262  1.992514E-13
1332.34688593315  1.921035E-13
1333.79454285369  1.978798E-13
1335.24219977423  1.975210E-13
1336.68985669477  2.048650E-13
1338.1375136153  2.489227E-13
1339.58517053584  2.356467E-13
1341.03282745638  2.440139E-13
1342.48048437691  2.253482E-13
1343.92814129745  2.018451E-13
1345.37579821799  1.970910E-13
1346.82345513852  2.041772E-13
1348.27111205906  2.112462E-13
1349.7187689796  2.319930E-13
1351.16642590013  2.286654E-13
1352.61408282067  2.428339E-13
1354.06173974121  2.169477E-13
1355.50939666174  2.205814E-13
1356.95705358228  2.247872E-13
1358.40471050282  2.127837E-13
1359.85236742335  2.469167E-13
1361.30002434389  2.477094E-13
1362.74768126443  2.263815E-13
1364.19533818496  2.418749E-13
1365.6429951055  2.152827E-13
1367.09065202604  2.094196E-13
1368.53830894657  2.192197E-13
1369.98596586711  2.548380E-13
1371.43362278765  2.255643E-13
1372.88127970819  2.159930E-13
1374.32893662872  1.904037E-13
1375.77659354926  2.200070E-13
1377.2242504698  2.405358E-13
1378.67190739033  2.339750E-13
1380.11956431087  2.051796E-13
1381.56722123141  2.653892E-13
1383.01487815194  2.279210E-13
1384.46253507248  2.157911E-13
1385.91019199302  1.801957E-13
1387.35784891355  2.334356E-13
1388.80550583409  2.435087E-13
1390.25316275463  2.529060E-13
1391.70081967516  2.365887E-13
1393.1484765957  2.709204E-13
1394.59613351624  2.627343E-13
1396.04379043677  2.574324E-13
1397.49144735731  3.152628E-13
1398.93910427785  2.658823E-13
1400.38676119838  2.239482E-13
1401.83441811892  2.479644E-13
1403.28207503946  2.526362E-13
1404.72973195999  2.364919E-13
1406.17738888053  2.290922E-13
1407.62504580107  2.485333E-13
1409.0727027216  2.524131E-13
1410.52035964214  2.424637E-13
1411.96801656268  2.372482E-13
1413.41567348322  2.235615E-13
1414.86333040375  2.261313E-13
1416.31098732429  2.105268E-13
1417.75864424483  2.310229E-13
1419.20630116536  2.170953E-13
1420.6539580859  2.458032E-13
1422.10161500644  2.759913E-13
1423.54927192697  2.303273E-13
1424.99692884751  1.816974E-13
1426.44458576805  1.855474E-13
1427.89224268858  1.964745E-13
1429.33989960912  2.010621E-13
1430.78755652966  2.115883E-13
1432.23521345019  2.081395E-13
1433.68287037073  1.981513E-13
1435.13052729127  1.955878E-13
1436.5781842118  1.859317E-13
1438.02584113234  2.005149E-13
1439.47349805288  2.007097E-13
1440.92115497341  2.092583E-13
1442.36881189395  1.918408E-13
1443.81646881449  1.624643E-13
1445.26412573502  2.048755E-13
1446.71178265556  2.010872E-13
1448.1594395761  1.737717E-13
1449.60709649664  1.700338E-13
1451.05475341717  1.818703E-13
1452.50241033771  1.735314E-13
1453.95006725825  1.847662E-13
1455.39772417878  1.666676E-13
1456.84538109932  1.656998E-13
1458.29303801986  1.727405E-13
1459.74069494039  1.715239E-13
1461.18835186093  1.998698E-13
1462.63600878147  1.898399E-13
1464.083665702  2.079734E-13
1465.53132262254  2.019330E-13
1466.97897954308  2.012740E-13
1468.42663646361  2.148263E-13
1469.87429338415  1.908636E-13
1471.32195030469  1.726082E-13
1472.76960722522  1.854736E-13
1474.21726414576  1.837252E-13
1475.6649210663  1.984368E-13
1477.11257798683  2.064922E-13
1478.56023490737  1.865181E-13
1480.00789182791  2.041828E-13
1481.45554874844  2.084302E-13
1482.90320566898  2.149069E-13
1484.35086258952  2.359334E-13
1485.79851951005  2.251572E-13
1487.24617643059  2.185183E-13
1488.69383335113  2.047136E-13
1490.14149027167  1.814412E-13
1491.5891471922  1.940315E-13
1493.03680411274  2.019365E-13
1494.48446103328  2.048378E-13
1495.93211795381  2.144034E-13
1497.37977487435  2.010244E-13
1498.82743179489  2.180733E-13
1500.27508871542  2.337282E-13
1501.72274563596  2.373714E-13
1503.1704025565  2.297042E-13
1504.61805947703  2.325507E-13
1506.06571639757  2.294288E-13
1507.51337331811  2.130732E-13
1508.96103023864  2.007709E-13
1510.40868715918  2.066332E-13
1511.85634407972  2.262432E-13
1513.30400100025  2.487434E-13
1514.75165792079  2.531053E-13
1516.19931484133  2.414635E-13
1517.64697176186  2.538446E-13
1519.0946286824  2.668720E-13
1520.54228560294  2.777554E-13
1521.98994252347  2.457710E-13
1523.43759944401  2.514847E-13
1524.88525636455  2.420047E-13
1526.33291328509  2.368557E-13
1527.78057020562  2.613746E-13
1529.22822712616  2.799398E-13
1530.6758840467  2.943815E-13
1532.12354096723  2.945697E-13
1533.57119788777  3.357983E-13
1535.01885480831  3.419892E-13
1536.46651172884  3.653456E-13
1537.91416864938  3.890723E-13
1539.36182556992  3.907886E-13
1540.80948249045  4.431512E-13
1542.25713941099  4.324575E-13
1543.70479633153  4.244499E-13
1545.15245325206  4.345831E-13
1546.6001101726  4.168323E-13
1548.04776709314  3.812851E-13
1549.49542401367  3.583844E-13
1550.94308093421  3.537218E-13
1552.39073785475  3.475137E-13
1553.83839477528  3.402315E-13
1555.28605169582  3.072952E-13
1556.73370861636  2.802033E-13
1558.18136553689  2.687225E-13
1559.62902245743  2.693254E-13
1561.07667937797  2.569109E-13
1562.5243362985  2.480696E-13
1563.97199321904  2.433811E-13
1565.41965013958  2.351485E-13
1566.86730706012  2.255327E-13
1568.31496398065  2.145965E-13
1569.76262090119  2.106918E-13
1571.21027782173  2.096822E-13
1572.65793474226  2.207138E-13
1574.1055916628  1.908114E-13
1575.55324858334  1.912269E-13
1577.00090550387  2.127445E-13
1578.44856242441  1.945887E-13
1579.89621934495  2.035156E-13
1581.34387626548  2.080491E-13
1582.79153318602  2.063661E-13
1584.23919010656  2.193895E-13
1585.68684702709  1.984352E-13
1587.13450394763  1.950591E-13
1588.58216086817  1.831609E-13
1590.0298177887  1.767749E-13
1591.47747470924  2.028741E-13
1592.92513162978  2.076575E-13
1594.37278855031  2.122678E-13
1595.82044547085  2.110039E-13
1597.26810239139  2.101169E-13
1598.71575931192  1.998958E-13
1600.16341623246  2.063101E-13
1601.611073153  2.031752E-13
1603.05873007354  2.072847E-13
1604.50638699407  2.158344E-13
1605.95404391461  1.946930E-13
1607.40170083515  2.054328E-13
1608.84935775568  2.051631E-13
1610.29701467622  2.145753E-13
1611.74467159676  2.083801E-13
1613.19232851729  1.936526E-13
1614.63998543783  1.954657E-13
1616.08764235837  1.907249E-13
1617.5352992789  1.977050E-13
1618.98295619944  1.987623E-13
1620.43061311998  1.890489E-13
1621.87827004051  1.921096E-13
1623.32592696105  1.839423E-13
1624.77358388159  1.991609E-13
1626.22124080212  2.175006E-13
1627.66889772266  2.113524E-13
1629.1165546432  2.078649E-13
1630.56421156373  2.188255E-13
1632.01186848427  2.171947E-13
1633.45952540481  2.202933E-13
1634.90718232534  2.216298E-13
1636.35483924588  2.040677E-13
1637.80249616642  1.937717E-13
1639.25015308695  2.062290E-13
1640.69781000749  2.006682E-13
1642.14546692803  1.856556E-13
1643.59312384857  1.899584E-13
1645.0407807691  1.886697E-13
1646.48843768964  1.912056E-13
1647.93609461018  1.872703E-13
1649.38375153071  1.777577E-13
1650.83140845125  1.799863E-13
1652.27906537179  1.829544E-13
1653.72672229232  1.942834E-13
1655.17437921286  1.861174E-13
1656.6220361334  1.848014E-13
1658.06969305393  1.931473E-13
1659.51734997447  1.945678E-13
1660.96500689501  1.986846E-13
1662.41266381554  1.993064E-13
1663.86032073608  1.960268E-13
1665.30797765662  1.968140E-13
1666.75563457715  1.879822E-13
1668.20329149769  1.670930E-13
1669.65094841823  1.675569E-13
1671.09860533876  1.626465E-13
1672.5462622593  1.757091E-13
1673.99391917984  1.733998E-13
1675.44157610038  1.706678E-13
1676.88923302091  1.728025E-13
1678.33688994145  1.681450E-13
1679.78454686199  1.690273E-13
1681.23220378252  1.704667E-13
1682.67986070306  1.648813E-13
1684.1275176236  1.643689E-13
1685.57517454413  1.527167E-13
1687.02283146467  1.623100E-13
1688.47048838521  1.742098E-13
1689.91814530574  1.725436E-13
1691.36580222628  1.784617E-13
1692.81345914682  1.725655E-13
1694.26111606735  1.691919E-13
1695.70877298789  1.640658E-13
1697.15642990843  1.643878E-13
1698.60408682896  1.644962E-13
1700.0517437495  1.684809E-13
1701.49940067004  1.694010E-13
1702.94705759057  1.758261E-13
1704.39471451111  1.703993E-13
1705.84237143165  1.665574E-13
1707.29002835218  1.665672E-13
1708.73768527272  1.631901E-13
1710.18534219326  0.
1711.63299911379  0.
1713.08065603433  0.
1714.52831295487  0.
1715.97596987541  0.
1717.42362679594  0.
1718.87128371648  0.
1720.31894063702  0.
1721.76659755755  0.
1723.21425447809  0.
1724.66191139863  0.
1726.10956831916  0.
1727.5572252397  0.
1729.00488216024  0.
1730.45253908077  0.
1731.90019600131  0.
1733.34785292185  0.
1734.79550984238  0.
1736.24316676292  0.
1737.69082368346  0.
1739.13848060399  0.
1740.58613752453  0.
1742.03379444507  0.
1743.4814513656  0.
1744.92910828614  0.
1746.37676520668  0.
1747.82442212721  0.
1749.27207904775  0.
1750.71973596829  0.
1752.16739288882  0.
1753.61504980936  0.
1755.0627067299  0.
1756.51036365043  0.
1757.95802057097  0.
1759.40567749151  0.
1760.85333441205  0.
1762.30099133258  0.
1763.74864825312  0.
1765.19630517366  0.
1766.64396209419  0.
1768.09161901473  0.
1769.53927593527  0.
1770.9869328558  0.
1772.43458977634  0.
1773.88224669688  0.
1775.32990361741  0.
1776.77756053795  0.
1778.22521745849  0.
1779.67287437902  0.
1781.12053129956  0.
1782.5681882201  0.
1784.01584514063  0.
1785.46350206117  0.
1786.91115898171  0.
1788.35881590224  0.
1789.80647282278  0.
1791.25412974332  0.
1792.70178666385  0.
1794.14944358439  0.
1795.59710050493  0.
1797.04475742547  0.
1798.492414346  0.
1799.94007126654  0.
1801.38772818708  0.
1802.83538510761  0.
1804.28304202815  0.
1805.73069894869  0.
1807.17835586922  0.
1808.62601278976  0.
1810.0736697103  0.
1811.52132663083  0.
1812.96898355137  0.
1814.41664047191  0.
1815.86429739244  0.
1817.31195431298  0.
1818.75961123352  0.
1820.20726815405  0.
1821.65492507459  0.
1823.10258199513  0.
1824.55023891566  0.
1825.9978958362  0.
1827.44555275674  0.
1828.89320967727  0.
1830.34086659781  0.
1831.78852351835  0.
