906.735751295338  0.
908.183408215875  0.
909.631065136412  0.
911.078722056949  0.
912.526378977485  0.
913.974035898022  0.
915.421692818559  0.
916.869349739096  0.
918.317006659633  0.
919.764663580169  0.
921.212320500706  0.
922.659977421243  0.
924.10763434178  0.
925.555291262316  0.
927.002948182853  0.
928.45060510339  0.
929.898262023927  0.
931.345918944464  0.
932.793575865  0.
934.241232785537  0.
935.688889706074  0.
937.136546626611  0.
938.584203547148  0.
940.031860467684  0.
941.479517388221  0.
942.927174308758  0.
944.374831229295  0.
945.822488149832  0.
947.270145070369  0.
948.717801990905  0.
950.165458911442  0.
951.613115831979  0.
953.060772752515  0.
954.508429673052  0.
955.956086593589  0.
957.403743514126  0.
958.851400434663  0.
960.2990573552  0.
961.746714275736  0.
963.194371196273  0.
964.64202811681  0.
966.089685037347  0.
967.537341957883  0.
968.98499887842  0.
970.432655798957  0.
971.880312719494  0.
973.327969640031  0.
974.775626560567  0.
976.223283481104  0.
977.670940401641  0.
979.118597322178  0.
980.566254242715  0.
982.013911163251  0.
983.461568083788  0.
984.909225004325  0.
986.356881924862  0.
987.804538845399  0.
989.252195765935  0.
990.699852686472  0.
992.147509607009  0.
993.595166527546  5.526392E-13
995.042823448082  3.529254E-13
996.490480368619  6.192542E-13
997.938137289156  5.983239E-13
999.385794209693  6.447175E-13
1000.83345113023  6.800040E-13
1002.28110805077  4.462225E-13
1003.7287649713  5.949582E-13
1005.17642189184  6.057114E-13
1006.62407881238  5.184511E-13
1008.07173573291  4.426748E-13
1009.51939265345  4.452533E-13
1010.96704957399  4.895782E-13
1012.41470649452  4.562493E-13
1013.86236341506  4.052576E-13
1015.3100203356  4.837964E-13
1016.75767725613  5.309929E-13
1018.20533417667  5.746855E-13
1019.65299109721  4.979989E-13
1021.10064801775  5.169620E-13
1022.54830493828  5.106093E-13
1023.99596185882  5.151285E-13
1025.44361877936  5.664336E-13
1026.89127569989  5.212036E-13
1028.33893262043  4.891646E-13
1029.78658954097  5.577017E-13
1031.2342464615  5.120265E-13
1032.68190338204  4.935126E-13
1034.12956030258  4.599581E-13
1035.57721722311  4.578737E-13
1037.02487414365  4.177294E-13
1038.47253106419  4.131468E-13
1039.92018798472  3.807498E-13
1041.36784490526  3.389510E-13
1042.8155018258  3.939698E-13
1044.26315874633  3.572010E-13
1045.71081566687  3.211108E-13
1047.15847258741  4.574178E-13
1048.60612950794  4.587671E-13
1050.05378642848  4.218523E-13
1051.50144334902  4.867428E-13
1052.94910026955  6.108033E-13
1054.39675719009  4.770233E-13
1055.84441411063  3.622859E-13
1057.29207103116  3.647695E-13
1058.7397279517  3.493124E-13
1060.18738487224  3.731541E-13
1061.63504179277  3.510477E-13
1063.08269871331  3.447084E-13
1064.53035563385  3.660316E-13
1065.97801255439  3.783489E-13
1067.42566947492  3.626148E-13
1068.87332639546  3.535521E-13
1070.320983316  3.425579E-13
1071.76864023653  3.452748E-13
1073.21629715707  3.366645E-13
1074.66395407761  3.311706E-13
1076.11161099814  3.562487E-13
1077.55926791868  3.639334E-13
1079.00692483922  3.048646E-13
1080.45458175975  3.282639E-13
1081.90223868029  3.100051E-13
1083.34989560083  3.225826E-13
1084.79755252136  2.952333E-13
1086.2452094419  2.617745E-13
1087.69286636244  2.880677E-13
1089.14052328297  2.865424E-13
1090.58818020351  3.028938E-13
1092.03583712405  3.041346E-13
1093.48349404458  2.922630E-13
1094.93115096512  3.160830E-13
1096.37880788566  2.903549E-13
1097.82646480619  3.213816E-13
1099.27412172673  2.682874E-13
1100.72177864727  2.721442E-13
1102.1694355678  3.210911E-13
1103.61709248834  2.893993E-13
1105.06474940888  3.082297E-13
1106.51240632942  3.032714E-13
1107.96006324995  2.907504E-13
1109.40772017049  3.056406E-13
1110.85537709103  3.223837E-13
1112.30303401156  3.289217E-13
1113.7506909321  3.327934E-13
1115.19834785264  3.128282E-13
1116.64600477317  3.133748E-13
1118.09366169371  3.203579E-13
1119.54131861425  2.935382E-13
1120.98897553478  2.552370E-13
1122.43663245532  2.697861E-13
1123.88428937586  2.917295E-13
1125.33194629639  2.701903E-13
1126.77960321693  2.852039E-13
1128.22726013747  3.155868E-13
1129.674917058  3.059453E-13
1131.12257397854  3.020222E-13
1132.57023089908  2.999910E-13
1134.01788781961  3.108733E-13
1135.46554474015  3.093826E-13
1136.91320166069  3.430502E-13
1138.36085858122  2.942022E-13
1139.80851550176  3.135363E-13
1141.2561724223  2.563124E-13
1142.70382934284  2.885574E-13
1144.15148626337  2.794370E-13
1145.59914318391  2.755927E-13
1147.04680010445  2.820572E-13
1148.49445702498  3.143268E-13
1149.94211394552  2.653280E-13
1151.38977086606  3.393193E-13
1152.83742778659  3.133308E-13
1154.28508470713  2.937946E-13
1155.73274162767  3.163530E-13
1157.1803985482  2.902083E-13
1158.62805546874  3.155524E-13
1160.07571238928  3.149215E-13
1161.52336930981  2.995465E-13
1162.97102623035  2.875379E-13
1164.41868315089  3.241149E-13
1165.86634007142  3.600497E-13
1167.31399699196  3.532562E-13
1168.7616539125  3.269035E-13
1170.20931083303  3.756933E-13
1171.65696775357  3.243864E-13
1173.10462467411  3.529093E-13
1174.55228159464  3.618786E-13
1175.99993851518  3.799957E-13
1177.44759543572  3.377042E-13
1178.89525235625  3.661760E-13
1180.34290927679  3.201353E-13
1181.79056619733  3.534558E-13
1183.23822311787  3.724289E-13
1184.6858800384  3.664442E-13
1186.13353695894  3.453275E-13
1187.58119387948  3.917257E-13
1189.02885080001  3.994436E-13
1190.47650772055  4.079750E-13
1191.92416464109  4.805907E-13
1193.37182156162  5.119939E-13
1194.81947848216  5.096567E-13
1196.2671354027  5.630291E-13
1197.71479232323  5.404828E-13
1199.16244924377  5.047090E-13
1200.61010616431  6.115415E-13
1202.05776308484  6.014838E-13
1203.50542000538  6.471658E-13
1204.95307692592  6.803718E-13
1206.40073384645  7.553809E-13
1207.84839076699  1.049329E-12
1209.29604768753  9.843623E-13
1210.74370460806  9.811815E-13
1212.1913615286  1.083351E-12
1213.63901844914  1.230182E-12
1215.08667536967  1.095483E-12
1216.53433229021  1.007167E-12
1217.98198921075  8.819928E-13
1219.42964613129  7.955527E-13
1220.87730305182  6.985191E-13
1222.32495997236  6.351734E-13
1223.7726168929  5.545876E-13
1225.22027381343  5.223249E-13
1226.66793073397  5.657683E-13
1228.11558765451  4.394404E-13
1229.56324457504  4.802374E-13
1231.01090149558  4.752209E-13
1232.45855841612  4.527720E-13
1233.90621533665  4.879094E-13
1235.35387225719  4.001123E-13
1236.80152917773  4.552717E-13
1238.24918609826  4.774701E-13
1239.6968430188  4.285832E-13
1241.14449993934  4.402363E-13
1242.59215685987  4.191002E-13
1244.03981378041  4.011909E-13
1245.48747070095  3.738101E-13
1246.93512762148  3.720755E-13
1248.38278454202  3.468989E-13
1249.83044146256  3.631578E-13
1251.27809838309  3.503618E-13
1252.72575530363  3.038796E-13
1254.17341222417  3.396925E-13
1255.62106914471  3.329381E-13
1257.06872606524  3.039150E-13
1258.51638298578  2.922292E-13
1259.96403990632  3.359863E-13
1261.41169682685  3.403495E-13
1262.85935374739  3.387326E-13
1264.30701066793  3.175725E-13
1265.75466758846  2.771869E-13
1267.202324509  2.598770E-13
1268.64998142954  2.856187E-13
1270.09763835007  2.770134E-13
1271.54529527061  2.601681E-13
1272.99295219115  2.425494E-13
1274.44060911168  2.484750E-13
1275.88826603222  2.619448E-13
1277.33592295276  2.544137E-13
1278.78357987329  2.664884E-13
1280.23123679383  2.566995E-13
1281.67889371437  2.651925E-13
1283.1265506349  2.386136E-13
1284.57420755544  2.203127E-13
1286.02186447598  2.166540E-13
1287.46952139651  3.009551E-13
1288.91717831705  2.706642E-13
1290.36483523759  2.678787E-13
1291.81249215812  2.530271E-13
1293.26014907866  2.587527E-13
1294.7078059992  2.565330E-13
1296.15546291974  2.557015E-13
1297.60311984027  2.595154E-13
1299.05077676081  2.462927E-13
1300.49843368135  2.779585E-13
1301.94609060188  2.411246E-13
1303.39374752242  2.787426E-13
1304.84140444296  2.580765E-13
1306.28906136349  2.419202E-13
1307.73671828403  2.438114E-13
1309.18437520457  2.472651E-13
1310.6320321251  2.397060E-13
1312.07968904564  2.324688E-13
1313.52734596618  2.353227E-13
1314.97500288671  2.241024E-13
1316.42265980725  2.252781E-13
1317.87031672779  2.180327E-13
1319.31797364832  2.269030E-13
1320.76563056886  2.358963E-13
1322.2132874894  2.360734E-13
1323.66094440993  2.259798E-13
1325.10860133047  2.391454E-13
1326.55625825101  2.500733E-13
1328.00391517154  2.364665E-13
1329.45157209208  2.350159E-13
1330.89922901262  2.491180E-13
1332.34688593315  2.321603E-13
1333.79454285369  2.211580E-13
1335.24219977423  1.969917E-13
1336.68985669477  2.083517E-13
1338.1375136153  2.022270E-13
1339.58517053584  2.460943E-13
1341.03282745638  2.472190E-13
1342.48048437691  2.499806E-13
1343.92814129745  2.357476E-13
1345.37579821799  2.375811E-13
1346.82345513852  2.222940E-13
1348.27111205906  2.026462E-13
1349.7187689796  2.172462E-13
1351.16642590013  2.095930E-13
1352.61408282067  2.234457E-13
1354.06173974121  2.324247E-13
1355.50939666174  2.475685E-13
1356.95705358228  2.331445E-13
1358.40471050282  2.167331E-13
1359.85236742335  2.126067E-13
1361.30002434389  2.272960E-13
1362.74768126443  2.407418E-13
1364.19533818496  2.330319E-13
1365.6429951055  2.331722E-13
1367.09065202604  2.325174E-13
1368.53830894657  2.367648E-13
1369.98596586711  2.337116E-13
1371.43362278765  2.401235E-13
1372.88127970819  2.348497E-13
1374.32893662872  2.328603E-13
1375.77659354926  2.609690E-13
1377.2242504698  2.574489E-13
1378.67190739033  2.161425E-13
1380.11956431087  2.178690E-13
1381.56722123141  2.388480E-13
1383.01487815194  2.457603E-13
1384.46253507248  2.284027E-13
1385.91019199302  2.471383E-13
1387.35784891355  2.355856E-13
1388.80550583409  2.474120E-13
1390.25316275463  2.732389E-13
1391.70081967516  2.750939E-13
1393.1484765957  2.732531E-13
1394.59613351624  2.805045E-13
1396.04379043677  2.801110E-13
1397.49144735731  2.775627E-13
1398.93910427785  2.772976E-13
1400.38676119838  3.028720E-13
1401.83441811892  2.769777E-13
1403.28207503946  2.835935E-13
1404.72973195999  2.626060E-13
1406.17738888053  2.374722E-13
1407.62504580107  2.529648E-13
1409.0727027216  2.479223E-13
1410.52035964214  2.411006E-13
1411.96801656268  2.246468E-13
1413.41567348322  2.309292E-13
1414.86333040375  2.267277E-13
1416.31098732429  2.308375E-13
1417.75864424483  2.478517E-13
1419.20630116536  2.164978E-13
1420.6539580859  2.280018E-13
1422.10161500644  2.286609E-13
1423.54927192697  2.112948E-13
1424.99692884751  2.116247E-13
1426.44458576805  2.173483E-13
1427.89224268858  1.936666E-13
1429.33989960912  2.123371E-13
1430.78755652966  1.894669E-13
1432.23521345019  1.910759E-13
1433.68287037073  1.967071E-13
1435.13052729127  2.039847E-13
1436.5781842118  1.892090E-13
1438.02584113234  2.002479E-13
1439.47349805288  2.134157E-13
1440.92115497341  2.039783E-13
1442.36881189395  1.908359E-13
1443.81646881449  1.815598E-13
1445.26412573502  2.190105E-13
1446.71178265556  2.081912E-13
1448.1594395761  2.038797E-13
1449.60709649664  1.898839E-13
1451.05475341717  1.892334E-13
1452.50241033771  1.998208E-13
1453.95006725825  1.952436E-13
1455.39772417878  1.931029E-13
1456.84538109932  1.950542E-13
1458.29303801986  2.126353E-13
1459.74069494039  2.000170E-13
1461.18835186093  2.027456E-13
1462.63600878147  2.024792E-13
1464.083665702  2.178371E-13
1465.53132262254  2.000489E-13
1466.97897954308  1.979672E-13
1468.42663646361  2.000491E-13
1469.87429338415  2.068694E-13
1471.32195030469  2.051852E-13
1472.76960722522  2.178842E-13
1474.21726414576  1.910197E-13
1475.6649210663  1.930818E-13
1477.11257798683  1.956977E-13
1478.56023490737  1.939424E-13
1480.00789182791  1.863672E-13
1481.45554874844  2.168828E-13
1482.90320566898  2.165950E-13
1484.35086258952  2.044699E-13
1485.79851951005  1.880392E-13
1487.24617643059  1.928078E-13
1488.69383335113  2.089507E-13
1490.14149027167  2.117650E-13
1491.5891471922  2.090642E-13
1493.03680411274  2.014724E-13
1494.48446103328  2.155258E-13
1495.93211795381  2.226513E-13
1497.37977487435  2.165979E-13
1498.82743179489  2.062607E-13
1500.27508871542  2.220393E-13
1501.72274563596  2.453390E-13
1503.1704025565  2.153514E-13
1504.61805947703  2.075731E-13
1506.06571639757  2.222754E-13
1507.51337331811  2.045131E-13
1508.96103023864  2.017209E-13
1510.40868715918  2.180818E-13
1511.85634407972  2.222340E-13
1513.30400100025  2.091933E-13
1514.75165792079  2.265089E-13
1516.19931484133  2.413373E-13
1517.64697176186  2.364588E-13
1519.0946286824  2.263699E-13
1520.54228560294  2.614172E-13
1521.98994252347  2.358357E-13
1523.43759944401  2.775112E-13
1524.88525636455  2.898120E-13
1526.33291328509  2.610725E-13
1527.78057020562  2.620547E-13
1529.22822712616  2.826422E-13
1530.6758840467  2.764758E-13
1532.12354096723  2.947000E-13
1533.57119788777  3.282680E-13
1535.01885480831  3.607896E-13
1536.46651172884  3.911360E-13
1537.91416864938  4.134417E-13
1539.36182556992  4.181271E-13
1540.80948249045  4.067291E-13
1542.25713941099  3.954753E-13
1543.70479633153  4.186194E-13
1545.15245325206  4.301892E-13
1546.6001101726  4.152710E-13
1548.04776709314  4.428052E-13
1549.49542401367  3.865240E-13
1550.94308093421  3.729759E-13
1552.39073785475  2.631441E-13
1553.83839477528  3.423097E-13
1555.28605169582  3.074630E-13
1556.73370861636  3.140139E-13
1558.18136553689  2.707402E-13
1559.62902245743  2.890557E-13
1561.07667937797  2.696807E-13
1562.5243362985  2.122733E-13
1563.97199321904  2.808102E-13
1565.41965013958  2.328590E-13
1566.86730706012  2.255469E-13
1568.31496398065  2.240654E-13
1569.76262090119  2.170627E-13
1571.21027782173  1.908014E-13
1572.65793474226  1.974236E-13
1574.1055916628  2.054144E-13
1575.55324858334  1.870013E-13
1577.00090550387  1.775747E-13
1578.44856242441  2.051221E-13
1579.89621934495  2.053254E-13
1581.34387626548  1.771033E-13
1582.79153318602  1.866544E-13
1584.23919010656  2.113649E-13
1585.68684702709  1.955994E-13
1587.13450394763  1.861840E-13
1588.58216086817  1.990142E-13
1590.0298177887  2.078534E-13
1591.47747470924  2.013601E-13
1592.92513162978  1.872187E-13
1594.37278855031  2.032614E-13
1595.82044547085  1.914621E-13
1597.26810239139  1.782733E-13
1598.71575931192  1.909332E-13
1600.16341623246  1.826476E-13
1601.611073153  1.963243E-13
1603.05873007354  2.027222E-13
1604.50638699407  1.956965E-13
1605.95404391461  1.963230E-13
1607.40170083515  1.916501E-13
1608.84935775568  1.961746E-13
1610.29701467622  2.058843E-13
1611.74467159676  1.945815E-13
1613.19232851729  1.870071E-13
1614.63998543783  2.067631E-13
1616.08764235837  2.113019E-13
1617.5352992789  2.066585E-13
1618.98295619944  1.939793E-13
1620.43061311998  2.064514E-13
1621.87827004051  2.197469E-13
1623.32592696105  2.178905E-13
1624.77358388159  2.071547E-13
1626.22124080212  2.123443E-13
1627.66889772266  2.225567E-13
1629.1165546432  2.088978E-13
1630.56421156373  2.197317E-13
1632.01186848427  2.212420E-13
1633.45952540481  2.206835E-13
1634.90718232534  2.329418E-13
1636.35483924588  2.212923E-13
1637.80249616642  2.221578E-13
1639.25015308695  2.063353E-13
1640.69781000749  2.094592E-13
1642.14546692803  2.190741E-13
1643.59312384857  1.951220E-13
1645.0407807691  2.149559E-13
1646.48843768964  2.274554E-13
1647.93609461018  2.115377E-13
1649.38375153071  2.142698E-13
1650.83140845125  2.087514E-13
1652.27906537179  2.091438E-13
1653.72672229232  2.101825E-13
1655.17437921286  2.093575E-13
1656.6220361334  2.160270E-13
1658.06969305393  2.072560E-13
1659.51734997447  1.998887E-13
1660.96500689501  2.285136E-13
1662.41266381554  1.991127E-13
1663.86032073608  1.972611E-13
1665.30797765662  1.939469E-13
1666.75563457715  1.986118E-13
1668.20329149769  1.977971E-13
1669.65094841823  1.896621E-13
1671.09860533876  1.938207E-13
1672.5462622593  1.924505E-13
1673.99391917984  1.882538E-13
1675.44157610038  1.857111E-13
1676.88923302091  1.886798E-13
1678.33688994145  1.880768E-13
1679.78454686199  1.751537E-13
1681.23220378252  1.690026E-13
1682.67986070306  1.713193E-13
1684.1275176236  1.716507E-13
1685.57517454413  1.712146E-13
1687.02283146467  1.713401E-13
1688.47048838521  1.753151E-13
1689.91814530574  1.701014E-13
1691.36580222628  1.695008E-13
1692.81345914682  1.656823E-13
1694.26111606735  1.698893E-13
1695.70877298789  1.648412E-13
1697.15642990843  1.689562E-13
1698.60408682896  1.745028E-13
1700.0517437495  1.748816E-13
1701.49940067004  1.768717E-13
1702.94705759057  1.762944E-13
1704.39471451111  1.761101E-13
1705.84237143165  1.698015E-13
1707.29002835218  1.743648E-13
1708.73768527272  1.701269E-13
1710.18534219326  0.
1711.63299911379  0.
1713.08065603433  0.
1714.52831295487  0.
1715.97596987541  0.
1717.42362679594  0.
1718.87128371648  0.
1720.31894063702  0.
1721.76659755755  0.
1723.21425447809  0.
1724.66191139863  0.
1726.10956831916  0.
1727.5572252397  0.
1729.00488216024  0.
1730.45253908077  0.
1731.90019600131  0.
1733.34785292185  0.
1734.79550984238  0.
1736.24316676292  0.
1737.69082368346  0.
1739.13848060399  0.
1740.58613752453  0.
1742.03379444507  0.
1743.4814513656  0.
1744.92910828614  0.
1746.37676520668  0.
1747.82442212721  0.
1749.27207904775  0.
1750.71973596829  0.
1752.16739288882  0.
1753.61504980936  0.
1755.0627067299  0.
1756.51036365043  0.
1757.95802057097  0.
1759.40567749151  0.
1760.85333441205  0.
1762.30099133258  0.
1763.74864825312  0.
1765.19630517366  0.
1766.64396209419  0.
1768.09161901473  0.
1769.53927593527  0.
1770.9869328558  0.
1772.43458977634  0.
1773.88224669688  0.
1775.32990361741  0.
1776.77756053795  0.
1778.22521745849  0.
1779.67287437902  0.
1781.12053129956  0.
1782.5681882201  0.
1784.01584514063  0.
1785.46350206117  0.
1786.91115898171  0.
1788.35881590224  0.
1789.80647282278  0.
1791.25412974332  0.
1792.70178666385  0.
1794.14944358439  0.
1795.59710050493  0.
1797.04475742547  0.
1798.492414346  0.
1799.94007126654  0.
1801.38772818708  0.
1802.83538510761  0.
1804.28304202815  0.
1805.73069894869  0.
1807.17835586922  0.
1808.62601278976  0.
1810.0736697103  0.
1811.52132663083  0.
1812.96898355137  0.
1814.41664047191  0.
1815.86429739244  0.
1817.31195431298  0.
1818.75961123352  0.
1820.20726815405  0.
1821.65492507459  0.
1823.10258199513  0.
1824.55023891566  0.
1825.9978958362  0.
1827.44555275674  0.
1828.89320967727  0.
1830.34086659781  0.
1831.78852351835  0.
