906.735751295338  0.
908.183408215875  0.
909.631065136412  0.
911.078722056949  0.
912.526378977485  0.
913.974035898022  0.
915.421692818559  0.
916.869349739096  0.
918.317006659633  0.
919.764663580169  0.
921.212320500706  0.
922.659977421243  0.
924.10763434178  0.
925.555291262316  0.
927.002948182853  0.
928.45060510339  0.
929.898262023927  0.
931.345918944464  0.
932.793575865  0.
934.241232785537  0.
935.688889706074  0.
937.136546626611  0.
938.584203547148  0.
940.031860467684  0.
941.479517388221  0.
942.927174308758  0.
944.374831229295  0.
945.822488149832  0.
947.270145070369  0.
948.717801990905  0.
950.165458911442  0.
951.613115831979  0.
953.060772752515  0.
954.508429673052  0.
955.956086593589  0.
957.403743514126  0.
958.851400434663  0.
960.2990573552  0.
961.746714275736  0.
963.194371196273  0.
964.64202811681  0.
966.089685037347  0.
967.537341957883  0.
968.98499887842  0.
970.432655798957  0.
971.880312719494  0.
973.327969640031  0.
974.775626560567  0.
976.223283481104  0.
977.670940401641  0.
979.118597322178  0.
980.566254242715  0.
982.013911163251  0.
983.461568083788  0.
984.909225004325  0.
986.356881924862  0.
987.804538845399  0.
989.252195765935  0.
990.699852686472  0.
992.147509607009  0.
993.595166527546  5.507699E-13
995.042823448082  1.062647E-13
996.490480368619  2.670812E-13
997.938137289156  1.740317E-13
999.385794209693  5.397242E-13
1000.83345113023  3.914333E-13
1002.28110805077  2.620850E-13
1003.7287649713  2.928120E-13
1005.17642189184  3.366657E-13
1006.62407881238  4.334336E-13
1008.07173573291  3.159797E-13
1009.51939265345  3.981613E-13
1010.96704957399  5.072179E-13
1012.41470649452  3.251890E-13
1013.86236341506  2.599902E-13
1015.3100203356  4.401780E-13
1016.75767725613  3.513711E-13
1018.20533417667  4.051723E-13
1019.65299109721  3.773543E-13
1021.10064801775  4.638403E-13
1022.54830493828  4.218080E-13
1023.99596185882  4.464938E-13
1025.44361877936  4.568408E-13
1026.89127569989  4.376492E-13
1028.33893262043  4.061434E-13
1029.78658954097  4.646878E-13
1031.2342464615  4.873079E-13
1032.68190338204  3.928861E-13
1034.12956030258  3.627676E-13
1035.57721722311  4.545727E-13
1037.02487414365  3.662308E-13
1038.47253106419  3.339848E-13
1039.92018798472  2.896726E-13
1041.36784490526  3.504035E-13
1042.8155018258  3.534497E-13
1044.26315874633  3.295223E-13
1045.71081566687  4.140973E-13
1047.15847258741  3.167559E-13
1048.60612950794  4.938925E-13
1050.05378642848  4.418919E-13
1051.50144334902  4.324125E-13
1052.94910026955  4.550887E-13
1054.39675719009  3.855255E-13
1055.84441411063  3.285684E-13
1057.29207103116  2.955130E-13
1058.7397279517  2.619102E-13
1060.18738487224  2.733148E-13
1061.63504179277  2.670592E-13
1063.08269871331  2.965116E-13
1064.53035563385  3.053992E-13
1065.97801255439  3.349366E-13
1067.42566947492  3.658947E-13
1068.87332639546  3.059306E-13
1070.320983316  3.136492E-13
1071.76864023653  2.555189E-13
1073.21629715707  2.253368E-13
1074.66395407761  2.826129E-13
1076.11161099814  2.412870E-13
1077.55926791868  2.663438E-13
1079.00692483922  2.644576E-13
1080.45458175975  2.228581E-13
1081.90223868029  2.700791E-13
1083.34989560083  2.610056E-13
1084.79755252136  2.347379E-13
1086.2452094419  2.149794E-13
1087.69286636244  2.465293E-13
1089.14052328297  2.472097E-13
1090.58818020351  2.651041E-13
1092.03583712405  2.537773E-13
1093.48349404458  2.449927E-13
1094.93115096512  2.588356E-13
1096.37880788566  2.471057E-13
1097.82646480619  2.440886E-13
1099.27412172673  2.312842E-13
1100.72177864727  2.128508E-13
1102.1694355678  2.346315E-13
1103.61709248834  2.776616E-13
1105.06474940888  2.574755E-13
1106.51240632942  2.242932E-13
1107.96006324995  2.821409E-13
1109.40772017049  2.549597E-13
1110.85537709103  2.504887E-13
1112.30303401156  2.200233E-13
1113.7506909321  2.557317E-13
1115.19834785264  2.470833E-13
1116.64600477317  2.705148E-13
1118.09366169371  2.890948E-13
1119.54131861425  2.635630E-13
1120.98897553478  2.466974E-13
1122.43663245532  2.061418E-13
1123.88428937586  2.546491E-13
1125.33194629639  2.309910E-13
1126.77960321693  2.461102E-13
1128.22726013747  2.360504E-13
1129.674917058  2.425461E-13
1131.12257397854  2.234477E-13
1132.57023089908  2.456138E-13
1134.01788781961  2.669839E-13
1135.46554474015  2.540290E-13
1136.91320166069  2.424615E-13
1138.36085858122  2.243006E-13
1139.80851550176  2.313122E-13
1141.2561724223  2.111877E-13
1142.70382934284  2.210914E-13
1144.15148626337  2.450177E-13
1145.59914318391  2.313602E-13
1147.04680010445  2.282949E-13
1148.49445702498  2.406295E-13
1149.94211394552  1.806303E-13
1151.38977086606  2.219798E-13
1152.83742778659  2.373872E-13
1154.28508470713  2.223560E-13
1155.73274162767  2.105910E-13
1157.1803985482  2.208820E-13
1158.62805546874  2.277949E-13
1160.07571238928  2.550800E-13
1161.52336930981  2.724435E-13
1162.97102623035  2.598484E-13
1164.41868315089  2.552584E-13
1165.86634007142  2.359732E-13
1167.31399699196  2.735943E-13
1168.7616539125  2.697355E-13
1170.20931083303  2.761482E-13
1171.65696775357  2.750462E-13
1173.10462467411  2.633421E-13
1174.55228159464  3.011958E-13
1175.99993851518  2.861274E-13
1177.44759543572  3.129673E-13
1178.89525235625  2.781866E-13
1180.34290927679  3.162143E-13
1181.79056619733  2.959899E-13
1183.23822311787  3.012551E-13
1184.6858800384  2.846603E-13
1186.13353695894  3.556522E-13
1187.58119387948  3.371688E-13
1189.02885080001  3.477153E-13
1190.47650772055  3.556990E-13
1191.92416464109  4.568586E-13
1193.37182156162  3.990153E-13
1194.81947848216  4.225234E-13
1196.2671354027  4.452092E-13
1197.71479232323  4.407056E-13
1199.16244924377  4.473087E-13
1200.61010616431  3.994966E-13
1202.05776308484  5.051498E-13
1203.50542000538  5.429294E-13
1204.95307692592  6.107229E-13
1206.40073384645  7.168710E-13
1207.84839076699  7.358339E-13
1209.29604768753  7.716042E-13
1210.74370460806  7.499145E-13
1212.1913615286  7.051943E-13
1213.63901844914  1.107006E-12
1215.08667536967  9.602466E-13
1216.53433229021  8.418673E-13
1217.98198921075  8.346316E-13
1219.42964613129  6.767379E-13
1220.87730305182  7.615894E-13
1222.32495997236  5.803747E-13
1223.7726168929  5.294834E-13
1225.22027381343  5.033260E-13
1226.66793073397  4.790023E-13
1228.11558765451  4.751453E-13
1229.56324457504  4.252817E-13
1231.01090149558  4.355747E-13
1232.45855841612  4.309461E-13
1233.90621533665  3.991509E-13
1235.35387225719  4.056103E-13
1236.80152917773  4.527386E-13
1238.24918609826  4.595071E-13
1239.6968430188  3.990925E-13
1241.14449993934  4.159055E-13
1242.59215685987  3.494653E-13
1244.03981378041  3.983160E-13
1245.48747070095  3.537828E-13
1246.93512762148  3.193337E-13
1248.38278454202  3.392788E-13
1249.83044146256  3.167972E-13
1251.27809838309  3.543405E-13
1252.72575530363  3.042326E-13
1254.17341222417  3.225393E-13
1255.62106914471  3.290836E-13
1257.06872606524  3.002372E-13
1258.51638298578  2.716263E-13
1259.96403990632  2.748652E-13
1261.41169682685  2.648637E-13
1262.85935374739  2.837539E-13
1264.30701066793  2.605018E-13
1265.75466758846  2.524354E-13
1267.202324509  2.469364E-13
1268.64998142954  2.695693E-13
1270.09763835007  2.520676E-13
1271.54529527061  1.832366E-13
1272.99295219115  2.454032E-13
1274.44060911168  2.282577E-13
1275.88826603222  2.366066E-13
1277.33592295276  2.071822E-13
1278.78357987329  2.511289E-13
1280.23123679383  2.387041E-13
1281.67889371437  2.052956E-13
1283.1265506349  2.264190E-13
1284.57420755544  2.208743E-13
1286.02186447598  2.228263E-13
1287.46952139651  2.411177E-13
1288.91717831705  2.235352E-13
1290.36483523759  2.338743E-13
1291.81249215812  2.529195E-13
1293.26014907866  2.349907E-13
1294.7078059992  2.319722E-13
1296.15546291974  2.269711E-13
1297.60311984027  2.225405E-13
1299.05077676081  2.039026E-13
1300.49843368135  1.854400E-13
1301.94609060188  2.208178E-13
1303.39374752242  2.113128E-13
1304.84140444296  2.203518E-13
1306.28906136349  2.145864E-13
1307.73671828403  2.095763E-13
1309.18437520457  2.260521E-13
1310.6320321251  2.314073E-13
1312.07968904564  2.611291E-13
1313.52734596618  2.246462E-13
1314.97500288671  2.039827E-13
1316.42265980725  1.845606E-13
1317.87031672779  2.222066E-13
1319.31797364832  1.885171E-13
1320.76563056886  1.892600E-13
1322.2132874894  2.037083E-13
1323.66094440993  2.398382E-13
1325.10860133047  2.311569E-13
1326.55625825101  2.097227E-13
1328.00391517154  2.156224E-13
1329.45157209208  2.346532E-13
1330.89922901262  2.117311E-13
1332.34688593315  2.103491E-13
1333.79454285369  2.143231E-13
1335.24219977423  2.102670E-13
1336.68985669477  2.154675E-13
1338.1375136153  2.241920E-13
1339.58517053584  2.286475E-13
1341.03282745638  2.349846E-13
1342.48048437691  2.067800E-13
1343.92814129745  2.251016E-13
1345.37579821799  2.140834E-13
1346.82345513852  2.230682E-13
1348.27111205906  2.256181E-13
1349.7187689796  2.246678E-13
1351.16642590013  2.265269E-13
1352.61408282067  2.216102E-13
1354.06173974121  2.115580E-13
1355.50939666174  2.324287E-13
1356.95705358228  2.501770E-13
1358.40471050282  2.287402E-13
1359.85236742335  2.285697E-13
1361.30002434389  2.354611E-13
1362.74768126443  2.187985E-13
1364.19533818496  2.046732E-13
1365.6429951055  1.916059E-13
1367.09065202604  2.019889E-13
1368.53830894657  2.420183E-13
1369.98596586711  2.342489E-13
1371.43362278765  2.280266E-13
1372.88127970819  2.711683E-13
1374.32893662872  2.487971E-13
1375.77659354926  2.592313E-13
1377.2242504698  2.388944E-13
1378.67190739033  2.408569E-13
1380.11956431087  2.191173E-13
1381.56722123141  2.400341E-13
1383.01487815194  2.243098E-13
1384.46253507248  2.056139E-13
1385.91019199302  1.913297E-13
1387.35784891355  2.234575E-13
1388.80550583409  2.450091E-13
1390.25316275463  2.748056E-13
1391.70081967516  2.658736E-13
1393.1484765957  2.678884E-13
1394.59613351624  2.843238E-13
1396.04379043677  2.657589E-13
1397.49144735731  2.536133E-13
1398.93910427785  2.730051E-13
1400.38676119838  2.718389E-13
1401.83441811892  2.655466E-13
1403.28207503946  2.804971E-13
1404.72973195999  2.671409E-13
1406.17738888053  2.483416E-13
1407.62504580107  2.521838E-13
1409.0727027216  2.357341E-13
1410.52035964214  2.282442E-13
1411.96801656268  2.598688E-13
1413.41567348322  2.697303E-13
1414.86333040375  2.403005E-13
1416.31098732429  2.096437E-13
1417.75864424483  2.377438E-13
1419.20630116536  2.099795E-13
1420.6539580859  2.011952E-13
1422.10161500644  2.049794E-13
1423.54927192697  2.228244E-13
1424.99692884751  2.100268E-13
1426.44458576805  2.117129E-13
1427.89224268858  2.081855E-13
1429.33989960912  2.259819E-13
1430.78755652966  2.221351E-13
1432.23521345019  2.105829E-13
1433.68287037073  2.033367E-13
1435.13052729127  2.138496E-13
1436.5781842118  1.885939E-13
1438.02584113234  1.845032E-13
1439.47349805288  2.063484E-13
1440.92115497341  2.098026E-13
1442.36881189395  1.794145E-13
1443.81646881449  1.788025E-13
1445.26412573502  2.189921E-13
1446.71178265556  2.101933E-13
1448.1594395761  2.015393E-13
1449.60709649664  1.831983E-13
1451.05475341717  1.723324E-13
1452.50241033771  1.974044E-13
1453.95006725825  2.141495E-13
1455.39772417878  2.049640E-13
1456.84538109932  1.884877E-13
1458.29303801986  1.861659E-13
1459.74069494039  1.969132E-13
1461.18835186093  1.834972E-13
1462.63600878147  1.807930E-13
1464.083665702  1.915656E-13
1465.53132262254  1.930969E-13
1466.97897954308  1.704602E-13
1468.42663646361  1.868133E-13
1469.87429338415  2.000952E-13
1471.32195030469  1.990183E-13
1472.76960722522  1.772478E-13
1474.21726414576  1.766609E-13
1475.6649210663  1.931932E-13
1477.11257798683  2.027702E-13
1478.56023490737  2.066418E-13
1480.00789182791  1.987335E-13
1481.45554874844  1.789038E-13
1482.90320566898  1.895946E-13
1484.35086258952  2.013042E-13
1485.79851951005  1.952173E-13
1487.24617643059  2.025778E-13
1488.69383335113  2.067474E-13
1490.14149027167  1.872043E-13
1491.5891471922  1.912344E-13
1493.03680411274  1.770723E-13
1494.48446103328  1.895677E-13
1495.93211795381  1.967953E-13
1497.37977487435  1.953826E-13
1498.82743179489  2.026090E-13
1500.27508871542  2.065044E-13
1501.72274563596  2.052265E-13
1503.1704025565  1.920784E-13
1504.61805947703  2.038662E-13
1506.06571639757  2.081731E-13
1507.51337331811  2.006720E-13
1508.96103023864  2.078124E-13
1510.40868715918  1.971726E-13
1511.85634407972  1.962195E-13
1513.30400100025  2.082339E-13
1514.75165792079  2.144193E-13
1516.19931484133  2.104965E-13
1517.64697176186  2.039834E-13
1519.0946286824  2.107654E-13
1520.54228560294  2.168655E-13
1521.98994252347  2.146666E-13
1523.43759944401  2.378936E-13
1524.88525636455  2.292336E-13
1526.33291328509  2.296051E-13
1527.78057020562  2.528294E-13
1529.22822712616  2.592978E-13
1530.6758840467  2.769362E-13
1532.12354096723  2.942224E-13
1533.57119788777  2.848356E-13
1535.01885480831  3.091464E-13
1536.46651172884  3.317204E-13
1537.91416864938  3.556340E-13
1539.36182556992  3.638770E-13
1540.80948249045  3.672011E-13
1542.25713941099  3.809191E-13
1543.70479633153  4.051457E-13
1545.15245325206  3.917312E-13
1546.6001101726  4.186082E-13
1548.04776709314  3.999203E-13
1549.49542401367  3.849051E-13
1550.94308093421  3.936443E-13
1552.39073785475  3.788827E-13
1553.83839477528  3.523221E-13
1555.28605169582  3.185385E-13
1556.73370861636  3.118171E-13
1558.18136553689  2.681913E-13
1559.62902245743  2.589089E-13
1561.07667937797  2.470279E-13
1562.5243362985  2.237146E-13
1563.97199321904  2.405796E-13
1565.41965013958  2.286169E-13
1566.86730706012  2.169362E-13
1568.31496398065  2.193263E-13
1569.76262090119  2.200855E-13
1571.21027782173  2.095106E-13
1572.65793474226  2.252336E-13
1574.1055916628  2.094293E-13
1575.55324858334  1.990774E-13
1577.00090550387  2.066904E-13
1578.44856242441  1.921392E-13
1579.89621934495  1.996901E-13
1581.34387626548  1.854975E-13
1582.79153318602  1.828607E-13
1584.23919010656  1.895825E-13
1585.68684702709  1.884240E-13
1587.13450394763  1.918307E-13
1588.58216086817  1.741147E-13
1590.0298177887  1.739346E-13
1591.47747470924  1.783108E-13
1592.92513162978  1.836032E-13
1594.37278855031  1.936701E-13
1595.82044547085  1.980072E-13
1597.26810239139  1.999786E-13
1598.71575931192  1.953825E-13
1600.16341623246  1.877210E-13
1601.611073153  1.829892E-13
1603.05873007354  1.792835E-13
1604.50638699407  1.890353E-13
1605.95404391461  1.834621E-13
1607.40170083515  1.903258E-13
1608.84935775568  1.999008E-13
1610.29701467622  1.979443E-13
1611.74467159676  1.849426E-13
1613.19232851729  1.667124E-13
1614.63998543783  1.805805E-13
1616.08764235837  1.896443E-13
1617.5352992789  1.961331E-13
1618.98295619944  1.845317E-13
1620.43061311998  1.809596E-13
1621.87827004051  1.797342E-13
1623.32592696105  1.814466E-13
1624.77358388159  1.950849E-13
1626.22124080212  1.945026E-13
1627.66889772266  1.982579E-13
1629.1165546432  2.076783E-13
1630.56421156373  2.029321E-13
1632.01186848427  2.015659E-13
1633.45952540481  1.836800E-13
1634.90718232534  1.852163E-13
1636.35483924588  1.852258E-13
1637.80249616642  1.742878E-13
1639.25015308695  1.811950E-13
1640.69781000749  1.852470E-13
1642.14546692803  1.922549E-13
1643.59312384857  2.001404E-13
1645.0407807691  2.117109E-13
1646.48843768964  2.103162E-13
1647.93609461018  2.030021E-13
1649.38375153071  1.910808E-13
1650.83140845125  1.909308E-13
1652.27906537179  1.789562E-13
1653.72672229232  1.723877E-13
1655.17437921286  1.770024E-13
1656.6220361334  1.816530E-13
1658.06969305393  1.976576E-13
1659.51734997447  2.070090E-13
1660.96500689501  2.108048E-13
1662.41266381554  1.958205E-13
1663.86032073608  1.792611E-13
1665.30797765662  1.834424E-13
1666.75563457715  1.742556E-13
1668.20329149769  1.689558E-13
1669.65094841823  1.693923E-13
1671.09860533876  1.667573E-13
1672.5462622593  1.748762E-13
1673.99391917984  1.791069E-13
1675.44157610038  1.783906E-13
1676.88923302091  1.717332E-13
1678.33688994145  1.640769E-13
1679.78454686199  1.554292E-13
1681.23220378252  1.504847E-13
1682.67986070306  1.549146E-13
1684.1275176236  1.630546E-13
1685.57517454413  1.610777E-13
1687.02283146467  1.565840E-13
1688.47048838521  1.602726E-13
1689.91814530574  1.552596E-13
1691.36580222628  1.566414E-13
1692.81345914682  1.561628E-13
1694.26111606735  1.628538E-13
1695.70877298789  1.681399E-13
1697.15642990843  1.750986E-13
1698.60408682896  1.712926E-13
1700.0517437495  1.666730E-13
1701.49940067004  1.707000E-13
1702.94705759057  1.727232E-13
1704.39471451111  1.636310E-13
1705.84237143165  1.560240E-13
1707.29002835218  1.548107E-13
1708.73768527272  1.530542E-13
1710.18534219326  0.
1711.63299911379  0.
1713.08065603433  0.
1714.52831295487  0.
1715.97596987541  0.
1717.42362679594  0.
1718.87128371648  0.
1720.31894063702  0.
1721.76659755755  0.
1723.21425447809  0.
1724.66191139863  0.
1726.10956831916  0.
1727.5572252397  0.
1729.00488216024  0.
1730.45253908077  0.
1731.90019600131  0.
1733.34785292185  0.
1734.79550984238  0.
1736.24316676292  0.
1737.69082368346  0.
1739.13848060399  0.
1740.58613752453  0.
1742.03379444507  0.
1743.4814513656  0.
1744.92910828614  0.
1746.37676520668  0.
1747.82442212721  0.
1749.27207904775  0.
1750.71973596829  0.
1752.16739288882  0.
1753.61504980936  0.
1755.0627067299  0.
1756.51036365043  0.
1757.95802057097  0.
1759.40567749151  0.
1760.85333441205  0.
1762.30099133258  0.
1763.74864825312  0.
1765.19630517366  0.
1766.64396209419  0.
1768.09161901473  0.
1769.53927593527  0.
1770.9869328558  0.
1772.43458977634  0.
1773.88224669688  0.
1775.32990361741  0.
1776.77756053795  0.
1778.22521745849  0.
1779.67287437902  0.
1781.12053129956  0.
1782.5681882201  0.
1784.01584514063  0.
1785.46350206117  0.
1786.91115898171  0.
1788.35881590224  0.
1789.80647282278  0.
1791.25412974332  0.
1792.70178666385  0.
1794.14944358439  0.
1795.59710050493  0.
1797.04475742547  0.
1798.492414346  0.
1799.94007126654  0.
1801.38772818708  0.
1802.83538510761  0.
1804.28304202815  0.
1805.73069894869  0.
1807.17835586922  0.
1808.62601278976  0.
1810.0736697103  0.
1811.52132663083  0.
1812.96898355137  0.
1814.41664047191  0.
1815.86429739244  0.
1817.31195431298  0.
1818.75961123352  0.
1820.20726815405  0.
1821.65492507459  0.
1823.10258199513  0.
1824.55023891566  0.
1825.9978958362  0.
1827.44555275674  0.
1828.89320967727  0.
1830.34086659781  0.
1831.78852351835  0.
