906.735751295338  0.
908.183408215875  0.
909.631065136412  0.
911.078722056949  0.
912.526378977485  0.
913.974035898022  0.
915.421692818559  0.
916.869349739096  0.
918.317006659633  0.
919.764663580169  0.
921.212320500706  0.
922.659977421243  0.
924.10763434178  0.
925.555291262316  0.
927.002948182853  0.
928.45060510339  0.
929.898262023927  0.
931.345918944464  0.
932.793575865  0.
934.241232785537  0.
935.688889706074  0.
937.136546626611  0.
938.584203547148  0.
940.031860467684  0.
941.479517388221  0.
942.927174308758  0.
944.374831229295  0.
945.822488149832  0.
947.270145070369  0.
948.717801990905  0.
950.165458911442  0.
951.613115831979  0.
953.060772752515  0.
954.508429673052  0.
955.956086593589  0.
957.403743514126  0.
958.851400434663  0.
960.2990573552  0.
961.746714275736  0.
963.194371196273  0.
964.64202811681  0.
966.089685037347  0.
967.537341957883  0.
968.98499887842  0.
970.432655798957  0.
971.880312719494  0.
973.327969640031  0.
974.775626560567  0.
976.223283481104  0.
977.670940401641  0.
979.118597322178  0.
980.566254242715  0.
982.013911163251  0.
983.461568083788  0.
984.909225004325  0.
986.356881924862  0.
987.804538845399  0.
989.252195765935  0.
990.699852686472  0.
992.147509607009  0.
993.595166527546  5.096086E-13
995.042823448082  -1.650923E-13
996.490480368619  4.686325E-13
997.938137289156  3.038178E-13
999.385794209693  3.005955E-13
1000.83345113023  5.368322E-13
1002.28110805077  4.114182E-13
1003.7287649713  3.103027E-13
1005.17642189184  1.864444E-13
1006.62407881238  2.665600E-13
1008.07173573291  4.879307E-13
1009.51939265345  3.715000E-13
1010.96704957399  3.461327E-13
1012.41470649452  4.116112E-13
1013.86236341506  4.253740E-13
1015.3100203356  4.491535E-13
1016.75767725613  5.558532E-13
1018.20533417667  4.364123E-13
1019.65299109721  3.839413E-13
1021.10064801775  5.032819E-13
1022.54830493828  3.499093E-13
1023.99596185882  3.449428E-13
1025.44361877936  3.736433E-13
1026.89127569989  4.761072E-13
1028.33893262043  3.859204E-13
1029.78658954097  5.205903E-13
1031.2342464615  3.512199E-13
1032.68190338204  4.465359E-13
1034.12956030258  3.872884E-13
1035.57721722311  3.395309E-13
1037.02487414365  3.741454E-13
1038.47253106419  3.273940E-13
1039.92018798472  3.720427E-13
1041.36784490526  3.754287E-13
1042.8155018258  3.450820E-13
1044.26315874633  4.796382E-13
1045.71081566687  5.550879E-13
1047.15847258741  8.530045E-13
1048.60612950794  6.568309E-13
1050.05378642848  7.491105E-13
1051.50144334902  6.657612E-13
1052.94910026955  5.207247E-13
1054.39675719009  3.576026E-13
1055.84441411063  3.784400E-13
1057.29207103116  3.376994E-13
1058.7397279517  2.736547E-13
1060.18738487224  3.241283E-13
1061.63504179277  3.364530E-13
1063.08269871331  3.781116E-13
1064.53035563385  3.679482E-13
1065.97801255439  3.736963E-13
1067.42566947492  4.468350E-13
1068.87332639546  3.329111E-13
1070.320983316  3.193811E-13
1071.76864023653  3.449623E-13
1073.21629715707  2.991757E-13
1074.66395407761  3.442618E-13
1076.11161099814  2.526146E-13
1077.55926791868  3.188871E-13
1079.00692483922  2.923736E-13
1080.45458175975  2.963094E-13
1081.90223868029  3.156188E-13
1083.34989560083  2.972245E-13
1084.79755252136  2.670850E-13
1086.2452094419  2.574714E-13
1087.69286636244  2.534114E-13
1089.14052328297  2.110172E-13
1090.58818020351  2.577971E-13
1092.03583712405  2.701217E-13
1093.48349404458  2.583851E-13
1094.93115096512  3.005541E-13
1096.37880788566  2.515364E-13
1097.82646480619  2.578998E-13
1099.27412172673  2.860543E-13
1100.72177864727  2.746469E-13
1102.1694355678  2.488473E-13
1103.61709248834  2.814291E-13
1105.06474940888  2.839079E-13
1106.51240632942  2.831072E-13
1107.96006324995  3.038641E-13
1109.40772017049  2.855300E-13
1110.85537709103  3.073288E-13
1112.30303401156  3.323521E-13
1113.7506909321  2.850495E-13
1115.19834785264  2.702567E-13
1116.64600477317  2.882704E-13
1118.09366169371  2.978387E-13
1119.54131861425  2.950313E-13
1120.98897553478  2.775713E-13
1122.43663245532  2.668624E-13
1123.88428937586  2.734889E-13
1125.33194629639  2.566041E-13
1126.77960321693  3.133382E-13
1128.22726013747  2.557316E-13
1129.674917058  2.655543E-13
1131.12257397854  2.994031E-13
1132.57023089908  3.137050E-13
1134.01788781961  2.770235E-13
1135.46554474015  2.884517E-13
1136.91320166069  2.738823E-13
1138.36085858122  2.812551E-13
1139.80851550176  3.021193E-13
1141.2561724223  2.668071E-13
1142.70382934284  3.270035E-13
1144.15148626337  2.396494E-13
1145.59914318391  2.512700E-13
1147.04680010445  2.698409E-13
1148.49445702498  3.141804E-13
1149.94211394552  2.850154E-13
1151.38977086606  2.762153E-13
1152.83742778659  2.750327E-13
1154.28508470713  2.531893E-13
1155.73274162767  2.386138E-13
1157.1803985482  2.757536E-13
1158.62805546874  2.807889E-13
1160.07571238928  3.257195E-13
1161.52336930981  2.575175E-13
1162.97102623035  2.904107E-13
1164.41868315089  3.078459E-13
1165.86634007142  3.143838E-13
1167.31399699196  3.310745E-13
1168.7616539125  3.595506E-13
1170.20931083303  3.562644E-13
1171.65696775357  3.046868E-13
1173.10462467411  3.246158E-13
1174.55228159464  2.545793E-13
1175.99993851518  3.171927E-13
1177.44759543572  3.245741E-13
1178.89525235625  3.579584E-13
1180.34290927679  3.874705E-13
1181.79056619733  3.393983E-13
1183.23822311787  3.547442E-13
1184.6858800384  3.325011E-13
1186.13353695894  3.909829E-13
1187.58119387948  3.933626E-13
1189.02885080001  3.764210E-13
1190.47650772055  3.809620E-13
1191.92416464109  4.475697E-13
1193.37182156162  4.322706E-13
1194.81947848216  4.235003E-13
1196.2671354027  4.577948E-13
1197.71479232323  4.703377E-13
1199.16244924377  4.483559E-13
1200.61010616431  4.814164E-13
1202.05776308484  4.935161E-13
1203.50542000538  5.480543E-13
1204.95307692592  6.027916E-13
1206.40073384645  6.265527E-13
1207.84839076699  7.964392E-13
1209.29604768753  8.241293E-13
1210.74370460806  8.483426E-13
1212.1913615286  9.490722E-13
1213.63901844914  1.035566E-12
1215.08667536967  9.734830E-13
1216.53433229021  9.265966E-13
1217.98198921075  1.022649E-12
1219.42964613129  8.180584E-13
1220.87730305182  7.208058E-13
1222.32495997236  5.417875E-13
1223.7726168929  5.450965E-13
1225.22027381343  5.224649E-13
1226.66793073397  5.074304E-13
1228.11558765451  4.593138E-13
1229.56324457504  4.706385E-13
1231.01090149558  4.386874E-13
1232.45855841612  4.163936E-13
1233.90621533665  3.806078E-13
1235.35387225719  4.608865E-13
1236.80152917773  4.751787E-13
1238.24918609826  4.575092E-13
1239.6968430188  4.598353E-13
1241.14449993934  4.589724E-13
1242.59215685987  4.174831E-13
1244.03981378041  4.635618E-13
1245.48747070095  4.182538E-13
1246.93512762148  3.602836E-13
1248.38278454202  3.629240E-13
1249.83044146256  3.088092E-13
1251.27809838309  2.954781E-13
1252.72575530363  3.603631E-13
1254.17341222417  2.474807E-13
1255.62106914471  3.654088E-13
1257.06872606524  2.985979E-13
1258.51638298578  3.249571E-13
1259.96403990632  3.102574E-13
1261.41169682685  2.877379E-13
1262.85935374739  2.523988E-13
1264.30701066793  2.668693E-13
1265.75466758846  2.673865E-13
1267.202324509  2.826934E-13
1268.64998142954  3.047443E-13
1270.09763835007  2.796441E-13
1271.54529527061  3.006744E-13
1272.99295219115  3.025198E-13
1274.44060911168  2.845986E-13
1275.88826603222  2.883135E-13
1277.33592295276  2.629719E-13
1278.78357987329  2.941716E-13
1280.23123679383  2.627103E-13
1281.67889371437  2.561848E-13
1283.1265506349  3.019087E-13
1284.57420755544  2.259009E-13
1286.02186447598  2.298493E-13
1287.46952139651  2.464797E-13
1288.91717831705  2.627141E-13
1290.36483523759  2.305723E-13
1291.81249215812  2.076416E-13
1293.26014907866  2.232008E-13
1294.7078059992  2.406295E-13
1296.15546291974  2.368925E-13
1297.60311984027  2.585222E-13
1299.05077676081  2.518946E-13
1300.49843368135  2.594596E-13
1301.94609060188  2.231385E-13
1303.39374752242  2.473595E-13
1304.84140444296  2.526584E-13
1306.28906136349  2.649070E-13
1307.73671828403  2.321283E-13
1309.18437520457  2.182287E-13
1310.6320321251  2.461790E-13
1312.07968904564  1.949644E-13
1313.52734596618  2.033326E-13
1314.97500288671  2.578646E-13
1316.42265980725  2.209838E-13
1317.87031672779  2.296736E-13
1319.31797364832  2.041144E-13
1320.76563056886  2.474593E-13
1322.2132874894  2.460129E-13
1323.66094440993  2.393085E-13
1325.10860133047  2.105368E-13
1326.55625825101  2.662112E-13
1328.00391517154  2.382061E-13
1329.45157209208  2.611113E-13
1330.89922901262  3.012088E-13
1332.34688593315  3.124137E-13
1333.79454285369  2.849609E-13
1335.24219977423  2.374244E-13
1336.68985669477  2.171876E-13
1338.1375136153  2.286600E-13
1339.58517053584  2.562621E-13
1341.03282745638  2.299204E-13
1342.48048437691  1.886621E-13
1343.92814129745  2.425165E-13
1345.37579821799  2.441121E-13
1346.82345513852  2.204899E-13
1348.27111205906  2.530642E-13
1349.7187689796  2.590931E-13
1351.16642590013  2.771535E-13
1352.61408282067  2.186855E-13
1354.06173974121  2.513194E-13
1355.50939666174  2.245065E-13
1356.95705358228  2.251501E-13
1358.40471050282  2.274779E-13
1359.85236742335  2.027507E-13
1361.30002434389  2.759769E-13
1362.74768126443  2.983934E-13
1364.19533818496  2.272071E-13
1365.6429951055  2.430583E-13
1367.09065202604  2.352928E-13
1368.53830894657  2.265036E-13
1369.98596586711  2.464000E-13
1371.43362278765  2.299551E-13
1372.88127970819  2.292389E-13
1374.32893662872  2.570762E-13
1375.77659354926  2.105054E-13
1377.2242504698  2.382688E-13
1378.67190739033  2.622983E-13
1380.11956431087  2.082565E-13
1381.56722123141  2.355841E-13
1383.01487815194  2.307339E-13
1384.46253507248  2.367978E-13
1385.91019199302  2.442863E-13
1387.35784891355  2.843704E-13
1388.80550583409  2.786575E-13
1390.25316275463  2.654694E-13
1391.70081967516  2.721418E-13
1393.1484765957  2.894817E-13
1394.59613351624  2.846606E-13
1396.04379043677  2.525679E-13
1397.49144735731  2.713348E-13
1398.93910427785  2.968741E-13
1400.38676119838  2.729231E-13
1401.83441811892  2.267958E-13
1403.28207503946  2.084968E-13
1404.72973195999  2.233442E-13
1406.17738888053  2.404510E-13
1407.62504580107  2.537817E-13
1409.0727027216  2.601510E-13
1410.52035964214  2.552928E-13
1411.96801656268  2.068246E-13
1413.41567348322  1.903551E-13
1414.86333040375  2.047638E-13
1416.31098732429  2.204470E-13
1417.75864424483  1.944723E-13
1419.20630116536  2.107443E-13
1420.6539580859  2.173055E-13
1422.10161500644  2.308984E-13
1423.54927192697  2.380089E-13
1424.99692884751  2.287941E-13
1426.44458576805  2.090848E-13
1427.89224268858  2.002239E-13
1429.33989960912  2.009792E-13
1430.78755652966  2.270569E-13
1432.23521345019  1.962886E-13
1433.68287037073  2.211534E-13
1435.13052729127  1.946607E-13
1436.5781842118  2.133757E-13
1438.02584113234  1.978050E-13
1439.47349805288  2.064377E-13
1440.92115497341  1.499820E-13
1442.36881189395  1.548243E-13
1443.81646881449  2.219431E-13
1445.26412573502  2.338532E-13
1446.71178265556  2.038099E-13
1448.1594395761  2.000305E-13
1449.60709649664  2.174021E-13
1451.05475341717  2.310847E-13
1452.50241033771  2.084595E-13
1453.95006725825  1.890662E-13
1455.39772417878  1.826762E-13
1456.84538109932  2.088143E-13
1458.29303801986  1.989823E-13
1459.74069494039  1.873132E-13
1461.18835186093  2.160398E-13
1462.63600878147  2.104938E-13
1464.083665702  2.097032E-13
1465.53132262254  2.089470E-13
1466.97897954308  1.975970E-13
1468.42663646361  2.137346E-13
1469.87429338415  2.089211E-13
1471.32195030469  2.024707E-13
1472.76960722522  2.083564E-13
1474.21726414576  2.022610E-13
1475.6649210663  1.963370E-13
1477.11257798683  2.036243E-13
1478.56023490737  1.998003E-13
1480.00789182791  2.201055E-13
1481.45554874844  2.133773E-13
1482.90320566898  2.035551E-13
1484.35086258952  1.999420E-13
1485.79851951005  2.043702E-13
1487.24617643059  2.008287E-13
1488.69383335113  1.946497E-13
1490.14149027167  2.156364E-13
1491.5891471922  2.034435E-13
1493.03680411274  1.917014E-13
1494.48446103328  2.136052E-13
1495.93211795381  2.056485E-13
1497.37977487435  2.036161E-13
1498.82743179489  2.239969E-13
1500.27508871542  2.112457E-13
1501.72274563596  2.181295E-13
1503.1704025565  2.138105E-13
1504.61805947703  2.056667E-13
1506.06571639757  2.129476E-13
1507.51337331811  2.027172E-13
1508.96103023864  2.226537E-13
1510.40868715918  2.268767E-13
1511.85634407972  2.271703E-13
1513.30400100025  2.427551E-13
1514.75165792079  2.376497E-13
1516.19931484133  2.505168E-13
1517.64697176186  2.440253E-13
1519.0946286824  2.463706E-13
1520.54228560294  2.577823E-13
1521.98994252347  2.268977E-13
1523.43759944401  2.513252E-13
1524.88525636455  2.420361E-13
1526.33291328509  2.576088E-13
1527.78057020562  2.771276E-13
1529.22822712616  2.760739E-13
1530.6758840467  2.605455E-13
1532.12354096723  2.823396E-13
1533.57119788777  3.032226E-13
1535.01885480831  3.022157E-13
1536.46651172884  3.497625E-13
1537.91416864938  3.805418E-13
1539.36182556992  3.956332E-13
1540.80948249045  4.306726E-13
1542.25713941099  4.108746E-13
1543.70479633153  4.273950E-13
1545.15245325206  4.149155E-13
1546.6001101726  3.840237E-13
1548.04776709314  3.885033E-13
1549.49542401367  4.034297E-13
1550.94308093421  3.671789E-13
1552.39073785475  3.384981E-13
1553.83839477528  3.209375E-13
1555.28605169582  3.333146E-13
1556.73370861636  3.145136E-13
1558.18136553689  2.889849E-13
1559.62902245743  2.869043E-13
1561.07667937797  2.682687E-13
1562.5243362985  2.594730E-13
1563.97199321904  2.694879E-13
1565.41965013958  2.540762E-13
1566.86730706012  2.407014E-13
1568.31496398065  2.173139E-13
1569.76262090119  2.247653E-13
1571.21027782173  2.279060E-13
1572.65793474226  2.456631E-13
1574.1055916628  2.360400E-13
1575.55324858334  2.180090E-13
1577.00090550387  2.273797E-13
1578.44856242441  2.185602E-13
1579.89621934495  2.226280E-13
1581.34387626548  2.156363E-13
1582.79153318602  2.111699E-13
1584.23919010656  2.098668E-13
1585.68684702709  1.974774E-13
1587.13450394763  1.939151E-13
1588.58216086817  2.020549E-13
1590.0298177887  2.052282E-13
1591.47747470924  2.105076E-13
1592.92513162978  2.127392E-13
1594.37278855031  2.140386E-13
1595.82044547085  2.105210E-13
1597.26810239139  2.019925E-13
1598.71575931192  1.948011E-13
1600.16341623246  1.891722E-13
1601.611073153  1.874491E-13
1603.05873007354  1.992075E-13
1604.50638699407  2.066593E-13
1605.95404391461  2.049607E-13
1607.40170083515  2.178403E-13
1608.84935775568  2.216509E-13
1610.29701467622  2.016344E-13
1611.74467159676  1.904543E-13
1613.19232851729  1.947345E-13
1614.63998543783  1.987640E-13
1616.08764235837  1.935366E-13
1617.5352992789  1.965030E-13
1618.98295619944  1.977413E-13
1620.43061311998  1.873772E-13
1621.87827004051  1.895117E-13
1623.32592696105  2.003374E-13
1624.77358388159  2.073582E-13
1626.22124080212  2.206014E-13
1627.66889772266  2.382879E-13
1629.1165546432  2.390017E-13
1630.56421156373  2.326873E-13
1632.01186848427  2.163524E-13
1633.45952540481  1.940108E-13
1634.90718232534  1.853605E-13
1636.35483924588  1.913121E-13
1637.80249616642  1.962613E-13
1639.25015308695  1.981836E-13
1640.69781000749  1.966891E-13
1642.14546692803  1.914753E-13
1643.59312384857  1.942813E-13
1645.0407807691  1.927272E-13
1646.48843768964  2.016135E-13
1647.93609461018  2.061609E-13
1649.38375153071  1.997244E-13
1650.83140845125  1.830875E-13
1652.27906537179  1.915808E-13
1653.72672229232  1.965764E-13
1655.17437921286  2.015079E-13
1656.6220361334  2.049245E-13
1658.06969305393  2.098641E-13
1659.51734997447  2.104445E-13
1660.96500689501  2.119689E-13
1662.41266381554  2.084611E-13
1663.86032073608  1.993018E-13
1665.30797765662  2.004168E-13
1666.75563457715  1.942535E-13
1668.20329149769  1.897376E-13
1669.65094841823  1.928373E-13
1671.09860533876  1.994215E-13
1672.5462622593  1.951264E-13
1673.99391917984  1.923843E-13
1675.44157610038  1.915052E-13
1676.88923302091  2.038945E-13
1678.33688994145  1.983253E-13
1679.78454686199  1.936167E-13
1681.23220378252  1.866711E-13
1682.67986070306  1.758609E-13
1684.1275176236  1.685168E-13
1685.57517454413  1.649788E-13
1687.02283146467  1.685069E-13
1688.47048838521  1.836348E-13
1689.91814530574  1.967818E-13
1691.36580222628  1.934745E-13
1692.81345914682  1.799196E-13
1694.26111606735  1.752569E-13
1695.70877298789  1.754059E-13
1697.15642990843  1.890542E-13
1698.60408682896  1.849151E-13
1700.0517437495  1.933092E-13
1701.49940067004  1.981414E-13
1702.94705759057  1.955222E-13
1704.39471451111  2.011165E-13
1705.84237143165  1.948747E-13
1707.29002835218  1.913250E-13
1708.73768527272  1.715789E-13
1710.18534219326  0.
1711.63299911379  0.
1713.08065603433  0.
1714.52831295487  0.
1715.97596987541  0.
1717.42362679594  0.
1718.87128371648  0.
1720.31894063702  0.
1721.76659755755  0.
1723.21425447809  0.
1724.66191139863  0.
1726.10956831916  0.
1727.5572252397  0.
1729.00488216024  0.
1730.45253908077  0.
1731.90019600131  0.
1733.34785292185  0.
1734.79550984238  0.
1736.24316676292  0.
1737.69082368346  0.
1739.13848060399  0.
1740.58613752453  0.
1742.03379444507  0.
1743.4814513656  0.
1744.92910828614  0.
1746.37676520668  0.
1747.82442212721  0.
1749.27207904775  0.
1750.71973596829  0.
1752.16739288882  0.
1753.61504980936  0.
1755.0627067299  0.
1756.51036365043  0.
1757.95802057097  0.
1759.40567749151  0.
1760.85333441205  0.
1762.30099133258  0.
1763.74864825312  0.
1765.19630517366  0.
1766.64396209419  0.
1768.09161901473  0.
1769.53927593527  0.
1770.9869328558  0.
1772.43458977634  0.
1773.88224669688  0.
1775.32990361741  0.
1776.77756053795  0.
1778.22521745849  0.
1779.67287437902  0.
1781.12053129956  0.
1782.5681882201  0.
1784.01584514063  0.
1785.46350206117  0.
1786.91115898171  0.
1788.35881590224  0.
1789.80647282278  0.
1791.25412974332  0.
1792.70178666385  0.
1794.14944358439  0.
1795.59710050493  0.
1797.04475742547  0.
1798.492414346  0.
1799.94007126654  0.
1801.38772818708  0.
1802.83538510761  0.
1804.28304202815  0.
1805.73069894869  0.
1807.17835586922  0.
1808.62601278976  0.
1810.0736697103  0.
1811.52132663083  0.
1812.96898355137  0.
1814.41664047191  0.
1815.86429739244  0.
1817.31195431298  0.
1818.75961123352  0.
1820.20726815405  0.
1821.65492507459  0.
1823.10258199513  0.
1824.55023891566  0.
1825.9978958362  0.
1827.44555275674  0.
1828.89320967727  0.
1830.34086659781  0.
1831.78852351835  0.
