906.735751295338  0.
908.183408215875  0.
909.631065136412  0.
911.078722056949  0.
912.526378977485  0.
913.974035898022  0.
915.421692818559  0.
916.869349739096  0.
918.317006659633  0.
919.764663580169  0.
921.212320500706  0.
922.659977421243  0.
924.10763434178  0.
925.555291262316  0.
927.002948182853  0.
928.45060510339  0.
929.898262023927  0.
931.345918944464  0.
932.793575865  0.
934.241232785537  0.
935.688889706074  0.
937.136546626611  0.
938.584203547148  0.
940.031860467684  0.
941.479517388221  0.
942.927174308758  0.
944.374831229295  0.
945.822488149832  0.
947.270145070369  0.
948.717801990905  0.
950.165458911442  0.
951.613115831979  0.
953.060772752515  0.
954.508429673052  0.
955.956086593589  0.
957.403743514126  0.
958.851400434663  0.
960.2990573552  0.
961.746714275736  0.
963.194371196273  0.
964.64202811681  0.
966.089685037347  0.
967.537341957883  0.
968.98499887842  0.
970.432655798957  0.
971.880312719494  0.
973.327969640031  0.
974.775626560567  0.
976.223283481104  0.
977.670940401641  0.
979.118597322178  0.
980.566254242715  0.
982.013911163251  0.
983.461568083788  0.
984.909225004325  0.
986.356881924862  0.
987.804538845399  0.
989.252195765935  0.
990.699852686472  0.
992.147509607009  0.
993.595166527546  3.087044E-13
995.042823448082  6.036974E-14
996.490480368619  5.449410E-13
997.938137289156  2.816342E-13
999.385794209693  4.227809E-13
1000.83345113023  4.756693E-13
1002.28110805077  3.030612E-13
1003.7287649713  4.600912E-13
1005.17642189184  3.708246E-13
1006.62407881238  2.300254E-13
1008.07173573291  5.194706E-13
1009.51939265345  3.960299E-13
1010.96704957399  3.789693E-13
1012.41470649452  3.117252E-13
1013.86236341506  5.124195E-13
1015.3100203356  4.122005E-13
1016.75767725613  4.950815E-13
1018.20533417667  3.372709E-13
1019.65299109721  5.152991E-13
1021.10064801775  4.095621E-13
1022.54830493828  3.872526E-13
1023.99596185882  3.788224E-13
1025.44361877936  2.993603E-13
1026.89127569989  5.075721E-13
1028.33893262043  3.523397E-13
1029.78658954097  4.602834E-13
1031.2342464615  4.169654E-13
1032.68190338204  4.103760E-13
1034.12956030258  4.444593E-13
1035.57721722311  4.215040E-13
1037.02487414365  4.441748E-13
1038.47253106419  4.020234E-13
1039.92018798472  4.123932E-13
1041.36784490526  2.727953E-13
1042.8155018258  3.261403E-13
1044.26315874633  4.194041E-13
1045.71081566687  3.549055E-13
1047.15847258741  5.340438E-13
1048.60612950794  3.703573E-13
1050.05378642848  2.496199E-13
1051.50144334902  3.958769E-13
1052.94910026955  3.687050E-13
1054.39675719009  2.806089E-13
1055.84441411063  3.134903E-13
1057.29207103116  3.610539E-13
1058.7397279517  2.744194E-13
1060.18738487224  3.012073E-13
1061.63504179277  2.847955E-13
1063.08269871331  3.809587E-13
1064.53035563385  3.470137E-13
1065.97801255439  3.737216E-13
1067.42566947492  3.694441E-13
1068.87332639546  3.695323E-13
1070.320983316  2.519768E-13
1071.76864023653  4.141508E-13
1073.21629715707  2.493050E-13
1074.66395407761  3.654738E-13
1076.11161099814  3.175168E-13
1077.55926791868  3.509354E-13
1079.00692483922  3.076651E-13
1080.45458175975  2.806109E-13
1081.90223868029  3.569687E-13
1083.34989560083  3.000580E-13
1084.79755252136  2.635199E-13
1086.2452094419  2.604831E-13
1087.69286636244  2.556496E-13
1089.14052328297  2.860621E-13
1090.58818020351  3.169559E-13
1092.03583712405  2.913202E-13
1093.48349404458  3.019890E-13
1094.93115096512  3.242820E-13
1096.37880788566  2.584254E-13
1097.82646480619  2.778433E-13
1099.27412172673  3.396756E-13
1100.72177864727  3.218799E-13
1102.1694355678  2.491468E-13
1103.61709248834  2.628327E-13
1105.06474940888  3.040296E-13
1106.51240632942  2.972895E-13
1107.96006324995  2.933826E-13
1109.40772017049  2.961193E-13
1110.85537709103  3.011179E-13
1112.30303401156  3.099620E-13
1113.7506909321  3.235772E-13
1115.19834785264  3.541699E-13
1116.64600477317  3.287998E-13
1118.09366169371  3.663920E-13
1119.54131861425  3.044191E-13
1120.98897553478  2.388137E-13
1122.43663245532  3.023457E-13
1123.88428937586  2.679517E-13
1125.33194629639  2.565298E-13
1126.77960321693  2.970933E-13
1128.22726013747  2.609064E-13
1129.674917058  3.857251E-13
1131.12257397854  2.876608E-13
1132.57023089908  3.882829E-13
1134.01788781961  2.585033E-13
1135.46554474015  3.296024E-13
1136.91320166069  2.252882E-13
1138.36085858122  2.496186E-13
1139.80851550176  2.721201E-13
1141.2561724223  2.978965E-13
1142.70382934284  2.866645E-13
1144.15148626337  2.643647E-13
1145.59914318391  2.802711E-13
1147.04680010445  2.347711E-13
1148.49445702498  3.281039E-13
1149.94211394552  2.664635E-13
1151.38977086606  3.130301E-13
1152.83742778659  2.392980E-13
1154.28508470713  1.752899E-13
1155.73274162767  2.481013E-13
1157.1803985482  3.290443E-13
1158.62805546874  3.200436E-13
1160.07571238928  3.002730E-13
1161.52336930981  2.876198E-13
1162.97102623035  2.550280E-13
1164.41868315089  3.278361E-13
1165.86634007142  3.396286E-13
1167.31399699196  3.556191E-13
1168.7616539125  3.634011E-13
1170.20931083303  3.424246E-13
1171.65696775357  2.874473E-13
1173.10462467411  3.184947E-13
1174.55228159464  3.133128E-13
1175.99993851518  2.968832E-13
1177.44759543572  3.102989E-13
1178.89525235625  3.642016E-13
1180.34290927679  3.512668E-13
1181.79056619733  3.260173E-13
1183.23822311787  3.061743E-13
1184.6858800384  2.894292E-13
1186.13353695894  3.360233E-13
1187.58119387948  3.284239E-13
1189.02885080001  3.821228E-13
1190.47650772055  3.662251E-13
1191.92416464109  4.062203E-13
1193.37182156162  3.917826E-13
1194.81947848216  4.061180E-13
1196.2671354027  4.152088E-13
1197.71479232323  4.498225E-13
1199.16244924377  4.379058E-13
1200.61010616431  5.636445E-13
1202.05776308484  5.137158E-13
1203.50542000538  5.609251E-13
1204.95307692592  6.230831E-13
1206.40073384645  6.978793E-13
1207.84839076699  8.301600E-13
1209.29604768753  8.498483E-13
1210.74370460806  8.048624E-13
1212.1913615286  9.834581E-13
1213.63901844914  9.498744E-13
1215.08667536967  1.141058E-12
1216.53433229021  9.380517E-13
1217.98198921075  9.215501E-13
1219.42964613129  8.427083E-13
1220.87730305182  8.099169E-13
1222.32495997236  6.234878E-13
1223.7726168929  4.967177E-13
1225.22027381343  5.265291E-13
1226.66793073397  4.789309E-13
1228.11558765451  4.220667E-13
1229.56324457504  5.156149E-13
1231.01090149558  4.360303E-13
1232.45855841612  4.106627E-13
1233.90621533665  4.726374E-13
1235.35387225719  3.848942E-13
1236.80152917773  4.708325E-13
1238.24918609826  4.770820E-13
1239.6968430188  4.046557E-13
1241.14449993934  4.447637E-13
1242.59215685987  4.773552E-13
1244.03981378041  4.612454E-13
1245.48747070095  3.307704E-13
1246.93512762148  3.659514E-13
1248.38278454202  3.419975E-13
1249.83044146256  3.435505E-13
1251.27809838309  4.174257E-13
1252.72575530363  4.167566E-13
1254.17341222417  3.346231E-13
1255.62106914471  3.640415E-13
1257.06872606524  3.163522E-13
1258.51638298578  3.272927E-13
1259.96403990632  3.754102E-13
1261.41169682685  2.843079E-13
1262.85935374739  3.153061E-13
1264.30701066793  3.237174E-13
1265.75466758846  3.204016E-13
1267.202324509  2.560243E-13
1268.64998142954  2.920628E-13
1270.09763835007  2.674656E-13
1271.54529527061  3.059736E-13
1272.99295219115  2.591161E-13
1274.44060911168  2.351842E-13
1275.88826603222  2.259884E-13
1277.33592295276  2.523761E-13
1278.78357987329  2.834513E-13
1280.23123679383  3.040081E-13
1281.67889371437  2.887538E-13
1283.1265506349  2.502679E-13
1284.57420755544  2.493238E-13
1286.02186447598  2.222769E-13
1287.46952139651  2.843457E-13
1288.91717831705  2.836786E-13
1290.36483523759  2.669403E-13
1291.81249215812  2.159047E-13
1293.26014907866  2.689812E-13
1294.7078059992  2.548830E-13
1296.15546291974  2.692657E-13
1297.60311984027  2.715366E-13
1299.05077676081  3.250916E-13
1300.49843368135  2.736819E-13
1301.94609060188  2.440913E-13
1303.39374752242  2.748743E-13
1304.84140444296  2.360625E-13
1306.28906136349  2.473138E-13
1307.73671828403  2.293734E-13
1309.18437520457  2.841723E-13
1310.6320321251  2.447538E-13
1312.07968904564  2.225992E-13
1313.52734596618  2.316503E-13
1314.97500288671  2.510690E-13
1316.42265980725  2.260362E-13
1317.87031672779  2.033454E-13
1319.31797364832  2.208162E-13
1320.76563056886  2.692022E-13
1322.2132874894  2.203695E-13
1323.66094440993  2.717102E-13
1325.10860133047  2.641890E-13
1326.55625825101  2.391833E-13
1328.00391517154  1.964668E-13
1329.45157209208  2.400026E-13
1330.89922901262  2.559723E-13
1332.34688593315  1.856596E-13
1333.79454285369  2.507764E-13
1335.24219977423  2.553687E-13
1336.68985669477  2.325607E-13
1338.1375136153  2.179240E-13
1339.58517053584  2.231405E-13
1341.03282745638  2.055438E-13
1342.48048437691  2.030576E-13
1343.92814129745  2.551866E-13
1345.37579821799  2.411365E-13
1346.82345513852  2.407116E-13
1348.27111205906  2.517453E-13
1349.7187689796  2.715894E-13
1351.16642590013  2.385341E-13
1352.61408282067  2.651628E-13
1354.06173974121  2.457717E-13
1355.50939666174  2.503269E-13
1356.95705358228  3.082356E-13
1358.40471050282  1.720906E-13
1359.85236742335  2.323755E-13
1361.30002434389  2.612092E-13
1362.74768126443  2.804317E-13
1364.19533818496  2.545483E-13
1365.6429951055  2.898082E-13
1367.09065202604  2.304996E-13
1368.53830894657  2.485451E-13
1369.98596586711  2.731375E-13
1371.43362278765  2.961705E-13
1372.88127970819  2.734704E-13
1374.32893662872  2.255478E-13
1375.77659354926  2.253275E-13
1377.2242504698  2.305716E-13
1378.67190739033  2.366595E-13
1380.11956431087  2.363916E-13
1381.56722123141  2.643148E-13
1383.01487815194  2.823561E-13
1384.46253507248  2.276927E-13
1385.91019199302  2.899632E-13
1387.35784891355  2.709505E-13
1388.80550583409  2.693489E-13
1390.25316275463  2.887709E-13
1391.70081967516  2.805974E-13
1393.1484765957  2.773979E-13
1394.59613351624  2.816871E-13
1396.04379043677  3.123290E-13
1397.49144735731  3.161924E-13
1398.93910427785  2.480741E-13
1400.38676119838  3.516051E-13
1401.83441811892  3.044593E-13
1403.28207503946  3.105494E-13
1404.72973195999  2.756687E-13
1406.17738888053  2.352284E-13
1407.62504580107  2.598610E-13
1409.0727027216  2.371629E-13
1410.52035964214  3.038886E-13
1411.96801656268  2.252636E-13
1413.41567348322  2.249702E-13
1414.86333040375  2.529199E-13
1416.31098732429  2.223253E-13
1417.75864424483  2.420951E-13
1419.20630116536  2.040225E-13
1420.6539580859  2.246577E-13
1422.10161500644  2.599148E-13
1423.54927192697  2.813658E-13
1424.99692884751  2.392421E-13
1426.44458576805  2.577550E-13
1427.89224268858  2.520894E-13
1429.33989960912  2.600620E-13
1430.78755652966  2.164570E-13
1432.23521345019  2.215309E-13
1433.68287037073  2.438567E-13
1435.13052729127  2.293879E-13
1436.5781842118  2.235645E-13
1438.02584113234  2.506092E-13
1439.47349805288  2.377595E-13
1440.92115497341  1.986484E-13
1442.36881189395  1.785751E-13
1443.81646881449  1.933221E-13
1445.26412573502  2.001374E-13
1446.71178265556  2.260992E-13
1448.1594395761  2.444653E-13
1449.60709649664  2.162246E-13
1451.05475341717  1.988403E-13
1452.50241033771  2.250835E-13
1453.95006725825  1.891513E-13
1455.39772417878  2.145499E-13
1456.84538109932  2.358986E-13
1458.29303801986  2.080011E-13
1459.74069494039  2.225688E-13
1461.18835186093  2.274278E-13
1462.63600878147  2.029891E-13
1464.083665702  2.182476E-13
1465.53132262254  2.177651E-13
1466.97897954308  2.131558E-13
1468.42663646361  1.785104E-13
1469.87429338415  2.010462E-13
1471.32195030469  2.088327E-13
1472.76960722522  1.817581E-13
1474.21726414576  2.020048E-13
1475.6649210663  1.984039E-13
1477.11257798683  1.816636E-13
1478.56023490737  2.109919E-13
1480.00789182791  2.271208E-13
1481.45554874844  2.371889E-13
1482.90320566898  2.564859E-13
1484.35086258952  2.252306E-13
1485.79851951005  2.212790E-13
1487.24617643059  1.868488E-13
1488.69383335113  2.032077E-13
1490.14149027167  2.003328E-13
1491.5891471922  1.908330E-13
1493.03680411274  1.953267E-13
1494.48446103328  2.165260E-13
1495.93211795381  2.308327E-13
1497.37977487435  2.079936E-13
1498.82743179489  2.577879E-13
1500.27508871542  2.512394E-13
1501.72274563596  2.412970E-13
1503.1704025565  2.146417E-13
1504.61805947703  2.348717E-13
1506.06571639757  2.169639E-13
1507.51337331811  2.207039E-13
1508.96103023864  2.393774E-13
1510.40868715918  2.261180E-13
1511.85634407972  2.315545E-13
1513.30400100025  2.131458E-13
1514.75165792079  2.249063E-13
1516.19931484133  2.273143E-13
1517.64697176186  2.670434E-13
1519.0946286824  2.786355E-13
1520.54228560294  2.549505E-13
1521.98994252347  2.472281E-13
1523.43759944401  2.754896E-13
1524.88525636455  2.776763E-13
1526.33291328509  2.738029E-13
1527.78057020562  2.915695E-13
1529.22822712616  2.483731E-13
1530.6758840467  2.670900E-13
1532.12354096723  2.767871E-13
1533.57119788777  3.012889E-13
1535.01885480831  3.285888E-13
1536.46651172884  3.641416E-13
1537.91416864938  3.302368E-13
1539.36182556992  3.740318E-13
1540.80948249045  4.055944E-13
1542.25713941099  4.184325E-13
1543.70479633153  4.319784E-13
1545.15245325206  4.011665E-13
1546.6001101726  4.068243E-13
1548.04776709314  3.838661E-13
1549.49542401367  3.611800E-13
1550.94308093421  3.522942E-13
1552.39073785475  3.727280E-13
1553.83839477528  3.495296E-13
1555.28605169582  3.411973E-13
1556.73370861636  3.112799E-13
1558.18136553689  2.840090E-13
1559.62902245743  2.708782E-13
1561.07667937797  2.376843E-13
1562.5243362985  2.416537E-13
1563.97199321904  2.544602E-13
1565.41965013958  2.454225E-13
1566.86730706012  2.427378E-13
1568.31496398065  2.290976E-13
1569.76262090119  2.468514E-13
1571.21027782173  2.534743E-13
1572.65793474226  2.294433E-13
1574.1055916628  2.338323E-13
1575.55324858334  2.185736E-13
1577.00090550387  2.025546E-13
1578.44856242441  2.061365E-13
1579.89621934495  2.097681E-13
1581.34387626548  2.081324E-13
1582.79153318602  2.273190E-13
1584.23919010656  2.325184E-13
1585.68684702709  2.110069E-13
1587.13450394763  2.079332E-13
1588.58216086817  1.918090E-13
1590.0298177887  2.042100E-13
1591.47747470924  2.040216E-13
1592.92513162978  2.059290E-13
1594.37278855031  2.144616E-13
1595.82044547085  2.129362E-13
1597.26810239139  2.015856E-13
1598.71575931192  2.134267E-13
1600.16341623246  2.040091E-13
1601.611073153  2.021027E-13
1603.05873007354  2.064069E-13
1604.50638699407  2.010957E-13
1605.95404391461  2.157555E-13
1607.40170083515  2.056123E-13
1608.84935775568  1.935445E-13
1610.29701467622  1.966787E-13
1611.74467159676  2.010270E-13
1613.19232851729  1.949052E-13
1614.63998543783  2.036505E-13
1616.08764235837  2.189134E-13
1617.5352992789  2.320810E-13
1618.98295619944  2.313835E-13
1620.43061311998  2.274881E-13
1621.87827004051  2.161129E-13
1623.32592696105  2.139028E-13
1624.77358388159  2.224567E-13
1626.22124080212  2.163728E-13
1627.66889772266  2.075841E-13
1629.1165546432  2.203787E-13
1630.56421156373  2.162721E-13
1632.01186848427  2.192117E-13
1633.45952540481  2.067795E-13
1634.90718232534  2.125079E-13
1636.35483924588  2.185193E-13
1637.80249616642  2.163474E-13
1639.25015308695  2.011347E-13
1640.69781000749  1.966039E-13
1642.14546692803  2.062187E-13
1643.59312384857  2.139537E-13
1645.0407807691  2.169315E-13
1646.48843768964  2.136596E-13
1647.93609461018  2.097582E-13
1649.38375153071  2.008047E-13
1650.83140845125  2.113145E-13
1652.27906537179  2.180441E-13
1653.72672229232  2.081723E-13
1655.17437921286  2.128622E-13
1656.6220361334  2.123086E-13
1658.06969305393  2.431350E-13
1659.51734997447  2.427734E-13
1660.96500689501  2.309576E-13
1662.41266381554  2.215936E-13
1663.86032073608  2.202625E-13
1665.30797765662  2.204389E-13
1666.75563457715  2.148982E-13
1668.20329149769  1.964033E-13
1669.65094841823  1.899429E-13
1671.09860533876  1.947938E-13
1672.5462622593  1.859686E-13
1673.99391917984  1.827913E-13
1675.44157610038  1.848202E-13
1676.88923302091  1.808725E-13
1678.33688994145  1.802639E-13
1679.78454686199  1.750033E-13
1681.23220378252  1.792245E-13
1682.67986070306  1.817358E-13
1684.1275176236  1.848752E-13
1685.57517454413  1.915151E-13
1687.02283146467  1.885051E-13
1688.47048838521  1.820558E-13
1689.91814530574  1.855843E-13
1691.36580222628  2.022095E-13
1692.81345914682  1.986387E-13
1694.26111606735  1.851728E-13
1695.70877298789  1.947701E-13
1697.15642990843  2.069059E-13
1698.60408682896  2.039286E-13
1700.0517437495  1.948197E-13
1701.49940067004  1.964494E-13
1702.94705759057  2.018800E-13
1704.39471451111  2.004499E-13
1705.84237143165  1.907718E-13
1707.29002835218  1.816091E-13
1708.73768527272  1.758146E-13
1710.18534219326  0.
1711.63299911379  0.
1713.08065603433  0.
1714.52831295487  0.
1715.97596987541  0.
1717.42362679594  0.
1718.87128371648  0.
1720.31894063702  0.
1721.76659755755  0.
1723.21425447809  0.
1724.66191139863  0.
1726.10956831916  0.
1727.5572252397  0.
1729.00488216024  0.
1730.45253908077  0.
1731.90019600131  0.
1733.34785292185  0.
1734.79550984238  0.
1736.24316676292  0.
1737.69082368346  0.
1739.13848060399  0.
1740.58613752453  0.
1742.03379444507  0.
1743.4814513656  0.
1744.92910828614  0.
1746.37676520668  0.
1747.82442212721  0.
1749.27207904775  0.
1750.71973596829  0.
1752.16739288882  0.
1753.61504980936  0.
1755.0627067299  0.
1756.51036365043  0.
1757.95802057097  0.
1759.40567749151  0.
1760.85333441205  0.
1762.30099133258  0.
1763.74864825312  0.
1765.19630517366  0.
1766.64396209419  0.
1768.09161901473  0.
1769.53927593527  0.
1770.9869328558  0.
1772.43458977634  0.
1773.88224669688  0.
1775.32990361741  0.
1776.77756053795  0.
1778.22521745849  0.
1779.67287437902  0.
1781.12053129956  0.
1782.5681882201  0.
1784.01584514063  0.
1785.46350206117  0.
1786.91115898171  0.
1788.35881590224  0.
1789.80647282278  0.
1791.25412974332  0.
1792.70178666385  0.
1794.14944358439  0.
1795.59710050493  0.
1797.04475742547  0.
1798.492414346  0.
1799.94007126654  0.
1801.38772818708  0.
1802.83538510761  0.
1804.28304202815  0.
1805.73069894869  0.
1807.17835586922  0.
1808.62601278976  0.
1810.0736697103  0.
1811.52132663083  0.
1812.96898355137  0.
1814.41664047191  0.
1815.86429739244  0.
1817.31195431298  0.
1818.75961123352  0.
1820.20726815405  0.
1821.65492507459  0.
1823.10258199513  0.
1824.55023891566  0.
1825.9978958362  0.
1827.44555275674  0.
1828.89320967727  0.
1830.34086659781  0.
1831.78852351835  0.
