906.735751295338  0.
908.183408215875  0.
909.631065136412  0.
911.078722056949  0.
912.526378977485  0.
913.974035898022  0.
915.421692818559  0.
916.869349739096  0.
918.317006659633  0.
919.764663580169  0.
921.212320500706  0.
922.659977421243  0.
924.10763434178  0.
925.555291262316  0.
927.002948182853  0.
928.45060510339  0.
929.898262023927  0.
931.345918944464  0.
932.793575865  0.
934.241232785537  0.
935.688889706074  0.
937.136546626611  0.
938.584203547148  0.
940.031860467684  0.
941.479517388221  0.
942.927174308758  0.
944.374831229295  0.
945.822488149832  0.
947.270145070369  0.
948.717801990905  0.
950.165458911442  0.
951.613115831979  0.
953.060772752515  0.
954.508429673052  0.
955.956086593589  0.
957.403743514126  0.
958.851400434663  0.
960.2990573552  0.
961.746714275736  0.
963.194371196273  0.
964.64202811681  0.
966.089685037347  0.
967.537341957883  0.
968.98499887842  0.
970.432655798957  0.
971.880312719494  0.
973.327969640031  0.
974.775626560567  0.
976.223283481104  0.
977.670940401641  0.
979.118597322178  0.
980.566254242715  0.
982.013911163251  0.
983.461568083788  0.
984.909225004325  0.
986.356881924862  0.
987.804538845399  0.
989.252195765935  0.
990.699852686472  0.
992.147509607009  0.
993.595166527546  3.992584E-13
995.042823448082  4.631252E-13
996.490480368619  3.514157E-13
997.938137289156  4.975131E-13
999.385794209693  6.264605E-13
1000.83345113023  5.633663E-13
1002.28110805077  4.740343E-13
1003.7287649713  1.892507E-13
1005.17642189184  4.185349E-13
1006.62407881238  4.706608E-13
1008.07173573291  4.073544E-13
1009.51939265345  5.315454E-13
1010.96704957399  4.945007E-13
1012.41470649452  3.829040E-13
1013.86236341506  4.832525E-13
1015.3100203356  4.122100E-13
1016.75767725613  4.077891E-13
1018.20533417667  4.547653E-13
1019.65299109721  4.422366E-13
1021.10064801775  4.479144E-13
1022.54830493828  4.733467E-13
1023.99596185882  3.834675E-13
1025.44361877936  3.997038E-13
1026.89127569989  4.348916E-13
1028.33893262043  4.458650E-13
1029.78658954097  4.114628E-13
1031.2342464615  4.749028E-13
1032.68190338204  4.090381E-13
1034.12956030258  4.480125E-13
1035.57721722311  4.403299E-13
1037.02487414365  4.129897E-13
1038.47253106419  4.318052E-13
1039.92018798472  3.704867E-13
1041.36784490526  3.621974E-13
1042.8155018258  3.635369E-13
1044.26315874633  3.426593E-13
1045.71081566687  3.432385E-13
1047.15847258741  3.400970E-13
1048.60612950794  3.696238E-13
1050.05378642848  3.126562E-13
1051.50144334902  3.271361E-13
1052.94910026955  3.501492E-13
1054.39675719009  3.539941E-13
1055.84441411063  3.487648E-13
1057.29207103116  2.925767E-13
1058.7397279517  3.083901E-13
1060.18738487224  3.343951E-13
1061.63504179277  3.332792E-13
1063.08269871331  3.332193E-13
1064.53035563385  3.337016E-13
1065.97801255439  3.375450E-13
1067.42566947492  3.681373E-13
1068.87332639546  3.384229E-13
1070.320983316  3.658912E-13
1071.76864023653  3.266202E-13
1073.21629715707  3.623069E-13
1074.66395407761  3.491858E-13
1076.11161099814  3.728526E-13
1077.55926791868  3.425989E-13
1079.00692483922  3.495987E-13
1080.45458175975  3.365239E-13
1081.90223868029  3.245787E-13
1083.34989560083  3.051186E-13
1084.79755252136  2.700580E-13
1086.2452094419  2.680848E-13
1087.69286636244  2.336891E-13
1089.14052328297  2.490432E-13
1090.58818020351  3.092901E-13
1092.03583712405  2.949239E-13
1093.48349404458  2.864915E-13
1094.93115096512  3.076886E-13
1096.37880788566  2.991362E-13
1097.82646480619  2.917893E-13
1099.27412172673  3.163877E-13
1100.72177864727  2.744912E-13
1102.1694355678  2.714352E-13
1103.61709248834  3.350581E-13
1105.06474940888  3.228488E-13
1106.51240632942  2.894138E-13
1107.96006324995  2.753971E-13
1109.40772017049  3.030898E-13
1110.85537709103  3.334610E-13
1112.30303401156  3.065914E-13
1113.7506909321  3.066489E-13
1115.19834785264  2.863983E-13
1116.64600477317  3.215190E-13
1118.09366169371  3.485753E-13
1119.54131861425  2.807793E-13
1120.98897553478  2.764752E-13
1122.43663245532  2.526605E-13
1123.88428937586  2.531473E-13
1125.33194629639  2.454898E-13
1126.77960321693  2.684956E-13
1128.22726013747  2.976839E-13
1129.674917058  2.998523E-13
1131.12257397854  3.367122E-13
1132.57023089908  2.731564E-13
1134.01788781961  3.391351E-13
1135.46554474015  3.300250E-13
1136.91320166069  3.181810E-13
1138.36085858122  2.714082E-13
1139.80851550176  2.674008E-13
1141.2561724223  2.599319E-13
1142.70382934284  2.787755E-13
1144.15148626337  3.182515E-13
1145.59914318391  2.512467E-13
1147.04680010445  3.133684E-13
1148.49445702498  2.934197E-13
1149.94211394552  3.029394E-13
1151.38977086606  2.960158E-13
1152.83742778659  2.673845E-13
1154.28508470713  2.576598E-13
1155.73274162767  2.699961E-13
1157.1803985482  2.923321E-13
1158.62805546874  2.733367E-13
1160.07571238928  3.036820E-13
1161.52336930981  3.163787E-13
1162.97102623035  2.868106E-13
1164.41868315089  3.141936E-13
1165.86634007142  3.280686E-13
1167.31399699196  3.444339E-13
1168.7616539125  3.559031E-13
1170.20931083303  3.321167E-13
1171.65696775357  3.119064E-13
1173.10462467411  3.257104E-13
1174.55228159464  2.856154E-13
1175.99993851518  3.064507E-13
1177.44759543572  3.104030E-13
1178.89525235625  3.311339E-13
1180.34290927679  3.556321E-13
1181.79056619733  3.682461E-13
1183.23822311787  3.705685E-13
1184.6858800384  3.668850E-13
1186.13353695894  3.772568E-13
1187.58119387948  3.753101E-13
1189.02885080001  4.260142E-13
1190.47650772055  3.935179E-13
1191.92416464109  4.330250E-13
1193.37182156162  4.542084E-13
1194.81947848216  4.883945E-13
1196.2671354027  4.536159E-13
1197.71479232323  4.419811E-13
1199.16244924377  5.077144E-13
1200.61010616431  5.041779E-13
1202.05776308484  4.661587E-13
1203.50542000538  5.121701E-13
1204.95307692592  6.163252E-13
1206.40073384645  7.201167E-13
1207.84839076699  8.647825E-13
1209.29604768753  8.591264E-13
1210.74370460806  9.935933E-13
1212.1913615286  9.336836E-13
1213.63901844914  1.056766E-12
1215.08667536967  1.081807E-12
1216.53433229021  1.081312E-12
1217.98198921075  1.007254E-12
1219.42964613129  8.818170E-13
1220.87730305182  7.150937E-13
1222.32495997236  6.467546E-13
1223.7726168929  5.119523E-13
1225.22027381343  5.143040E-13
1226.66793073397  5.609764E-13
1228.11558765451  5.788667E-13
1229.56324457504  4.657795E-13
1231.01090149558  4.437593E-13
1232.45855841612  4.270108E-13
1233.90621533665  4.789298E-13
1235.35387225719  4.951733E-13
1236.80152917773  5.226002E-13
1238.24918609826  4.752040E-13
1239.6968430188  4.262914E-13
1241.14449993934  3.946102E-13
1242.59215685987  4.195338E-13
1244.03981378041  3.660454E-13
1245.48747070095  3.549435E-13
1246.93512762148  3.986544E-13
1248.38278454202  4.193995E-13
1249.83044146256  3.617276E-13
1251.27809838309  3.362333E-13
1252.72575530363  3.193018E-13
1254.17341222417  3.771342E-13
1255.62106914471  3.235886E-13
1257.06872606524  3.289163E-13
1258.51638298578  3.344030E-13
1259.96403990632  3.001905E-13
1261.41169682685  3.320221E-13
1262.85935374739  3.105003E-13
1264.30701066793  2.696627E-13
1265.75466758846  2.612903E-13
1267.202324509  2.606066E-13
1268.64998142954  2.581022E-13
1270.09763835007  2.394416E-13
1271.54529527061  2.692926E-13
1272.99295219115  2.944448E-13
1274.44060911168  2.662684E-13
1275.88826603222  2.704296E-13
1277.33592295276  2.616184E-13
1278.78357987329  2.727640E-13
1280.23123679383  2.871313E-13
1281.67889371437  2.666657E-13
1283.1265506349  2.193630E-13
1284.57420755544  2.820389E-13
1286.02186447598  2.539696E-13
1287.46952139651  2.709947E-13
1288.91717831705  2.851127E-13
1290.36483523759  2.720132E-13
1291.81249215812  2.370857E-13
1293.26014907866  2.469273E-13
1294.7078059992  2.935387E-13
1296.15546291974  2.593956E-13
1297.60311984027  2.741444E-13
1299.05077676081  2.476581E-13
1300.49843368135  2.891382E-13
1301.94609060188  2.803504E-13
1303.39374752242  3.195528E-13
1304.84140444296  2.642645E-13
1306.28906136349  2.470154E-13
1307.73671828403  2.339293E-13
1309.18437520457  2.625690E-13
1310.6320321251  2.413658E-13
1312.07968904564  2.485520E-13
1313.52734596618  2.527063E-13
1314.97500288671  2.569630E-13
1316.42265980725  2.438644E-13
1317.87031672779  2.029763E-13
1319.31797364832  2.049843E-13
1320.76563056886  2.309362E-13
1322.2132874894  2.737481E-13
1323.66094440993  2.448987E-13
1325.10860133047  2.283575E-13
1326.55625825101  2.286300E-13
1328.00391517154  2.290963E-13
1329.45157209208  2.718102E-13
1330.89922901262  2.719514E-13
1332.34688593315  2.444912E-13
1333.79454285369  2.712390E-13
1335.24219977423  2.309152E-13
1336.68985669477  2.161864E-13
1338.1375136153  2.079117E-13
1339.58517053584  2.538711E-13
1341.03282745638  2.309452E-13
1342.48048437691  2.594154E-13
1343.92814129745  2.753985E-13
1345.37579821799  2.407625E-13
1346.82345513852  2.356486E-13
1348.27111205906  2.340773E-13
1349.7187689796  2.284011E-13
1351.16642590013  2.685643E-13
1352.61408282067  2.576538E-13
1354.06173974121  2.096510E-13
1355.50939666174  2.731435E-13
1356.95705358228  2.845949E-13
1358.40471050282  2.142693E-13
1359.85236742335  2.597219E-13
1361.30002434389  2.825942E-13
1362.74768126443  2.822379E-13
1364.19533818496  2.774124E-13
1365.6429951055  2.458902E-13
1367.09065202604  2.121028E-13
1368.53830894657  2.937723E-13
1369.98596586711  2.679592E-13
1371.43362278765  2.327696E-13
1372.88127970819  2.518491E-13
1374.32893662872  2.237390E-13
1375.77659354926  2.328600E-13
1377.2242504698  2.389122E-13
1378.67190739033  2.337426E-13
1380.11956431087  2.047237E-13
1381.56722123141  2.656917E-13
1383.01487815194  2.081966E-13
1384.46253507248  2.324702E-13
1385.91019199302  2.152655E-13
1387.35784891355  2.674720E-13
1388.80550583409  2.570813E-13
1390.25316275463  2.576405E-13
1391.70081967516  2.487695E-13
1393.1484765957  2.634630E-13
1394.59613351624  2.544190E-13
1396.04379043677  2.846273E-13
1397.49144735731  3.038969E-13
1398.93910427785  2.990782E-13
1400.38676119838  2.865362E-13
1401.83441811892  3.041286E-13
1403.28207503946  2.889771E-13
1404.72973195999  2.653421E-13
1406.17738888053  2.487136E-13
1407.62504580107  2.185502E-13
1409.0727027216  2.559193E-13
1410.52035964214  2.575837E-13
1411.96801656268  2.409856E-13
1413.41567348322  2.593045E-13
1414.86333040375  2.386036E-13
1416.31098732429  2.617146E-13
1417.75864424483  2.580167E-13
1419.20630116536  2.415631E-13
1420.6539580859  2.229971E-13
1422.10161500644  2.298821E-13
1423.54927192697  2.222175E-13
1424.99692884751  2.286374E-13
1426.44458576805  2.083648E-13
1427.89224268858  1.827538E-13
1429.33989960912  2.382314E-13
1430.78755652966  2.351000E-13
1432.23521345019  2.317332E-13
1433.68287037073  2.403390E-13
1435.13052729127  1.943649E-13
1436.5781842118  2.035870E-13
1438.02584113234  2.111115E-13
1439.47349805288  2.367014E-13
1440.92115497341  2.381957E-13
1442.36881189395  2.033832E-13
1443.81646881449  2.069243E-13
1445.26412573502  2.348962E-13
1446.71178265556  2.372566E-13
1448.1594395761  2.374242E-13
1449.60709649664  2.260134E-13
1451.05475341717  1.829021E-13
1452.50241033771  2.300047E-13
1453.95006725825  2.356533E-13
1455.39772417878  2.192406E-13
1456.84538109932  2.021862E-13
1458.29303801986  1.852574E-13
1459.74069494039  2.010362E-13
1461.18835186093  2.036070E-13
1462.63600878147  2.233367E-13
1464.083665702  2.211774E-13
1465.53132262254  1.965290E-13
1466.97897954308  2.038259E-13
1468.42663646361  1.877239E-13
1469.87429338415  2.105406E-13
1471.32195030469  2.227096E-13
1472.76960722522  2.083123E-13
1474.21726414576  2.063381E-13
1475.6649210663  2.106135E-13
1477.11257798683  2.191519E-13
1478.56023490737  2.126753E-13
1480.00789182791  2.002185E-13
1481.45554874844  2.114283E-13
1482.90320566898  2.279492E-13
1484.35086258952  2.374063E-13
1485.79851951005  2.106247E-13
1487.24617643059  2.160945E-13
1488.69383335113  2.179809E-13
1490.14149027167  2.058466E-13
1491.5891471922  2.261141E-13
1493.03680411274  2.025387E-13
1494.48446103328  2.154005E-13
1495.93211795381  2.220107E-13
1497.37977487435  2.471873E-13
1498.82743179489  2.236057E-13
1500.27508871542  2.391197E-13
1501.72274563596  2.263999E-13
1503.1704025565  2.177832E-13
1504.61805947703  2.172939E-13
1506.06571639757  2.341830E-13
1507.51337331811  2.363169E-13
1508.96103023864  2.397629E-13
1510.40868715918  2.034160E-13
1511.85634407972  2.207430E-13
1513.30400100025  2.276935E-13
1514.75165792079  2.548254E-13
1516.19931484133  2.453906E-13
1517.64697176186  2.732897E-13
1519.0946286824  2.719059E-13
1520.54228560294  2.602898E-13
1521.98994252347  2.689969E-13
1523.43759944401  2.819322E-13
1524.88525636455  2.618185E-13
1526.33291328509  2.724515E-13
1527.78057020562  2.620377E-13
1529.22822712616  2.664996E-13
1530.6758840467  2.595340E-13
1532.12354096723  2.799290E-13
1533.57119788777  3.141451E-13
1535.01885480831  3.468309E-13
1536.46651172884  3.558446E-13
1537.91416864938  3.634412E-13
1539.36182556992  4.009360E-13
1540.80948249045  4.075184E-13
1542.25713941099  4.008599E-13
1543.70479633153  3.978133E-13
1545.15245325206  4.103681E-13
1546.6001101726  4.164113E-13
1548.04776709314  4.186029E-13
1549.49542401367  3.694348E-13
1550.94308093421  3.811695E-13
1552.39073785475  3.490904E-13
1553.83839477528  3.636896E-13
1555.28605169582  3.355097E-13
1556.73370861636  2.844057E-13
1558.18136553689  2.743159E-13
1559.62902245743  2.636239E-13
1561.07667937797  2.412940E-13
1562.5243362985  2.483063E-13
1563.97199321904  2.657901E-13
1565.41965013958  2.525005E-13
1566.86730706012  2.513005E-13
1568.31496398065  2.401158E-13
1569.76262090119  2.304183E-13
1571.21027782173  2.291625E-13
1572.65793474226  2.221483E-13
1574.1055916628  2.187147E-13
1575.55324858334  2.074700E-13
1577.00090550387  2.065087E-13
1578.44856242441  1.985548E-13
1579.89621934495  2.138371E-13
1581.34387626548  2.285555E-13
1582.79153318602  2.214956E-13
1584.23919010656  2.231852E-13
1585.68684702709  2.211733E-13
1587.13450394763  2.035385E-13
1588.58216086817  2.108368E-13
1590.0298177887  2.057773E-13
1591.47747470924  2.164227E-13
1592.92513162978  2.173281E-13
1594.37278855031  2.035971E-13
1595.82044547085  2.060112E-13
1597.26810239139  1.933241E-13
1598.71575931192  1.852057E-13
1600.16341623246  1.908524E-13
1601.611073153  1.995171E-13
1603.05873007354  1.969138E-13
1604.50638699407  1.846818E-13
1605.95404391461  1.955980E-13
1607.40170083515  2.242737E-13
1608.84935775568  2.233337E-13
1610.29701467622  2.156510E-13
1611.74467159676  1.979048E-13
1613.19232851729  2.021961E-13
1614.63998543783  2.069863E-13
1616.08764235837  2.134265E-13
1617.5352992789  2.136399E-13
1618.98295619944  2.120066E-13
1620.43061311998  2.067127E-13
1621.87827004051  2.134455E-13
1623.32592696105  2.195114E-13
1624.77358388159  2.241519E-13
1626.22124080212  2.127573E-13
1627.66889772266  2.015150E-13
1629.1165546432  2.158002E-13
1630.56421156373  2.258772E-13
1632.01186848427  2.159880E-13
1633.45952540481  2.160309E-13
1634.90718232534  2.193596E-13
1636.35483924588  2.220632E-13
1637.80249616642  2.152595E-13
1639.25015308695  2.071828E-13
1640.69781000749  1.963005E-13
1642.14546692803  1.961768E-13
1643.59312384857  2.060795E-13
1645.0407807691  1.981048E-13
1646.48843768964  2.063837E-13
1647.93609461018  1.985446E-13
1649.38375153071  1.947231E-13
1650.83140845125  2.022395E-13
1652.27906537179  2.205125E-13
1653.72672229232  2.084626E-13
1655.17437921286  1.984632E-13
1656.6220361334  1.920628E-13
1658.06969305393  2.024717E-13
1659.51734997447  2.106263E-13
1660.96500689501  2.106615E-13
1662.41266381554  2.097560E-13
1663.86032073608  2.024785E-13
1665.30797765662  1.992471E-13
1666.75563457715  1.863000E-13
1668.20329149769  1.976004E-13
1669.65094841823  2.035706E-13
1671.09860533876  2.102996E-13
1672.5462622593  2.153076E-13
1673.99391917984  2.062407E-13
1675.44157610038  1.945715E-13
1676.88923302091  1.906333E-13
1678.33688994145  1.890646E-13
1679.78454686199  1.781422E-13
1681.23220378252  1.768580E-13
1682.67986070306  1.691077E-13
1684.1275176236  1.795240E-13
1685.57517454413  1.813892E-13
1687.02283146467  1.860990E-13
1688.47048838521  1.958528E-13
1689.91814530574  1.848502E-13
1691.36580222628  1.873092E-13
1692.81345914682  1.784062E-13
1694.26111606735  1.706947E-13
1695.70877298789  1.745343E-13
1697.15642990843  1.945297E-13
1698.60408682896  2.068568E-13
1700.0517437495  2.030299E-13
1701.49940067004  1.997682E-13
1702.94705759057  1.997756E-13
1704.39471451111  1.960513E-13
1705.84237143165  1.807858E-13
1707.29002835218  1.791230E-13
1708.73768527272  1.766808E-13
1710.18534219326  0.
1711.63299911379  0.
1713.08065603433  0.
1714.52831295487  0.
1715.97596987541  0.
1717.42362679594  0.
1718.87128371648  0.
1720.31894063702  0.
1721.76659755755  0.
1723.21425447809  0.
1724.66191139863  0.
1726.10956831916  0.
1727.5572252397  0.
1729.00488216024  0.
1730.45253908077  0.
1731.90019600131  0.
1733.34785292185  0.
1734.79550984238  0.
1736.24316676292  0.
1737.69082368346  0.
1739.13848060399  0.
1740.58613752453  0.
1742.03379444507  0.
1743.4814513656  0.
1744.92910828614  0.
1746.37676520668  0.
1747.82442212721  0.
1749.27207904775  0.
1750.71973596829  0.
1752.16739288882  0.
1753.61504980936  0.
1755.0627067299  0.
1756.51036365043  0.
1757.95802057097  0.
1759.40567749151  0.
1760.85333441205  0.
1762.30099133258  0.
1763.74864825312  0.
1765.19630517366  0.
1766.64396209419  0.
1768.09161901473  0.
1769.53927593527  0.
1770.9869328558  0.
1772.43458977634  0.
1773.88224669688  0.
1775.32990361741  0.
1776.77756053795  0.
1778.22521745849  0.
1779.67287437902  0.
1781.12053129956  0.
1782.5681882201  0.
1784.01584514063  0.
1785.46350206117  0.
1786.91115898171  0.
1788.35881590224  0.
1789.80647282278  0.
1791.25412974332  0.
1792.70178666385  0.
1794.14944358439  0.
1795.59710050493  0.
1797.04475742547  0.
1798.492414346  0.
1799.94007126654  0.
1801.38772818708  0.
1802.83538510761  0.
1804.28304202815  0.
1805.73069894869  0.
1807.17835586922  0.
1808.62601278976  0.
1810.0736697103  0.
1811.52132663083  0.
1812.96898355137  0.
1814.41664047191  0.
1815.86429739244  0.
1817.31195431298  0.
1818.75961123352  0.
1820.20726815405  0.
1821.65492507459  0.
1823.10258199513  0.
1824.55023891566  0.
1825.9978958362  0.
1827.44555275674  0.
1828.89320967727  0.
1830.34086659781  0.
1831.78852351835  0.
