906.735751295338  0.
908.183408215875  0.
909.631065136412  0.
911.078722056949  0.
912.526378977485  0.
913.974035898022  0.
915.421692818559  0.
916.869349739096  0.
918.317006659633  0.
919.764663580169  0.
921.212320500706  0.
922.659977421243  0.
924.10763434178  0.
925.555291262316  0.
927.002948182853  0.
928.45060510339  0.
929.898262023927  0.
931.345918944464  0.
932.793575865  0.
934.241232785537  0.
935.688889706074  0.
937.136546626611  0.
938.584203547148  0.
940.031860467684  0.
941.479517388221  0.
942.927174308758  0.
944.374831229295  0.
945.822488149832  0.
947.270145070369  0.
948.717801990905  0.
950.165458911442  0.
951.613115831979  0.
953.060772752515  0.
954.508429673052  0.
955.956086593589  0.
957.403743514126  0.
958.851400434663  0.
960.2990573552  0.
961.746714275736  0.
963.194371196273  0.
964.64202811681  0.
966.089685037347  0.
967.537341957883  0.
968.98499887842  0.
970.432655798957  0.
971.880312719494  0.
973.327969640031  0.
974.775626560567  0.
976.223283481104  0.
977.670940401641  0.
979.118597322178  0.
980.566254242715  0.
982.013911163251  0.
983.461568083788  0.
984.909225004325  0.
986.356881924862  0.
987.804538845399  0.
989.252195765935  0.
990.699852686472  0.
992.147509607009  0.
993.595166527546  2.699428E-13
995.042823448082  3.253428E-13
996.490480368619  8.148909E-13
997.938137289156  6.558296E-13
999.385794209693  6.845129E-13
1000.83345113023  8.087538E-13
1002.28110805077  4.475343E-13
1003.7287649713  4.034535E-13
1005.17642189184  2.751492E-13
1006.62407881238  3.309023E-13
1008.07173573291  5.663039E-13
1009.51939265345  3.973454E-13
1010.96704957399  6.143967E-13
1012.41470649452  4.238577E-13
1013.86236341506  2.800708E-13
1015.3100203356  5.107556E-13
1016.75767725613  5.481912E-13
1018.20533417667  3.157988E-13
1019.65299109721  4.254408E-13
1021.10064801775  4.970657E-13
1022.54830493828  4.848259E-13
1023.99596185882  3.862904E-13
1025.44361877936  3.073066E-13
1026.89127569989  4.366547E-13
1028.33893262043  3.408607E-13
1029.78658954097  3.960664E-13
1031.2342464615  3.681838E-13
1032.68190338204  4.222635E-13
1034.12956030258  2.629572E-13
1035.57721722311  3.274376E-13
1037.02487414365  3.700071E-13
1038.47253106419  4.207480E-13
1039.92018798472  3.408853E-13
1041.36784490526  2.989723E-13
1042.8155018258  3.547983E-13
1044.26315874633  3.946400E-13
1045.71081566687  3.834402E-13
1047.15847258741  5.454189E-13
1048.60612950794  3.629662E-13
1050.05378642848  2.971445E-13
1051.50144334902  3.845864E-13
1052.94910026955  4.005515E-13
1054.39675719009  3.042910E-13
1055.84441411063  2.884249E-13
1057.29207103116  3.207132E-13
1058.7397279517  2.987628E-13
1060.18738487224  3.517499E-13
1061.63504179277  3.593543E-13
1063.08269871331  3.446437E-13
1064.53035563385  3.222088E-13
1065.97801255439  3.123944E-13
1067.42566947492  3.719302E-13
1068.87332639546  3.779911E-13
1070.320983316  3.280467E-13
1071.76864023653  4.363216E-13
1073.21629715707  2.855823E-13
1074.66395407761  4.211835E-13
1076.11161099814  3.553009E-13
1077.55926791868  3.584463E-13
1079.00692483922  3.646362E-13
1080.45458175975  2.735433E-13
1081.90223868029  3.675733E-13
1083.34989560083  3.192707E-13
1084.79755252136  2.938287E-13
1086.2452094419  2.746319E-13
1087.69286636244  2.622984E-13
1089.14052328297  2.667055E-13
1090.58818020351  3.238228E-13
1092.03583712405  3.442753E-13
1093.48349404458  3.083844E-13
1094.93115096512  2.970862E-13
1096.37880788566  2.641145E-13
1097.82646480619  3.002907E-13
1099.27412172673  2.745579E-13
1100.72177864727  2.914267E-13
1102.1694355678  3.385271E-13
1103.61709248834  3.380222E-13
1105.06474940888  3.263480E-13
1106.51240632942  2.563221E-13
1107.96006324995  3.139428E-13
1109.40772017049  2.987784E-13
1110.85537709103  2.989440E-13
1112.30303401156  2.764590E-13
1113.7506909321  3.132825E-13
1115.19834785264  3.033047E-13
1116.64600477317  3.074282E-13
1118.09366169371  3.386452E-13
1119.54131861425  3.192179E-13
1120.98897553478  2.655466E-13
1122.43663245532  3.136368E-13
1123.88428937586  2.461847E-13
1125.33194629639  2.226339E-13
1126.77960321693  2.834319E-13
1128.22726013747  2.822653E-13
1129.674917058  3.813915E-13
1131.12257397854  3.342189E-13
1132.57023089908  3.508294E-13
1134.01788781961  2.641612E-13
1135.46554474015  3.537452E-13
1136.91320166069  2.878446E-13
1138.36085858122  2.895537E-13
1139.80851550176  3.198258E-13
1141.2561724223  3.582737E-13
1142.70382934284  2.928154E-13
1144.15148626337  2.930677E-13
1145.59914318391  3.310083E-13
1147.04680010445  2.673465E-13
1148.49445702498  3.357094E-13
1149.94211394552  2.537017E-13
1151.38977086606  3.021110E-13
1152.83742778659  2.392158E-13
1154.28508470713  2.239789E-13
1155.73274162767  2.811207E-13
1157.1803985482  3.271226E-13
1158.62805546874  2.851741E-13
1160.07571238928  2.981031E-13
1161.52336930981  2.751412E-13
1162.97102623035  2.920491E-13
1164.41868315089  3.062213E-13
1165.86634007142  2.796476E-13
1167.31399699196  3.712999E-13
1168.7616539125  3.009253E-13
1170.20931083303  3.270082E-13
1171.65696775357  3.431210E-13
1173.10462467411  3.334749E-13
1174.55228159464  4.025090E-13
1175.99993851518  3.175284E-13
1177.44759543572  3.429113E-13
1178.89525235625  3.614145E-13
1180.34290927679  3.068298E-13
1181.79056619733  3.157219E-13
1183.23822311787  3.459578E-13
1184.6858800384  3.393205E-13
1186.13353695894  3.593343E-13
1187.58119387948  4.011593E-13
1189.02885080001  4.052444E-13
1190.47650772055  4.213609E-13
1191.92416464109  4.460505E-13
1193.37182156162  4.553450E-13
1194.81947848216  4.366001E-13
1196.2671354027  4.617978E-13
1197.71479232323  5.566066E-13
1199.16244924377  4.537710E-13
1200.61010616431  5.298144E-13
1202.05776308484  5.047214E-13
1203.50542000538  5.390403E-13
1204.95307692592  6.112247E-13
1206.40073384645  7.176760E-13
1207.84839076699  8.288960E-13
1209.29604768753  9.011648E-13
1210.74370460806  8.899163E-13
1212.1913615286  9.968024E-13
1213.63901844914  9.687482E-13
1215.08667536967  1.065993E-12
1216.53433229021  8.419365E-13
1217.98198921075  9.784990E-13
1219.42964613129  8.769644E-13
1220.87730305182  8.161225E-13
1222.32495997236  6.244796E-13
1223.7726168929  5.249213E-13
1225.22027381343  5.164777E-13
1226.66793073397  5.469036E-13
1228.11558765451  4.832781E-13
1229.56324457504  5.332361E-13
1231.01090149558  4.934563E-13
1232.45855841612  4.737963E-13
1233.90621533665  5.025209E-13
1235.35387225719  4.468383E-13
1236.80152917773  5.882228E-13
1238.24918609826  5.551303E-13
1239.6968430188  4.196947E-13
1241.14449993934  4.995720E-13
1242.59215685987  3.462371E-13
1244.03981378041  4.464585E-13
1245.48747070095  4.170789E-13
1246.93512762148  3.899715E-13
1248.38278454202  3.989004E-13
1249.83044146256  3.558308E-13
1251.27809838309  3.406913E-13
1252.72575530363  3.785129E-13
1254.17341222417  3.515851E-13
1255.62106914471  3.238775E-13
1257.06872606524  3.183758E-13
1258.51638298578  3.452180E-13
1259.96403990632  3.336823E-13
1261.41169682685  3.471357E-13
1262.85935374739  3.161838E-13
1264.30701066793  3.089010E-13
1265.75466758846  3.376976E-13
1267.202324509  2.789776E-13
1268.64998142954  3.204409E-13
1270.09763835007  2.745044E-13
1271.54529527061  2.995748E-13
1272.99295219115  2.363411E-13
1274.44060911168  2.582996E-13
1275.88826603222  2.508785E-13
1277.33592295276  2.739780E-13
1278.78357987329  2.271692E-13
1280.23123679383  2.471387E-13
1281.67889371437  2.539109E-13
1283.1265506349  2.645401E-13
1284.57420755544  2.497806E-13
1286.02186447598  2.133818E-13
1287.46952139651  2.803119E-13
1288.91717831705  2.876808E-13
1290.36483523759  2.691593E-13
1291.81249215812  2.507612E-13
1293.26014907866  2.677724E-13
1294.7078059992  2.773571E-13
1296.15546291974  2.704863E-13
1297.60311984027  2.735320E-13
1299.05077676081  3.043124E-13
1300.49843368135  2.887429E-13
1301.94609060188  2.765206E-13
1303.39374752242  2.558331E-13
1304.84140444296  2.969595E-13
1306.28906136349  2.664533E-13
1307.73671828403  2.409515E-13
1309.18437520457  2.678253E-13
1310.6320321251  2.098687E-13
1312.07968904564  2.289733E-13
1313.52734596618  2.448504E-13
1314.97500288671  2.495602E-13
1316.42265980725  2.570389E-13
1317.87031672779  2.519426E-13
1319.31797364832  2.351328E-13
1320.76563056886  2.578225E-13
1322.2132874894  2.274456E-13
1323.66094440993  2.385255E-13
1325.10860133047  2.581415E-13
1326.55625825101  2.674582E-13
1328.00391517154  2.073860E-13
1329.45157209208  2.416828E-13
1330.89922901262  3.298546E-13
1332.34688593315  2.858051E-13
1333.79454285369  2.458734E-13
1335.24219977423  2.461443E-13
1336.68985669477  2.266276E-13
1338.1375136153  2.043258E-13
1339.58517053584  2.252047E-13
1341.03282745638  2.312884E-13
1342.48048437691  2.226790E-13
1343.92814129745  2.805940E-13
1345.37579821799  2.471415E-13
1346.82345513852  2.462214E-13
1348.27111205906  2.631869E-13
1349.7187689796  2.722763E-13
1351.16642590013  2.359155E-13
1352.61408282067  2.269651E-13
1354.06173974121  2.252645E-13
1355.50939666174  2.390056E-13
1356.95705358228  2.776730E-13
1358.40471050282  2.357035E-13
1359.85236742335  2.385074E-13
1361.30002434389  2.680095E-13
1362.74768126443  2.779855E-13
1364.19533818496  2.707843E-13
1365.6429951055  2.953404E-13
1367.09065202604  2.423245E-13
1368.53830894657  2.517617E-13
1369.98596586711  2.937845E-13
1371.43362278765  2.210425E-13
1372.88127970819  2.508604E-13
1374.32893662872  2.246889E-13
1375.77659354926  2.441539E-13
1377.2242504698  2.767212E-13
1378.67190739033  2.768693E-13
1380.11956431087  2.907498E-13
1381.56722123141  2.770617E-13
1383.01487815194  2.597146E-13
1384.46253507248  2.520058E-13
1385.91019199302  2.888671E-13
1387.35784891355  2.808670E-13
1388.80550583409  2.580554E-13
1390.25316275463  2.539199E-13
1391.70081967516  2.762506E-13
1393.1484765957  2.726973E-13
1394.59613351624  3.038844E-13
1396.04379043677  2.855613E-13
1397.49144735731  3.355224E-13
1398.93910427785  3.124110E-13
1400.38676119838  3.018085E-13
1401.83441811892  2.932870E-13
1403.28207503946  3.252179E-13
1404.72973195999  2.762792E-13
1406.17738888053  2.498460E-13
1407.62504580107  2.784089E-13
1409.0727027216  2.625767E-13
1410.52035964214  3.055646E-13
1411.96801656268  2.778820E-13
1413.41567348322  2.562905E-13
1414.86333040375  2.672295E-13
1416.31098732429  2.351403E-13
1417.75864424483  2.349491E-13
1419.20630116536  2.372793E-13
1420.6539580859  2.509095E-13
1422.10161500644  2.145070E-13
1423.54927192697  2.318019E-13
1424.99692884751  2.221061E-13
1426.44458576805  2.240037E-13
1427.89224268858  2.078571E-13
1429.33989960912  2.105113E-13
1430.78755652966  1.979629E-13
1432.23521345019  1.817650E-13
1433.68287037073  2.428551E-13
1435.13052729127  2.616231E-13
1436.5781842118  1.881112E-13
1438.02584113234  1.890508E-13
1439.47349805288  2.249356E-13
1440.92115497341  1.848714E-13
1442.36881189395  2.180161E-13
1443.81646881449  1.977164E-13
1445.26412573502  2.202351E-13
1446.71178265556  1.984018E-13
1448.1594395761  2.087736E-13
1449.60709649664  2.225142E-13
1451.05475341717  2.169542E-13
1452.50241033771  2.010976E-13
1453.95006725825  1.916469E-13
1455.39772417878  1.802382E-13
1456.84538109932  2.084947E-13
1458.29303801986  2.076234E-13
1459.74069494039  1.973561E-13
1461.18835186093  2.338104E-13
1462.63600878147  2.094097E-13
1464.083665702  2.095507E-13
1465.53132262254  2.106581E-13
1466.97897954308  2.115713E-13
1468.42663646361  2.277515E-13
1469.87429338415  2.318640E-13
1471.32195030469  2.046251E-13
1472.76960722522  2.088406E-13
1474.21726414576  1.795146E-13
1475.6649210663  1.842961E-13
1477.11257798683  1.953655E-13
1478.56023490737  2.058066E-13
1480.00789182791  1.991232E-13
1481.45554874844  1.988477E-13
1482.90320566898  1.959844E-13
1484.35086258952  2.115839E-13
1485.79851951005  2.118988E-13
1487.24617643059  2.253803E-13
1488.69383335113  2.148387E-13
1490.14149027167  2.140440E-13
1491.5891471922  2.041817E-13
1493.03680411274  1.973381E-13
1494.48446103328  2.118375E-13
1495.93211795381  2.093013E-13
1497.37977487435  2.083768E-13
1498.82743179489  2.233365E-13
1500.27508871542  2.093592E-13
1501.72274563596  2.367630E-13
1503.1704025565  2.452678E-13
1504.61805947703  2.295670E-13
1506.06571639757  2.120960E-13
1507.51337331811  2.358637E-13
1508.96103023864  2.309857E-13
1510.40868715918  2.214293E-13
1511.85634407972  2.242117E-13
1513.30400100025  2.207863E-13
1514.75165792079  2.366270E-13
1516.19931484133  2.490259E-13
1517.64697176186  2.544307E-13
1519.0946286824  2.614408E-13
1520.54228560294  2.530242E-13
1521.98994252347  2.596637E-13
1523.43759944401  2.642325E-13
1524.88525636455  2.637883E-13
1526.33291328509  2.811506E-13
1527.78057020562  2.957522E-13
1529.22822712616  2.929284E-13
1530.6758840467  2.723527E-13
1532.12354096723  2.729406E-13
1533.57119788777  3.228576E-13
1535.01885480831  3.424260E-13
1536.46651172884  3.621735E-13
1537.91416864938  3.754530E-13
1539.36182556992  4.017613E-13
1540.80948249045  4.219268E-13
1542.25713941099  4.112531E-13
1543.70479633153  4.348666E-13
1545.15245325206  4.355188E-13
1546.6001101726  4.051671E-13
1548.04776709314  4.124891E-13
1549.49542401367  3.490493E-13
1550.94308093421  3.769817E-13
1552.39073785475  3.603687E-13
1553.83839477528  3.524867E-13
1555.28605169582  3.343616E-13
1556.73370861636  3.074783E-13
1558.18136553689  3.111507E-13
1559.62902245743  2.950988E-13
1561.07667937797  2.745475E-13
1562.5243362985  2.633107E-13
1563.97199321904  2.801362E-13
1565.41965013958  2.838200E-13
1566.86730706012  2.756619E-13
1568.31496398065  2.413426E-13
1569.76262090119  2.310284E-13
1571.21027782173  2.246279E-13
1572.65793474226  2.487281E-13
1574.1055916628  2.392484E-13
1575.55324858334  2.278203E-13
1577.00090550387  2.186891E-13
1578.44856242441  2.110711E-13
1579.89621934495  2.327109E-13
1581.34387626548  2.454628E-13
1582.79153318602  2.327442E-13
1584.23919010656  2.184652E-13
1585.68684702709  2.156479E-13
1587.13450394763  2.243678E-13
1588.58216086817  2.083140E-13
1590.0298177887  2.106512E-13
1591.47747470924  2.143438E-13
1592.92513162978  2.147371E-13
1594.37278855031  2.336750E-13
1595.82044547085  2.213586E-13
1597.26810239139  2.034261E-13
1598.71575931192  2.007548E-13
1600.16341623246  2.051078E-13
1601.611073153  2.108018E-13
1603.05873007354  2.047100E-13
1604.50638699407  2.174112E-13
1605.95404391461  2.073163E-13
1607.40170083515  2.060178E-13
1608.84935775568  2.009786E-13
1610.29701467622  1.992920E-13
1611.74467159676  2.016854E-13
1613.19232851729  2.072547E-13
1614.63998543783  2.209800E-13
1616.08764235837  2.377798E-13
1617.5352992789  2.307579E-13
1618.98295619944  2.137898E-13
1620.43061311998  2.047836E-13
1621.87827004051  2.048882E-13
1623.32592696105  2.083244E-13
1624.77358388159  2.214638E-13
1626.22124080212  2.143821E-13
1627.66889772266  2.024948E-13
1629.1165546432  2.023914E-13
1630.56421156373  2.110844E-13
1632.01186848427  2.254270E-13
1633.45952540481  2.222139E-13
1634.90718232534  2.200551E-13
1636.35483924588  2.152690E-13
1637.80249616642  2.131002E-13
1639.25015308695  2.069083E-13
1640.69781000749  1.998649E-13
1642.14546692803  1.961784E-13
1643.59312384857  2.010623E-13
1645.0407807691  2.055144E-13
1646.48843768964  1.978252E-13
1647.93609461018  2.032039E-13
1649.38375153071  1.915470E-13
1650.83140845125  2.005475E-13
1652.27906537179  2.028406E-13
1653.72672229232  1.964721E-13
1655.17437921286  1.987653E-13
1656.6220361334  2.082118E-13
1658.06969305393  2.116525E-13
1659.51734997447  2.031135E-13
1660.96500689501  2.100690E-13
1662.41266381554  2.031288E-13
1663.86032073608  2.067108E-13
1665.30797765662  2.035794E-13
1666.75563457715  1.948376E-13
1668.20329149769  1.787542E-13
1669.65094841823  1.844589E-13
1671.09860533876  1.899677E-13
1672.5462622593  1.914189E-13
1673.99391917984  2.011362E-13
1675.44157610038  1.868821E-13
1676.88923302091  1.821893E-13
1678.33688994145  1.736796E-13
1679.78454686199  1.681583E-13
1681.23220378252  1.777977E-13
1682.67986070306  1.817610E-13
1684.1275176236  1.814240E-13
1685.57517454413  1.847684E-13
1687.02283146467  1.870949E-13
1688.47048838521  1.875342E-13
1689.91814530574  1.889864E-13
1691.36580222628  1.921909E-13
1692.81345914682  1.907694E-13
1694.26111606735  1.880822E-13
1695.70877298789  1.845199E-13
1697.15642990843  1.826402E-13
1698.60408682896  1.774211E-13
1700.0517437495  1.842373E-13
1701.49940067004  1.877883E-13
1702.94705759057  1.962953E-13
1704.39471451111  1.982707E-13
1705.84237143165  1.866874E-13
1707.29002835218  1.877663E-13
1708.73768527272  1.860582E-13
1710.18534219326  0.
1711.63299911379  0.
1713.08065603433  0.
1714.52831295487  0.
1715.97596987541  0.
1717.42362679594  0.
1718.87128371648  0.
1720.31894063702  0.
1721.76659755755  0.
1723.21425447809  0.
1724.66191139863  0.
1726.10956831916  0.
1727.5572252397  0.
1729.00488216024  0.
1730.45253908077  0.
1731.90019600131  0.
1733.34785292185  0.
1734.79550984238  0.
1736.24316676292  0.
1737.69082368346  0.
1739.13848060399  0.
1740.58613752453  0.
1742.03379444507  0.
1743.4814513656  0.
1744.92910828614  0.
1746.37676520668  0.
1747.82442212721  0.
1749.27207904775  0.
1750.71973596829  0.
1752.16739288882  0.
1753.61504980936  0.
1755.0627067299  0.
1756.51036365043  0.
1757.95802057097  0.
1759.40567749151  0.
1760.85333441205  0.
1762.30099133258  0.
1763.74864825312  0.
1765.19630517366  0.
1766.64396209419  0.
1768.09161901473  0.
1769.53927593527  0.
1770.9869328558  0.
1772.43458977634  0.
1773.88224669688  0.
1775.32990361741  0.
1776.77756053795  0.
1778.22521745849  0.
1779.67287437902  0.
1781.12053129956  0.
1782.5681882201  0.
1784.01584514063  0.
1785.46350206117  0.
1786.91115898171  0.
1788.35881590224  0.
1789.80647282278  0.
1791.25412974332  0.
1792.70178666385  0.
1794.14944358439  0.
1795.59710050493  0.
1797.04475742547  0.
1798.492414346  0.
1799.94007126654  0.
1801.38772818708  0.
1802.83538510761  0.
1804.28304202815  0.
1805.73069894869  0.
1807.17835586922  0.
1808.62601278976  0.
1810.0736697103  0.
1811.52132663083  0.
1812.96898355137  0.
1814.41664047191  0.
1815.86429739244  0.
1817.31195431298  0.
1818.75961123352  0.
1820.20726815405  0.
1821.65492507459  0.
1823.10258199513  0.
1824.55023891566  0.
1825.9978958362  0.
1827.44555275674  0.
1828.89320967727  0.
1830.34086659781  0.
1831.78852351835  0.
