906.735751295338  0.
908.183408215875  0.
909.631065136412  0.
911.078722056949  0.
912.526378977485  0.
913.974035898022  0.
915.421692818559  0.
916.869349739096  0.
918.317006659633  0.
919.764663580169  0.
921.212320500706  0.
922.659977421243  0.
924.10763434178  0.
925.555291262316  0.
927.002948182853  0.
928.45060510339  0.
929.898262023927  0.
931.345918944464  0.
932.793575865  0.
934.241232785537  0.
935.688889706074  0.
937.136546626611  0.
938.584203547148  0.
940.031860467684  0.
941.479517388221  0.
942.927174308758  0.
944.374831229295  0.
945.822488149832  0.
947.270145070369  0.
948.717801990905  0.
950.165458911442  0.
951.613115831979  0.
953.060772752515  0.
954.508429673052  0.
955.956086593589  0.
957.403743514126  0.
958.851400434663  0.
960.2990573552  0.
961.746714275736  0.
963.194371196273  0.
964.64202811681  0.
966.089685037347  0.
967.537341957883  0.
968.98499887842  0.
970.432655798957  0.
971.880312719494  0.
973.327969640031  0.
974.775626560567  0.
976.223283481104  0.
977.670940401641  0.
979.118597322178  0.
980.566254242715  0.
982.013911163251  0.
983.461568083788  0.
984.909225004325  0.
986.356881924862  0.
987.804538845399  0.
989.252195765935  0.
990.699852686472  0.
992.147509607009  0.
993.595166527546  3.127419E-13
995.042823448082  7.622279E-14
996.490480368619  5.736948E-13
997.938137289156  2.901502E-13
999.385794209693  4.614134E-13
1000.83345113023  5.834751E-13
1002.28110805077  2.797635E-13
1003.7287649713  3.170587E-13
1005.17642189184  3.378071E-13
1006.62407881238  3.553733E-13
1008.07173573291  3.586629E-13
1009.51939265345  2.704189E-13
1010.96704957399  3.848923E-13
1012.41470649452  3.106651E-13
1013.86236341506  3.792074E-13
1015.3100203356  5.256033E-13
1016.75767725613  3.487990E-13
1018.20533417667  3.189522E-13
1019.65299109721  4.503828E-13
1021.10064801775  5.495155E-13
1022.54830493828  4.457217E-13
1023.99596185882  3.785869E-13
1025.44361877936  3.278044E-13
1026.89127569989  4.850423E-13
1028.33893262043  4.284340E-13
1029.78658954097  4.495785E-13
1031.2342464615  4.450280E-13
1032.68190338204  4.796700E-13
1034.12956030258  4.052266E-13
1035.57721722311  3.833511E-13
1037.02487414365  4.583746E-13
1038.47253106419  4.987135E-13
1039.92018798472  4.004180E-13
1041.36784490526  3.118963E-13
1042.8155018258  3.347851E-13
1044.26315874633  3.876002E-13
1045.71081566687  3.926850E-13
1047.15847258741  5.283403E-13
1048.60612950794  3.636429E-13
1050.05378642848  2.457291E-13
1051.50144334902  3.641795E-13
1052.94910026955  3.522801E-13
1054.39675719009  3.143012E-13
1055.84441411063  3.222537E-13
1057.29207103116  3.594722E-13
1058.7397279517  2.909926E-13
1060.18738487224  3.221556E-13
1061.63504179277  3.495564E-13
1063.08269871331  3.754150E-13
1064.53035563385  3.777537E-13
1065.97801255439  3.244760E-13
1067.42566947492  3.907848E-13
1068.87332639546  3.286043E-13
1070.320983316  3.433415E-13
1071.76864023653  4.211363E-13
1073.21629715707  2.879184E-13
1074.66395407761  3.906657E-13
1076.11161099814  3.348075E-13
1077.55926791868  3.992249E-13
1079.00692483922  3.581365E-13
1080.45458175975  3.041531E-13
1081.90223868029  3.441598E-13
1083.34989560083  3.475145E-13
1084.79755252136  3.097372E-13
1086.2452094419  2.898016E-13
1087.69286636244  2.658015E-13
1089.14052328297  2.837849E-13
1090.58818020351  3.200774E-13
1092.03583712405  3.109226E-13
1093.48349404458  2.991495E-13
1094.93115096512  2.976774E-13
1096.37880788566  3.022953E-13
1097.82646480619  3.447739E-13
1099.27412172673  2.861203E-13
1100.72177864727  2.991913E-13
1102.1694355678  2.773041E-13
1103.61709248834  3.086823E-13
1105.06474940888  3.361338E-13
1106.51240632942  3.002378E-13
1107.96006324995  3.388232E-13
1109.40772017049  2.925837E-13
1110.85537709103  2.824622E-13
1112.30303401156  2.862624E-13
1113.7506909321  3.385876E-13
1115.19834785264  3.162788E-13
1116.64600477317  2.891901E-13
1118.09366169371  3.219475E-13
1119.54131861425  2.556424E-13
1120.98897553478  2.591530E-13
1122.43663245532  2.809293E-13
1123.88428937586  2.879668E-13
1125.33194629639  2.419873E-13
1126.77960321693  2.727690E-13
1128.22726013747  2.509990E-13
1129.674917058  3.171459E-13
1131.12257397854  3.197342E-13
1132.57023089908  3.262638E-13
1134.01788781961  2.642631E-13
1135.46554474015  3.482251E-13
1136.91320166069  3.036333E-13
1138.36085858122  2.772837E-13
1139.80851550176  2.931862E-13
1141.2561724223  3.305367E-13
1142.70382934284  2.929205E-13
1144.15148626337  2.584504E-13
1145.59914318391  3.130753E-13
1147.04680010445  3.080213E-13
1148.49445702498  3.003579E-13
1149.94211394552  2.344814E-13
1151.38977086606  2.948537E-13
1152.83742778659  2.831669E-13
1154.28508470713  2.677921E-13
1155.73274162767  2.900561E-13
1157.1803985482  3.321765E-13
1158.62805546874  2.966225E-13
1160.07571238928  3.343383E-13
1161.52336930981  2.940637E-13
1162.97102623035  3.056491E-13
1164.41868315089  2.898966E-13
1165.86634007142  3.278227E-13
1167.31399699196  3.893546E-13
1168.7616539125  3.085648E-13
1170.20931083303  3.645450E-13
1171.65696775357  3.139524E-13
1173.10462467411  3.476649E-13
1174.55228159464  3.518505E-13
1175.99993851518  3.104368E-13
1177.44759543572  3.327479E-13
1178.89525235625  3.186169E-13
1180.34290927679  3.660296E-13
1181.79056619733  3.292098E-13
1183.23822311787  3.551941E-13
1184.6858800384  3.354342E-13
1186.13353695894  3.658490E-13
1187.58119387948  4.434023E-13
1189.02885080001  3.602089E-13
1190.47650772055  3.846338E-13
1191.92416464109  4.405837E-13
1193.37182156162  4.393281E-13
1194.81947848216  4.043053E-13
1196.2671354027  4.485838E-13
1197.71479232323  4.425736E-13
1199.16244924377  4.495017E-13
1200.61010616431  4.861345E-13
1202.05776308484  5.185731E-13
1203.50542000538  5.087630E-13
1204.95307692592  6.558966E-13
1206.40073384645  6.677291E-13
1207.84839076699  8.403217E-13
1209.29604768753  8.096635E-13
1210.74370460806  8.049126E-13
1212.1913615286  9.856678E-13
1213.63901844914  9.653626E-13
1215.08667536967  1.040989E-12
1216.53433229021  8.603267E-13
1217.98198921075  1.017940E-12
1219.42964613129  8.220562E-13
1220.87730305182  7.984154E-13
1222.32495997236  6.349224E-13
1223.7726168929  5.216473E-13
1225.22027381343  4.993312E-13
1226.66793073397  5.207045E-13
1228.11558765451  4.449626E-13
1229.56324457504  5.049535E-13
1231.01090149558  4.679115E-13
1232.45855841612  4.360476E-13
1233.90621533665  4.584659E-13
1235.35387225719  4.675373E-13
1236.80152917773  4.940467E-13
1238.24918609826  5.390388E-13
1239.6968430188  4.282775E-13
1241.14449993934  4.945637E-13
1242.59215685987  3.940080E-13
1244.03981378041  4.657737E-13
1245.48747070095  4.130943E-13
1246.93512762148  3.991126E-13
1248.38278454202  4.217913E-13
1249.83044146256  3.358904E-13
1251.27809838309  3.320357E-13
1252.72575530363  3.867195E-13
1254.17341222417  4.017557E-13
1255.62106914471  3.292710E-13
1257.06872606524  2.763864E-13
1258.51638298578  2.632394E-13
1259.96403990632  2.847668E-13
1261.41169682685  3.848797E-13
1262.85935374739  3.261178E-13
1264.30701066793  3.520710E-13
1265.75466758846  3.088120E-13
1267.202324509  2.802280E-13
1268.64998142954  2.931538E-13
1270.09763835007  2.641327E-13
1271.54529527061  3.162792E-13
1272.99295219115  2.694722E-13
1274.44060911168  2.896874E-13
1275.88826603222  2.568481E-13
1277.33592295276  2.853494E-13
1278.78357987329  2.756943E-13
1280.23123679383  3.022001E-13
1281.67889371437  2.140604E-13
1283.1265506349  2.370032E-13
1284.57420755544  2.378549E-13
1286.02186447598  2.218144E-13
1287.46952139651  2.560922E-13
1288.91717831705  2.717460E-13
1290.36483523759  2.439115E-13
1291.81249215812  2.522622E-13
1293.26014907866  2.623942E-13
1294.7078059992  2.369770E-13
1296.15546291974  2.431369E-13
1297.60311984027  2.728907E-13
1299.05077676081  3.126662E-13
1300.49843368135  2.935910E-13
1301.94609060188  2.600617E-13
1303.39374752242  2.761865E-13
1304.84140444296  2.582785E-13
1306.28906136349  2.498055E-13
1307.73671828403  2.456602E-13
1309.18437520457  2.549108E-13
1310.6320321251  2.189001E-13
1312.07968904564  2.205838E-13
1313.52734596618  2.796322E-13
1314.97500288671  2.956107E-13
1316.42265980725  2.569392E-13
1317.87031672779  2.389269E-13
1319.31797364832  2.185045E-13
1320.76563056886  2.426730E-13
1322.2132874894  2.462758E-13
1323.66094440993  2.460485E-13
1325.10860133047  2.381636E-13
1326.55625825101  2.765639E-13
1328.00391517154  2.691771E-13
1329.45157209208  2.698879E-13
1330.89922901262  2.822252E-13
1332.34688593315  2.887651E-13
1333.79454285369  2.631555E-13
1335.24219977423  2.618207E-13
1336.68985669477  2.341041E-13
1338.1375136153  2.102242E-13
1339.58517053584  2.172096E-13
1341.03282745638  2.544044E-13
1342.48048437691  2.454003E-13
1343.92814129745  2.516288E-13
1345.37579821799  2.546437E-13
1346.82345513852  2.187707E-13
1348.27111205906  2.405744E-13
1349.7187689796  2.407809E-13
1351.16642590013  2.370849E-13
1352.61408282067  2.571615E-13
1354.06173974121  2.496386E-13
1355.50939666174  2.111034E-13
1356.95705358228  2.375526E-13
1358.40471050282  2.347908E-13
1359.85236742335  2.546732E-13
1361.30002434389  2.908083E-13
1362.74768126443  3.149368E-13
1364.19533818496  2.998024E-13
1365.6429951055  2.747098E-13
1367.09065202604  2.366466E-13
1368.53830894657  2.508426E-13
1369.98596586711  3.067266E-13
1371.43362278765  2.772093E-13
1372.88127970819  2.431820E-13
1374.32893662872  2.213168E-13
1375.77659354926  2.616511E-13
1377.2242504698  2.550478E-13
1378.67190739033  2.550615E-13
1380.11956431087  2.275838E-13
1381.56722123141  2.513997E-13
1383.01487815194  2.189034E-13
1384.46253507248  1.848755E-13
1385.91019199302  2.413925E-13
1387.35784891355  2.711435E-13
1388.80550583409  2.865130E-13
1390.25316275463  2.663088E-13
1391.70081967516  2.881139E-13
1393.1484765957  2.653830E-13
1394.59613351624  3.013840E-13
1396.04379043677  2.796197E-13
1397.49144735731  2.895693E-13
1398.93910427785  2.480995E-13
1400.38676119838  2.479042E-13
1401.83441811892  2.594014E-13
1403.28207503946  2.921633E-13
1404.72973195999  2.809259E-13
1406.17738888053  2.853028E-13
1407.62504580107  2.536987E-13
1409.0727027216  2.369155E-13
1410.52035964214  2.558240E-13
1411.96801656268  2.244800E-13
1413.41567348322  2.261574E-13
1414.86333040375  2.420852E-13
1416.31098732429  2.293566E-13
1417.75864424483  2.305282E-13
1419.20630116536  2.107225E-13
1420.6539580859  2.183171E-13
1422.10161500644  2.284680E-13
1423.54927192697  2.426252E-13
1424.99692884751  2.242909E-13
1426.44458576805  2.290998E-13
1427.89224268858  2.139151E-13
1429.33989960912  2.256794E-13
1430.78755652966  2.091325E-13
1432.23521345019  2.330931E-13
1433.68287037073  2.356484E-13
1435.13052729127  2.453736E-13
1436.5781842118  2.133741E-13
1438.02584113234  2.348018E-13
1439.47349805288  2.677903E-13
1440.92115497341  2.332643E-13
1442.36881189395  2.097683E-13
1443.81646881449  2.093997E-13
1445.26412573502  2.342733E-13
1446.71178265556  2.197167E-13
1448.1594395761  2.236596E-13
1449.60709649664  2.104367E-13
1451.05475341717  1.763680E-13
1452.50241033771  2.201581E-13
1453.95006725825  2.115438E-13
1455.39772417878  2.088117E-13
1456.84538109932  2.287472E-13
1458.29303801986  2.324938E-13
1459.74069494039  2.391623E-13
1461.18835186093  2.386776E-13
1462.63600878147  2.001097E-13
1464.083665702  1.935855E-13
1465.53132262254  2.023004E-13
1466.97897954308  2.230397E-13
1468.42663646361  2.247731E-13
1469.87429338415  2.406337E-13
1471.32195030469  2.344918E-13
1472.76960722522  2.024720E-13
1474.21726414576  2.016149E-13
1475.6649210663  1.918640E-13
1477.11257798683  1.838146E-13
1478.56023490737  1.864459E-13
1480.00789182791  2.213952E-13
1481.45554874844  2.167667E-13
1482.90320566898  2.149091E-13
1484.35086258952  2.371299E-13
1485.79851951005  2.248008E-13
1487.24617643059  2.111773E-13
1488.69383335113  2.053438E-13
1490.14149027167  2.205995E-13
1491.5891471922  2.199407E-13
1493.03680411274  2.095919E-13
1494.48446103328  2.299872E-13
1495.93211795381  1.935926E-13
1497.37977487435  1.983273E-13
1498.82743179489  2.239192E-13
1500.27508871542  2.266001E-13
1501.72274563596  2.488195E-13
1503.1704025565  2.354552E-13
1504.61805947703  2.321585E-13
1506.06571639757  2.233606E-13
1507.51337331811  2.325886E-13
1508.96103023864  2.437341E-13
1510.40868715918  2.746749E-13
1511.85634407972  2.617857E-13
1513.30400100025  2.617363E-13
1514.75165792079  2.467419E-13
1516.19931484133  2.457590E-13
1517.64697176186  2.400046E-13
1519.0946286824  2.643534E-13
1520.54228560294  2.760256E-13
1521.98994252347  2.506284E-13
1523.43759944401  2.697450E-13
1524.88525636455  2.869285E-13
1526.33291328509  2.833684E-13
1527.78057020562  2.995075E-13
1529.22822712616  2.829131E-13
1530.6758840467  3.057206E-13
1532.12354096723  2.766823E-13
1533.57119788777  3.088754E-13
1535.01885480831  3.402119E-13
1536.46651172884  3.572948E-13
1537.91416864938  3.761987E-13
1539.36182556992  3.929704E-13
1540.80948249045  4.277193E-13
1542.25713941099  4.263186E-13
1543.70479633153  4.340696E-13
1545.15245325206  4.394591E-13
1546.6001101726  4.511070E-13
1548.04776709314  4.454413E-13
1549.49542401367  3.655122E-13
1550.94308093421  3.690423E-13
1552.39073785475  3.678552E-13
1553.83839477528  3.458689E-13
1555.28605169582  3.224014E-13
1556.73370861636  2.966699E-13
1558.18136553689  3.008474E-13
1559.62902245743  2.979663E-13
1561.07667937797  2.698694E-13
1562.5243362985  2.616465E-13
1563.97199321904  2.817270E-13
1565.41965013958  2.889480E-13
1566.86730706012  2.616962E-13
1568.31496398065  2.495366E-13
1569.76262090119  2.462561E-13
1571.21027782173  2.449152E-13
1572.65793474226  2.393772E-13
1574.1055916628  2.231792E-13
1575.55324858334  2.390193E-13
1577.00090550387  2.367028E-13
1578.44856242441  2.376832E-13
1579.89621934495  2.530277E-13
1581.34387626548  2.342058E-13
1582.79153318602  2.229152E-13
1584.23919010656  2.164003E-13
1585.68684702709  2.173277E-13
1587.13450394763  2.162196E-13
1588.58216086817  1.943580E-13
1590.0298177887  1.936042E-13
1591.47747470924  1.946427E-13
1592.92513162978  2.107984E-13
1594.37278855031  2.119332E-13
1595.82044547085  2.199284E-13
1597.26810239139  2.114648E-13
1598.71575931192  2.080365E-13
1600.16341623246  2.158497E-13
1601.611073153  2.144269E-13
1603.05873007354  2.012567E-13
1604.50638699407  2.108515E-13
1605.95404391461  2.125002E-13
1607.40170083515  2.227076E-13
1608.84935775568  2.299019E-13
1610.29701467622  2.236978E-13
1611.74467159676  2.085974E-13
1613.19232851729  2.059449E-13
1614.63998543783  2.096949E-13
1616.08764235837  2.198864E-13
1617.5352992789  2.245100E-13
1618.98295619944  2.319538E-13
1620.43061311998  2.381088E-13
1621.87827004051  2.369288E-13
1623.32592696105  2.289711E-13
1624.77358388159  2.284058E-13
1626.22124080212  2.371480E-13
1627.66889772266  2.365103E-13
1629.1165546432  2.303514E-13
1630.56421156373  2.286143E-13
1632.01186848427  2.246464E-13
1633.45952540481  2.220713E-13
1634.90718232534  2.195682E-13
1636.35483924588  2.163555E-13
1637.80249616642  2.174538E-13
1639.25015308695  2.219638E-13
1640.69781000749  2.124580E-13
1642.14546692803  1.993655E-13
1643.59312384857  1.991589E-13
1645.0407807691  2.077936E-13
1646.48843768964  2.103275E-13
1647.93609461018  2.166918E-13
1649.38375153071  2.073985E-13
1650.83140845125  2.116475E-13
1652.27906537179  2.137627E-13
1653.72672229232  2.119479E-13
1655.17437921286  2.067798E-13
1656.6220361334  2.182014E-13
1658.06969305393  2.362346E-13
1659.51734997447  2.289476E-13
1660.96500689501  2.266968E-13
1662.41266381554  2.224413E-13
1663.86032073608  2.279561E-13
1665.30797765662  2.173270E-13
1666.75563457715  2.180756E-13
1668.20329149769  2.114694E-13
1669.65094841823  2.039420E-13
1671.09860533876  2.077343E-13
1672.5462622593  1.994324E-13
1673.99391917984  2.054689E-13
1675.44157610038  1.990561E-13
1676.88923302091  2.001161E-13
1678.33688994145  1.971772E-13
1679.78454686199  1.907298E-13
1681.23220378252  1.788910E-13
1682.67986070306  1.840982E-13
1684.1275176236  1.895552E-13
1685.57517454413  1.814925E-13
1687.02283146467  1.831939E-13
1688.47048838521  1.995080E-13
1689.91814530574  1.976500E-13
1691.36580222628  1.920356E-13
1692.81345914682  1.848369E-13
1694.26111606735  1.884834E-13
1695.70877298789  1.785036E-13
1697.15642990843  1.852010E-13
1698.60408682896  1.952416E-13
1700.0517437495  2.075396E-13
1701.49940067004  2.020888E-13
1702.94705759057  1.968305E-13
1704.39471451111  1.921890E-13
1705.84237143165  1.887238E-13
1707.29002835218  1.923007E-13
1708.73768527272  1.897209E-13
1710.18534219326  0.
1711.63299911379  0.
1713.08065603433  0.
1714.52831295487  0.
1715.97596987541  0.
1717.42362679594  0.
1718.87128371648  0.
1720.31894063702  0.
1721.76659755755  0.
1723.21425447809  0.
1724.66191139863  0.
1726.10956831916  0.
1727.5572252397  0.
1729.00488216024  0.
1730.45253908077  0.
1731.90019600131  0.
1733.34785292185  0.
1734.79550984238  0.
1736.24316676292  0.
1737.69082368346  0.
1739.13848060399  0.
1740.58613752453  0.
1742.03379444507  0.
1743.4814513656  0.
1744.92910828614  0.
1746.37676520668  0.
1747.82442212721  0.
1749.27207904775  0.
1750.71973596829  0.
1752.16739288882  0.
1753.61504980936  0.
1755.0627067299  0.
1756.51036365043  0.
1757.95802057097  0.
1759.40567749151  0.
1760.85333441205  0.
1762.30099133258  0.
1763.74864825312  0.
1765.19630517366  0.
1766.64396209419  0.
1768.09161901473  0.
1769.53927593527  0.
1770.9869328558  0.
1772.43458977634  0.
1773.88224669688  0.
1775.32990361741  0.
1776.77756053795  0.
1778.22521745849  0.
1779.67287437902  0.
1781.12053129956  0.
1782.5681882201  0.
1784.01584514063  0.
1785.46350206117  0.
1786.91115898171  0.
1788.35881590224  0.
1789.80647282278  0.
1791.25412974332  0.
1792.70178666385  0.
1794.14944358439  0.
1795.59710050493  0.
1797.04475742547  0.
1798.492414346  0.
1799.94007126654  0.
1801.38772818708  0.
1802.83538510761  0.
1804.28304202815  0.
1805.73069894869  0.
1807.17835586922  0.
1808.62601278976  0.
1810.0736697103  0.
1811.52132663083  0.
1812.96898355137  0.
1814.41664047191  0.
1815.86429739244  0.
1817.31195431298  0.
1818.75961123352  0.
1820.20726815405  0.
1821.65492507459  0.
1823.10258199513  0.
1824.55023891566  0.
1825.9978958362  0.
1827.44555275674  0.
1828.89320967727  0.
1830.34086659781  0.
1831.78852351835  0.
