906.735751295338  0.
908.183408215875  0.
909.631065136412  0.
911.078722056949  0.
912.526378977485  0.
913.974035898022  0.
915.421692818559  0.
916.869349739096  0.
918.317006659633  0.
919.764663580169  0.
921.212320500706  0.
922.659977421243  0.
924.10763434178  0.
925.555291262316  0.
927.002948182853  0.
928.45060510339  0.
929.898262023927  0.
931.345918944464  0.
932.793575865  0.
934.241232785537  0.
935.688889706074  0.
937.136546626611  0.
938.584203547148  0.
940.031860467684  0.
941.479517388221  0.
942.927174308758  0.
944.374831229295  0.
945.822488149832  0.
947.270145070369  0.
948.717801990905  0.
950.165458911442  0.
951.613115831979  0.
953.060772752515  0.
954.508429673052  0.
955.956086593589  0.
957.403743514126  0.
958.851400434663  0.
960.2990573552  0.
961.746714275736  0.
963.194371196273  0.
964.64202811681  0.
966.089685037347  0.
967.537341957883  0.
968.98499887842  0.
970.432655798957  0.
971.880312719494  0.
973.327969640031  0.
974.775626560567  0.
976.223283481104  0.
977.670940401641  0.
979.118597322178  0.
980.566254242715  0.
982.013911163251  0.
983.461568083788  0.
984.909225004325  0.
986.356881924862  0.
987.804538845399  0.
989.252195765935  0.
990.699852686472  0.
992.147509607009  0.
993.595166527546  2.466170E-13
995.042823448082  3.429638E-13
996.490480368619  5.589490E-13
997.938137289156  4.402902E-13
999.385794209693  2.671843E-13
1000.83345113023  5.152292E-13
1002.28110805077  1.381372E-13
1003.7287649713  3.710252E-13
1005.17642189184  2.869641E-13
1006.62407881238  2.683224E-13
1008.07173573291  4.058644E-13
1009.51939265345  3.383578E-13
1010.96704957399  4.067226E-13
1012.41470649452  2.862014E-13
1013.86236341506  2.844315E-13
1015.3100203356  4.894721E-13
1016.75767725613  4.399405E-13
1018.20533417667  2.725132E-13
1019.65299109721  5.121374E-13
1021.10064801775  4.026440E-13
1022.54830493828  4.413775E-13
1023.99596185882  4.097726E-13
1025.44361877936  4.702828E-13
1026.89127569989  5.377306E-13
1028.33893262043  3.774740E-13
1029.78658954097  4.230101E-13
1031.2342464615  3.827358E-13
1032.68190338204  4.694838E-13
1034.12956030258  4.248990E-13
1035.57721722311  4.216740E-13
1037.02487414365  4.489317E-13
1038.47253106419  4.276339E-13
1039.92018798472  3.985050E-13
1041.36784490526  2.777776E-13
1042.8155018258  3.721237E-13
1044.26315874633  4.219685E-13
1045.71081566687  2.966254E-13
1047.15847258741  6.003720E-13
1048.60612950794  2.791608E-13
1050.05378642848  2.783478E-13
1051.50144334902  3.348245E-13
1052.94910026955  3.638607E-13
1054.39675719009  2.498520E-13
1055.84441411063  2.818266E-13
1057.29207103116  3.107271E-13
1058.7397279517  3.177237E-13
1060.18738487224  3.034779E-13
1061.63504179277  3.195160E-13
1063.08269871331  3.472514E-13
1064.53035563385  4.002300E-13
1065.97801255439  3.527762E-13
1067.42566947492  3.712753E-13
1068.87332639546  4.135947E-13
1070.320983316  3.237264E-13
1071.76864023653  4.410758E-13
1073.21629715707  3.021288E-13
1074.66395407761  4.174649E-13
1076.11161099814  4.388170E-13
1077.55926791868  3.886450E-13
1079.00692483922  3.318718E-13
1080.45458175975  3.096472E-13
1081.90223868029  3.973075E-13
1083.34989560083  3.357733E-13
1084.79755252136  3.151037E-13
1086.2452094419  3.380944E-13
1087.69286636244  3.012085E-13
1089.14052328297  3.032851E-13
1090.58818020351  3.128374E-13
1092.03583712405  3.333735E-13
1093.48349404458  2.560465E-13
1094.93115096512  2.904711E-13
1096.37880788566  2.737188E-13
1097.82646480619  2.840057E-13
1099.27412172673  3.141449E-13
1100.72177864727  3.357860E-13
1102.1694355678  3.025493E-13
1103.61709248834  2.831802E-13
1105.06474940888  3.383203E-13
1106.51240632942  3.050522E-13
1107.96006324995  3.519554E-13
1109.40772017049  3.402523E-13
1110.85537709103  3.353233E-13
1112.30303401156  3.177762E-13
1113.7506909321  2.883912E-13
1115.19834785264  3.212696E-13
1116.64600477317  3.127048E-13
1118.09366169371  2.909243E-13
1119.54131861425  3.251313E-13
1120.98897553478  2.727696E-13
1122.43663245532  3.141478E-13
1123.88428937586  2.852226E-13
1125.33194629639  2.683687E-13
1126.77960321693  2.812591E-13
1128.22726013747  2.582322E-13
1129.674917058  3.708018E-13
1131.12257397854  3.461235E-13
1132.57023089908  3.521661E-13
1134.01788781961  2.797620E-13
1135.46554474015  3.224999E-13
1136.91320166069  3.035483E-13
1138.36085858122  2.822039E-13
1139.80851550176  2.814948E-13
1141.2561724223  3.282425E-13
1142.70382934284  2.728550E-13
1144.15148626337  2.955910E-13
1145.59914318391  3.964597E-13
1147.04680010445  2.805319E-13
1148.49445702498  3.173799E-13
1149.94211394552  3.181423E-13
1151.38977086606  3.512127E-13
1152.83742778659  3.221623E-13
1154.28508470713  2.634689E-13
1155.73274162767  2.875362E-13
1157.1803985482  3.042297E-13
1158.62805546874  3.014682E-13
1160.07571238928  2.978980E-13
1161.52336930981  3.165094E-13
1162.97102623035  2.966762E-13
1164.41868315089  3.393606E-13
1165.86634007142  2.927950E-13
1167.31399699196  3.565444E-13
1168.7616539125  3.268754E-13
1170.20931083303  3.512508E-13
1171.65696775357  3.409220E-13
1173.10462467411  3.409234E-13
1174.55228159464  3.985154E-13
1175.99993851518  3.378301E-13
1177.44759543572  3.606325E-13
1178.89525235625  3.437018E-13
1180.34290927679  3.494103E-13
1181.79056619733  3.675762E-13
1183.23822311787  3.550682E-13
1184.6858800384  3.258695E-13
1186.13353695894  3.451947E-13
1187.58119387948  3.869945E-13
1189.02885080001  3.561475E-13
1190.47650772055  3.997153E-13
1191.92416464109  4.607298E-13
1193.37182156162  4.205920E-13
1194.81947848216  3.989904E-13
1196.2671354027  4.582877E-13
1197.71479232323  5.062334E-13
1199.16244924377  4.518337E-13
1200.61010616431  4.760650E-13
1202.05776308484  4.875363E-13
1203.50542000538  5.564270E-13
1204.95307692592  5.307155E-13
1206.40073384645  5.674317E-13
1207.84839076699  7.450670E-13
1209.29604768753  8.118703E-13
1210.74370460806  7.954664E-13
1212.1913615286  9.583256E-13
1213.63901844914  9.573623E-13
1215.08667536967  1.177799E-12
1216.53433229021  9.975209E-13
1217.98198921075  1.157788E-12
1219.42964613129  1.003971E-12
1220.87730305182  1.043476E-12
1222.32495997236  7.082504E-13
1223.7726168929  6.178652E-13
1225.22027381343  6.120819E-13
1226.66793073397  6.112539E-13
1228.11558765451  4.836296E-13
1229.56324457504  5.199313E-13
1231.01090149558  4.702297E-13
1232.45855841612  4.578464E-13
1233.90621533665  4.789588E-13
1235.35387225719  4.363375E-13
1236.80152917773  5.520708E-13
1238.24918609826  5.490850E-13
1239.6968430188  4.499919E-13
1241.14449993934  5.087132E-13
1242.59215685987  4.453283E-13
1244.03981378041  4.273252E-13
1245.48747070095  3.675917E-13
1246.93512762148  3.606217E-13
1248.38278454202  3.783920E-13
1249.83044146256  3.610800E-13
1251.27809838309  3.801707E-13
1252.72575530363  4.036461E-13
1254.17341222417  3.920669E-13
1255.62106914471  3.647066E-13
1257.06872606524  3.081888E-13
1258.51638298578  3.183804E-13
1259.96403990632  3.060142E-13
1261.41169682685  3.126507E-13
1262.85935374739  3.365567E-13
1264.30701066793  3.321322E-13
1265.75466758846  3.194691E-13
1267.202324509  3.094805E-13
1268.64998142954  3.288443E-13
1270.09763835007  2.817538E-13
1271.54529527061  3.029719E-13
1272.99295219115  2.708734E-13
1274.44060911168  2.886777E-13
1275.88826603222  2.695405E-13
1277.33592295276  2.785432E-13
1278.78357987329  2.858437E-13
1280.23123679383  3.110362E-13
1281.67889371437  2.856408E-13
1283.1265506349  2.588992E-13
1284.57420755544  2.861942E-13
1286.02186447598  2.562638E-13
1287.46952139651  3.140120E-13
1288.91717831705  2.721802E-13
1290.36483523759  2.879819E-13
1291.81249215812  2.631152E-13
1293.26014907866  2.734610E-13
1294.7078059992  2.632294E-13
1296.15546291974  2.668257E-13
1297.60311984027  2.894243E-13
1299.05077676081  2.924583E-13
1300.49843368135  2.769348E-13
1301.94609060188  2.799010E-13
1303.39374752242  3.238374E-13
1304.84140444296  3.036980E-13
1306.28906136349  2.896911E-13
1307.73671828403  2.439790E-13
1309.18437520457  2.614264E-13
1310.6320321251  2.476230E-13
1312.07968904564  2.345020E-13
1313.52734596618  2.417388E-13
1314.97500288671  2.583575E-13
1316.42265980725  2.486301E-13
1317.87031672779  2.681597E-13
1319.31797364832  2.592763E-13
1320.76563056886  2.428673E-13
1322.2132874894  2.219020E-13
1323.66094440993  2.346987E-13
1325.10860133047  2.753486E-13
1326.55625825101  2.953262E-13
1328.00391517154  2.508993E-13
1329.45157209208  2.453358E-13
1330.89922901262  2.714972E-13
1332.34688593315  2.687507E-13
1333.79454285369  2.490617E-13
1335.24219977423  2.313271E-13
1336.68985669477  2.482115E-13
1338.1375136153  2.391071E-13
1339.58517053584  2.310358E-13
1341.03282745638  2.843649E-13
1342.48048437691  2.902712E-13
1343.92814129745  2.692607E-13
1345.37579821799  2.249587E-13
1346.82345513852  2.131341E-13
1348.27111205906  2.169692E-13
1349.7187689796  2.269657E-13
1351.16642590013  2.501701E-13
1352.61408282067  2.499013E-13
1354.06173974121  2.361177E-13
1355.50939666174  2.208379E-13
1356.95705358228  2.348996E-13
1358.40471050282  2.245419E-13
1359.85236742335  2.305709E-13
1361.30002434389  2.831634E-13
1362.74768126443  2.969076E-13
1364.19533818496  3.052495E-13
1365.6429951055  2.873867E-13
1367.09065202604  2.242500E-13
1368.53830894657  2.386620E-13
1369.98596586711  2.867482E-13
1371.43362278765  2.535268E-13
1372.88127970819  2.590093E-13
1374.32893662872  2.757283E-13
1375.77659354926  2.120308E-13
1377.2242504698  2.557049E-13
1378.67190739033  2.830501E-13
1380.11956431087  2.878219E-13
1381.56722123141  3.000996E-13
1383.01487815194  2.945723E-13
1384.46253507248  2.282385E-13
1385.91019199302  2.408149E-13
1387.35784891355  2.370506E-13
1388.80550583409  2.855191E-13
1390.25316275463  2.674312E-13
1391.70081967516  2.799876E-13
1393.1484765957  2.740867E-13
1394.59613351624  2.989375E-13
1396.04379043677  3.077428E-13
1397.49144735731  3.105264E-13
1398.93910427785  2.836349E-13
1400.38676119838  2.871847E-13
1401.83441811892  3.001852E-13
1403.28207503946  3.277285E-13
1404.72973195999  3.048281E-13
1406.17738888053  2.935367E-13
1407.62504580107  2.964082E-13
1409.0727027216  2.526178E-13
1410.52035964214  3.069457E-13
1411.96801656268  2.555905E-13
1413.41567348322  2.425988E-13
1414.86333040375  2.710521E-13
1416.31098732429  2.740843E-13
1417.75864424483  2.499205E-13
1419.20630116536  2.292133E-13
1420.6539580859  2.260663E-13
1422.10161500644  2.272893E-13
1423.54927192697  2.344341E-13
1424.99692884751  2.593502E-13
1426.44458576805  2.084417E-13
1427.89224268858  2.269557E-13
1429.33989960912  2.320541E-13
1430.78755652966  2.575102E-13
1432.23521345019  2.475053E-13
1433.68287037073  2.426899E-13
1435.13052729127  2.511137E-13
1436.5781842118  2.120284E-13
1438.02584113234  2.318764E-13
1439.47349805288  2.521994E-13
1440.92115497341  2.241960E-13
1442.36881189395  2.294482E-13
1443.81646881449  2.036813E-13
1445.26412573502  2.232628E-13
1446.71178265556  2.205080E-13
1448.1594395761  2.179884E-13
1449.60709649664  2.304535E-13
1451.05475341717  1.992829E-13
1452.50241033771  2.172377E-13
1453.95006725825  2.354882E-13
1455.39772417878  2.162702E-13
1456.84538109932  2.339860E-13
1458.29303801986  2.353020E-13
1459.74069494039  2.032746E-13
1461.18835186093  2.068929E-13
1462.63600878147  2.217422E-13
1464.083665702  2.413343E-13
1465.53132262254  2.370388E-13
1466.97897954308  2.360479E-13
1468.42663646361  2.483395E-13
1469.87429338415  2.472484E-13
1471.32195030469  2.081755E-13
1472.76960722522  2.077983E-13
1474.21726414576  2.110611E-13
1475.6649210663  2.152834E-13
1477.11257798683  2.135096E-13
1478.56023490737  2.248166E-13
1480.00789182791  2.167905E-13
1481.45554874844  2.094431E-13
1482.90320566898  2.167883E-13
1484.35086258952  2.335458E-13
1485.79851951005  2.296914E-13
1487.24617643059  2.416693E-13
1488.69383335113  2.265708E-13
1490.14149027167  2.240227E-13
1491.5891471922  2.072221E-13
1493.03680411274  2.052834E-13
1494.48446103328  2.561691E-13
1495.93211795381  2.499563E-13
1497.37977487435  2.412369E-13
1498.82743179489  2.444854E-13
1500.27508871542  2.434265E-13
1501.72274563596  2.233079E-13
1503.1704025565  2.107778E-13
1504.61805947703  2.268759E-13
1506.06571639757  2.301832E-13
1507.51337331811  2.439024E-13
1508.96103023864  2.372463E-13
1510.40868715918  2.343424E-13
1511.85634407972  2.516481E-13
1513.30400100025  2.510616E-13
1514.75165792079  2.326346E-13
1516.19931484133  2.389316E-13
1517.64697176186  2.511247E-13
1519.0946286824  2.561179E-13
1520.54228560294  2.540006E-13
1521.98994252347  2.380426E-13
1523.43759944401  2.557012E-13
1524.88525636455  2.715410E-13
1526.33291328509  2.922374E-13
1527.78057020562  2.874010E-13
1529.22822712616  2.883347E-13
1530.6758840467  2.847265E-13
1532.12354096723  2.729311E-13
1533.57119788777  3.107209E-13
1535.01885480831  3.351698E-13
1536.46651172884  3.384420E-13
1537.91416864938  3.585078E-13
1539.36182556992  3.590275E-13
1540.80948249045  3.890957E-13
1542.25713941099  3.700555E-13
1543.70479633153  4.149700E-13
1545.15245325206  4.097519E-13
1546.6001101726  4.349790E-13
1548.04776709314  4.253081E-13
1549.49542401367  4.186559E-13
1550.94308093421  3.996338E-13
1552.39073785475  3.709113E-13
1553.83839477528  3.740736E-13
1555.28605169582  3.620755E-13
1556.73370861636  3.229047E-13
1558.18136553689  2.920413E-13
1559.62902245743  2.979571E-13
1561.07667937797  2.665416E-13
1562.5243362985  2.586844E-13
1563.97199321904  2.793675E-13
1565.41965013958  2.906159E-13
1566.86730706012  2.776605E-13
1568.31496398065  2.389644E-13
1569.76262090119  2.372008E-13
1571.21027782173  2.486655E-13
1572.65793474226  2.285777E-13
1574.1055916628  2.042660E-13
1575.55324858334  2.071275E-13
1577.00090550387  2.168277E-13
1578.44856242441  2.134960E-13
1579.89621934495  2.266283E-13
1581.34387626548  2.259846E-13
1582.79153318602  2.205897E-13
1584.23919010656  2.199400E-13
1585.68684702709  2.113001E-13
1587.13450394763  2.165903E-13
1588.58216086817  2.103403E-13
1590.0298177887  2.252184E-13
1591.47747470924  2.197531E-13
1592.92513162978  2.171192E-13
1594.37278855031  2.197761E-13
1595.82044547085  2.178444E-13
1597.26810239139  2.034870E-13
1598.71575931192  2.016648E-13
1600.16341623246  2.137014E-13
1601.611073153  2.155849E-13
1603.05873007354  2.159512E-13
1604.50638699407  2.188158E-13
1605.95404391461  2.159846E-13
1607.40170083515  2.213807E-13
1608.84935775568  2.223767E-13
1610.29701467622  2.171542E-13
1611.74467159676  2.236956E-13
1613.19232851729  2.109447E-13
1614.63998543783  2.170130E-13
1616.08764235837  2.268367E-13
1617.5352992789  2.379188E-13
1618.98295619944  2.440475E-13
1620.43061311998  2.287669E-13
1621.87827004051  2.134148E-13
1623.32592696105  2.100394E-13
1624.77358388159  2.180441E-13
1626.22124080212  2.298079E-13
1627.66889772266  2.349139E-13
1629.1165546432  2.402056E-13
1630.56421156373  2.370428E-13
1632.01186848427  2.481559E-13
1633.45952540481  2.419974E-13
1634.90718232534  2.397623E-13
1636.35483924588  2.370783E-13
1637.80249616642  2.330664E-13
1639.25015308695  2.183423E-13
1640.69781000749  2.091667E-13
1642.14546692803  2.094280E-13
1643.59312384857  2.118534E-13
1645.0407807691  2.218170E-13
1646.48843768964  2.147062E-13
1647.93609461018  2.085771E-13
1649.38375153071  2.028463E-13
1650.83140845125  1.895452E-13
1652.27906537179  1.831630E-13
1653.72672229232  1.872221E-13
1655.17437921286  1.741330E-13
1656.6220361334  1.691836E-13
1658.06969305393  1.877781E-13
1659.51734997447  1.987731E-13
1660.96500689501  2.094340E-13
1662.41266381554  1.957701E-13
1663.86032073608  2.009090E-13
1665.30797765662  2.115085E-13
1666.75563457715  2.191407E-13
1668.20329149769  2.145739E-13
1669.65094841823  2.164888E-13
1671.09860533876  2.134450E-13
1672.5462622593  2.011969E-13
1673.99391917984  2.030192E-13
1675.44157610038  1.874117E-13
1676.88923302091  1.901985E-13
1678.33688994145  1.937802E-13
1679.78454686199  1.931336E-13
1681.23220378252  1.998581E-13
1682.67986070306  1.934562E-13
1684.1275176236  1.941942E-13
1685.57517454413  1.824462E-13
1687.02283146467  1.812614E-13
1688.47048838521  1.853839E-13
1689.91814530574  1.893494E-13
1691.36580222628  1.941010E-13
1692.81345914682  1.956043E-13
1694.26111606735  1.924710E-13
1695.70877298789  1.820769E-13
1697.15642990843  1.887043E-13
1698.60408682896  1.922910E-13
1700.0517437495  1.872829E-13
1701.49940067004  1.836315E-13
1702.94705759057  1.890393E-13
1704.39471451111  1.946177E-13
1705.84237143165  1.832276E-13
1707.29002835218  1.757025E-13
1708.73768527272  1.687054E-13
1710.18534219326  0.
1711.63299911379  0.
1713.08065603433  0.
1714.52831295487  0.
1715.97596987541  0.
1717.42362679594  0.
1718.87128371648  0.
1720.31894063702  0.
1721.76659755755  0.
1723.21425447809  0.
1724.66191139863  0.
1726.10956831916  0.
1727.5572252397  0.
1729.00488216024  0.
1730.45253908077  0.
1731.90019600131  0.
1733.34785292185  0.
1734.79550984238  0.
1736.24316676292  0.
1737.69082368346  0.
1739.13848060399  0.
1740.58613752453  0.
1742.03379444507  0.
1743.4814513656  0.
1744.92910828614  0.
1746.37676520668  0.
1747.82442212721  0.
1749.27207904775  0.
1750.71973596829  0.
1752.16739288882  0.
1753.61504980936  0.
1755.0627067299  0.
1756.51036365043  0.
1757.95802057097  0.
1759.40567749151  0.
1760.85333441205  0.
1762.30099133258  0.
1763.74864825312  0.
1765.19630517366  0.
1766.64396209419  0.
1768.09161901473  0.
1769.53927593527  0.
1770.9869328558  0.
1772.43458977634  0.
1773.88224669688  0.
1775.32990361741  0.
1776.77756053795  0.
1778.22521745849  0.
1779.67287437902  0.
1781.12053129956  0.
1782.5681882201  0.
1784.01584514063  0.
1785.46350206117  0.
1786.91115898171  0.
1788.35881590224  0.
1789.80647282278  0.
1791.25412974332  0.
1792.70178666385  0.
1794.14944358439  0.
1795.59710050493  0.
1797.04475742547  0.
1798.492414346  0.
1799.94007126654  0.
1801.38772818708  0.
1802.83538510761  0.
1804.28304202815  0.
1805.73069894869  0.
1807.17835586922  0.
1808.62601278976  0.
1810.0736697103  0.
1811.52132663083  0.
1812.96898355137  0.
1814.41664047191  0.
1815.86429739244  0.
1817.31195431298  0.
1818.75961123352  0.
1820.20726815405  0.
1821.65492507459  0.
1823.10258199513  0.
1824.55023891566  0.
1825.9978958362  0.
1827.44555275674  0.
1828.89320967727  0.
1830.34086659781  0.
1831.78852351835  0.
