906.735751295338  0.
908.183408215875  0.
909.631065136412  0.
911.078722056949  0.
912.526378977485  0.
913.974035898022  0.
915.421692818559  0.
916.869349739096  0.
918.317006659633  0.
919.764663580169  0.
921.212320500706  0.
922.659977421243  0.
924.10763434178  0.
925.555291262316  0.
927.002948182853  0.
928.45060510339  0.
929.898262023927  0.
931.345918944464  0.
932.793575865  0.
934.241232785537  0.
935.688889706074  0.
937.136546626611  0.
938.584203547148  0.
940.031860467684  0.
941.479517388221  0.
942.927174308758  0.
944.374831229295  0.
945.822488149832  0.
947.270145070369  0.
948.717801990905  0.
950.165458911442  0.
951.613115831979  0.
953.060772752515  0.
954.508429673052  0.
955.956086593589  0.
957.403743514126  0.
958.851400434663  0.
960.2990573552  0.
961.746714275736  0.
963.194371196273  0.
964.64202811681  0.
966.089685037347  0.
967.537341957883  0.
968.98499887842  0.
970.432655798957  0.
971.880312719494  0.
973.327969640031  0.
974.775626560567  0.
976.223283481104  0.
977.670940401641  0.
979.118597322178  0.
980.566254242715  0.
982.013911163251  0.
983.461568083788  0.
984.909225004325  0.
986.356881924862  0.
987.804538845399  0.
989.252195765935  0.
990.699852686472  0.
992.147509607009  0.
993.595166527546  4.887481E-13
995.042823448082  2.277610E-13
996.490480368619  5.878069E-13
997.938137289156  4.504236E-13
999.385794209693  5.757376E-13
1000.83345113023  7.772915E-13
1002.28110805077  2.343279E-13
1003.7287649713  3.477724E-13
1005.17642189184  2.755388E-13
1006.62407881238  4.539090E-13
1008.07173573291  4.720800E-13
1009.51939265345  3.243426E-13
1010.96704957399  5.952956E-13
1012.41470649452  3.632348E-13
1013.86236341506  3.227962E-13
1015.3100203356  5.000447E-13
1016.75767725613  5.235793E-13
1018.20533417667  3.839607E-13
1019.65299109721  3.340662E-13
1021.10064801775  4.606847E-13
1022.54830493828  4.511358E-13
1023.99596185882  4.867630E-13
1025.44361877936  3.949382E-13
1026.89127569989  5.030143E-13
1028.33893262043  4.429826E-13
1029.78658954097  5.316448E-13
1031.2342464615  4.182644E-13
1032.68190338204  4.187507E-13
1034.12956030258  4.044873E-13
1035.57721722311  4.278319E-13
1037.02487414365  3.828136E-13
1038.47253106419  4.041056E-13
1039.92018798472  3.448059E-13
1041.36784490526  3.337136E-13
1042.8155018258  3.947785E-13
1044.26315874633  4.107957E-13
1045.71081566687  4.947176E-13
1047.15847258741  5.535406E-13
1048.60612950794  3.893117E-13
1050.05378642848  2.564649E-13
1051.50144334902  3.284755E-13
1052.94910026955  2.762081E-13
1054.39675719009  2.516592E-13
1055.84441411063  2.771212E-13
1057.29207103116  3.161573E-13
1058.7397279517  2.832029E-13
1060.18738487224  3.422629E-13
1061.63504179277  3.551140E-13
1063.08269871331  3.363198E-13
1064.53035563385  3.581272E-13
1065.97801255439  3.520210E-13
1067.42566947492  3.968187E-13
1068.87332639546  3.141528E-13
1070.320983316  3.636419E-13
1071.76864023653  3.461788E-13
1073.21629715707  2.929815E-13
1074.66395407761  4.003026E-13
1076.11161099814  2.804429E-13
1077.55926791868  3.388370E-13
1079.00692483922  3.667613E-13
1080.45458175975  3.097112E-13
1081.90223868029  3.253863E-13
1083.34989560083  3.293020E-13
1084.79755252136  3.343709E-13
1086.2452094419  3.030092E-13
1087.69286636244  2.863599E-13
1089.14052328297  2.522957E-13
1090.58818020351  3.099908E-13
1092.03583712405  2.701132E-13
1093.48349404458  2.611230E-13
1094.93115096512  3.043634E-13
1096.37880788566  3.088116E-13
1097.82646480619  3.350472E-13
1099.27412172673  2.996592E-13
1100.72177864727  3.203183E-13
1102.1694355678  2.969990E-13
1103.61709248834  3.459355E-13
1105.06474940888  3.235662E-13
1106.51240632942  2.680507E-13
1107.96006324995  3.170647E-13
1109.40772017049  3.134796E-13
1110.85537709103  3.015154E-13
1112.30303401156  3.095647E-13
1113.7506909321  3.376525E-13
1115.19834785264  3.169739E-13
1116.64600477317  3.187876E-13
1118.09366169371  3.373070E-13
1119.54131861425  2.750526E-13
1120.98897553478  2.474037E-13
1122.43663245532  2.700285E-13
1123.88428937586  2.910211E-13
1125.33194629639  2.647979E-13
1126.77960321693  2.794758E-13
1128.22726013747  2.667574E-13
1129.674917058  3.067652E-13
1131.12257397854  3.113013E-13
1132.57023089908  3.226416E-13
1134.01788781961  3.053735E-13
1135.46554474015  3.875870E-13
1136.91320166069  3.464391E-13
1138.36085858122  2.776108E-13
1139.80851550176  2.929138E-13
1141.2561724223  3.318567E-13
1142.70382934284  2.933835E-13
1144.15148626337  3.063662E-13
1145.59914318391  3.212469E-13
1147.04680010445  2.990501E-13
1148.49445702498  3.134072E-13
1149.94211394552  2.783137E-13
1151.38977086606  2.952065E-13
1152.83742778659  2.745189E-13
1154.28508470713  2.581375E-13
1155.73274162767  2.754664E-13
1157.1803985482  2.749655E-13
1158.62805546874  2.783353E-13
1160.07571238928  3.182239E-13
1161.52336930981  2.720442E-13
1162.97102623035  3.036076E-13
1164.41868315089  2.618767E-13
1165.86634007142  2.807041E-13
1167.31399699196  3.733370E-13
1168.7616539125  3.337762E-13
1170.20931083303  2.999936E-13
1171.65696775357  3.428477E-13
1173.10462467411  3.536856E-13
1174.55228159464  3.346613E-13
1175.99993851518  3.342732E-13
1177.44759543572  3.558150E-13
1178.89525235625  3.191366E-13
1180.34290927679  3.439375E-13
1181.79056619733  3.339727E-13
1183.23822311787  3.625896E-13
1184.6858800384  3.618693E-13
1186.13353695894  3.730952E-13
1187.58119387948  3.687890E-13
1189.02885080001  3.587165E-13
1190.47650772055  3.766280E-13
1191.92416464109  4.168279E-13
1193.37182156162  4.422967E-13
1194.81947848216  3.939105E-13
1196.2671354027  4.661535E-13
1197.71479232323  4.721388E-13
1199.16244924377  4.843759E-13
1200.61010616431  4.743141E-13
1202.05776308484  5.317568E-13
1203.50542000538  4.628447E-13
1204.95307692592  5.061531E-13
1206.40073384645  5.693225E-13
1207.84839076699  6.384138E-13
1209.29604768753  7.663221E-13
1210.74370460806  7.787193E-13
1212.1913615286  8.428603E-13
1213.63901844914  9.497873E-13
1215.08667536967  1.060247E-12
1216.53433229021  9.759425E-13
1217.98198921075  1.065248E-12
1219.42964613129  7.968955E-13
1220.87730305182  8.648884E-13
1222.32495997236  6.984124E-13
1223.7726168929  5.791002E-13
1225.22027381343  5.528863E-13
1226.66793073397  6.145154E-13
1228.11558765451  4.980801E-13
1229.56324457504  5.075937E-13
1231.01090149558  4.945008E-13
1232.45855841612  4.682763E-13
1233.90621533665  4.305139E-13
1235.35387225719  4.464580E-13
1236.80152917773  5.086472E-13
1238.24918609826  5.541819E-13
1239.6968430188  4.162970E-13
1241.14449993934  4.715370E-13
1242.59215685987  4.606610E-13
1244.03981378041  4.530420E-13
1245.48747070095  3.960803E-13
1246.93512762148  3.964761E-13
1248.38278454202  3.874443E-13
1249.83044146256  3.390275E-13
1251.27809838309  3.198108E-13
1252.72575530363  3.871340E-13
1254.17341222417  3.748247E-13
1255.62106914471  3.270076E-13
1257.06872606524  3.208212E-13
1258.51638298578  3.581665E-13
1259.96403990632  3.311637E-13
1261.41169682685  3.317774E-13
1262.85935374739  3.158408E-13
1264.30701066793  2.993733E-13
1265.75466758846  2.932685E-13
1267.202324509  2.971639E-13
1268.64998142954  3.347793E-13
1270.09763835007  2.861208E-13
1271.54529527061  2.521178E-13
1272.99295219115  2.882537E-13
1274.44060911168  3.006124E-13
1275.88826603222  2.311650E-13
1277.33592295276  2.499495E-13
1278.78357987329  2.772793E-13
1280.23123679383  3.299341E-13
1281.67889371437  2.620824E-13
1283.1265506349  2.724370E-13
1284.57420755544  2.495180E-13
1286.02186447598  2.362648E-13
1287.46952139651  2.755866E-13
1288.91717831705  2.521057E-13
1290.36483523759  2.402291E-13
1291.81249215812  2.174459E-13
1293.26014907866  2.632728E-13
1294.7078059992  2.457773E-13
1296.15546291974  2.754867E-13
1297.60311984027  2.790844E-13
1299.05077676081  2.495651E-13
1300.49843368135  2.954596E-13
1301.94609060188  2.875169E-13
1303.39374752242  2.808177E-13
1304.84140444296  2.695766E-13
1306.28906136349  2.548099E-13
1307.73671828403  2.391259E-13
1309.18437520457  2.993956E-13
1310.6320321251  2.290523E-13
1312.07968904564  2.768772E-13
1313.52734596618  2.874970E-13
1314.97500288671  2.760880E-13
1316.42265980725  2.633031E-13
1317.87031672779  2.639402E-13
1319.31797364832  2.567019E-13
1320.76563056886  2.764226E-13
1322.2132874894  2.427647E-13
1323.66094440993  2.379169E-13
1325.10860133047  2.342691E-13
1326.55625825101  2.746493E-13
1328.00391517154  2.490606E-13
1329.45157209208  2.336485E-13
1330.89922901262  2.716761E-13
1332.34688593315  2.245077E-13
1333.79454285369  2.231395E-13
1335.24219977423  2.683712E-13
1336.68985669477  2.420191E-13
1338.1375136153  2.460461E-13
1339.58517053584  2.203548E-13
1341.03282745638  2.614350E-13
1342.48048437691  2.147115E-13
1343.92814129745  2.422102E-13
1345.37579821799  2.381855E-13
1346.82345513852  2.156054E-13
1348.27111205906  2.591161E-13
1349.7187689796  2.792710E-13
1351.16642590013  2.309803E-13
1352.61408282067  2.226130E-13
1354.06173974121  2.219415E-13
1355.50939666174  2.350675E-13
1356.95705358228  2.207694E-13
1358.40471050282  2.056349E-13
1359.85236742335  2.526649E-13
1361.30002434389  3.043627E-13
1362.74768126443  2.877270E-13
1364.19533818496  2.619406E-13
1365.6429951055  2.418691E-13
1367.09065202604  2.273839E-13
1368.53830894657  2.463562E-13
1369.98596586711  2.712720E-13
1371.43362278765  2.494965E-13
1372.88127970819  2.585594E-13
1374.32893662872  2.200075E-13
1375.77659354926  2.245518E-13
1377.2242504698  2.500780E-13
1378.67190739033  2.698224E-13
1380.11956431087  2.340745E-13
1381.56722123141  2.287955E-13
1383.01487815194  2.164189E-13
1384.46253507248  2.230990E-13
1385.91019199302  2.451405E-13
1387.35784891355  2.785942E-13
1388.80550583409  2.584748E-13
1390.25316275463  2.328456E-13
1391.70081967516  2.902119E-13
1393.1484765957  2.935110E-13
1394.59613351624  2.950440E-13
1396.04379043677  2.638369E-13
1397.49144735731  2.807608E-13
1398.93910427785  2.844411E-13
1400.38676119838  3.110170E-13
1401.83441811892  3.040405E-13
1403.28207503946  3.152709E-13
1404.72973195999  2.978861E-13
1406.17738888053  2.751419E-13
1407.62504580107  2.733429E-13
1409.0727027216  2.579686E-13
1410.52035964214  2.979630E-13
1411.96801656268  2.640472E-13
1413.41567348322  2.598083E-13
1414.86333040375  2.340742E-13
1416.31098732429  2.258010E-13
1417.75864424483  2.626836E-13
1419.20630116536  2.189966E-13
1420.6539580859  2.374918E-13
1422.10161500644  2.443791E-13
1423.54927192697  2.470414E-13
1424.99692884751  2.434767E-13
1426.44458576805  2.506214E-13
1427.89224268858  2.113685E-13
1429.33989960912  2.043580E-13
1430.78755652966  2.014629E-13
1432.23521345019  1.977713E-13
1433.68287037073  2.374565E-13
1435.13052729127  2.562501E-13
1436.5781842118  2.017145E-13
1438.02584113234  2.248015E-13
1439.47349805288  2.660966E-13
1440.92115497341  2.178684E-13
1442.36881189395  2.063728E-13
1443.81646881449  1.630883E-13
1445.26412573502  1.890209E-13
1446.71178265556  2.017115E-13
1448.1594395761  2.265875E-13
1449.60709649664  2.365072E-13
1451.05475341717  1.997952E-13
1452.50241033771  2.076759E-13
1453.95006725825  2.088897E-13
1455.39772417878  2.229001E-13
1456.84538109932  2.195203E-13
1458.29303801986  2.229395E-13
1459.74069494039  2.187536E-13
1461.18835186093  2.244209E-13
1462.63600878147  2.200605E-13
1464.083665702  2.352772E-13
1465.53132262254  2.339769E-13
1466.97897954308  2.351407E-13
1468.42663646361  2.255318E-13
1469.87429338415  2.488712E-13
1471.32195030469  2.440926E-13
1472.76960722522  2.158612E-13
1474.21726414576  2.113658E-13
1475.6649210663  2.028621E-13
1477.11257798683  2.137624E-13
1478.56023490737  2.154323E-13
1480.00789182791  2.133475E-13
1481.45554874844  2.163038E-13
1482.90320566898  2.099398E-13
1484.35086258952  1.773326E-13
1485.79851951005  1.868787E-13
1487.24617643059  2.153594E-13
1488.69383335113  2.190360E-13
1490.14149027167  2.080398E-13
1491.5891471922  2.043775E-13
1493.03680411274  1.886047E-13
1494.48446103328  1.866707E-13
1495.93211795381  1.895287E-13
1497.37977487435  2.107748E-13
1498.82743179489  2.266928E-13
1500.27508871542  2.059733E-13
1501.72274563596  2.375521E-13
1503.1704025565  2.232815E-13
1504.61805947703  2.242650E-13
1506.06571639757  2.249093E-13
1507.51337331811  2.192360E-13
1508.96103023864  2.080443E-13
1510.40868715918  2.175219E-13
1511.85634407972  2.306228E-13
1513.30400100025  2.485169E-13
1514.75165792079  2.537682E-13
1516.19931484133  2.419856E-13
1517.64697176186  2.835534E-13
1519.0946286824  2.532058E-13
1520.54228560294  2.471792E-13
1521.98994252347  2.234761E-13
1523.43759944401  2.454964E-13
1524.88525636455  2.580089E-13
1526.33291328509  2.651460E-13
1527.78057020562  2.592427E-13
1529.22822712616  2.401615E-13
1530.6758840467  2.673798E-13
1532.12354096723  2.586391E-13
1533.57119788777  2.881264E-13
1535.01885480831  2.890215E-13
1536.46651172884  3.086384E-13
1537.91416864938  3.368631E-13
1539.36182556992  3.497672E-13
1540.80948249045  3.807517E-13
1542.25713941099  3.762285E-13
1543.70479633153  3.918831E-13
1545.15245325206  4.248367E-13
1546.6001101726  4.430034E-13
1548.04776709314  4.279062E-13
1549.49542401367  3.918700E-13
1550.94308093421  4.322536E-13
1552.39073785475  3.813455E-13
1553.83839477528  3.627646E-13
1555.28605169582  3.490396E-13
1556.73370861636  3.300666E-13
1558.18136553689  3.423992E-13
1559.62902245743  3.066261E-13
1561.07667937797  2.703599E-13
1562.5243362985  2.577427E-13
1563.97199321904  2.702300E-13
1565.41965013958  2.541223E-13
1566.86730706012  2.489440E-13
1568.31496398065  2.077402E-13
1569.76262090119  2.237914E-13
1571.21027782173  2.336323E-13
1572.65793474226  2.478781E-13
1574.1055916628  2.254550E-13
1575.55324858334  2.125014E-13
1577.00090550387  2.241878E-13
1578.44856242441  2.323844E-13
1579.89621934495  2.456565E-13
1581.34387626548  2.276167E-13
1582.79153318602  2.292866E-13
1584.23919010656  2.247795E-13
1585.68684702709  2.175039E-13
1587.13450394763  2.143531E-13
1588.58216086817  2.160523E-13
1590.0298177887  2.143402E-13
1591.47747470924  2.111338E-13
1592.92513162978  2.078076E-13
1594.37278855031  2.209330E-13
1595.82044547085  2.167923E-13
1597.26810239139  2.056420E-13
1598.71575931192  2.056836E-13
1600.16341623246  2.143445E-13
1601.611073153  2.135151E-13
1603.05873007354  2.005797E-13
1604.50638699407  2.048238E-13
1605.95404391461  2.059201E-13
1607.40170083515  2.184170E-13
1608.84935775568  2.326045E-13
1610.29701467622  2.291526E-13
1611.74467159676  2.172461E-13
1613.19232851729  2.056361E-13
1614.63998543783  2.224532E-13
1616.08764235837  2.279268E-13
1617.5352992789  2.192909E-13
1618.98295619944  2.179133E-13
1620.43061311998  2.295582E-13
1621.87827004051  2.182341E-13
1623.32592696105  2.015736E-13
1624.77358388159  1.955161E-13
1626.22124080212  1.915964E-13
1627.66889772266  1.915839E-13
1629.1165546432  2.052428E-13
1630.56421156373  2.181185E-13
1632.01186848427  2.148351E-13
1633.45952540481  2.055680E-13
1634.90718232534  2.131548E-13
1636.35483924588  2.270022E-13
1637.80249616642  2.266016E-13
1639.25015308695  2.174110E-13
1640.69781000749  2.110682E-13
1642.14546692803  2.143626E-13
1643.59312384857  2.113837E-13
1645.0407807691  2.022009E-13
1646.48843768964  2.104916E-13
1647.93609461018  2.169632E-13
1649.38375153071  2.114934E-13
1650.83140845125  2.045592E-13
1652.27906537179  1.966989E-13
1653.72672229232  2.007446E-13
1655.17437921286  1.933345E-13
1656.6220361334  1.944544E-13
1658.06969305393  2.137208E-13
1659.51734997447  2.055493E-13
1660.96500689501  2.132272E-13
1662.41266381554  2.076908E-13
1663.86032073608  2.156041E-13
1665.30797765662  2.177722E-13
1666.75563457715  2.273398E-13
1668.20329149769  2.185683E-13
1669.65094841823  2.063693E-13
1671.09860533876  1.930392E-13
1672.5462622593  1.807622E-13
1673.99391917984  1.888841E-13
1675.44157610038  1.974968E-13
1676.88923302091  2.028861E-13
1678.33688994145  2.101525E-13
1679.78454686199  2.193198E-13
1681.23220378252  2.149380E-13
1682.67986070306  2.249081E-13
1684.1275176236  2.307539E-13
1685.57517454413  2.477845E-13
1687.02283146467  2.631481E-13
1688.47048838521  2.718858E-13
1689.91814530574  2.792609E-13
1691.36580222628  2.692212E-13
1692.81345914682  2.432115E-13
1694.26111606735  2.267983E-13
1695.70877298789  2.080724E-13
1697.15642990843  2.051779E-13
1698.60408682896  2.094595E-13
1700.0517437495  2.036684E-13
1701.49940067004  1.947606E-13
1702.94705759057  1.878408E-13
1704.39471451111  1.773914E-13
1705.84237143165  1.607368E-13
1707.29002835218  1.620420E-13
1708.73768527272  1.502263E-13
1710.18534219326  0.
1711.63299911379  0.
1713.08065603433  0.
1714.52831295487  0.
1715.97596987541  0.
1717.42362679594  0.
1718.87128371648  0.
1720.31894063702  0.
1721.76659755755  0.
1723.21425447809  0.
1724.66191139863  0.
1726.10956831916  0.
1727.5572252397  0.
1729.00488216024  0.
1730.45253908077  0.
1731.90019600131  0.
1733.34785292185  0.
1734.79550984238  0.
1736.24316676292  0.
1737.69082368346  0.
1739.13848060399  0.
1740.58613752453  0.
1742.03379444507  0.
1743.4814513656  0.
1744.92910828614  0.
1746.37676520668  0.
1747.82442212721  0.
1749.27207904775  0.
1750.71973596829  0.
1752.16739288882  0.
1753.61504980936  0.
1755.0627067299  0.
1756.51036365043  0.
1757.95802057097  0.
1759.40567749151  0.
1760.85333441205  0.
1762.30099133258  0.
1763.74864825312  0.
1765.19630517366  0.
1766.64396209419  0.
1768.09161901473  0.
1769.53927593527  0.
1770.9869328558  0.
1772.43458977634  0.
1773.88224669688  0.
1775.32990361741  0.
1776.77756053795  0.
1778.22521745849  0.
1779.67287437902  0.
1781.12053129956  0.
1782.5681882201  0.
1784.01584514063  0.
1785.46350206117  0.
1786.91115898171  0.
1788.35881590224  0.
1789.80647282278  0.
1791.25412974332  0.
1792.70178666385  0.
1794.14944358439  0.
1795.59710050493  0.
1797.04475742547  0.
1798.492414346  0.
1799.94007126654  0.
1801.38772818708  0.
1802.83538510761  0.
1804.28304202815  0.
1805.73069894869  0.
1807.17835586922  0.
1808.62601278976  0.
1810.0736697103  0.
1811.52132663083  0.
1812.96898355137  0.
1814.41664047191  0.
1815.86429739244  0.
1817.31195431298  0.
1818.75961123352  0.
1820.20726815405  0.
1821.65492507459  0.
1823.10258199513  0.
1824.55023891566  0.
1825.9978958362  0.
1827.44555275674  0.
1828.89320967727  0.
1830.34086659781  0.
1831.78852351835  0.
