906.735751295338  0.
908.183408215875  0.
909.631065136412  0.
911.078722056949  0.
912.526378977485  0.
913.974035898022  0.
915.421692818559  0.
916.869349739096  0.
918.317006659633  0.
919.764663580169  0.
921.212320500706  0.
922.659977421243  0.
924.10763434178  0.
925.555291262316  0.
927.002948182853  0.
928.45060510339  0.
929.898262023927  0.
931.345918944464  0.
932.793575865  0.
934.241232785537  0.
935.688889706074  0.
937.136546626611  0.
938.584203547148  0.
940.031860467684  0.
941.479517388221  0.
942.927174308758  0.
944.374831229295  0.
945.822488149832  0.
947.270145070369  0.
948.717801990905  0.
950.165458911442  0.
951.613115831979  0.
953.060772752515  0.
954.508429673052  0.
955.956086593589  0.
957.403743514126  0.
958.851400434663  0.
960.2990573552  0.
961.746714275736  0.
963.194371196273  0.
964.64202811681  0.
966.089685037347  0.
967.537341957883  0.
968.98499887842  0.
970.432655798957  0.
971.880312719494  0.
973.327969640031  0.
974.775626560567  0.
976.223283481104  0.
977.670940401641  0.
979.118597322178  0.
980.566254242715  0.
982.013911163251  0.
983.461568083788  0.
984.909225004325  0.
986.356881924862  0.
987.804538845399  0.
989.252195765935  0.
990.699852686472  0.
992.147509607009  0.
993.595166527546  8.567502E-14
995.042823448082  2.650213E-13
996.490480368619  1.662730E-13
997.938137289156  2.741576E-13
999.385794209693  3.343923E-14
1000.83345113023  1.556652E-13
1002.28110805077  8.054512E-14
1003.7287649713  4.756105E-13
1005.17642189184  3.464249E-13
1006.62407881238  2.295554E-13
1008.07173573291  1.958348E-13
1009.51939265345  1.203598E-13
1010.96704957399  3.070251E-13
1012.41470649452  1.837896E-13
1013.86236341506  1.630888E-13
1015.3100203356  3.078997E-13
1016.75767725613  2.509582E-13
1018.20533417667  1.791962E-13
1019.65299109721  2.869931E-13
1021.10064801775  1.912876E-13
1022.54830493828  3.522549E-13
1023.99596185882  2.060713E-13
1025.44361877936  2.395574E-13
1026.89127569989  3.797486E-13
1028.33893262043  2.586753E-13
1029.78658954097  3.163109E-13
1031.2342464615  2.683329E-13
1032.68190338204  2.662027E-13
1034.12956030258  1.990438E-13
1035.57721722311  2.353891E-13
1037.02487414365  2.840251E-13
1038.47253106419  2.781366E-13
1039.92018798472  2.668090E-13
1041.36784490526  2.203199E-13
1042.8155018258  2.626517E-13
1044.26315874633  2.847476E-13
1045.71081566687  2.751280E-13
1047.15847258741  4.864731E-13
1048.60612950794  3.145720E-13
1050.05378642848  3.809286E-13
1051.50144334902  3.449476E-13
1052.94910026955  3.155218E-13
1054.39675719009  1.375379E-13
1055.84441411063  1.830470E-13
1057.29207103116  1.691509E-13
1058.7397279517  1.464929E-13
1060.18738487224  1.826523E-13
1061.63504179277  2.138091E-13
1063.08269871331  2.324248E-13
1064.53035563385  2.391070E-13
1065.97801255439  2.482023E-13
1067.42566947492  2.402379E-13
1068.87332639546  2.606966E-13
1070.320983316  1.952206E-13
1071.76864023653  2.772905E-13
1073.21629715707  1.936228E-13
1074.66395407761  3.039185E-13
1076.11161099814  2.430043E-13
1077.55926791868  2.720429E-13
1079.00692483922  2.182794E-13
1080.45458175975  2.142031E-13
1081.90223868029  3.026859E-13
1083.34989560083  2.601565E-13
1084.79755252136  2.175056E-13
1086.2452094419  2.089365E-13
1087.69286636244  2.017054E-13
1089.14052328297  1.994827E-13
1090.58818020351  2.125773E-13
1092.03583712405  2.227812E-13
1093.48349404458  2.038396E-13
1094.93115096512  2.429104E-13
1096.37880788566  2.103031E-13
1097.82646480619  2.114108E-13
1099.27412172673  2.202932E-13
1100.72177864727  2.264011E-13
1102.1694355678  1.916362E-13
1103.61709248834  2.491485E-13
1105.06474940888  2.173833E-13
1106.51240632942  2.081157E-13
1107.96006324995  2.439878E-13
1109.40772017049  2.238161E-13
1110.85537709103  2.428329E-13
1112.30303401156  2.035898E-13
1113.7506909321  2.144659E-13
1115.19834785264  2.273674E-13
1116.64600477317  2.312271E-13
1118.09366169371  2.334359E-13
1119.54131861425  2.611549E-13
1120.98897553478  1.926527E-13
1122.43663245532  1.996582E-13
1123.88428937586  1.956144E-13
1125.33194629639  2.158708E-13
1126.77960321693  2.280493E-13
1128.22726013747  1.532031E-13
1129.674917058  2.217677E-13
1131.12257397854  2.115318E-13
1132.57023089908  2.212622E-13
1134.01788781961  2.019207E-13
1135.46554474015  3.015880E-13
1136.91320166069  2.217340E-13
1138.36085858122  2.085069E-13
1139.80851550176  2.043938E-13
1141.2561724223  2.515299E-13
1142.70382934284  1.859768E-13
1144.15148626337  2.080917E-13
1145.59914318391  2.191890E-13
1147.04680010445  1.784439E-13
1148.49445702498  2.322043E-13
1149.94211394552  1.976996E-13
1151.38977086606  2.124159E-13
1152.83742778659  2.142515E-13
1154.28508470713  1.744744E-13
1155.73274162767  1.930460E-13
1157.1803985482  1.985377E-13
1158.62805546874  1.644690E-13
1160.07571238928  2.021039E-13
1161.52336930981  2.320384E-13
1162.97102623035  1.836839E-13
1164.41868315089  2.664057E-13
1165.86634007142  2.132594E-13
1167.31399699196  2.298261E-13
1168.7616539125  2.485038E-13
1170.20931083303  2.473010E-13
1171.65696775357  2.559290E-13
1173.10462467411  2.421783E-13
1174.55228159464  2.700941E-13
1175.99993851518  2.318679E-13
1177.44759543572  2.557868E-13
1178.89525235625  2.272677E-13
1180.34290927679  2.111848E-13
1181.79056619733  2.563026E-13
1183.23822311787  2.557516E-13
1184.6858800384  2.443765E-13
1186.13353695894  2.476599E-13
1187.58119387948  2.620447E-13
1189.02885080001  2.798243E-13
1190.47650772055  2.403039E-13
1191.92416464109  3.031609E-13
1193.37182156162  2.772021E-13
1194.81947848216  3.439625E-13
1196.2671354027  3.216052E-13
1197.71479232323  2.967045E-13
1199.16244924377  3.020629E-13
1200.61010616431  3.240706E-13
1202.05776308484  3.352554E-13
1203.50542000538  3.675594E-13
1204.95307692592  3.628016E-13
1206.40073384645  3.818348E-13
1207.84839076699  4.077677E-13
1209.29604768753  4.576179E-13
1210.74370460806  5.101843E-13
1212.1913615286  6.348112E-13
1213.63901844914  6.431643E-13
1215.08667536967  7.661238E-13
1216.53433229021  6.073084E-13
1217.98198921075  8.096150E-13
1219.42964613129  8.072058E-13
1220.87730305182  8.067639E-13
1222.32495997236  5.737194E-13
1223.7726168929  4.816353E-13
1225.22027381343  4.697163E-13
1226.66793073397  4.303897E-13
1228.11558765451  3.662473E-13
1229.56324457504  3.852761E-13
1231.01090149558  3.459474E-13
1232.45855841612  3.566224E-13
1233.90621533665  3.368397E-13
1235.35387225719  2.985690E-13
1236.80152917773  4.031139E-13
1238.24918609826  3.956675E-13
1239.6968430188  2.764620E-13
1241.14449993934  3.900246E-13
1242.59215685987  3.424248E-13
1244.03981378041  3.417293E-13
1245.48747070095  3.409959E-13
1246.93512762148  2.838997E-13
1248.38278454202  2.915313E-13
1249.83044146256  2.619610E-13
1251.27809838309  2.491592E-13
1252.72575530363  2.862889E-13
1254.17341222417  2.962835E-13
1255.62106914471  2.776545E-13
1257.06872606524  2.462437E-13
1258.51638298578  2.245488E-13
1259.96403990632  1.959043E-13
1261.41169682685  2.156057E-13
1262.85935374739  2.564986E-13
1264.30701066793  2.689948E-13
1265.75466758846  2.016171E-13
1267.202324509  2.112647E-13
1268.64998142954  2.336025E-13
1270.09763835007  2.243673E-13
1271.54529527061  1.756135E-13
1272.99295219115  1.788649E-13
1274.44060911168  1.590488E-13
1275.88826603222  1.642604E-13
1277.33592295276  1.839011E-13
1278.78357987329  1.855854E-13
1280.23123679383  2.235026E-13
1281.67889371437  1.836064E-13
1283.1265506349  1.860335E-13
1284.57420755544  1.709713E-13
1286.02186447598  1.756443E-13
1287.46952139651  2.155760E-13
1288.91717831705  1.771510E-13
1290.36483523759  1.987181E-13
1291.81249215812  1.611160E-13
1293.26014907866  1.969939E-13
1294.7078059992  1.892582E-13
1296.15546291974  1.914489E-13
1297.60311984027  1.293137E-13
1299.05077676081  1.705348E-13
1300.49843368135  1.850114E-13
1301.94609060188  1.960419E-13
1303.39374752242  2.193421E-13
1304.84140444296  1.977405E-13
1306.28906136349  1.857533E-13
1307.73671828403  1.686588E-13
1309.18437520457  2.100694E-13
1310.6320321251  1.894140E-13
1312.07968904564  1.874132E-13
1313.52734596618  1.958057E-13
1314.97500288671  2.247400E-13
1316.42265980725  2.058769E-13
1317.87031672779  1.714957E-13
1319.31797364832  1.608485E-13
1320.76563056886  1.524676E-13
1322.2132874894  1.521651E-13
1323.66094440993  1.625568E-13
1325.10860133047  1.677113E-13
1326.55625825101  1.832638E-13
1328.00391517154  1.444282E-13
1329.45157209208  1.455943E-13
1330.89922901262  1.521721E-13
1332.34688593315  1.496991E-13
1333.79454285369  1.782521E-13
1335.24219977423  1.604013E-13
1336.68985669477  1.355123E-13
1338.1375136153  1.471996E-13
1339.58517053584  1.041694E-13
1341.03282745638  1.567320E-13
1342.48048437691  1.321525E-13
1343.92814129745  1.580032E-13
1345.37579821799  1.523767E-13
1346.82345513852  1.430604E-13
1348.27111205906  1.574941E-13
1349.7187689796  1.693303E-13
1351.16642590013  1.577481E-13
1352.61408282067  1.662620E-13
1354.06173974121  1.441436E-13
1355.50939666174  1.911737E-13
1356.95705358228  1.702016E-13
1358.40471050282  1.557437E-13
1359.85236742335  1.561124E-13
1361.30002434389  1.571078E-13
1362.74768126443  1.942600E-13
1364.19533818496  1.815225E-13
1365.6429951055  1.718789E-13
1367.09065202604  1.436006E-13
1368.53830894657  1.761293E-13
1369.98596586711  1.883891E-13
1371.43362278765  1.595446E-13
1372.88127970819  1.856280E-13
1374.32893662872  1.532015E-13
1375.77659354926  1.598151E-13
1377.2242504698  1.674815E-13
1378.67190739033  1.854411E-13
1380.11956431087  1.758232E-13
1381.56722123141  1.833419E-13
1383.01487815194  1.730499E-13
1384.46253507248  1.598259E-13
1385.91019199302  2.099666E-13
1387.35784891355  1.891440E-13
1388.80550583409  1.559418E-13
1390.25316275463  1.899512E-13
1391.70081967516  2.024464E-13
1393.1484765957  2.169771E-13
1394.59613351624  2.015808E-13
1396.04379043677  1.904038E-13
1397.49144735731  2.112305E-13
1398.93910427785  2.449158E-13
1400.38676119838  2.199981E-13
1401.83441811892  2.271101E-13
1403.28207503946  2.500649E-13
1404.72973195999  2.105473E-13
1406.17738888053  1.898006E-13
1407.62504580107  2.291502E-13
1409.0727027216  2.183351E-13
1410.52035964214  1.960194E-13
1411.96801656268  2.386793E-13
1413.41567348322  2.240132E-13
1414.86333040375  2.021731E-13
1416.31098732429  1.760180E-13
1417.75864424483  1.501814E-13
1419.20630116536  1.302872E-13
1420.6539580859  1.599526E-13
1422.10161500644  1.819219E-13
1423.54927192697  1.822608E-13
1424.99692884751  1.764882E-13
1426.44458576805  1.590208E-13
1427.89224268858  1.675869E-13
1429.33989960912  1.705054E-13
1430.78755652966  1.914337E-13
1432.23521345019  2.202912E-13
1433.68287037073  2.265658E-13
1435.13052729127  2.161408E-13
1436.5781842118  1.791455E-13
1438.02584113234  1.882350E-13
1439.47349805288  2.214683E-13
1440.92115497341  2.093479E-13
1442.36881189395  2.092597E-13
1443.81646881449  1.629468E-13
1445.26412573502  1.629689E-13
1446.71178265556  1.798156E-13
1448.1594395761  1.873875E-13
1449.60709649664  2.028915E-13
1451.05475341717  1.800601E-13
1452.50241033771  1.531914E-13
1453.95006725825  1.623504E-13
1455.39772417878  1.523763E-13
1456.84538109932  1.728870E-13
1458.29303801986  1.777881E-13
1459.74069494039  1.577265E-13
1461.18835186093  1.636786E-13
1462.63600878147  1.629024E-13
1464.083665702  1.820709E-13
1465.53132262254  1.780533E-13
1466.97897954308  1.643489E-13
1468.42663646361  1.495775E-13
1469.87429338415  1.732085E-13
1471.32195030469  1.701137E-13
1472.76960722522  1.636937E-13
1474.21726414576  1.778051E-13
1475.6649210663  1.405795E-13
1477.11257798683  1.470505E-13
1478.56023490737  1.531864E-13
1480.00789182791  1.455481E-13
1481.45554874844  1.524561E-13
1482.90320566898  1.578536E-13
1484.35086258952  1.615324E-13
1485.79851951005  1.685574E-13
1487.24617643059  1.706291E-13
1488.69383335113  1.603609E-13
1490.14149027167  1.620951E-13
1491.5891471922  1.527863E-13
1493.03680411274  1.389933E-13
1494.48446103328  1.395859E-13
1495.93211795381  1.366028E-13
1497.37977487435  1.275983E-13
1498.82743179489  1.504065E-13
1500.27508871542  1.619474E-13
1501.72274563596  1.631709E-13
1503.1704025565  1.557579E-13
1504.61805947703  1.543379E-13
1506.06571639757  1.559117E-13
1507.51337331811  1.592280E-13
1508.96103023864  1.793285E-13
1510.40868715918  1.634235E-13
1511.85634407972  1.782630E-13
1513.30400100025  1.740563E-13
1514.75165792079  1.682464E-13
1516.19931484133  1.602383E-13
1517.64697176186  1.537214E-13
1519.0946286824  1.472708E-13
1520.54228560294  1.555811E-13
1521.98994252347  1.616539E-13
1523.43759944401  1.825978E-13
1524.88525636455  1.744117E-13
1526.33291328509  1.565807E-13
1527.78057020562  1.639743E-13
1529.22822712616  1.790449E-13
1530.6758840467  1.839359E-13
1532.12354096723  1.944908E-13
1533.57119788777  2.236112E-13
1535.01885480831  2.370122E-13
1536.46651172884  2.313198E-13
1537.91416864938  2.191511E-13
1539.36182556992  2.352283E-13
1540.80948249045  2.562850E-13
1542.25713941099  2.571085E-13
1543.70479633153  2.527398E-13
1545.15245325206  2.693907E-13
1546.6001101726  3.142722E-13
1548.04776709314  3.121547E-13
1549.49542401367  2.881725E-13
1550.94308093421  2.829246E-13
1552.39073785475  2.903419E-13
1553.83839477528  2.896134E-13
1555.28605169582  2.688947E-13
1556.73370861636  2.577064E-13
1558.18136553689  2.549623E-13
1559.62902245743  2.300924E-13
1561.07667937797  2.031299E-13
1562.5243362985  1.823315E-13
1563.97199321904  1.786969E-13
1565.41965013958  1.869123E-13
1566.86730706012  1.801427E-13
1568.31496398065  1.726405E-13
1569.76262090119  1.715447E-13
1571.21027782173  1.830618E-13
1572.65793474226  1.854094E-13
1574.1055916628  1.644179E-13
1575.55324858334  1.561775E-13
1577.00090550387  1.331950E-13
1578.44856242441  1.342776E-13
1579.89621934495  1.548600E-13
1581.34387626548  1.652141E-13
1582.79153318602  1.730832E-13
1584.23919010656  1.791301E-13
1585.68684702709  1.633796E-13
1587.13450394763  1.615237E-13
1588.58216086817  1.481620E-13
1590.0298177887  1.527932E-13
1591.47747470924  1.551383E-13
1592.92513162978  1.486279E-13
1594.37278855031  1.640688E-13
1595.82044547085  1.579968E-13
1597.26810239139  1.462615E-13
1598.71575931192  1.431709E-13
1600.16341623246  1.385067E-13
1601.611073153  1.368221E-13
1603.05873007354  1.373140E-13
1604.50638699407  1.390568E-13
1605.95404391461  1.321596E-13
1607.40170083515  1.383997E-13
1608.84935775568  1.465942E-13
1610.29701467622  1.404585E-13
1611.74467159676  1.457888E-13
1613.19232851729  1.355596E-13
1614.63998543783  1.413286E-13
1616.08764235837  1.499799E-13
1617.5352992789  1.442928E-13
1618.98295619944  1.489726E-13
1620.43061311998  1.482857E-13
1621.87827004051  1.521213E-13
1623.32592696105  1.492146E-13
1624.77358388159  1.487424E-13
1626.22124080212  1.448795E-13
1627.66889772266  1.405638E-13
1629.1165546432  1.438616E-13
1630.56421156373  1.452599E-13
1632.01186848427  1.422668E-13
1633.45952540481  1.410783E-13
1634.90718232534  1.523579E-13
1636.35483924588  1.645800E-13
1637.80249616642  1.604156E-13
1639.25015308695  1.664667E-13
1640.69781000749  1.622234E-13
1642.14546692803  1.565907E-13
1643.59312384857  1.430776E-13
1645.0407807691  1.442489E-13
1646.48843768964  1.540302E-13
1647.93609461018  1.581928E-13
1649.38375153071  1.511910E-13
1650.83140845125  1.429994E-13
1652.27906537179  1.363241E-13
1653.72672229232  1.355265E-13
1655.17437921286  1.321364E-13
1656.6220361334  1.376066E-13
1658.06969305393  1.551199E-13
1659.51734997447  1.551787E-13
1660.96500689501  1.579888E-13
1662.41266381554  1.428310E-13
1663.86032073608  1.439617E-13
1665.30797765662  1.574345E-13
1666.75563457715  1.652921E-13
1668.20329149769  1.601053E-13
1669.65094841823  1.626916E-13
1671.09860533876  1.563814E-13
1672.5462622593  1.386987E-13
1673.99391917984  1.352554E-13
1675.44157610038  1.369269E-13
1676.88923302091  1.359950E-13
1678.33688994145  1.318900E-13
1679.78454686199  1.286037E-13
1681.23220378252  1.216493E-13
1682.67986070306  1.189361E-13
1684.1275176236  1.162905E-13
1685.57517454413  1.179742E-13
1687.02283146467  1.224959E-13
1688.47048838521  1.325585E-13
1689.91814530574  1.393532E-13
1691.36580222628  1.379181E-13
1692.81345914682  1.287516E-13
1694.26111606735  1.302034E-13
1695.70877298789  1.337897E-13
1697.15642990843  1.393100E-13
1698.60408682896  1.458944E-13
1700.0517437495  1.485265E-13
1701.49940067004  1.407103E-13
1702.94705759057  1.348807E-13
1704.39471451111  1.365892E-13
1705.84237143165  1.355314E-13
1707.29002835218  1.343538E-13
1708.73768527272  1.288549E-13
1710.18534219326  0.
1711.63299911379  0.
1713.08065603433  0.
1714.52831295487  0.
1715.97596987541  0.
1717.42362679594  0.
1718.87128371648  0.
1720.31894063702  0.
1721.76659755755  0.
1723.21425447809  0.
1724.66191139863  0.
1726.10956831916  0.
1727.5572252397  0.
1729.00488216024  0.
1730.45253908077  0.
1731.90019600131  0.
1733.34785292185  0.
1734.79550984238  0.
1736.24316676292  0.
1737.69082368346  0.
1739.13848060399  0.
1740.58613752453  0.
1742.03379444507  0.
1743.4814513656  0.
1744.92910828614  0.
1746.37676520668  0.
1747.82442212721  0.
1749.27207904775  0.
1750.71973596829  0.
1752.16739288882  0.
1753.61504980936  0.
1755.0627067299  0.
1756.51036365043  0.
1757.95802057097  0.
1759.40567749151  0.
1760.85333441205  0.
1762.30099133258  0.
1763.74864825312  0.
1765.19630517366  0.
1766.64396209419  0.
1768.09161901473  0.
1769.53927593527  0.
1770.9869328558  0.
1772.43458977634  0.
1773.88224669688  0.
1775.32990361741  0.
1776.77756053795  0.
1778.22521745849  0.
1779.67287437902  0.
1781.12053129956  0.
1782.5681882201  0.
1784.01584514063  0.
1785.46350206117  0.
1786.91115898171  0.
1788.35881590224  0.
1789.80647282278  0.
1791.25412974332  0.
1792.70178666385  0.
1794.14944358439  0.
1795.59710050493  0.
1797.04475742547  0.
1798.492414346  0.
1799.94007126654  0.
1801.38772818708  0.
1802.83538510761  0.
1804.28304202815  0.
1805.73069894869  0.
1807.17835586922  0.
1808.62601278976  0.
1810.0736697103  0.
1811.52132663083  0.
1812.96898355137  0.
1814.41664047191  0.
1815.86429739244  0.
1817.31195431298  0.
1818.75961123352  0.
1820.20726815405  0.
1821.65492507459  0.
1823.10258199513  0.
1824.55023891566  0.
1825.9978958362  0.
1827.44555275674  0.
1828.89320967727  0.
1830.34086659781  0.
1831.78852351835  0.
