906.735751295338  0.
908.183408215875  0.
909.631065136412  0.
911.078722056949  0.
912.526378977485  0.
913.974035898022  0.
915.421692818559  0.
916.869349739096  0.
918.317006659633  0.
919.764663580169  0.
921.212320500706  0.
922.659977421243  0.
924.10763434178  0.
925.555291262316  0.
927.002948182853  0.
928.45060510339  0.
929.898262023927  0.
931.345918944464  0.
932.793575865  0.
934.241232785537  0.
935.688889706074  0.
937.136546626611  0.
938.584203547148  0.
940.031860467684  0.
941.479517388221  0.
942.927174308758  0.
944.374831229295  0.
945.822488149832  0.
947.270145070369  0.
948.717801990905  0.
950.165458911442  0.
951.613115831979  0.
953.060772752515  0.
954.508429673052  0.
955.956086593589  0.
957.403743514126  0.
958.851400434663  0.
960.2990573552  0.
961.746714275736  0.
963.194371196273  0.
964.64202811681  0.
966.089685037347  0.
967.537341957883  0.
968.98499887842  0.
970.432655798957  0.
971.880312719494  0.
973.327969640031  0.
974.775626560567  0.
976.223283481104  0.
977.670940401641  0.
979.118597322178  0.
980.566254242715  0.
982.013911163251  0.
983.461568083788  0.
984.909225004325  0.
986.356881924862  0.
987.804538845399  0.
989.252195765935  0.
990.699852686472  0.
992.147509607009  0.
993.595166527546  5.015416E-13
995.042823448082  2.668550E-13
996.490480368619  6.413622E-13
997.938137289156  3.838418E-13
999.385794209693  4.290507E-13
1000.83345113023  4.895018E-13
1002.28110805077  3.033827E-13
1003.7287649713  4.666305E-13
1005.17642189184  4.149936E-13
1006.62407881238  3.645845E-13
1008.07173573291  3.251661E-13
1009.51939265345  3.964364E-13
1010.96704957399  6.306008E-13
1012.41470649452  3.147309E-13
1013.86236341506  2.164758E-13
1015.3100203356  3.932271E-13
1016.75767725613  3.497519E-13
1018.20533417667  3.404669E-13
1019.65299109721  2.750968E-13
1021.10064801775  3.874968E-13
1022.54830493828  3.163732E-13
1023.99596185882  3.181084E-13
1025.44361877936  3.396097E-13
1026.89127569989  4.131040E-13
1028.33893262043  3.680631E-13
1029.78658954097  4.183842E-13
1031.2342464615  3.489791E-13
1032.68190338204  4.540836E-13
1034.12956030258  4.478565E-13
1035.57721722311  5.183600E-13
1037.02487414365  4.279057E-13
1038.47253106419  4.633945E-13
1039.92018798472  3.911008E-13
1041.36784490526  3.611745E-13
1042.8155018258  3.901578E-13
1044.26315874633  3.705389E-13
1045.71081566687  4.695636E-13
1047.15847258741  4.247222E-13
1048.60612950794  4.089040E-13
1050.05378642848  3.589470E-13
1051.50144334902  3.360079E-13
1052.94910026955  2.333325E-13
1054.39675719009  1.901827E-13
1055.84441411063  1.808547E-13
1057.29207103116  2.379663E-13
1058.7397279517  2.446416E-13
1060.18738487224  2.994095E-13
1061.63504179277  3.092144E-13
1063.08269871331  3.148628E-13
1064.53035563385  3.466880E-13
1065.97801255439  3.295878E-13
1067.42566947492  4.125858E-13
1068.87332639546  3.299243E-13
1070.320983316  3.793558E-13
1071.76864023653  3.311061E-13
1073.21629715707  3.056198E-13
1074.66395407761  4.093897E-13
1076.11161099814  3.115175E-13
1077.55926791868  3.805883E-13
1079.00692483922  3.515358E-13
1080.45458175975  2.871679E-13
1081.90223868029  3.258078E-13
1083.34989560083  2.934830E-13
1084.79755252136  2.944478E-13
1086.2452094419  2.716378E-13
1087.69286636244  2.842361E-13
1089.14052328297  2.565297E-13
1090.58818020351  2.841475E-13
1092.03583712405  2.640036E-13
1093.48349404458  2.875744E-13
1094.93115096512  3.203165E-13
1096.37880788566  2.745599E-13
1097.82646480619  2.993677E-13
1099.27412172673  2.949809E-13
1100.72177864727  2.846847E-13
1102.1694355678  2.852221E-13
1103.61709248834  3.498825E-13
1105.06474940888  3.132022E-13
1106.51240632942  2.615360E-13
1107.96006324995  3.385744E-13
1109.40772017049  3.219284E-13
1110.85537709103  3.078982E-13
1112.30303401156  3.209504E-13
1113.7506909321  2.914092E-13
1115.19834785264  2.721026E-13
1116.64600477317  2.539994E-13
1118.09366169371  2.934494E-13
1119.54131861425  2.675337E-13
1120.98897553478  2.499855E-13
1122.43663245532  2.722983E-13
1123.88428937586  3.141438E-13
1125.33194629639  2.370660E-13
1126.77960321693  2.516422E-13
1128.22726013747  2.626345E-13
1129.674917058  3.099679E-13
1131.12257397854  3.158848E-13
1132.57023089908  2.765485E-13
1134.01788781961  3.003374E-13
1135.46554474015  3.846532E-13
1136.91320166069  3.246636E-13
1138.36085858122  2.904943E-13
1139.80851550176  3.167979E-13
1141.2561724223  3.392694E-13
1142.70382934284  2.820419E-13
1144.15148626337  2.493703E-13
1145.59914318391  2.988581E-13
1147.04680010445  2.792304E-13
1148.49445702498  3.083018E-13
1149.94211394552  2.594326E-13
1151.38977086606  3.184875E-13
1152.83742778659  2.752383E-13
1154.28508470713  2.650540E-13
1155.73274162767  2.499014E-13
1157.1803985482  2.461840E-13
1158.62805546874  2.913013E-13
1160.07571238928  3.294623E-13
1161.52336930981  2.704856E-13
1162.97102623035  3.210217E-13
1164.41868315089  2.923174E-13
1165.86634007142  3.219926E-13
1167.31399699196  4.053284E-13
1168.7616539125  3.262224E-13
1170.20931083303  4.131065E-13
1171.65696775357  3.422651E-13
1173.10462467411  3.530963E-13
1174.55228159464  3.206198E-13
1175.99993851518  3.631615E-13
1177.44759543572  3.784091E-13
1178.89525235625  3.406881E-13
1180.34290927679  3.599866E-13
1181.79056619733  3.580897E-13
1183.23822311787  3.295653E-13
1184.6858800384  3.737968E-13
1186.13353695894  3.454667E-13
1187.58119387948  4.197482E-13
1189.02885080001  3.836578E-13
1190.47650772055  4.519759E-13
1191.92416464109  4.907115E-13
1193.37182156162  5.308284E-13
1194.81947848216  4.612662E-13
1196.2671354027  5.097072E-13
1197.71479232323  4.737394E-13
1199.16244924377  4.816770E-13
1200.61010616431  5.330383E-13
1202.05776308484  5.272036E-13
1203.50542000538  5.393315E-13
1204.95307692592  5.289614E-13
1206.40073384645  5.495723E-13
1207.84839076699  6.626294E-13
1209.29604768753  7.725839E-13
1210.74370460806  7.259240E-13
1212.1913615286  9.254266E-13
1213.63901844914  8.836774E-13
1215.08667536967  1.065608E-12
1216.53433229021  1.041865E-12
1217.98198921075  1.023400E-12
1219.42964613129  9.151258E-13
1220.87730305182  9.211894E-13
1222.32495997236  7.718599E-13
1223.7726168929  6.383491E-13
1225.22027381343  5.848880E-13
1226.66793073397  5.985770E-13
1228.11558765451  6.003019E-13
1229.56324457504  5.259273E-13
1231.01090149558  5.272426E-13
1232.45855841612  4.639080E-13
1233.90621533665  4.203855E-13
1235.35387225719  4.878716E-13
1236.80152917773  5.001974E-13
1238.24918609826  5.685875E-13
1239.6968430188  4.320592E-13
1241.14449993934  4.550869E-13
1242.59215685987  4.310544E-13
1244.03981378041  4.669951E-13
1245.48747070095  4.524518E-13
1246.93512762148  4.088559E-13
1248.38278454202  4.239956E-13
1249.83044146256  3.813323E-13
1251.27809838309  3.636096E-13
1252.72575530363  3.994719E-13
1254.17341222417  3.763736E-13
1255.62106914471  3.568541E-13
1257.06872606524  3.193022E-13
1258.51638298578  2.908027E-13
1259.96403990632  2.631950E-13
1261.41169682685  3.506552E-13
1262.85935374739  3.423228E-13
1264.30701066793  2.957099E-13
1265.75466758846  2.968785E-13
1267.202324509  2.522265E-13
1268.64998142954  2.993529E-13
1270.09763835007  2.925684E-13
1271.54529527061  2.942664E-13
1272.99295219115  2.952007E-13
1274.44060911168  2.868404E-13
1275.88826603222  2.599257E-13
1277.33592295276  2.787330E-13
1278.78357987329  2.568346E-13
1280.23123679383  2.795649E-13
1281.67889371437  2.463333E-13
1283.1265506349  2.165220E-13
1284.57420755544  2.583326E-13
1286.02186447598  2.490668E-13
1287.46952139651  2.781978E-13
1288.91717831705  2.458512E-13
1290.36483523759  2.515598E-13
1291.81249215812  2.593433E-13
1293.26014907866  2.541622E-13
1294.7078059992  2.466475E-13
1296.15546291974  2.489975E-13
1297.60311984027  2.476132E-13
1299.05077676081  2.650722E-13
1300.49843368135  2.740410E-13
1301.94609060188  2.504616E-13
1303.39374752242  2.463817E-13
1304.84140444296  2.479050E-13
1306.28906136349  2.491974E-13
1307.73671828403  2.303382E-13
1309.18437520457  2.498781E-13
1310.6320321251  2.411919E-13
1312.07968904564  2.190851E-13
1313.52734596618  2.382327E-13
1314.97500288671  2.613269E-13
1316.42265980725  2.425709E-13
1317.87031672779  2.172806E-13
1319.31797364832  2.366668E-13
1320.76563056886  2.422887E-13
1322.2132874894  2.188509E-13
1323.66094440993  2.253693E-13
1325.10860133047  2.431389E-13
1326.55625825101  2.381294E-13
1328.00391517154  2.378145E-13
1329.45157209208  2.541659E-13
1330.89922901262  2.328467E-13
1332.34688593315  2.230718E-13
1333.79454285369  2.568946E-13
1335.24219977423  2.457293E-13
1336.68985669477  2.535320E-13
1338.1375136153  2.242716E-13
1339.58517053584  2.179502E-13
1341.03282745638  2.529485E-13
1342.48048437691  2.233686E-13
1343.92814129745  2.616732E-13
1345.37579821799  2.766959E-13
1346.82345513852  2.538645E-13
1348.27111205906  2.490898E-13
1349.7187689796  2.504007E-13
1351.16642590013  2.378406E-13
1352.61408282067  2.447507E-13
1354.06173974121  2.288802E-13
1355.50939666174  2.339568E-13
1356.95705358228  2.190229E-13
1358.40471050282  1.979358E-13
1359.85236742335  2.173786E-13
1361.30002434389  2.532914E-13
1362.74768126443  2.629978E-13
1364.19533818496  2.649535E-13
1365.6429951055  2.627411E-13
1367.09065202604  2.484581E-13
1368.53830894657  2.487348E-13
1369.98596586711  2.654377E-13
1371.43362278765  2.594683E-13
1372.88127970819  2.555138E-13
1374.32893662872  2.465266E-13
1375.77659354926  2.618392E-13
1377.2242504698  2.472380E-13
1378.67190739033  2.672140E-13
1380.11956431087  2.437256E-13
1381.56722123141  2.708446E-13
1383.01487815194  2.230228E-13
1384.46253507248  2.368255E-13
1385.91019199302  2.519761E-13
1387.35784891355  2.615909E-13
1388.80550583409  2.373256E-13
1390.25316275463  2.350425E-13
1391.70081967516  2.874229E-13
1393.1484765957  3.169357E-13
1394.59613351624  3.269885E-13
1396.04379043677  2.796198E-13
1397.49144735731  2.817346E-13
1398.93910427785  2.577355E-13
1400.38676119838  2.955809E-13
1401.83441811892  2.697486E-13
1403.28207503946  3.010313E-13
1404.72973195999  2.611873E-13
1406.17738888053  2.619784E-13
1407.62504580107  2.503556E-13
1409.0727027216  2.464043E-13
1410.52035964214  2.701151E-13
1411.96801656268  2.847813E-13
1413.41567348322  2.839180E-13
1414.86333040375  2.720291E-13
1416.31098732429  2.512983E-13
1417.75864424483  2.532855E-13
1419.20630116536  2.433512E-13
1420.6539580859  2.704750E-13
1422.10161500644  2.614065E-13
1423.54927192697  2.522370E-13
1424.99692884751  2.380617E-13
1426.44458576805  2.147319E-13
1427.89224268858  2.112295E-13
1429.33989960912  2.507566E-13
1430.78755652966  2.315582E-13
1432.23521345019  2.309665E-13
1433.68287037073  2.487037E-13
1435.13052729127  2.430459E-13
1436.5781842118  2.342094E-13
1438.02584113234  2.412974E-13
1439.47349805288  2.341864E-13
1440.92115497341  2.098236E-13
1442.36881189395  2.096628E-13
1443.81646881449  1.828050E-13
1445.26412573502  2.264892E-13
1446.71178265556  2.186075E-13
1448.1594395761  2.014128E-13
1449.60709649664  2.231875E-13
1451.05475341717  2.131812E-13
1452.50241033771  2.306565E-13
1453.95006725825  2.141783E-13
1455.39772417878  1.994281E-13
1456.84538109932  2.112843E-13
1458.29303801986  1.948525E-13
1459.74069494039  1.800694E-13
1461.18835186093  2.124509E-13
1462.63600878147  2.158936E-13
1464.083665702  2.294274E-13
1465.53132262254  2.014653E-13
1466.97897954308  1.889006E-13
1468.42663646361  2.158072E-13
1469.87429338415  2.250334E-13
1471.32195030469  2.106748E-13
1472.76960722522  1.913963E-13
1474.21726414576  1.963937E-13
1475.6649210663  1.885013E-13
1477.11257798683  2.126468E-13
1478.56023490737  1.950472E-13
1480.00789182791  2.123160E-13
1481.45554874844  2.046021E-13
1482.90320566898  2.324280E-13
1484.35086258952  2.355287E-13
1485.79851951005  2.438933E-13
1487.24617643059  2.309205E-13
1488.69383335113  2.203762E-13
1490.14149027167  2.136609E-13
1491.5891471922  2.154136E-13
1493.03680411274  2.061281E-13
1494.48446103328  2.280505E-13
1495.93211795381  2.101119E-13
1497.37977487435  1.986940E-13
1498.82743179489  2.170263E-13
1500.27508871542  2.215973E-13
1501.72274563596  2.456943E-13
1503.1704025565  2.299498E-13
1504.61805947703  2.198600E-13
1506.06571639757  2.183407E-13
1507.51337331811  2.315527E-13
1508.96103023864  2.552801E-13
1510.40868715918  2.483045E-13
1511.85634407972  2.355360E-13
1513.30400100025  2.229693E-13
1514.75165792079  2.178123E-13
1516.19931484133  2.146735E-13
1517.64697176186  2.215951E-13
1519.0946286824  2.371024E-13
1520.54228560294  2.192558E-13
1521.98994252347  2.245810E-13
1523.43759944401  2.844854E-13
1524.88525636455  2.711856E-13
1526.33291328509  2.533213E-13
1527.78057020562  2.894509E-13
1529.22822712616  2.719747E-13
1530.6758840467  2.749035E-13
1532.12354096723  2.882717E-13
1533.57119788777  3.070176E-13
1535.01885480831  2.932720E-13
1536.46651172884  2.989431E-13
1537.91416864938  3.174962E-13
1539.36182556992  3.335502E-13
1540.80948249045  3.447917E-13
1542.25713941099  3.650902E-13
1543.70479633153  3.814045E-13
1545.15245325206  3.854092E-13
1546.6001101726  4.116641E-13
1548.04776709314  4.036383E-13
1549.49542401367  3.738443E-13
1550.94308093421  3.956327E-13
1552.39073785475  3.916265E-13
1553.83839477528  3.830476E-13
1555.28605169582  3.494175E-13
1556.73370861636  3.524547E-13
1558.18136553689  3.322948E-13
1559.62902245743  3.305467E-13
1561.07667937797  2.904308E-13
1562.5243362985  2.599640E-13
1563.97199321904  2.685320E-13
1565.41965013958  2.681071E-13
1566.86730706012  2.564865E-13
1568.31496398065  2.586883E-13
1569.76262090119  2.337761E-13
1571.21027782173  2.124010E-13
1572.65793474226  2.218433E-13
1574.1055916628  2.132320E-13
1575.55324858334  2.034591E-13
1577.00090550387  2.167571E-13
1578.44856242441  2.103685E-13
1579.89621934495  2.195274E-13
1581.34387626548  2.113876E-13
1582.79153318602  2.038442E-13
1584.23919010656  2.127288E-13
1585.68684702709  1.999174E-13
1587.13450394763  1.998449E-13
1588.58216086817  1.945636E-13
1590.0298177887  2.057977E-13
1591.47747470924  2.117522E-13
1592.92513162978  2.010965E-13
1594.37278855031  2.110630E-13
1595.82044547085  2.080540E-13
1597.26810239139  2.086390E-13
1598.71575931192  2.118736E-13
1600.16341623246  2.018415E-13
1601.611073153  1.995091E-13
1603.05873007354  1.975064E-13
1604.50638699407  2.023211E-13
1605.95404391461  1.856302E-13
1607.40170083515  1.955787E-13
1608.84935775568  1.997561E-13
1610.29701467622  1.886884E-13
1611.74467159676  1.839100E-13
1613.19232851729  1.883814E-13
1614.63998543783  1.909723E-13
1616.08764235837  1.897958E-13
1617.5352992789  2.045608E-13
1618.98295619944  2.046333E-13
1620.43061311998  2.005437E-13
1621.87827004051  2.008563E-13
1623.32592696105  1.852491E-13
1624.77358388159  1.932517E-13
1626.22124080212  2.155861E-13
1627.66889772266  2.109933E-13
1629.1165546432  2.011332E-13
1630.56421156373  2.110102E-13
1632.01186848427  2.225598E-13
1633.45952540481  2.215528E-13
1634.90718232534  2.151997E-13
1636.35483924588  2.139838E-13
1637.80249616642  2.133136E-13
1639.25015308695  2.066918E-13
1640.69781000749  2.023860E-13
1642.14546692803  2.154711E-13
1643.59312384857  2.016285E-13
1645.0407807691  2.028551E-13
1646.48843768964  2.178449E-13
1647.93609461018  2.203343E-13
1649.38375153071  2.219358E-13
1650.83140845125  2.330540E-13
1652.27906537179  2.260083E-13
1653.72672229232  2.118135E-13
1655.17437921286  1.879324E-13
1656.6220361334  1.924258E-13
1658.06969305393  2.005365E-13
1659.51734997447  1.923224E-13
1660.96500689501  2.071119E-13
1662.41266381554  2.083978E-13
1663.86032073608  2.019435E-13
1665.30797765662  2.034109E-13
1666.75563457715  1.959462E-13
1668.20329149769  1.913289E-13
1669.65094841823  1.940641E-13
1671.09860533876  1.876578E-13
1672.5462622593  1.943110E-13
1673.99391917984  2.075702E-13
1675.44157610038  1.977349E-13
1676.88923302091  2.005026E-13
1678.33688994145  1.969497E-13
1679.78454686199  1.893624E-13
1681.23220378252  1.731352E-13
1682.67986070306  1.825962E-13
1684.1275176236  1.900685E-13
1685.57517454413  1.767038E-13
1687.02283146467  1.826832E-13
1688.47048838521  1.941347E-13
1689.91814530574  2.019679E-13
1691.36580222628  2.083336E-13
1692.81345914682  1.972534E-13
1694.26111606735  1.938804E-13
1695.70877298789  1.810881E-13
1697.15642990843  1.946853E-13
1698.60408682896  1.973445E-13
1700.0517437495  1.918224E-13
1701.49940067004  1.935926E-13
1702.94705759057  2.005104E-13
1704.39471451111  1.999613E-13
1705.84237143165  1.908425E-13
1707.29002835218  1.786271E-13
1708.73768527272  1.682820E-13
1710.18534219326  0.
1711.63299911379  0.
1713.08065603433  0.
1714.52831295487  0.
1715.97596987541  0.
1717.42362679594  0.
1718.87128371648  0.
1720.31894063702  0.
1721.76659755755  0.
1723.21425447809  0.
1724.66191139863  0.
1726.10956831916  0.
1727.5572252397  0.
1729.00488216024  0.
1730.45253908077  0.
1731.90019600131  0.
1733.34785292185  0.
1734.79550984238  0.
1736.24316676292  0.
1737.69082368346  0.
1739.13848060399  0.
1740.58613752453  0.
1742.03379444507  0.
1743.4814513656  0.
1744.92910828614  0.
1746.37676520668  0.
1747.82442212721  0.
1749.27207904775  0.
1750.71973596829  0.
1752.16739288882  0.
1753.61504980936  0.
1755.0627067299  0.
1756.51036365043  0.
1757.95802057097  0.
1759.40567749151  0.
1760.85333441205  0.
1762.30099133258  0.
1763.74864825312  0.
1765.19630517366  0.
1766.64396209419  0.
1768.09161901473  0.
1769.53927593527  0.
1770.9869328558  0.
1772.43458977634  0.
1773.88224669688  0.
1775.32990361741  0.
1776.77756053795  0.
1778.22521745849  0.
1779.67287437902  0.
1781.12053129956  0.
1782.5681882201  0.
1784.01584514063  0.
1785.46350206117  0.
1786.91115898171  0.
1788.35881590224  0.
1789.80647282278  0.
1791.25412974332  0.
1792.70178666385  0.
1794.14944358439  0.
1795.59710050493  0.
1797.04475742547  0.
1798.492414346  0.
1799.94007126654  0.
1801.38772818708  0.
1802.83538510761  0.
1804.28304202815  0.
1805.73069894869  0.
1807.17835586922  0.
1808.62601278976  0.
1810.0736697103  0.
1811.52132663083  0.
1812.96898355137  0.
1814.41664047191  0.
1815.86429739244  0.
1817.31195431298  0.
1818.75961123352  0.
1820.20726815405  0.
1821.65492507459  0.
1823.10258199513  0.
1824.55023891566  0.
1825.9978958362  0.
1827.44555275674  0.
1828.89320967727  0.
1830.34086659781  0.
1831.78852351835  0.
