906.735751295338  0.
908.183408215875  0.
909.631065136412  0.
911.078722056949  0.
912.526378977485  0.
913.974035898022  0.
915.421692818559  0.
916.869349739096  0.
918.317006659633  0.
919.764663580169  0.
921.212320500706  0.
922.659977421243  0.
924.10763434178  0.
925.555291262316  0.
927.002948182853  0.
928.45060510339  0.
929.898262023927  0.
931.345918944464  0.
932.793575865  0.
934.241232785537  0.
935.688889706074  0.
937.136546626611  0.
938.584203547148  0.
940.031860467684  0.
941.479517388221  0.
942.927174308758  0.
944.374831229295  0.
945.822488149832  0.
947.270145070369  0.
948.717801990905  0.
950.165458911442  0.
951.613115831979  0.
953.060772752515  0.
954.508429673052  0.
955.956086593589  0.
957.403743514126  0.
958.851400434663  0.
960.2990573552  0.
961.746714275736  0.
963.194371196273  0.
964.64202811681  0.
966.089685037347  0.
967.537341957883  0.
968.98499887842  0.
970.432655798957  0.
971.880312719494  0.
973.327969640031  0.
974.775626560567  0.
976.223283481104  0.
977.670940401641  0.
979.118597322178  0.
980.566254242715  0.
982.013911163251  0.
983.461568083788  0.
984.909225004325  0.
986.356881924862  0.
987.804538845399  0.
989.252195765935  0.
990.699852686472  0.
992.147509607009  0.
993.595166527546  4.561716E-13
995.042823448082  1.411031E-13
996.490480368619  5.752501E-13
997.938137289156  5.611032E-13
999.385794209693  6.730130E-13
1000.83345113023  5.292185E-13
1002.28110805077  2.910560E-13
1003.7287649713  4.280250E-13
1005.17642189184  4.364040E-13
1006.62407881238  3.287529E-13
1008.07173573291  3.457447E-13
1009.51939265345  3.183201E-13
1010.96704957399  6.687561E-13
1012.41470649452  2.830111E-13
1013.86236341506  1.222027E-13
1015.3100203356  4.690432E-13
1016.75767725613  5.073100E-13
1018.20533417667  2.979542E-13
1019.65299109721  4.823560E-13
1021.10064801775  5.814360E-13
1022.54830493828  4.689550E-13
1023.99596185882  4.929690E-13
1025.44361877936  4.482968E-13
1026.89127569989  5.761741E-13
1028.33893262043  3.763007E-13
1029.78658954097  5.277174E-13
1031.2342464615  4.594404E-13
1032.68190338204  4.176033E-13
1034.12956030258  3.563823E-13
1035.57721722311  4.338183E-13
1037.02487414365  3.863787E-13
1038.47253106419  5.060997E-13
1039.92018798472  4.157010E-13
1041.36784490526  3.737948E-13
1042.8155018258  4.057837E-13
1044.26315874633  4.065646E-13
1045.71081566687  4.587283E-13
1047.15847258741  5.127665E-13
1048.60612950794  3.567262E-13
1050.05378642848  2.699060E-13
1051.50144334902  3.097854E-13
1052.94910026955  2.783479E-13
1054.39675719009  2.810924E-13
1055.84441411063  2.427270E-13
1057.29207103116  2.914891E-13
1058.7397279517  2.797896E-13
1060.18738487224  3.235218E-13
1061.63504179277  3.275093E-13
1063.08269871331  3.566335E-13
1064.53035563385  3.595034E-13
1065.97801255439  3.242846E-13
1067.42566947492  3.751442E-13
1068.87332639546  3.471819E-13
1070.320983316  3.474418E-13
1071.76864023653  3.513186E-13
1073.21629715707  2.819491E-13
1074.66395407761  3.841659E-13
1076.11161099814  3.294044E-13
1077.55926791868  3.530728E-13
1079.00692483922  3.662136E-13
1080.45458175975  3.258494E-13
1081.90223868029  3.905824E-13
1083.34989560083  3.152447E-13
1084.79755252136  3.259322E-13
1086.2452094419  2.902215E-13
1087.69286636244  2.852265E-13
1089.14052328297  2.776668E-13
1090.58818020351  2.476639E-13
1092.03583712405  2.653408E-13
1093.48349404458  2.795627E-13
1094.93115096512  2.929970E-13
1096.37880788566  3.064771E-13
1097.82646480619  3.421371E-13
1099.27412172673  2.868765E-13
1100.72177864727  3.022917E-13
1102.1694355678  2.846055E-13
1103.61709248834  3.258425E-13
1105.06474940888  3.410181E-13
1106.51240632942  2.831858E-13
1107.96006324995  3.420962E-13
1109.40772017049  3.063762E-13
1110.85537709103  3.192667E-13
1112.30303401156  3.050739E-13
1113.7506909321  3.218520E-13
1115.19834785264  2.701580E-13
1116.64600477317  2.820344E-13
1118.09366169371  3.328152E-13
1119.54131861425  3.267396E-13
1120.98897553478  3.060361E-13
1122.43663245532  2.860422E-13
1123.88428937586  3.235416E-13
1125.33194629639  2.697452E-13
1126.77960321693  2.996912E-13
1128.22726013747  2.694270E-13
1129.674917058  3.191368E-13
1131.12257397854  2.855340E-13
1132.57023089908  3.244588E-13
1134.01788781961  2.662924E-13
1135.46554474015  3.723748E-13
1136.91320166069  2.799276E-13
1138.36085858122  2.720509E-13
1139.80851550176  3.202636E-13
1141.2561724223  3.263508E-13
1142.70382934284  2.745384E-13
1144.15148626337  2.632925E-13
1145.59914318391  3.533782E-13
1147.04680010445  2.684706E-13
1148.49445702498  2.927361E-13
1149.94211394552  2.371597E-13
1151.38977086606  2.865015E-13
1152.83742778659  2.789547E-13
1154.28508470713  2.483526E-13
1155.73274162767  2.451659E-13
1157.1803985482  2.572926E-13
1158.62805546874  2.884232E-13
1160.07571238928  3.418195E-13
1161.52336930981  2.880400E-13
1162.97102623035  2.734888E-13
1164.41868315089  2.941862E-13
1165.86634007142  2.883954E-13
1167.31399699196  3.491256E-13
1168.7616539125  3.011668E-13
1170.20931083303  3.490793E-13
1171.65696775357  3.122537E-13
1173.10462467411  3.231970E-13
1174.55228159464  3.573109E-13
1175.99993851518  3.453603E-13
1177.44759543572  3.538094E-13
1178.89525235625  3.304188E-13
1180.34290927679  3.445561E-13
1181.79056619733  3.185043E-13
1183.23822311787  3.474692E-13
1184.6858800384  3.482750E-13
1186.13353695894  3.586151E-13
1187.58119387948  3.929847E-13
1189.02885080001  3.804905E-13
1190.47650772055  4.281285E-13
1191.92416464109  4.322733E-13
1193.37182156162  4.255946E-13
1194.81947848216  4.458091E-13
1196.2671354027  4.860011E-13
1197.71479232323  4.884768E-13
1199.16244924377  4.615777E-13
1200.61010616431  5.220439E-13
1202.05776308484  5.100257E-13
1203.50542000538  5.266742E-13
1204.95307692592  5.209460E-13
1206.40073384645  5.656337E-13
1207.84839076699  7.049962E-13
1209.29604768753  8.246249E-13
1210.74370460806  7.391507E-13
1212.1913615286  8.887287E-13
1213.63901844914  9.710790E-13
1215.08667536967  9.963048E-13
1216.53433229021  1.028914E-12
1217.98198921075  1.116514E-12
1219.42964613129  9.535237E-13
1220.87730305182  9.611285E-13
1222.32495997236  7.532286E-13
1223.7726168929  6.144311E-13
1225.22027381343  6.355192E-13
1226.66793073397  6.294963E-13
1228.11558765451  5.584897E-13
1229.56324457504  5.409818E-13
1231.01090149558  4.452699E-13
1232.45855841612  4.481681E-13
1233.90621533665  4.601097E-13
1235.35387225719  4.782774E-13
1236.80152917773  5.514594E-13
1238.24918609826  6.171701E-13
1239.6968430188  5.041649E-13
1241.14449993934  5.421300E-13
1242.59215685987  4.926038E-13
1244.03981378041  4.434616E-13
1245.48747070095  4.262406E-13
1246.93512762148  3.618021E-13
1248.38278454202  4.025586E-13
1249.83044146256  3.477861E-13
1251.27809838309  3.275010E-13
1252.72575530363  4.012132E-13
1254.17341222417  4.221298E-13
1255.62106914471  3.210411E-13
1257.06872606524  3.017064E-13
1258.51638298578  3.181273E-13
1259.96403990632  2.659474E-13
1261.41169682685  3.310191E-13
1262.85935374739  3.794620E-13
1264.30701066793  3.371112E-13
1265.75466758846  3.494617E-13
1267.202324509  3.083756E-13
1268.64998142954  3.266669E-13
1270.09763835007  2.697645E-13
1271.54529527061  2.593561E-13
1272.99295219115  2.758463E-13
1274.44060911168  2.856751E-13
1275.88826603222  2.567395E-13
1277.33592295276  2.668578E-13
1278.78357987329  2.946983E-13
1280.23123679383  2.887685E-13
1281.67889371437  2.787999E-13
1283.1265506349  2.595928E-13
1284.57420755544  2.772699E-13
1286.02186447598  2.695717E-13
1287.46952139651  3.053485E-13
1288.91717831705  2.690397E-13
1290.36483523759  3.127321E-13
1291.81249215812  2.508583E-13
1293.26014907866  2.648646E-13
1294.7078059992  2.841328E-13
1296.15546291974  2.588531E-13
1297.60311984027  2.737904E-13
1299.05077676081  2.890671E-13
1300.49843368135  2.960691E-13
1301.94609060188  2.703847E-13
1303.39374752242  2.710930E-13
1304.84140444296  2.705944E-13
1306.28906136349  2.773302E-13
1307.73671828403  2.685804E-13
1309.18437520457  2.778103E-13
1310.6320321251  2.417872E-13
1312.07968904564  2.372218E-13
1313.52734596618  2.575920E-13
1314.97500288671  2.848136E-13
1316.42265980725  2.668805E-13
1317.87031672779  2.431886E-13
1319.31797364832  2.363179E-13
1320.76563056886  2.312572E-13
1322.2132874894  2.432872E-13
1323.66094440993  2.898430E-13
1325.10860133047  3.142459E-13
1326.55625825101  3.063046E-13
1328.00391517154  2.611469E-13
1329.45157209208  2.553045E-13
1330.89922901262  2.832802E-13
1332.34688593315  2.977954E-13
1333.79454285369  2.733391E-13
1335.24219977423  2.500586E-13
1336.68985669477  2.514652E-13
1338.1375136153  2.159307E-13
1339.58517053584  2.354170E-13
1341.03282745638  2.579191E-13
1342.48048437691  2.308013E-13
1343.92814129745  2.732268E-13
1345.37579821799  2.615415E-13
1346.82345513852  2.431913E-13
1348.27111205906  2.512837E-13
1349.7187689796  2.383611E-13
1351.16642590013  2.401760E-13
1352.61408282067  2.573597E-13
1354.06173974121  2.295699E-13
1355.50939666174  2.458687E-13
1356.95705358228  2.744229E-13
1358.40471050282  2.264325E-13
1359.85236742335  2.321980E-13
1361.30002434389  2.708818E-13
1362.74768126443  2.760819E-13
1364.19533818496  2.750912E-13
1365.6429951055  2.727179E-13
1367.09065202604  2.603392E-13
1368.53830894657  2.492758E-13
1369.98596586711  2.676135E-13
1371.43362278765  2.781383E-13
1372.88127970819  2.869595E-13
1374.32893662872  2.805734E-13
1375.77659354926  2.759098E-13
1377.2242504698  2.482474E-13
1378.67190739033  2.905379E-13
1380.11956431087  2.658658E-13
1381.56722123141  2.786036E-13
1383.01487815194  2.515623E-13
1384.46253507248  2.581328E-13
1385.91019199302  2.424093E-13
1387.35784891355  2.694055E-13
1388.80550583409  2.742533E-13
1390.25316275463  2.595693E-13
1391.70081967516  2.806090E-13
1393.1484765957  3.012998E-13
1394.59613351624  3.076469E-13
1396.04379043677  2.829871E-13
1397.49144735731  2.845185E-13
1398.93910427785  2.605310E-13
1400.38676119838  2.501429E-13
1401.83441811892  2.695489E-13
1403.28207503946  3.018811E-13
1404.72973195999  2.965674E-13
1406.17738888053  2.784242E-13
1407.62504580107  2.872899E-13
1409.0727027216  2.671525E-13
1410.52035964214  2.809435E-13
1411.96801656268  2.620094E-13
1413.41567348322  2.821004E-13
1414.86333040375  2.816357E-13
1416.31098732429  2.455202E-13
1417.75864424483  2.696974E-13
1419.20630116536  2.271267E-13
1420.6539580859  2.442424E-13
1422.10161500644  2.421096E-13
1423.54927192697  2.699487E-13
1424.99692884751  2.458502E-13
1426.44458576805  2.450775E-13
1427.89224268858  2.084625E-13
1429.33989960912  2.172466E-13
1430.78755652966  2.506214E-13
1432.23521345019  2.304861E-13
1433.68287037073  2.261653E-13
1435.13052729127  2.434421E-13
1436.5781842118  2.124357E-13
1438.02584113234  2.093538E-13
1439.47349805288  2.197130E-13
1440.92115497341  2.127865E-13
1442.36881189395  2.115584E-13
1443.81646881449  1.742737E-13
1445.26412573502  2.149973E-13
1446.71178265556  2.021621E-13
1448.1594395761  2.212514E-13
1449.60709649664  2.355005E-13
1451.05475341717  2.135046E-13
1452.50241033771  1.967215E-13
1453.95006725825  1.988132E-13
1455.39772417878  1.826370E-13
1456.84538109932  2.078668E-13
1458.29303801986  2.155359E-13
1459.74069494039  2.028782E-13
1461.18835186093  2.354965E-13
1462.63600878147  1.984791E-13
1464.083665702  1.973003E-13
1465.53132262254  2.010687E-13
1466.97897954308  2.226959E-13
1468.42663646361  2.322822E-13
1469.87429338415  2.381641E-13
1471.32195030469  2.250466E-13
1472.76960722522  2.052845E-13
1474.21726414576  2.217699E-13
1475.6649210663  2.058467E-13
1477.11257798683  2.077339E-13
1478.56023490737  2.148339E-13
1480.00789182791  2.087922E-13
1481.45554874844  1.921015E-13
1482.90320566898  2.112394E-13
1484.35086258952  2.354966E-13
1485.79851951005  2.313410E-13
1487.24617643059  2.338531E-13
1488.69383335113  2.271956E-13
1490.14149027167  2.241845E-13
1491.5891471922  2.158473E-13
1493.03680411274  2.097252E-13
1494.48446103328  2.310066E-13
1495.93211795381  2.191941E-13
1497.37977487435  2.254260E-13
1498.82743179489  2.448562E-13
1500.27508871542  2.186229E-13
1501.72274563596  2.268573E-13
1503.1704025565  2.093370E-13
1504.61805947703  2.175352E-13
1506.06571639757  2.203717E-13
1507.51337331811  2.404239E-13
1508.96103023864  2.594024E-13
1510.40868715918  2.458138E-13
1511.85634407972  2.265229E-13
1513.30400100025  2.557998E-13
1514.75165792079  2.423884E-13
1516.19931484133  2.293860E-13
1517.64697176186  2.421342E-13
1519.0946286824  2.453212E-13
1520.54228560294  2.553699E-13
1521.98994252347  2.682880E-13
1523.43759944401  2.534246E-13
1524.88525636455  2.727739E-13
1526.33291328509  2.774103E-13
1527.78057020562  2.848122E-13
1529.22822712616  2.815037E-13
1530.6758840467  2.807575E-13
1532.12354096723  2.937919E-13
1533.57119788777  3.132067E-13
1535.01885480831  3.134409E-13
1536.46651172884  3.284885E-13
1537.91416864938  3.560900E-13
1539.36182556992  3.695554E-13
1540.80948249045  3.809114E-13
1542.25713941099  4.064753E-13
1543.70479633153  4.095328E-13
1545.15245325206  4.347276E-13
1546.6001101726  4.526935E-13
1548.04776709314  4.647563E-13
1549.49542401367  4.439695E-13
1550.94308093421  4.112290E-13
1552.39073785475  3.846175E-13
1553.83839477528  3.955851E-13
1555.28605169582  3.585153E-13
1556.73370861636  3.511511E-13
1558.18136553689  3.456664E-13
1559.62902245743  3.203110E-13
1561.07667937797  2.897919E-13
1562.5243362985  2.832754E-13
1563.97199321904  3.077916E-13
1565.41965013958  2.904233E-13
1566.86730706012  2.696072E-13
1568.31496398065  2.442869E-13
1569.76262090119  2.470015E-13
1571.21027782173  2.559063E-13
1572.65793474226  2.477664E-13
1574.1055916628  2.347135E-13
1575.55324858334  2.397115E-13
1577.00090550387  2.417456E-13
1578.44856242441  2.372293E-13
1579.89621934495  2.494448E-13
1581.34387626548  2.521065E-13
1582.79153318602  2.454180E-13
1584.23919010656  2.412419E-13
1585.68684702709  2.250494E-13
1587.13450394763  2.256783E-13
1588.58216086817  2.066361E-13
1590.0298177887  2.257509E-13
1591.47747470924  2.313458E-13
1592.92513162978  2.226779E-13
1594.37278855031  2.367854E-13
1595.82044547085  2.230050E-13
1597.26810239139  2.168118E-13
1598.71575931192  2.047416E-13
1600.16341623246  1.972938E-13
1601.611073153  1.941492E-13
1603.05873007354  1.865046E-13
1604.50638699407  1.951307E-13
1605.95404391461  1.995559E-13
1607.40170083515  2.186693E-13
1608.84935775568  2.239173E-13
1610.29701467622  2.043639E-13
1611.74467159676  2.053389E-13
1613.19232851729  2.017998E-13
1614.63998543783  2.157597E-13
1616.08764235837  2.149772E-13
1617.5352992789  2.197879E-13
1618.98295619944  2.315936E-13
1620.43061311998  2.299936E-13
1621.87827004051  2.152778E-13
1623.32592696105  2.041233E-13
1624.77358388159  2.011348E-13
1626.22124080212  2.075427E-13
1627.66889772266  2.090739E-13
1629.1165546432  2.208981E-13
1630.56421156373  2.275419E-13
1632.01186848427  2.355188E-13
1633.45952540481  2.292236E-13
1634.90718232534  2.340072E-13
1636.35483924588  2.228157E-13
1637.80249616642  2.188044E-13
1639.25015308695  2.283206E-13
1640.69781000749  2.104749E-13
1642.14546692803  2.077486E-13
1643.59312384857  2.102050E-13
1645.0407807691  2.101380E-13
1646.48843768964  2.170687E-13
1647.93609461018  2.185040E-13
1649.38375153071  2.176302E-13
1650.83140845125  2.212447E-13
1652.27906537179  2.140956E-13
1653.72672229232  2.054590E-13
1655.17437921286  1.872350E-13
1656.6220361334  1.872210E-13
1658.06969305393  2.069421E-13
1659.51734997447  2.083584E-13
1660.96500689501  2.169536E-13
1662.41266381554  2.147800E-13
1663.86032073608  2.117575E-13
1665.30797765662  2.124179E-13
1666.75563457715  2.078454E-13
1668.20329149769  1.905698E-13
1669.65094841823  1.905768E-13
1671.09860533876  1.895095E-13
1672.5462622593  1.904599E-13
1673.99391917984  1.913458E-13
1675.44157610038  1.894883E-13
1676.88923302091  1.923304E-13
1678.33688994145  1.913382E-13
1679.78454686199  1.920973E-13
1681.23220378252  1.910451E-13
1682.67986070306  1.968457E-13
1684.1275176236  1.991879E-13
1685.57517454413  1.933001E-13
1687.02283146467  1.818114E-13
1688.47048838521  1.838130E-13
1689.91814530574  1.896590E-13
1691.36580222628  1.931389E-13
1692.81345914682  1.811356E-13
1694.26111606735  1.708097E-13
1695.70877298789  1.644258E-13
1697.15642990843  1.709909E-13
1698.60408682896  1.796951E-13
1700.0517437495  1.914002E-13
1701.49940067004  1.944622E-13
1702.94705759057  1.975147E-13
1704.39471451111  1.972336E-13
1705.84237143165  1.903073E-13
1707.29002835218  1.912041E-13
1708.73768527272  1.844415E-13
1710.18534219326  0.
1711.63299911379  0.
1713.08065603433  0.
1714.52831295487  0.
1715.97596987541  0.
1717.42362679594  0.
1718.87128371648  0.
1720.31894063702  0.
1721.76659755755  0.
1723.21425447809  0.
1724.66191139863  0.
1726.10956831916  0.
1727.5572252397  0.
1729.00488216024  0.
1730.45253908077  0.
1731.90019600131  0.
1733.34785292185  0.
1734.79550984238  0.
1736.24316676292  0.
1737.69082368346  0.
1739.13848060399  0.
1740.58613752453  0.
1742.03379444507  0.
1743.4814513656  0.
1744.92910828614  0.
1746.37676520668  0.
1747.82442212721  0.
1749.27207904775  0.
1750.71973596829  0.
1752.16739288882  0.
1753.61504980936  0.
1755.0627067299  0.
1756.51036365043  0.
1757.95802057097  0.
1759.40567749151  0.
1760.85333441205  0.
1762.30099133258  0.
1763.74864825312  0.
1765.19630517366  0.
1766.64396209419  0.
1768.09161901473  0.
1769.53927593527  0.
1770.9869328558  0.
1772.43458977634  0.
1773.88224669688  0.
1775.32990361741  0.
1776.77756053795  0.
1778.22521745849  0.
1779.67287437902  0.
1781.12053129956  0.
1782.5681882201  0.
1784.01584514063  0.
1785.46350206117  0.
1786.91115898171  0.
1788.35881590224  0.
1789.80647282278  0.
1791.25412974332  0.
1792.70178666385  0.
1794.14944358439  0.
1795.59710050493  0.
1797.04475742547  0.
1798.492414346  0.
1799.94007126654  0.
1801.38772818708  0.
1802.83538510761  0.
1804.28304202815  0.
1805.73069894869  0.
1807.17835586922  0.
1808.62601278976  0.
1810.0736697103  0.
1811.52132663083  0.
1812.96898355137  0.
1814.41664047191  0.
1815.86429739244  0.
1817.31195431298  0.
1818.75961123352  0.
1820.20726815405  0.
1821.65492507459  0.
1823.10258199513  0.
1824.55023891566  0.
1825.9978958362  0.
1827.44555275674  0.
1828.89320967727  0.
1830.34086659781  0.
1831.78852351835  0.
