906.735751295338  0.
908.183408215875  0.
909.631065136412  0.
911.078722056949  0.
912.526378977485  0.
913.974035898022  0.
915.421692818559  0.
916.869349739096  0.
918.317006659633  0.
919.764663580169  0.
921.212320500706  0.
922.659977421243  0.
924.10763434178  0.
925.555291262316  0.
927.002948182853  0.
928.45060510339  0.
929.898262023927  0.
931.345918944464  0.
932.793575865  0.
934.241232785537  0.
935.688889706074  0.
937.136546626611  0.
938.584203547148  0.
940.031860467684  0.
941.479517388221  0.
942.927174308758  0.
944.374831229295  0.
945.822488149832  0.
947.270145070369  0.
948.717801990905  0.
950.165458911442  0.
951.613115831979  0.
953.060772752515  0.
954.508429673052  0.
955.956086593589  0.
957.403743514126  0.
958.851400434663  0.
960.2990573552  0.
961.746714275736  0.
963.194371196273  0.
964.64202811681  0.
966.089685037347  0.
967.537341957883  0.
968.98499887842  0.
970.432655798957  0.
971.880312719494  0.
973.327969640031  0.
974.775626560567  0.
976.223283481104  0.
977.670940401641  0.
979.118597322178  0.
980.566254242715  0.
982.013911163251  0.
983.461568083788  0.
984.909225004325  0.
986.356881924862  0.
987.804538845399  0.
989.252195765935  0.
990.699852686472  0.
992.147509607009  0.
993.595166527546  5.450636E-14
995.042823448082  1.018162E-13
996.490480368619  3.136073E-13
997.938137289156  2.366276E-13
999.385794209693  4.494168E-13
1000.83345113023  8.783147E-13
1002.28110805077  2.046977E-13
1003.7287649713  3.269407E-13
1005.17642189184  2.156975E-13
1006.62407881238  1.103571E-13
1008.07173573291  3.540229E-13
1009.51939265345  2.515259E-13
1010.96704957399  2.754184E-13
1012.41470649452  2.677999E-13
1013.86236341506  4.015350E-13
1015.3100203356  3.540426E-13
1016.75767725613  3.272091E-13
1018.20533417667  2.499083E-13
1019.65299109721  3.890756E-13
1021.10064801775  3.095461E-13
1022.54830493828  3.858950E-13
1023.99596185882  3.368494E-13
1025.44361877936  4.111492E-13
1026.89127569989  5.336394E-13
1028.33893262043  3.651097E-13
1029.78658954097  4.153044E-13
1031.2342464615  4.812732E-13
1032.68190338204  5.018808E-13
1034.12956030258  3.802903E-13
1035.57721722311  4.542655E-13
1037.02487414365  5.311074E-13
1038.47253106419  4.048800E-13
1039.92018798472  3.978409E-13
1041.36784490526  3.222374E-13
1042.8155018258  3.772570E-13
1044.26315874633  4.088336E-13
1045.71081566687  3.592161E-13
1047.15847258741  6.137571E-13
1048.60612950794  4.373585E-13
1050.05378642848  3.043301E-13
1051.50144334902  2.657694E-13
1052.94910026955  3.093201E-13
1054.39675719009  2.027710E-13
1055.84441411063  2.211152E-13
1057.29207103116  2.645575E-13
1058.7397279517  2.685892E-13
1060.18738487224  2.731662E-13
1061.63504179277  3.298744E-13
1063.08269871331  3.482634E-13
1064.53035563385  3.229659E-13
1065.97801255439  3.139501E-13
1067.42566947492  3.721455E-13
1068.87332639546  3.812087E-13
1070.320983316  2.764375E-13
1071.76864023653  3.967333E-13
1073.21629715707  2.844487E-13
1074.66395407761  3.726679E-13
1076.11161099814  3.491594E-13
1077.55926791868  3.738929E-13
1079.00692483922  3.122925E-13
1080.45458175975  2.868673E-13
1081.90223868029  3.532067E-13
1083.34989560083  2.924085E-13
1084.79755252136  2.817451E-13
1086.2452094419  2.780876E-13
1087.69286636244  2.725629E-13
1089.14052328297  2.935237E-13
1090.58818020351  2.578916E-13
1092.03583712405  2.648444E-13
1093.48349404458  2.728473E-13
1094.93115096512  3.114981E-13
1096.37880788566  2.707059E-13
1097.82646480619  3.193187E-13
1099.27412172673  3.332224E-13
1100.72177864727  3.383833E-13
1102.1694355678  3.128421E-13
1103.61709248834  3.192270E-13
1105.06474940888  3.286802E-13
1106.51240632942  2.931441E-13
1107.96006324995  2.840156E-13
1109.40772017049  2.493721E-13
1110.85537709103  2.969841E-13
1112.30303401156  2.886937E-13
1113.7506909321  2.944699E-13
1115.19834785264  3.526489E-13
1116.64600477317  3.338286E-13
1118.09366169371  3.186808E-13
1119.54131861425  3.220143E-13
1120.98897553478  2.818860E-13
1122.43663245532  2.427137E-13
1123.88428937586  2.671562E-13
1125.33194629639  2.954523E-13
1126.77960321693  2.879908E-13
1128.22726013747  2.430895E-13
1129.674917058  3.667694E-13
1131.12257397854  3.121219E-13
1132.57023089908  3.461010E-13
1134.01788781961  2.806196E-13
1135.46554474015  3.538997E-13
1136.91320166069  2.813746E-13
1138.36085858122  2.992499E-13
1139.80851550176  2.818097E-13
1141.2561724223  3.277714E-13
1142.70382934284  2.825232E-13
1144.15148626337  3.272576E-13
1145.59914318391  3.677190E-13
1147.04680010445  2.952165E-13
1148.49445702498  3.177511E-13
1149.94211394552  2.727616E-13
1151.38977086606  3.156505E-13
1152.83742778659  2.848280E-13
1154.28508470713  2.263150E-13
1155.73274162767  2.320061E-13
1157.1803985482  2.617291E-13
1158.62805546874  2.516135E-13
1160.07571238928  2.909043E-13
1161.52336930981  2.785680E-13
1162.97102623035  2.795497E-13
1164.41868315089  2.747762E-13
1165.86634007142  2.719491E-13
1167.31399699196  3.220231E-13
1168.7616539125  3.217773E-13
1170.20931083303  3.317276E-13
1171.65696775357  3.021144E-13
1173.10462467411  3.188688E-13
1174.55228159464  3.255188E-13
1175.99993851518  2.831409E-13
1177.44759543572  2.945151E-13
1178.89525235625  3.006153E-13
1180.34290927679  3.487146E-13
1181.79056619733  3.705846E-13
1183.23822311787  3.850722E-13
1184.6858800384  3.629092E-13
1186.13353695894  3.784759E-13
1187.58119387948  3.476529E-13
1189.02885080001  3.880581E-13
1190.47650772055  3.712552E-13
1191.92416464109  4.194977E-13
1193.37182156162  3.554423E-13
1194.81947848216  3.997138E-13
1196.2671354027  4.215292E-13
1197.71479232323  5.086783E-13
1199.16244924377  4.743335E-13
1200.61010616431  5.334421E-13
1202.05776308484  4.733131E-13
1203.50542000538  5.368553E-13
1204.95307692592  5.373853E-13
1206.40073384645  5.829975E-13
1207.84839076699  6.523759E-13
1209.29604768753  7.584527E-13
1210.74370460806  7.816189E-13
1212.1913615286  8.978355E-13
1213.63901844914  1.029797E-12
1215.08667536967  1.064630E-12
1216.53433229021  1.059369E-12
1217.98198921075  1.057441E-12
1219.42964613129  9.992289E-13
1220.87730305182  9.663937E-13
1222.32495997236  7.530720E-13
1223.7726168929  5.484655E-13
1225.22027381343  6.033310E-13
1226.66793073397  5.551677E-13
1228.11558765451  4.631966E-13
1229.56324457504  4.866755E-13
1231.01090149558  4.722160E-13
1232.45855841612  4.514107E-13
1233.90621533665  5.010075E-13
1235.35387225719  4.480153E-13
1236.80152917773  5.273401E-13
1238.24918609826  4.888524E-13
1239.6968430188  3.712314E-13
1241.14449993934  4.406283E-13
1242.59215685987  4.886732E-13
1244.03981378041  5.235120E-13
1245.48747070095  4.149034E-13
1246.93512762148  3.603603E-13
1248.38278454202  3.440227E-13
1249.83044146256  3.371150E-13
1251.27809838309  3.572327E-13
1252.72575530363  3.964258E-13
1254.17341222417  3.224905E-13
1255.62106914471  3.418982E-13
1257.06872606524  3.036434E-13
1258.51638298578  2.976339E-13
1259.96403990632  3.039672E-13
1261.41169682685  3.442764E-13
1262.85935374739  3.159059E-13
1264.30701066793  2.774276E-13
1265.75466758846  2.869692E-13
1267.202324509  2.686607E-13
1268.64998142954  2.849208E-13
1270.09763835007  2.539887E-13
1271.54529527061  2.906152E-13
1272.99295219115  2.712727E-13
1274.44060911168  2.873365E-13
1275.88826603222  2.421628E-13
1277.33592295276  2.366385E-13
1278.78357987329  2.764107E-13
1280.23123679383  2.925124E-13
1281.67889371437  2.686405E-13
1283.1265506349  3.112324E-13
1284.57420755544  2.635628E-13
1286.02186447598  2.373821E-13
1287.46952139651  2.969258E-13
1288.91717831705  2.603394E-13
1290.36483523759  2.845599E-13
1291.81249215812  2.251325E-13
1293.26014907866  2.589957E-13
1294.7078059992  2.329672E-13
1296.15546291974  2.435910E-13
1297.60311984027  2.685268E-13
1299.05077676081  2.957149E-13
1300.49843368135  2.516330E-13
1301.94609060188  2.143822E-13
1303.39374752242  2.559172E-13
1304.84140444296  2.621994E-13
1306.28906136349  2.436696E-13
1307.73671828403  2.339175E-13
1309.18437520457  2.675544E-13
1310.6320321251  2.219854E-13
1312.07968904564  2.035782E-13
1313.52734596618  2.604034E-13
1314.97500288671  2.594481E-13
1316.42265980725  2.468160E-13
1317.87031672779  2.415387E-13
1319.31797364832  2.519123E-13
1320.76563056886  2.526049E-13
1322.2132874894  2.480020E-13
1323.66094440993  2.514041E-13
1325.10860133047  2.797435E-13
1326.55625825101  2.432540E-13
1328.00391517154  2.160156E-13
1329.45157209208  2.493857E-13
1330.89922901262  2.678251E-13
1332.34688593315  2.257894E-13
1333.79454285369  2.607381E-13
1335.24219977423  2.470979E-13
1336.68985669477  2.349521E-13
1338.1375136153  1.927464E-13
1339.58517053584  1.957740E-13
1341.03282745638  2.081279E-13
1342.48048437691  2.115360E-13
1343.92814129745  2.425979E-13
1345.37579821799  2.579153E-13
1346.82345513852  2.538025E-13
1348.27111205906  2.474842E-13
1349.7187689796  2.325426E-13
1351.16642590013  2.236284E-13
1352.61408282067  2.863994E-13
1354.06173974121  2.401469E-13
1355.50939666174  2.440016E-13
1356.95705358228  2.551115E-13
1358.40471050282  2.365202E-13
1359.85236742335  2.211598E-13
1361.30002434389  2.328637E-13
1362.74768126443  2.563468E-13
1364.19533818496  2.584047E-13
1365.6429951055  2.492925E-13
1367.09065202604  2.171016E-13
1368.53830894657  2.650530E-13
1369.98596586711  2.841397E-13
1371.43362278765  2.444113E-13
1372.88127970819  2.527090E-13
1374.32893662872  2.351649E-13
1375.77659354926  2.051759E-13
1377.2242504698  2.274809E-13
1378.67190739033  2.275990E-13
1380.11956431087  2.513920E-13
1381.56722123141  2.425420E-13
1383.01487815194  2.373874E-13
1384.46253507248  2.143169E-13
1385.91019199302  2.514119E-13
1387.35784891355  2.496016E-13
1388.80550583409  2.644571E-13
1390.25316275463  2.724674E-13
1391.70081967516  2.686220E-13
1393.1484765957  2.665529E-13
1394.59613351624  3.028589E-13
1396.04379043677  2.697993E-13
1397.49144735731  3.028029E-13
1398.93910427785  2.724478E-13
1400.38676119838  2.821932E-13
1401.83441811892  2.469006E-13
1403.28207503946  3.137208E-13
1404.72973195999  2.946791E-13
1406.17738888053  2.805985E-13
1407.62504580107  2.856481E-13
1409.0727027216  2.509895E-13
1410.52035964214  2.704264E-13
1411.96801656268  2.713817E-13
1413.41567348322  2.446191E-13
1414.86333040375  2.828015E-13
1416.31098732429  2.226302E-13
1417.75864424483  2.089697E-13
1419.20630116536  2.229232E-13
1420.6539580859  2.087451E-13
1422.10161500644  2.151612E-13
1423.54927192697  2.279102E-13
1424.99692884751  2.075139E-13
1426.44458576805  1.966521E-13
1427.89224268858  2.233218E-13
1429.33989960912  2.413899E-13
1430.78755652966  2.307946E-13
1432.23521345019  2.239975E-13
1433.68287037073  2.341863E-13
1435.13052729127  2.371066E-13
1436.5781842118  2.157870E-13
1438.02584113234  2.272522E-13
1439.47349805288  2.424017E-13
1440.92115497341  2.220633E-13
1442.36881189395  2.073960E-13
1443.81646881449  1.549785E-13
1445.26412573502  1.652413E-13
1446.71178265556  2.086193E-13
1448.1594395761  2.252543E-13
1449.60709649664  1.845639E-13
1451.05475341717  1.772602E-13
1452.50241033771  1.917568E-13
1453.95006725825  2.078943E-13
1455.39772417878  2.119647E-13
1456.84538109932  2.062363E-13
1458.29303801986  1.788350E-13
1459.74069494039  1.897451E-13
1461.18835186093  1.913745E-13
1462.63600878147  1.962446E-13
1464.083665702  2.135713E-13
1465.53132262254  2.007171E-13
1466.97897954308  2.105539E-13
1468.42663646361  2.084718E-13
1469.87429338415  2.323110E-13
1471.32195030469  2.035844E-13
1472.76960722522  2.187459E-13
1474.21726414576  2.090540E-13
1475.6649210663  1.767844E-13
1477.11257798683  1.951021E-13
1478.56023490737  1.864088E-13
1480.00789182791  2.093785E-13
1481.45554874844  2.307804E-13
1482.90320566898  2.266711E-13
1484.35086258952  2.212289E-13
1485.79851951005  2.327419E-13
1487.24617643059  2.306782E-13
1488.69383335113  1.815645E-13
1490.14149027167  1.837366E-13
1491.5891471922  1.954343E-13
1493.03680411274  1.940200E-13
1494.48446103328  2.089608E-13
1495.93211795381  2.205437E-13
1497.37977487435  2.085165E-13
1498.82743179489  2.210519E-13
1500.27508871542  2.117898E-13
1501.72274563596  2.194200E-13
1503.1704025565  2.391265E-13
1504.61805947703  2.486642E-13
1506.06571639757  2.311701E-13
1507.51337331811  2.235355E-13
1508.96103023864  2.237068E-13
1510.40868715918  2.346484E-13
1511.85634407972  2.345996E-13
1513.30400100025  2.295233E-13
1514.75165792079  2.389225E-13
1516.19931484133  2.750557E-13
1517.64697176186  2.818665E-13
1519.0946286824  2.448002E-13
1520.54228560294  2.276599E-13
1521.98994252347  2.345353E-13
1523.43759944401  2.735363E-13
1524.88525636455  2.774426E-13
1526.33291328509  2.946666E-13
1527.78057020562  2.883393E-13
1529.22822712616  2.803784E-13
1530.6758840467  2.772504E-13
1532.12354096723  2.851769E-13
1533.57119788777  2.933246E-13
1535.01885480831  3.132335E-13
1536.46651172884  3.236372E-13
1537.91416864938  3.149813E-13
1539.36182556992  3.609595E-13
1540.80948249045  3.844245E-13
1542.25713941099  3.903672E-13
1543.70479633153  4.213556E-13
1545.15245325206  4.403409E-13
1546.6001101726  4.140878E-13
1548.04776709314  4.141025E-13
1549.49542401367  3.926654E-13
1550.94308093421  3.686332E-13
1552.39073785475  3.890329E-13
1553.83839477528  3.726858E-13
1555.28605169582  3.606216E-13
1556.73370861636  3.402752E-13
1558.18136553689  3.057524E-13
1559.62902245743  3.058720E-13
1561.07667937797  2.897449E-13
1562.5243362985  2.682379E-13
1563.97199321904  2.862185E-13
1565.41965013958  2.638210E-13
1566.86730706012  2.559113E-13
1568.31496398065  2.415432E-13
1569.76262090119  2.357098E-13
1571.21027782173  2.400215E-13
1572.65793474226  2.474818E-13
1574.1055916628  2.354180E-13
1575.55324858334  2.212336E-13
1577.00090550387  2.240266E-13
1578.44856242441  2.291345E-13
1579.89621934495  2.304729E-13
1581.34387626548  2.396014E-13
1582.79153318602  2.225065E-13
1584.23919010656  2.278336E-13
1585.68684702709  2.089975E-13
1587.13450394763  2.085878E-13
1588.58216086817  2.014000E-13
1590.0298177887  2.134536E-13
1591.47747470924  2.055524E-13
1592.92513162978  1.946632E-13
1594.37278855031  1.957200E-13
1595.82044547085  2.025356E-13
1597.26810239139  2.053181E-13
1598.71575931192  2.148332E-13
1600.16341623246  2.151215E-13
1601.611073153  2.094410E-13
1603.05873007354  2.093432E-13
1604.50638699407  2.210638E-13
1605.95404391461  2.029975E-13
1607.40170083515  2.140307E-13
1608.84935775568  2.098386E-13
1610.29701467622  2.057579E-13
1611.74467159676  2.012838E-13
1613.19232851729  1.991041E-13
1614.63998543783  2.041699E-13
1616.08764235837  1.962540E-13
1617.5352992789  1.923959E-13
1618.98295619944  2.011858E-13
1620.43061311998  2.056130E-13
1621.87827004051  2.151527E-13
1623.32592696105  2.007019E-13
1624.77358388159  2.091795E-13
1626.22124080212  2.186129E-13
1627.66889772266  2.199521E-13
1629.1165546432  2.258798E-13
1630.56421156373  2.284138E-13
1632.01186848427  2.320301E-13
1633.45952540481  2.268288E-13
1634.90718232534  2.156952E-13
1636.35483924588  2.170971E-13
1637.80249616642  2.090929E-13
1639.25015308695  2.159405E-13
1640.69781000749  2.102430E-13
1642.14546692803  2.179115E-13
1643.59312384857  2.104339E-13
1645.0407807691  2.183425E-13
1646.48843768964  2.216879E-13
1647.93609461018  2.203948E-13
1649.38375153071  2.180466E-13
1650.83140845125  2.238358E-13
1652.27906537179  2.185567E-13
1653.72672229232  2.098781E-13
1655.17437921286  1.912556E-13
1656.6220361334  1.907553E-13
1658.06969305393  2.090867E-13
1659.51734997447  2.130012E-13
1660.96500689501  2.203046E-13
1662.41266381554  2.067365E-13
1663.86032073608  2.014498E-13
1665.30797765662  2.082438E-13
1666.75563457715  2.054216E-13
1668.20329149769  1.973746E-13
1669.65094841823  1.982485E-13
1671.09860533876  2.117712E-13
1672.5462622593  2.107357E-13
1673.99391917984  2.100710E-13
1675.44157610038  1.948603E-13
1676.88923302091  2.031343E-13
1678.33688994145  1.936428E-13
1679.78454686199  1.828947E-13
1681.23220378252  1.743854E-13
1682.67986070306  1.782321E-13
1684.1275176236  1.824317E-13
1685.57517454413  1.886056E-13
1687.02283146467  1.802673E-13
1688.47048838521  1.820750E-13
1689.91814530574  1.807298E-13
1691.36580222628  1.790188E-13
1692.81345914682  1.814678E-13
1694.26111606735  1.745718E-13
1695.70877298789  1.750564E-13
1697.15642990843  1.861437E-13
1698.60408682896  1.868139E-13
1700.0517437495  1.884629E-13
1701.49940067004  1.900672E-13
1702.94705759057  1.899191E-13
1704.39471451111  2.051459E-13
1705.84237143165  2.014238E-13
1707.29002835218  2.040981E-13
1708.73768527272  1.999530E-13
1710.18534219326  0.
1711.63299911379  0.
1713.08065603433  0.
1714.52831295487  0.
1715.97596987541  0.
1717.42362679594  0.
1718.87128371648  0.
1720.31894063702  0.
1721.76659755755  0.
1723.21425447809  0.
1724.66191139863  0.
1726.10956831916  0.
1727.5572252397  0.
1729.00488216024  0.
1730.45253908077  0.
1731.90019600131  0.
1733.34785292185  0.
1734.79550984238  0.
1736.24316676292  0.
1737.69082368346  0.
1739.13848060399  0.
1740.58613752453  0.
1742.03379444507  0.
1743.4814513656  0.
1744.92910828614  0.
1746.37676520668  0.
1747.82442212721  0.
1749.27207904775  0.
1750.71973596829  0.
1752.16739288882  0.
1753.61504980936  0.
1755.0627067299  0.
1756.51036365043  0.
1757.95802057097  0.
1759.40567749151  0.
1760.85333441205  0.
1762.30099133258  0.
1763.74864825312  0.
1765.19630517366  0.
1766.64396209419  0.
1768.09161901473  0.
1769.53927593527  0.
1770.9869328558  0.
1772.43458977634  0.
1773.88224669688  0.
1775.32990361741  0.
1776.77756053795  0.
1778.22521745849  0.
1779.67287437902  0.
1781.12053129956  0.
1782.5681882201  0.
1784.01584514063  0.
1785.46350206117  0.
1786.91115898171  0.
1788.35881590224  0.
1789.80647282278  0.
1791.25412974332  0.
1792.70178666385  0.
1794.14944358439  0.
1795.59710050493  0.
1797.04475742547  0.
1798.492414346  0.
1799.94007126654  0.
1801.38772818708  0.
1802.83538510761  0.
1804.28304202815  0.
1805.73069894869  0.
1807.17835586922  0.
1808.62601278976  0.
1810.0736697103  0.
1811.52132663083  0.
1812.96898355137  0.
1814.41664047191  0.
1815.86429739244  0.
1817.31195431298  0.
1818.75961123352  0.
1820.20726815405  0.
1821.65492507459  0.
1823.10258199513  0.
1824.55023891566  0.
1825.9978958362  0.
1827.44555275674  0.
1828.89320967727  0.
1830.34086659781  0.
1831.78852351835  0.
