906.735751295338  0.
908.183365802898  0.
909.630980310458  0.
911.078594818018  0.
912.526209325578  0.
913.973823833137  0.
915.421438340697  0.
916.869052848257  0.
918.316667355817  0.
919.764281863377  0.
921.211896370937  0.
922.659510878497  0.
924.107125386056  0.
925.554739893616  0.
927.002354401176  0.
928.449968908736  0.
929.897583416296  0.
931.345197923856  0.
932.792812431415  0.
934.240426938975  0.
935.688041446535  0.
937.135655954095  0.
938.583270461655  0.
940.030884969215  0.
941.478499476774  0.
942.926113984334  0.
944.373728491894  0.
945.821342999454  0.
947.268957507014  0.
948.716572014574  0.
950.164186522133  0.
951.611801029693  0.
953.059415537253  0.
954.507030044813  0.
955.954644552373  0.
957.402259059933  0.
958.849873567493  0.
960.297488075052  0.
961.745102582612  0.
963.192717090172  0.
964.640331597732  0.
966.087946105292  0.
967.535560612852  0.
968.983175120411  0.
970.430789627971  0.
971.878404135531  0.
973.326018643091  0.
974.773633150651  0.
976.221247658211  0.
977.668862165771  0.
979.11647667333  0.
980.56409118089  0.
982.01170568845  0.
983.45932019601  0.
984.90693470357  0.
986.35454921113  0.
987.802163718689  0.
989.249778226249  0.
990.697392733809  0.
992.145007241369  0.
993.592621748929  5.019074E-13
995.040236256489  6.105600E-13
996.487850764048  4.026433E-13
997.935465271608  3.547933E-13
999.383079779168  5.059236E-13
1000.83069428673  3.561868E-13
1002.27830879429  2.383740E-13
1003.72592330185  5.185357E-13
1005.17353780941  7.496562E-13
1006.62115231697  5.837989E-13
1008.06876682453  5.029260E-13
1009.51638133209  5.693837E-13
1010.96399583965  6.453522E-13
1012.41161034721  5.783890E-13
1013.85922485477  5.996524E-13
1015.30683936233  6.473504E-13
1016.75445386989  5.235368E-13
1018.20206837745  4.818771E-13
1019.64968288501  4.206457E-13
1021.09729739257  4.184415E-13
1022.54491190013  5.219770E-13
1023.99252640769  4.044076E-13
1025.44014091525  4.803154E-13
1026.8877554228  5.572590E-13
1028.33536993037  5.877144E-13
1029.78298443792  5.974257E-13
1031.23059894548  6.569828E-13
1032.67821345304  6.759653E-13
1034.1258279606  5.810352E-13
1035.57344246816  4.463384E-13
1037.02105697572  4.336231E-13
1038.46867148328  4.732122E-13
1039.91628599084  4.229524E-13
1041.3639004984  4.104924E-13
1042.81151500596  4.431125E-13
1044.25912951352  5.610010E-13
1045.70674402108  7.029025E-13
1047.15435852864  6.381492E-13
1048.6019730362  4.473145E-13
1050.04958754376  3.486424E-13
1051.49720205132  3.691634E-13
1052.94481655888  3.417010E-13
1054.39243106644  3.245597E-13
1055.840045574  3.047522E-13
1057.28766008156  2.923608E-13
1058.73527458912  3.178529E-13
1060.18288909668  4.053343E-13
1061.63050360424  3.995032E-13
1063.0781181118  4.068989E-13
1064.52573261936  3.905823E-13
1065.97334712692  3.871275E-13
1067.42096163448  4.260377E-13
1068.86857614204  3.744129E-13
1070.3161906496  4.101743E-13
1071.76380515716  3.502703E-13
1073.21141966472  3.862581E-13
1074.65903417228  4.332792E-13
1076.10664867984  3.718255E-13
1077.5542631874  3.672412E-13
1079.00187769496  3.632310E-13
1080.44949220252  3.608768E-13
1081.89710671008  3.573542E-13
1083.34472121764  3.433375E-13
1084.7923357252  3.136451E-13
1086.23995023276  3.198329E-13
1087.68756474032  3.274819E-13
1089.13517924788  2.785722E-13
1090.58279375544  3.089562E-13
1092.030408263  2.967262E-13
1093.47802277056  3.293137E-13
1094.92563727812  3.600109E-13
1096.37325178568  3.445476E-13
1097.82086629324  3.515289E-13
1099.2684808008  3.787369E-13
1100.71609530836  3.481089E-13
1102.16370981592  3.031222E-13
1103.61132432348  3.146115E-13
1105.05893883104  3.194923E-13
1106.5065533386  3.423722E-13
1107.95416784616  3.598070E-13
1109.40178235372  3.389194E-13
1110.84939686128  3.487018E-13
1112.29701136884  3.445873E-13
1113.7446258764  3.536299E-13
1115.19224038396  4.141997E-13
1116.63985489152  3.417611E-13
1118.08746939908  3.243718E-13
1119.53508390664  3.114978E-13
1120.98269841419  3.647480E-13
1122.43031292175  3.073015E-13
1123.87792742931  3.104328E-13
1125.32554193687  3.160033E-13
1126.77315644443  2.731695E-13
1128.22077095199  3.252365E-13
1129.66838545955  3.180588E-13
1131.11599996711  3.886152E-13
1132.56361447467  3.181411E-13
1134.01122898223  3.174280E-13
1135.45884348979  3.375077E-13
1136.90645799735  3.125422E-13
1138.35407250491  3.019916E-13
1139.80168701247  3.181584E-13
1141.24930152003  3.047838E-13
1142.69691602759  3.051745E-13
1144.14453053515  2.945891E-13
1145.59214504271  2.970624E-13
1147.03975955027  3.214385E-13
1148.48737405783  3.154865E-13
1149.93498856539  3.181012E-13
1151.38260307295  3.250145E-13
1152.83021758051  2.690727E-13
1154.27783208807  2.474231E-13
1155.72544659563  2.865099E-13
1157.17306110319  3.025482E-13
1158.62067561075  3.053627E-13
1160.06829011831  2.995441E-13
1161.51590462587  3.078426E-13
1162.96351913343  3.716212E-13
1164.41113364099  3.177019E-13
1165.85874814855  3.215995E-13
1167.30636265611  2.892836E-13
1168.75397716367  3.172642E-13
1170.20159167123  3.708704E-13
1171.64920617879  3.372808E-13
1173.09682068635  3.753366E-13
1174.54443519391  3.688212E-13
1175.99204970147  3.497742E-13
1177.43966420903  3.607908E-13
1178.88727871659  3.681983E-13
1180.33489322415  3.582122E-13
1181.78250773171  3.234430E-13
1183.23012223927  3.529035E-13
1184.67773674683  3.474531E-13
1186.12535125439  3.698764E-13
1187.57296576195  4.004887E-13
1189.02058026951  3.834324E-13
1190.46819477707  3.955326E-13
1191.91580928463  4.261480E-13
1193.36342379219  4.231865E-13
1194.81103829975  4.184590E-13
1196.25865280731  4.282003E-13
1197.70626731487  4.299451E-13
1199.15388182243  5.064254E-13
1200.60149632999  5.055242E-13
1202.04911083755  4.784549E-13
1203.49672534511  4.947075E-13
1204.94433985267  5.160380E-13
1206.39195436023  5.978557E-13
1207.83956886779  6.494237E-13
1209.28718337535  6.171046E-13
1210.7347978829  7.932404E-13
1212.18241239046  8.941919E-13
1213.63002689802  1.018327E-12
1215.07764140558  1.070428E-12
1216.52525591314  1.115008E-12
1217.9728704207  1.051133E-12
1219.42048492826  1.022086E-12
1220.86809943582  8.808024E-13
1222.31571394338  6.979554E-13
1223.76332845094  6.505373E-13
1225.2109429585  5.450258E-13
1226.65855746606  6.489970E-13
1228.10617197362  5.231116E-13
1229.55378648118  5.396479E-13
1231.00140098874  4.876264E-13
1232.4490154963  4.966139E-13
1233.89663000386  4.778762E-13
1235.34424451142  4.702473E-13
1236.79185901898  5.010858E-13
1238.23947352654  5.096506E-13
1239.6870880341  5.020344E-13
1241.13470254166  4.926697E-13
1242.58231704922  5.010244E-13
1244.02993155678  4.512192E-13
1245.47754606434  3.983691E-13
1246.9251605719  4.138781E-13
1248.37277507946  3.664960E-13
1249.82038958702  3.537053E-13
1251.26800409458  3.628024E-13
1252.71561860214  3.892473E-13
1254.1632331097  3.548776E-13
1255.61084761726  3.303576E-13
1257.05846212482  3.406500E-13
1258.50607663238  3.732585E-13
1259.95369113994  3.317478E-13
1261.4013056475  3.386009E-13
1262.84892015506  2.975660E-13
1264.29653466262  3.251172E-13
1265.74414917018  2.864410E-13
1267.19176367774  2.559960E-13
1268.6393781853  2.630068E-13
1270.08699269286  3.022634E-13
1271.53460720042  3.134643E-13
1272.98222170798  2.978143E-13
1274.42983621554  2.941297E-13
1275.8774507231  2.788850E-13
1277.32506523066  2.879604E-13
1278.77267973822  2.728068E-13
1280.22029424578  2.773863E-13
1281.66790875334  2.992688E-13
1283.1155232609  2.805472E-13
1284.56313776846  2.512095E-13
1286.01075227602  2.703641E-13
1287.45836678358  2.736109E-13
1288.90598129114  2.915597E-13
1290.3535957987  2.564044E-13
1291.80121030626  2.814683E-13
1293.24882481382  3.117672E-13
1294.69643932138  2.860517E-13
1296.14405382894  2.677515E-13
1297.5916683365  2.791129E-13
1299.03928284406  3.039329E-13
1300.48689735162  2.925837E-13
1301.93451185917  2.962049E-13
1303.38212636674  2.567158E-13
1304.82974087429  2.627105E-13
1306.27735538185  2.742527E-13
1307.72496988941  2.651982E-13
1309.17258439697  2.620502E-13
1310.62019890453  2.901264E-13
1312.06781341209  2.835397E-13
1313.51542791965  2.884817E-13
1314.96304242721  2.827390E-13
1316.41065693477  2.873841E-13
1317.85827144233  2.662628E-13
1319.30588594989  2.657937E-13
1320.75350045745  2.546312E-13
1322.20111496501  2.668892E-13
1323.64872947257  2.751799E-13
1325.09634398013  2.496351E-13
1326.54395848769  2.521972E-13
1327.99157299525  2.798792E-13
1329.43918750281  2.914038E-13
1330.88680201037  2.433164E-13
1332.33441651793  2.872611E-13
1333.78203102549  3.241049E-13
1335.22964553305  2.926796E-13
1336.67726004061  2.660855E-13
1338.12487454817  2.119519E-13
1339.57248905573  1.957603E-13
1341.02010356329  2.323795E-13
1342.46771807085  2.599887E-13
1343.91533257841  2.743922E-13
1345.36294708597  2.732235E-13
1346.81056159353  3.145952E-13
1348.25817610109  2.476674E-13
1349.70579060865  2.790484E-13
1351.15340511621  3.047599E-13
1352.60101962377  2.795447E-13
1354.04863413133  2.930561E-13
1355.49624863889  2.830020E-13
1356.94386314645  2.502335E-13
1358.39147765401  2.265385E-13
1359.83909216157  2.440078E-13
1361.28670666913  2.779801E-13
1362.73432117669  2.650945E-13
1364.18193568425  2.650923E-13
1365.62955019181  2.350810E-13
1367.07716469937  2.538111E-13
1368.52477920693  2.605836E-13
1369.97239371449  2.285959E-13
1371.42000822205  2.328337E-13
1372.86762272961  2.243950E-13
1374.31523723717  2.893215E-13
1375.76285174473  2.659089E-13
1377.21046625229  2.633185E-13
1378.65808075985  2.659915E-13
1380.10569526741  2.787489E-13
1381.55330977497  2.533758E-13
1383.00092428253  2.546345E-13
1384.44853879009  3.147635E-13
1385.89615329765  2.965930E-13
1387.34376780521  2.727063E-13
1388.79138231277  2.823338E-13
1390.23899682033  2.584174E-13
1391.68661132789  2.614718E-13
1393.13422583545  2.870029E-13
1394.581840343  3.156526E-13
1396.02945485057  3.154364E-13
1397.47706935812  3.527728E-13
1398.92468386568  3.546413E-13
1400.37229837324  3.083050E-13
1401.8199128808  2.886227E-13
1403.26752738836  2.998349E-13
1404.71514189592  3.021944E-13
1406.16275640348  2.798673E-13
1407.61037091104  2.836011E-13
1409.0579854186  2.764282E-13
1410.50559992616  2.669613E-13
1411.95321443372  2.507432E-13
1413.40082894128  2.811131E-13
1414.84844344884  2.786890E-13
1416.2960579564  2.882379E-13
1417.74367246396  2.810805E-13
1419.19128697152  2.700631E-13
1420.63890147908  2.753214E-13
1422.08651598664  2.611395E-13
1423.5341304942  2.622461E-13
1424.98174500176  2.206579E-13
1426.42935950932  2.389639E-13
1427.87697401688  2.586877E-13
1429.32458852444  2.604597E-13
1430.772203032  2.383995E-13
1432.21981753956  2.887127E-13
1433.66743204712  2.673982E-13
1435.11504655468  2.618719E-13
1436.56266106224  2.604784E-13
1438.0102755698  2.439386E-13
1439.45789007736  2.902130E-13
1440.90550458492  2.855567E-13
1442.35311909248  2.655185E-13
1443.80073360004  2.465709E-13
1445.2483481076  2.612563E-13
1446.69596261516  2.467237E-13
1448.14357712272  2.026062E-13
1449.59119163028  1.892710E-13
1451.03880613784  2.398366E-13
1452.4864206454  2.292057E-13
1453.93403515296  2.196699E-13
1455.38164966052  2.270304E-13
1456.82926416808  2.252278E-13
1458.27687867564  2.478263E-13
1459.7244931832  2.598097E-13
1461.17210769076  2.371977E-13
1462.61972219832  2.477777E-13
1464.06733670588  2.141018E-13
1465.51495121344  2.103519E-13
1466.962565721  2.419984E-13
1468.41018022856  2.195286E-13
1469.85779473612  2.162044E-13
1471.30540924368  2.082118E-13
1472.75302375124  2.169555E-13
1474.2006382588  1.986822E-13
1475.64825276636  2.077205E-13
1477.09586727392  2.190296E-13
1478.54348178148  2.288589E-13
1479.99109628904  2.331974E-13
1481.4387107966  2.210060E-13
1482.88632530416  2.264097E-13
1484.33393981172  2.340511E-13
1485.78155431928  2.154168E-13
1487.22916882683  2.134885E-13
1488.67678333439  2.353282E-13
1490.12439784195  2.202017E-13
1491.57201234951  2.074647E-13
1493.01962685707  2.202597E-13
1494.46724136463  2.221889E-13
1495.91485587219  2.207164E-13
1497.36247037975  2.275215E-13
1498.81008488731  2.334105E-13
1500.25769939487  2.459974E-13
1501.70531390243  2.505217E-13
1503.15292840999  2.352619E-13
1504.60054291755  2.179041E-13
1506.04815742511  2.263660E-13
1507.49577193267  2.219596E-13
1508.94338644023  2.202945E-13
1510.39100094779  2.260510E-13
1511.83861545535  2.320868E-13
1513.28622996291  2.260989E-13
1514.73384447047  2.188818E-13
1516.18145897803  2.354365E-13
1517.62907348559  2.474137E-13
1519.07668799315  2.379243E-13
1520.52430250071  2.416236E-13
1521.97191700827  2.551364E-13
1523.41953151583  2.490149E-13
1524.86714602339  2.473392E-13
1526.31476053095  2.705648E-13
1527.76237503851  2.831761E-13
1529.20998954607  2.593266E-13
1530.65760405363  2.669865E-13
1532.10521856119  2.726474E-13
1533.55283306875  2.805050E-13
1535.00044757631  2.918736E-13
1536.44806208387  3.171434E-13
1537.89567659143  3.350126E-13
1539.34329109899  3.482519E-13
1540.79090560655  3.483429E-13
1542.23852011411  3.625553E-13
1543.68613462167  3.792272E-13
1545.13374912923  4.003289E-13
1546.58136363679  4.282363E-13
1548.02897814435  3.835066E-13
1549.47659265191  4.242352E-13
1550.92420715947  4.295010E-13
1552.37182166703  4.142840E-13
1553.81943617459  3.817693E-13
1555.26705068215  3.567737E-13
1556.71466518971  3.360233E-13
1558.16227969727  3.181210E-13
1559.60989420483  3.227099E-13
1561.05750871239  2.970603E-13
1562.50512321995  3.037715E-13
1563.95273772751  3.049335E-13
1565.40035223507  2.935026E-13
1566.84796674263  2.878658E-13
1568.29558125019  2.800413E-13
1569.74319575775  2.841041E-13
1571.19081026531  2.788973E-13
1572.63842477287  2.611169E-13
1574.08603928043  2.433113E-13
1575.53365378799  2.591789E-13
1576.98126829555  2.643595E-13
1578.4288828031  2.618735E-13
1579.87649731066  2.475210E-13
1581.32411181822  2.533711E-13
1582.77172632578  2.365638E-13
1584.21934083334  2.310277E-13
1585.6669553409  2.330862E-13
1587.11456984846  2.428292E-13
1588.56218435602  2.459728E-13
1590.00979886358  2.520854E-13
1591.45741337114  2.677076E-13
1592.9050278787  2.550084E-13
1594.35264238626  2.481991E-13
1595.80025689382  2.386494E-13
1597.24787140138  2.345211E-13
1598.69548590894  2.483130E-13
1600.1431004165  2.427142E-13
1601.59071492406  2.254735E-13
1603.03832943162  2.255619E-13
1604.48594393918  2.083239E-13
1605.93355844674  2.165015E-13
1607.3811729543  2.218078E-13
1608.82878746186  2.251947E-13
1610.27640196942  2.204220E-13
1611.72401647698  2.337016E-13
1613.17163098454  2.400934E-13
1614.6192454921  2.301326E-13
1616.06685999966  2.330010E-13
1617.51447450722  2.313214E-13
1618.96208901478  2.225784E-13
1620.40970352234  2.370158E-13
1621.8573180299  2.345286E-13
1623.30493253746  2.260292E-13
1624.75254704502  2.350378E-13
1626.20016155258  2.382358E-13
1627.64777606014  2.506285E-13
1629.0953905677  2.447026E-13
1630.54300507526  2.481069E-13
1631.99061958282  2.497234E-13
1633.43823409038  2.377495E-13
1634.88584859794  2.402537E-13
1636.3334631055  2.470750E-13
1637.78107761306  2.329841E-13
1639.22869212062  2.402684E-13
1640.67630662818  2.312266E-13
1642.12392113574  2.426036E-13
1643.5715356433  2.287687E-13
1645.01915015086  2.338033E-13
1646.46676465842  2.370762E-13
1647.91437916598  2.417081E-13
1649.36199367354  2.315594E-13
1650.8096081811  2.218262E-13
1652.25722268866  2.163860E-13
1653.70483719622  2.125825E-13
1655.15245170378  2.260325E-13
1656.60006621134  2.324031E-13
1658.0476807189  2.329540E-13
1659.49529522646  2.192810E-13
1660.94290973402  2.161463E-13
1662.39052424158  2.205902E-13
1663.83813874914  2.214271E-13
1665.2857532567  2.100687E-13
1666.73336776426  2.177097E-13
1668.18098227181  2.262319E-13
1669.62859677938  2.257423E-13
1671.07621128693  2.177392E-13
1672.52382579449  2.087475E-13
1673.97144030205  2.142220E-13
1675.41905480961  2.095742E-13
1676.86666931717  2.075056E-13
1678.31428382473  1.957865E-13
1679.76189833229  1.986882E-13
1681.20951283985  2.066181E-13
1682.65712734741  2.012675E-13
1684.10474185497  2.003208E-13
1685.55235636253  2.008746E-13
1686.99997087009  2.072281E-13
1688.44758537765  2.150414E-13
1689.89519988521  2.168808E-13
1691.34281439277  2.087473E-13
1692.79042890033  2.093315E-13
1694.23804340789  2.125446E-13
1695.68565791545  2.242689E-13
1697.13327242301  2.126959E-13
1698.58088693057  1.992437E-13
1700.02850143813  1.964388E-13
1701.47611594569  1.912936E-13
1702.92373045325  1.913281E-13
1704.37134496081  1.963483E-13
1705.81895946837  1.961220E-13
1707.26657397593  1.978353E-13
1708.71418848349  2.029179E-13
1710.16180299105  0.
1711.60941749861  0.
1713.05703200617  0.
1714.50464651373  0.
1715.95226102129  0.
1717.39987552885  0.
1718.84749003641  0.
1720.29510454397  0.
1721.74271905153  0.
1723.19033355909  0.
1724.63794806665  0.
1726.08556257421  0.
1727.53317708177  0.
1728.98079158933  0.
1730.42840609689  0.
1731.87602060445  0.
1733.32363511201  0.
1734.77124961957  0.
1736.21886412713  0.
1737.66647863469  0.
1739.11409314225  0.
1740.56170764981  0.
1742.00932215737  0.
1743.45693666493  0.
1744.90455117249  0.
1746.35216568005  0.
1747.79978018761  0.
1749.24739469517  0.
1750.69500920273  0.
1752.14262371029  0.
1753.59023821785  0.
1755.03785272541  0.
1756.48546723297  0.
1757.93308174053  0.
1759.38069624809  0.
1760.82831075565  0.
1762.27592526321  0.
1763.72353977076  0.
1765.17115427832  0.
1766.61876878588  0.
1768.06638329344  0.
1769.513997801  0.
1770.96161230856  0.
1772.40922681612  0.
1773.85684132368  0.
1775.30445583124  0.
1776.7520703388  0.
1778.19968484636  0.
1779.64729935392  0.
1781.09491386148  0.
1782.54252836904  0.
1783.9901428766  0.
1785.43775738416  0.
1786.88537189172  0.
1788.33298639928  0.
1789.78060090684  0.
1791.2282154144  0.
1792.67582992196  0.
1794.12344442952  0.
1795.57105893708  0.
1797.01867344464  0.
1798.4662879522  0.
1799.91390245976  0.
1801.36151696732  0.
1802.80913147488  0.
1804.25674598244  0.
1805.70436049  0.
1807.15197499756  0.
1808.59958950512  0.
1810.04720401268  0.
1811.49481852024  0.
1812.9424330278  0.
1814.39004753536  0.
1815.83766204292  0.
1817.28527655048  0.
1818.73289105804  0.
1820.1805055656  0.
1821.62812007316  0.
1823.07573458072  0.
1824.52334908828  0.
1825.97096359584  0.
1827.4185781034  0.
1828.86619261096  0.
1830.31380711852  0.
1831.76142162608  0.
