906.735751295338  0.
908.183408215875  0.
909.631065136412  0.
911.078722056949  0.
912.526378977485  0.
913.974035898022  0.
915.421692818559  0.
916.869349739096  0.
918.317006659633  0.
919.764663580169  0.
921.212320500706  0.
922.659977421243  0.
924.10763434178  0.
925.555291262316  0.
927.002948182853  0.
928.45060510339  0.
929.898262023927  0.
931.345918944464  0.
932.793575865  0.
934.241232785537  0.
935.688889706074  0.
937.136546626611  0.
938.584203547148  0.
940.031860467684  0.
941.479517388221  0.
942.927174308758  0.
944.374831229295  0.
945.822488149832  0.
947.270145070369  0.
948.717801990905  0.
950.165458911442  0.
951.613115831979  0.
953.060772752515  0.
954.508429673052  0.
955.956086593589  0.
957.403743514126  0.
958.851400434663  0.
960.2990573552  0.
961.746714275736  0.
963.194371196273  0.
964.64202811681  0.
966.089685037347  0.
967.537341957883  0.
968.98499887842  0.
970.432655798957  0.
971.880312719494  0.
973.327969640031  0.
974.775626560567  0.
976.223283481104  0.
977.670940401641  0.
979.118597322178  0.
980.566254242715  0.
982.013911163251  0.
983.461568083788  0.
984.909225004325  0.
986.356881924862  0.
987.804538845399  0.
989.252195765935  0.
990.699852686472  0.
992.147509607009  0.
993.595166527546  2.949503E-13
995.042823448082  2.633038E-13
996.490480368619  6.604187E-13
997.938137289156  4.856116E-13
999.385794209693  5.415374E-13
1000.83345113023  8.074965E-13
1002.28110805077  4.124721E-13
1003.7287649713  4.271223E-13
1005.17642189184  2.698384E-13
1006.62407881238  1.953436E-13
1008.07173573291  3.650100E-13
1009.51939265345  2.590351E-13
1010.96704957399  2.794826E-13
1012.41470649452  3.166897E-13
1013.86236341506  3.339711E-13
1015.3100203356  5.512323E-13
1016.75767725613  4.119019E-13
1018.20533417667  2.746371E-13
1019.65299109721  4.754833E-13
1021.10064801775  3.623760E-13
1022.54830493828  3.799748E-13
1023.99596185882  3.662556E-13
1025.44361877936  4.132560E-13
1026.89127569989  6.131714E-13
1028.33893262043  4.417206E-13
1029.78658954097  5.160903E-13
1031.2342464615  4.121408E-13
1032.68190338204  4.105429E-13
1034.12956030258  2.990656E-13
1035.57721722311  4.016230E-13
1037.02487414365  4.975578E-13
1038.47253106419  4.573076E-13
1039.92018798472  3.889711E-13
1041.36784490526  3.040251E-13
1042.8155018258  3.993902E-13
1044.26315874633  4.568527E-13
1045.71081566687  3.780433E-13
1047.15847258741  7.704125E-13
1048.60612950794  4.643420E-13
1050.05378642848  3.356519E-13
1051.50144334902  3.346827E-13
1052.94910026955  4.298644E-13
1054.39675719009  3.618150E-13
1055.84441411063  3.212072E-13
1057.29207103116  3.491364E-13
1058.7397279517  3.104860E-13
1060.18738487224  3.612586E-13
1061.63504179277  3.904462E-13
1063.08269871331  3.453850E-13
1064.53035563385  3.497307E-13
1065.97801255439  3.147955E-13
1067.42566947492  3.826563E-13
1068.87332639546  3.883308E-13
1070.320983316  3.234277E-13
1071.76864023653  5.177958E-13
1073.21629715707  3.094465E-13
1074.66395407761  3.984424E-13
1076.11161099814  3.646617E-13
1077.55926791868  3.616672E-13
1079.00692483922  3.434731E-13
1080.45458175975  3.036094E-13
1081.90223868029  3.572130E-13
1083.34989560083  3.272564E-13
1084.79755252136  2.973503E-13
1086.2452094419  3.146939E-13
1087.69286636244  3.039962E-13
1089.14052328297  3.198072E-13
1090.58818020351  3.177988E-13
1092.03583712405  3.421055E-13
1093.48349404458  3.052578E-13
1094.93115096512  3.352220E-13
1096.37880788566  2.501157E-13
1097.82646480619  3.105688E-13
1099.27412172673  3.101831E-13
1100.72177864727  3.121927E-13
1102.1694355678  3.210701E-13
1103.61709248834  3.072975E-13
1105.06474940888  3.456279E-13
1106.51240632942  3.087360E-13
1107.96006324995  3.462870E-13
1109.40772017049  3.006898E-13
1110.85537709103  3.725663E-13
1112.30303401156  3.287828E-13
1113.7506909321  3.032516E-13
1115.19834785264  2.984179E-13
1116.64600477317  3.178041E-13
1118.09366169371  3.684810E-13
1119.54131861425  3.204862E-13
1120.98897553478  2.877899E-13
1122.43663245532  3.420929E-13
1123.88428937586  2.780694E-13
1125.33194629639  2.748649E-13
1126.77960321693  2.929835E-13
1128.22726013747  2.452738E-13
1129.674917058  3.644359E-13
1131.12257397854  3.270783E-13
1132.57023089908  3.649321E-13
1134.01788781961  2.526478E-13
1135.46554474015  3.354030E-13
1136.91320166069  2.963521E-13
1138.36085858122  2.746391E-13
1139.80851550176  3.076977E-13
1141.2561724223  3.218698E-13
1142.70382934284  3.013445E-13
1144.15148626337  3.324801E-13
1145.59914318391  3.879049E-13
1147.04680010445  3.267080E-13
1148.49445702498  3.436795E-13
1149.94211394552  2.699738E-13
1151.38977086606  3.257794E-13
1152.83742778659  2.884955E-13
1154.28508470713  2.743390E-13
1155.73274162767  3.000279E-13
1157.1803985482  3.239947E-13
1158.62805546874  2.917124E-13
1160.07571238928  3.000551E-13
1161.52336930981  2.751681E-13
1162.97102623035  3.210710E-13
1164.41868315089  2.797034E-13
1165.86634007142  3.027536E-13
1167.31399699196  3.376182E-13
1168.7616539125  3.273341E-13
1170.20931083303  3.619282E-13
1171.65696775357  3.330832E-13
1173.10462467411  3.545683E-13
1174.55228159464  4.051343E-13
1175.99993851518  3.467895E-13
1177.44759543572  3.292151E-13
1178.89525235625  3.516747E-13
1180.34290927679  3.745587E-13
1181.79056619733  3.397362E-13
1183.23822311787  3.786702E-13
1184.6858800384  4.272070E-13
1186.13353695894  4.039428E-13
1187.58119387948  3.963306E-13
1189.02885080001  3.792197E-13
1190.47650772055  4.246825E-13
1191.92416464109  4.479684E-13
1193.37182156162  4.524532E-13
1194.81947848216  3.826709E-13
1196.2671354027  4.481045E-13
1197.71479232323  4.686222E-13
1199.16244924377  5.095514E-13
1200.61010616431  5.268403E-13
1202.05776308484  5.323369E-13
1203.50542000538  5.504879E-13
1204.95307692592  6.208139E-13
1206.40073384645  6.385274E-13
1207.84839076699  7.929011E-13
1209.29604768753  9.115023E-13
1210.74370460806  8.303142E-13
1212.1913615286  9.686529E-13
1213.63901844914  9.320111E-13
1215.08667536967  1.157540E-12
1216.53433229021  1.031884E-12
1217.98198921075  9.943273E-13
1219.42964613129  1.001289E-12
1220.87730305182  1.067367E-12
1222.32495997236  6.347978E-13
1223.7726168929  5.418485E-13
1225.22027381343  5.734048E-13
1226.66793073397  5.537231E-13
1228.11558765451  4.954919E-13
1229.56324457504  5.136646E-13
1231.01090149558  4.824353E-13
1232.45855841612  4.256464E-13
1233.90621533665  5.438461E-13
1235.35387225719  4.792674E-13
1236.80152917773  5.291123E-13
1238.24918609826  5.523329E-13
1239.6968430188  4.386482E-13
1241.14449993934  4.728199E-13
1242.59215685987  3.395113E-13
1244.03981378041  4.865786E-13
1245.48747070095  3.808069E-13
1246.93512762148  3.837145E-13
1248.38278454202  4.088639E-13
1249.83044146256  3.643288E-13
1251.27809838309  3.507512E-13
1252.72575530363  3.912046E-13
1254.17341222417  3.718185E-13
1255.62106914471  3.612816E-13
1257.06872606524  3.226282E-13
1258.51638298578  3.416045E-13
1259.96403990632  3.892885E-13
1261.41169682685  3.678918E-13
1262.85935374739  3.439252E-13
1264.30701066793  3.042963E-13
1265.75466758846  3.295249E-13
1267.202324509  2.952786E-13
1268.64998142954  2.960764E-13
1270.09763835007  2.568351E-13
1271.54529527061  2.698521E-13
1272.99295219115  2.789842E-13
1274.44060911168  2.931869E-13
1275.88826603222  2.186563E-13
1277.33592295276  2.612658E-13
1278.78357987329  2.511489E-13
1280.23123679383  3.067506E-13
1281.67889371437  2.909124E-13
1283.1265506349  2.831496E-13
1284.57420755544  2.672789E-13
1286.02186447598  2.445340E-13
1287.46952139651  2.787511E-13
1288.91717831705  2.363067E-13
1290.36483523759  2.707716E-13
1291.81249215812  2.905398E-13
1293.26014907866  2.725615E-13
1294.7078059992  2.133590E-13
1296.15546291974  2.483234E-13
1297.60311984027  3.031640E-13
1299.05077676081  3.214517E-13
1300.49843368135  2.690185E-13
1301.94609060188  2.661399E-13
1303.39374752242  2.449921E-13
1304.84140444296  2.884065E-13
1306.28906136349  2.550482E-13
1307.73671828403  2.528536E-13
1309.18437520457  2.834249E-13
1310.6320321251  2.166578E-13
1312.07968904564  2.330948E-13
1313.52734596618  3.045387E-13
1314.97500288671  2.766253E-13
1316.42265980725  2.564161E-13
1317.87031672779  2.422835E-13
1319.31797364832  2.518763E-13
1320.76563056886  2.781362E-13
1322.2132874894  2.578471E-13
1323.66094440993  2.481783E-13
1325.10860133047  2.837526E-13
1326.55625825101  2.754445E-13
1328.00391517154  2.603461E-13
1329.45157209208  2.768287E-13
1330.89922901262  2.881365E-13
1332.34688593315  2.297798E-13
1333.79454285369  2.345662E-13
1335.24219977423  2.510553E-13
1336.68985669477  2.449733E-13
1338.1375136153  1.995327E-13
1339.58517053584  2.414516E-13
1341.03282745638  3.186488E-13
1342.48048437691  2.411140E-13
1343.92814129745  2.480710E-13
1345.37579821799  2.754776E-13
1346.82345513852  2.738652E-13
1348.27111205906  2.445114E-13
1349.7187689796  2.494030E-13
1351.16642590013  2.429348E-13
1352.61408282067  2.604085E-13
1354.06173974121  2.596825E-13
1355.50939666174  2.427341E-13
1356.95705358228  2.634596E-13
1358.40471050282  2.375631E-13
1359.85236742335  2.372010E-13
1361.30002434389  2.592422E-13
1362.74768126443  2.695012E-13
1364.19533818496  3.023408E-13
1365.6429951055  2.689375E-13
1367.09065202604  2.433822E-13
1368.53830894657  2.351014E-13
1369.98596586711  2.859495E-13
1371.43362278765  2.236051E-13
1372.88127970819  2.922825E-13
1374.32893662872  2.823310E-13
1375.77659354926  2.480894E-13
1377.2242504698  2.231854E-13
1378.67190739033  2.553013E-13
1380.11956431087  2.697342E-13
1381.56722123141  3.346483E-13
1383.01487815194  3.031651E-13
1384.46253507248  2.411971E-13
1385.91019199302  2.616850E-13
1387.35784891355  2.957057E-13
1388.80550583409  2.860861E-13
1390.25316275463  2.635754E-13
1391.70081967516  2.710911E-13
1393.1484765957  2.669486E-13
1394.59613351624  2.984487E-13
1396.04379043677  2.772039E-13
1397.49144735731  2.971940E-13
1398.93910427785  2.980476E-13
1400.38676119838  2.867427E-13
1401.83441811892  2.714326E-13
1403.28207503946  2.809413E-13
1404.72973195999  2.703298E-13
1406.17738888053  2.718770E-13
1407.62504580107  2.753517E-13
1409.0727027216  2.391441E-13
1410.52035964214  2.912579E-13
1411.96801656268  2.762780E-13
1413.41567348322  2.663110E-13
1414.86333040375  3.012980E-13
1416.31098732429  2.653366E-13
1417.75864424483  2.327611E-13
1419.20630116536  2.299900E-13
1420.6539580859  2.398492E-13
1422.10161500644  2.338601E-13
1423.54927192697  2.171691E-13
1424.99692884751  2.373955E-13
1426.44458576805  2.481657E-13
1427.89224268858  2.306362E-13
1429.33989960912  2.285226E-13
1430.78755652966  2.378959E-13
1432.23521345019  2.442461E-13
1433.68287037073  2.296946E-13
1435.13052729127  2.144090E-13
1436.5781842118  2.198990E-13
1438.02584113234  2.107238E-13
1439.47349805288  2.323534E-13
1440.92115497341  2.151573E-13
1442.36881189395  2.122790E-13
1443.81646881449  2.139045E-13
1445.26412573502  2.230935E-13
1446.71178265556  2.119965E-13
1448.1594395761  2.193018E-13
1449.60709649664  2.346388E-13
1451.05475341717  2.158612E-13
1452.50241033771  2.208523E-13
1453.95006725825  1.900418E-13
1455.39772417878  1.896771E-13
1456.84538109932  2.167142E-13
1458.29303801986  2.073299E-13
1459.74069494039  2.389004E-13
1461.18835186093  2.604617E-13
1462.63600878147  2.176578E-13
1464.083665702  2.304829E-13
1465.53132262254  2.238175E-13
1466.97897954308  2.209322E-13
1468.42663646361  2.176408E-13
1469.87429338415  2.424432E-13
1471.32195030469  2.225249E-13
1472.76960722522  2.107772E-13
1474.21726414576  2.039242E-13
1475.6649210663  1.947213E-13
1477.11257798683  2.027312E-13
1478.56023490737  2.054307E-13
1480.00789182791  2.210441E-13
1481.45554874844  2.003117E-13
1482.90320566898  2.175483E-13
1484.35086258952  2.522730E-13
1485.79851951005  2.544001E-13
1487.24617643059  2.229811E-13
1488.69383335113  2.255917E-13
1490.14149027167  2.124645E-13
1491.5891471922  2.163861E-13
1493.03680411274  2.108367E-13
1494.48446103328  2.311774E-13
1495.93211795381  2.325513E-13
1497.37977487435  2.304797E-13
1498.82743179489  2.372666E-13
1500.27508871542  2.386871E-13
1501.72274563596  2.476821E-13
1503.1704025565  2.422018E-13
1504.61805947703  2.280537E-13
1506.06571639757  2.325485E-13
1507.51337331811  2.348197E-13
1508.96103023864  2.436386E-13
1510.40868715918  2.381714E-13
1511.85634407972  2.273886E-13
1513.30400100025  2.648047E-13
1514.75165792079  2.609429E-13
1516.19931484133  2.628021E-13
1517.64697176186  2.662496E-13
1519.0946286824  2.702182E-13
1520.54228560294  2.405142E-13
1521.98994252347  2.297880E-13
1523.43759944401  2.715252E-13
1524.88525636455  2.751778E-13
1526.33291328509  2.632049E-13
1527.78057020562  2.851292E-13
1529.22822712616  3.004242E-13
1530.6758840467  3.012907E-13
1532.12354096723  2.890872E-13
1533.57119788777  3.336321E-13
1535.01885480831  3.243901E-13
1536.46651172884  3.414098E-13
1537.91416864938  3.479753E-13
1539.36182556992  3.684327E-13
1540.80948249045  3.869929E-13
1542.25713941099  4.348767E-13
1543.70479633153  4.903842E-13
1545.15245325206  4.456715E-13
1546.6001101726  4.393332E-13
1548.04776709314  4.301237E-13
1549.49542401367  3.792342E-13
1550.94308093421  3.798078E-13
1552.39073785475  3.907504E-13
1553.83839477528  3.873062E-13
1555.28605169582  3.641831E-13
1556.73370861636  3.425332E-13
1558.18136553689  3.239888E-13
1559.62902245743  3.114722E-13
1561.07667937797  2.690498E-13
1562.5243362985  2.458029E-13
1563.97199321904  2.920965E-13
1565.41965013958  2.766372E-13
1566.86730706012  2.604834E-13
1568.31496398065  2.514181E-13
1569.76262090119  2.492925E-13
1571.21027782173  2.365213E-13
1572.65793474226  2.465654E-13
1574.1055916628  2.437014E-13
1575.55324858334  2.209297E-13
1577.00090550387  2.223593E-13
1578.44856242441  2.298240E-13
1579.89621934495  2.472748E-13
1581.34387626548  2.314416E-13
1582.79153318602  2.180595E-13
1584.23919010656  2.215399E-13
1585.68684702709  2.046096E-13
1587.13450394763  2.149822E-13
1588.58216086817  2.180552E-13
1590.0298177887  2.282208E-13
1591.47747470924  2.161770E-13
1592.92513162978  2.281612E-13
1594.37278855031  2.251610E-13
1595.82044547085  2.126519E-13
1597.26810239139  2.193600E-13
1598.71575931192  2.160054E-13
1600.16341623246  2.116096E-13
1601.611073153  2.142358E-13
1603.05873007354  2.211756E-13
1604.50638699407  2.127994E-13
1605.95404391461  1.979019E-13
1607.40170083515  2.172848E-13
1608.84935775568  2.210430E-13
1610.29701467622  2.166870E-13
1611.74467159676  2.172338E-13
1613.19232851729  2.139784E-13
1614.63998543783  2.204488E-13
1616.08764235837  2.093799E-13
1617.5352992789  2.143592E-13
1618.98295619944  2.319681E-13
1620.43061311998  2.319985E-13
1621.87827004051  2.309346E-13
1623.32592696105  2.362402E-13
1624.77358388159  2.445623E-13
1626.22124080212  2.518247E-13
1627.66889772266  2.394899E-13
1629.1165546432  2.245725E-13
1630.56421156373  2.204133E-13
1632.01186848427  2.325464E-13
1633.45952540481  2.335093E-13
1634.90718232534  2.221477E-13
1636.35483924588  2.046452E-13
1637.80249616642  2.062308E-13
1639.25015308695  2.226993E-13
1640.69781000749  2.225759E-13
1642.14546692803  2.132071E-13
1643.59312384857  2.069200E-13
1645.0407807691  2.085577E-13
1646.48843768964  2.226107E-13
1647.93609461018  2.361358E-13
1649.38375153071  2.426510E-13
1650.83140845125  2.345365E-13
1652.27906537179  2.213531E-13
1653.72672229232  2.085942E-13
1655.17437921286  2.021953E-13
1656.6220361334  2.110791E-13
1658.06969305393  2.205774E-13
1659.51734997447  2.168668E-13
1660.96500689501  2.188516E-13
1662.41266381554  2.175661E-13
1663.86032073608  2.112109E-13
1665.30797765662  2.063083E-13
1666.75563457715  2.195995E-13
1668.20329149769  2.179837E-13
1669.65094841823  2.053995E-13
1671.09860533876  1.996802E-13
1672.5462622593  1.990119E-13
1673.99391917984  2.053920E-13
1675.44157610038  1.996676E-13
1676.88923302091  1.974267E-13
1678.33688994145  1.996361E-13
1679.78454686199  1.896914E-13
1681.23220378252  1.822329E-13
1682.67986070306  1.875036E-13
1684.1275176236  1.948333E-13
1685.57517454413  1.842908E-13
1687.02283146467  1.775778E-13
1688.47048838521  1.864265E-13
1689.91814530574  1.943571E-13
1691.36580222628  1.900692E-13
1692.81345914682  1.779967E-13
1694.26111606735  1.791278E-13
1695.70877298789  1.781864E-13
1697.15642990843  1.938971E-13
1698.60408682896  1.950417E-13
1700.0517437495  1.888111E-13
1701.49940067004  1.855567E-13
1702.94705759057  1.775628E-13
1704.39471451111  1.839145E-13
1705.84237143165  1.931863E-13
1707.29002835218  1.974078E-13
1708.73768527272  1.891280E-13
1710.18534219326  0.
1711.63299911379  0.
1713.08065603433  0.
1714.52831295487  0.
1715.97596987541  0.
1717.42362679594  0.
1718.87128371648  0.
1720.31894063702  0.
1721.76659755755  0.
1723.21425447809  0.
1724.66191139863  0.
1726.10956831916  0.
1727.5572252397  0.
1729.00488216024  0.
1730.45253908077  0.
1731.90019600131  0.
1733.34785292185  0.
1734.79550984238  0.
1736.24316676292  0.
1737.69082368346  0.
1739.13848060399  0.
1740.58613752453  0.
1742.03379444507  0.
1743.4814513656  0.
1744.92910828614  0.
1746.37676520668  0.
1747.82442212721  0.
1749.27207904775  0.
1750.71973596829  0.
1752.16739288882  0.
1753.61504980936  0.
1755.0627067299  0.
1756.51036365043  0.
1757.95802057097  0.
1759.40567749151  0.
1760.85333441205  0.
1762.30099133258  0.
1763.74864825312  0.
1765.19630517366  0.
1766.64396209419  0.
1768.09161901473  0.
1769.53927593527  0.
1770.9869328558  0.
1772.43458977634  0.
1773.88224669688  0.
1775.32990361741  0.
1776.77756053795  0.
1778.22521745849  0.
1779.67287437902  0.
1781.12053129956  0.
1782.5681882201  0.
1784.01584514063  0.
1785.46350206117  0.
1786.91115898171  0.
1788.35881590224  0.
1789.80647282278  0.
1791.25412974332  0.
1792.70178666385  0.
1794.14944358439  0.
1795.59710050493  0.
1797.04475742547  0.
1798.492414346  0.
1799.94007126654  0.
1801.38772818708  0.
1802.83538510761  0.
1804.28304202815  0.
1805.73069894869  0.
1807.17835586922  0.
1808.62601278976  0.
1810.0736697103  0.
1811.52132663083  0.
1812.96898355137  0.
1814.41664047191  0.
1815.86429739244  0.
1817.31195431298  0.
1818.75961123352  0.
1820.20726815405  0.
1821.65492507459  0.
1823.10258199513  0.
1824.55023891566  0.
1825.9978958362  0.
1827.44555275674  0.
1828.89320967727  0.
1830.34086659781  0.
1831.78852351835  0.
