906.735751295338  0.
908.183365802898  0.
909.630980310458  0.
911.078594818018  0.
912.526209325578  0.
913.973823833137  0.
915.421438340697  0.
916.869052848257  0.
918.316667355817  0.
919.764281863377  0.
921.211896370937  0.
922.659510878497  0.
924.107125386056  0.
925.554739893616  0.
927.002354401176  0.
928.449968908736  0.
929.897583416296  0.
931.345197923856  0.
932.792812431415  0.
934.240426938975  0.
935.688041446535  0.
937.135655954095  0.
938.583270461655  0.
940.030884969215  0.
941.478499476774  0.
942.926113984334  0.
944.373728491894  0.
945.821342999454  0.
947.268957507014  0.
948.716572014574  0.
950.164186522133  0.
951.611801029693  0.
953.059415537253  0.
954.507030044813  0.
955.954644552373  0.
957.402259059933  0.
958.849873567493  0.
960.297488075052  0.
961.745102582612  0.
963.192717090172  0.
964.640331597732  0.
966.087946105292  0.
967.535560612852  0.
968.983175120411  0.
970.430789627971  0.
971.878404135531  0.
973.326018643091  0.
974.773633150651  0.
976.221247658211  0.
977.668862165771  0.
979.11647667333  0.
980.56409118089  0.
982.01170568845  0.
983.45932019601  0.
984.90693470357  0.
986.35454921113  0.
987.802163718689  0.
989.249778226249  0.
990.697392733809  0.
992.145007241369  0.
993.592621748929  7.500442E-14
995.040236256489  9.170923E-14
996.487850764048  4.865656E-14
997.935465271608  9.837112E-14
999.383079779168  1.136371E-13
1000.83069428673  1.321160E-13
1002.27830879429  1.655226E-13
1003.72592330185  1.430791E-13
1005.17353780941  1.413876E-13
1006.62115231697  2.023500E-13
1008.06876682453  1.347520E-13
1009.51638133209  1.423108E-13
1010.96399583965  1.393116E-13
1012.41161034721  1.193099E-13
1013.85922485477  1.618152E-13
1015.30683936233  1.605677E-13
1016.75445386989  1.285410E-13
1018.20206837745  1.403327E-13
1019.64968288501  1.618673E-13
1021.09729739257  1.459075E-13
1022.54491190013  1.924917E-13
1023.99252640769  1.522782E-13
1025.44014091525  1.536861E-13
1026.8877554228  1.744561E-13
1028.33536993037  1.954057E-13
1029.78298443792  1.571592E-13
1031.23059894548  1.922799E-13
1032.67821345304  2.093033E-13
1034.1258279606  2.063231E-13
1035.57344246816  1.467808E-13
1037.02105697572  1.614047E-13
1038.46867148328  1.472191E-13
1039.91628599084  1.485104E-13
1041.3639004984  1.386822E-13
1042.81151500596  1.118865E-13
1044.25912951352  1.061666E-13
1045.70674402108  1.085380E-13
1047.15435852864  1.060717E-13
1048.6019730362  7.647789E-14
1050.04958754376  9.036930E-14
1051.49720205132  6.634075E-14
1052.94481655888  6.706778E-14
1054.39243106644  1.042690E-13
1055.840045574  8.277168E-14
1057.28766008156  1.325118E-13
1058.73527458912  1.038841E-13
1060.18288909668  1.394878E-13
1061.63050360424  1.136556E-13
1063.0781181118  1.276643E-13
1064.52573261936  1.385713E-13
1065.97334712692  1.423728E-13
1067.42096163448  1.301861E-13
1068.86857614204  1.549468E-13
1070.3161906496  1.484412E-13
1071.76380515716  1.507300E-13
1073.21141966472  1.448903E-13
1074.65903417228  1.520654E-13
1076.10664867984  1.502112E-13
1077.5542631874  1.554173E-13
1079.00187769496  1.250942E-13
1080.44949220252  1.403617E-13
1081.89710671008  1.268797E-13
1083.34472121764  1.438989E-13
1084.7923357252  1.299880E-13
1086.23995023276  1.227282E-13
1087.68756474032  1.260535E-13
1089.13517924788  1.213336E-13
1090.58279375544  1.366224E-13
1092.030408263  1.408455E-13
1093.47802277056  1.317901E-13
1094.92563727812  1.293520E-13
1096.37325178568  1.242256E-13
1097.82086629324  1.184965E-13
1099.2684808008  1.089810E-13
1100.71609530836  1.011620E-13
1102.16370981592  9.999763E-14
1103.61132432348  1.127193E-13
1105.05893883104  1.202775E-13
1106.5065533386  1.272654E-13
1107.95416784616  1.412054E-13
1109.40178235372  9.865289E-14
1110.84939686128  1.307710E-13
1112.29701136884  1.303171E-13
1113.7446258764  1.067861E-13
1115.19224038396  9.978920E-14
1116.63985489152  1.013225E-13
1118.08746939908  1.297381E-13
1119.53508390664  1.046609E-13
1120.98269841419  1.255064E-13
1122.43031292175  1.259301E-13
1123.87792742931  1.098031E-13
1125.32554193687  1.126348E-13
1126.77315644443  8.411872E-14
1128.22077095199  1.082970E-13
1129.66838545955  1.200840E-13
1131.11599996711  1.058713E-13
1132.56361447467  1.554941E-13
1134.01122898223  1.098154E-13
1135.45884348979  1.415886E-13
1136.90645799735  1.190946E-13
1138.35407250491  1.364440E-13
1139.80168701247  1.217049E-13
1141.24930152003  1.197672E-13
1142.69691602759  1.072946E-13
1144.14453053515  1.163021E-13
1145.59214504271  1.271431E-13
1147.03975955027  1.291722E-13
1148.48737405783  1.192982E-13
1149.93498856539  1.322931E-13
1151.38260307295  1.235754E-13
1152.83021758051  9.930511E-14
1154.27783208807  9.169695E-14
1155.72544659563  1.208236E-13
1157.17306110319  1.027663E-13
1158.62067561075  1.352725E-13
1160.06829011831  1.258425E-13
1161.51590462587  1.073079E-13
1162.96351913343  9.903334E-14
1164.41113364099  1.249167E-13
1165.85874814855  1.140917E-13
1167.30636265611  1.011857E-13
1168.75397716367  9.754672E-14
1170.20159167123  1.064624E-13
1171.64920617879  1.113946E-13
1173.09682068635  1.111887E-13
1174.54443519391  1.147823E-13
1175.99204970147  1.272332E-13
1177.43966420903  1.535863E-13
1178.88727871659  1.293025E-13
1180.33489322415  1.163651E-13
1181.78250773171  1.446636E-13
1183.23012223927  1.369180E-13
1184.67773674683  1.359479E-13
1186.12535125439  1.800712E-13
1187.57296576195  1.514460E-13
1189.02058026951  1.388059E-13
1190.46819477707  1.323132E-13
1191.91580928463  1.602526E-13
1193.36342379219  1.983147E-13
1194.81103829975  1.602186E-13
1196.25865280731  1.735337E-13
1197.70626731487  2.060760E-13
1199.15388182243  1.781385E-13
1200.60149632999  1.920474E-13
1202.04911083755  1.728734E-13
1203.49672534511  2.003574E-13
1204.94433985267  1.794935E-13
1206.39195436023  2.434724E-13
1207.83956886779  2.906162E-13
1209.28718337535  2.732192E-13
1210.7347978829  3.316034E-13
1212.18241239046  3.648663E-13
1213.63002689802  3.617325E-13
1215.07764140558  4.062001E-13
1216.52525591314  4.084513E-13
1217.9728704207  4.336508E-13
1219.42048492826  4.524233E-13
1220.86809943582  3.460280E-13
1222.31571394338  3.384124E-13
1223.76332845094  3.692287E-13
1225.2109429585  2.301098E-13
1226.65855746606  1.900812E-13
1228.10617197362  2.210744E-13
1229.55378648118  1.765311E-13
1231.00140098874  1.768755E-13
1232.4490154963  1.858117E-13
1233.89663000386  2.110818E-13
1235.34424451142  2.369898E-13
1236.79185901898  1.693550E-13
1238.23947352654  1.852947E-13
1239.6870880341  1.650392E-13
1241.13470254166  1.869092E-13
1242.58231704922  1.761261E-13
1244.02993155678  1.818545E-13
1245.47754606434  1.415085E-13
1246.9251605719  1.557414E-13
1248.37277507946  1.541889E-13
1249.82038958702  1.875094E-13
1251.26800409458  1.478808E-13
1252.71561860214  1.342919E-13
1254.1632331097  1.429356E-13
1255.61084761726  1.281346E-13
1257.05846212482  1.403893E-13
1258.50607663238  1.296609E-13
1259.95369113994  1.511892E-13
1261.4013056475  1.545065E-13
1262.84892015506  1.256999E-13
1264.29653466262  1.434980E-13
1265.74414917018  1.174681E-13
1267.19176367774  1.104579E-13
1268.6393781853  1.261013E-13
1270.08699269286  1.159839E-13
1271.53460720042  1.173831E-13
1272.98222170798  1.085524E-13
1274.42983621554  1.117403E-13
1275.8774507231  1.095987E-13
1277.32506523066  1.069036E-13
1278.77267973822  1.141742E-13
1280.22029424578  1.052449E-13
1281.66790875334  1.231100E-13
1283.1155232609  1.044012E-13
1284.56313776846  1.061792E-13
1286.01075227602  1.004823E-13
1287.45836678358  1.024984E-13
1288.90598129114  1.020697E-13
1290.3535957987  1.093899E-13
1291.80121030626  1.177558E-13
1293.24882481382  1.065788E-13
1294.69643932138  1.254114E-13
1296.14405382894  1.036025E-13
1297.5916683365  1.046729E-13
1299.03928284406  1.046111E-13
1300.48689735162  1.160932E-13
1301.93451185917  1.183131E-13
1303.38212636674  1.153842E-13
1304.82974087429  1.062282E-13
1306.27735538185  1.308943E-13
1307.72496988941  9.974541E-14
1309.17258439697  9.719053E-14
1310.62019890453  1.143201E-13
1312.06781341209  1.045487E-13
1313.51542791965  1.153868E-13
1314.96304242721  1.174509E-13
1316.41065693477  1.284458E-13
1317.85827144233  9.863779E-14
1319.30588594989  8.911424E-14
1320.75350045745  9.928692E-14
1322.20111496501  1.129095E-13
1323.64872947257  9.946833E-14
1325.09634398013  1.033346E-13
1326.54395848769  9.689555E-14
1327.99157299525  8.979793E-14
1329.43918750281  1.091341E-13
1330.88680201037  9.814173E-14
1332.33441651793  1.158574E-13
1333.78203102549  9.713941E-14
1335.22964553305  1.029931E-13
1336.67726004061  9.900097E-14
1338.12487454817  7.793585E-14
1339.57248905573  7.754612E-14
1341.02010356329  9.140827E-14
1342.46771807085  9.392941E-14
1343.91533257841  9.758916E-14
1345.36294708597  9.359770E-14
1346.81056159353  1.004602E-13
1348.25817610109  9.196136E-14
1349.70579060865  9.389518E-14
1351.15340511621  1.148944E-13
1352.60101962377  9.502987E-14
1354.04863413133  9.771642E-14
1355.49624863889  1.061364E-13
1356.94386314645  9.753640E-14
1358.39147765401  9.620801E-14
1359.83909216157  9.769505E-14
1361.28670666913  8.931913E-14
1362.73432117669  8.426609E-14
1364.18193568425  9.805792E-14
1365.62955019181  9.303800E-14
1367.07716469937  1.015619E-13
1368.52477920693  5.476742E-14
1369.97239371449  8.625038E-14
1371.42000822205  1.091739E-13
1372.86762272961  9.472269E-14
1374.31523723717  9.519710E-14
1375.76285174473  9.364202E-14
1377.21046625229  9.642123E-14
1378.65808075985  9.391676E-14
1380.10569526741  9.691067E-14
1381.55330977497  8.625524E-14
1383.00092428253  1.006102E-13
1384.44853879009  1.078270E-13
1385.89615329765  9.840855E-14
1387.34376780521  9.705506E-14
1388.79138231277  1.059464E-13
1390.23899682033  1.045215E-13
1391.68661132789  1.181120E-13
1393.13422583545  1.215487E-13
1394.581840343  1.226539E-13
1396.02945485057  1.250253E-13
1397.47706935812  1.172546E-13
1398.92468386568  1.175036E-13
1400.37229837324  1.195837E-13
1401.8199128808  1.211964E-13
1403.26752738836  1.057622E-13
1404.71514189592  1.045431E-13
1406.16275640348  1.027897E-13
1407.61037091104  1.036117E-13
1409.0579854186  1.031418E-13
1410.50559992616  9.162070E-14
1411.95321443372  1.070011E-13
1413.40082894128  9.515822E-14
1414.84844344884  9.545421E-14
1416.2960579564  8.795684E-14
1417.74367246396  1.067234E-13
1419.19128697152  1.011256E-13
1420.63890147908  9.952652E-14
1422.08651598664  9.605498E-14
1423.5341304942  9.636023E-14
1424.98174500176  9.092515E-14
1426.42935950932  9.045695E-14
1427.87697401688  8.334843E-14
1429.32458852444  9.694760E-14
1430.772203032  8.215644E-14
1432.21981753956  8.245752E-14
1433.66743204712  8.652900E-14
1435.11504655468  9.027421E-14
1436.56266106224  8.494369E-14
1438.0102755698  9.959272E-14
1439.45789007736  9.601281E-14
1440.90550458492  9.627028E-14
1442.35311909248  9.408610E-14
1443.80073360004  9.612168E-14
1445.2483481076  9.681005E-14
1446.69596261516  9.143761E-14
1448.14357712272  8.862532E-14
1449.59119163028  9.217684E-14
1451.03880613784  8.572671E-14
1452.4864206454  8.853405E-14
1453.93403515296  9.233638E-14
1455.38164966052  9.111904E-14
1456.82926416808  9.181044E-14
1458.27687867564  9.464552E-14
1459.7244931832  7.813538E-14
1461.17210769076  7.876070E-14
1462.61972219832  8.735664E-14
1464.06733670588  8.344389E-14
1465.51495121344  8.506464E-14
1466.962565721  9.621507E-14
1468.41018022856  8.846843E-14
1469.85779473612  9.613520E-14
1471.30540924368  9.706413E-14
1472.75302375124  8.727182E-14
1474.2006382588  8.225296E-14
1475.64825276636  8.736399E-14
1477.09586727392  9.914636E-14
1478.54348178148  8.977926E-14
1479.99109628904  8.529912E-14
1481.4387107966  8.604880E-14
1482.88632530416  8.608884E-14
1484.33393981172  8.567769E-14
1485.78155431928  9.016146E-14
1487.22916882683  8.189426E-14
1488.67678333439  9.256821E-14
1490.12439784195  8.100743E-14
1491.57201234951  8.268054E-14
1493.01962685707  8.794598E-14
1494.46724136463  9.212050E-14
1495.91485587219  8.616286E-14
1497.36247037975  8.618971E-14
1498.81008488731  8.904921E-14
1500.25769939487  8.221278E-14
1501.70531390243  8.228555E-14
1503.15292840999  9.165919E-14
1504.60054291755  9.193761E-14
1506.04815742511  8.599688E-14
1507.49577193267  9.052980E-14
1508.94338644023  9.801996E-14
1510.39100094779  9.459633E-14
1511.83861545535  9.056583E-14
1513.28622996291  8.811436E-14
1514.73384447047  9.530061E-14
1516.18145897803  8.994766E-14
1517.62907348559  9.141102E-14
1519.07668799315  1.016448E-13
1520.52430250071  1.054051E-13
1521.97191700827  1.043203E-13
1523.41953151583  1.067310E-13
1524.86714602339  1.016161E-13
1526.31476053095  1.102892E-13
1527.76237503851  1.159890E-13
1529.20998954607  1.029219E-13
1530.65760405363  1.132957E-13
1532.10521856119  1.164282E-13
1533.55283306875  1.302208E-13
1535.00044757631  1.348446E-13
1536.44806208387  1.405933E-13
1537.89567659143  1.631569E-13
1539.34329109899  1.592237E-13
1540.79090560655  1.993716E-13
1542.23852011411  2.008656E-13
1543.68613462167  1.840426E-13
1545.13374912923  1.883845E-13
1546.58136363679  2.073033E-13
1548.02897814435  1.730177E-13
1549.47659265191  1.645560E-13
1550.92420715947  1.532688E-13
1552.37182166703  1.553553E-13
1553.81943617459  1.606274E-13
1555.26705068215  1.661120E-13
1556.71466518971  1.381655E-13
1558.16227969727  1.341961E-13
1559.60989420483  1.200934E-13
1561.05750871239  1.147341E-13
1562.50512321995  1.144677E-13
1563.95273772751  1.180380E-13
1565.40035223507  1.128988E-13
1566.84796674263  1.123336E-13
1568.29558125019  1.189713E-13
1569.74319575775  1.087085E-13
1571.19081026531  9.964966E-14
1572.63842477287  9.926361E-14
1574.08603928043  9.547143E-14
1575.53365378799  1.035299E-13
1576.98126829555  9.891601E-14
1578.4288828031  9.536667E-14
1579.87649731066  9.476754E-14
1581.32411181822  9.503046E-14
1582.77172632578  9.177723E-14
1584.21934083334  1.041026E-13
1585.6669553409  9.474565E-14
1587.11456984846  8.922549E-14
1588.56218435602  9.303946E-14
1590.00979886358  9.966481E-14
1591.45741337114  1.006957E-13
1592.9050278787  9.811483E-14
1594.35264238626  9.735625E-14
1595.80025689382  9.143602E-14
1597.24787140138  9.234835E-14
1598.69548590894  8.361399E-14
1600.1431004165  8.896064E-14
1601.59071492406  8.838449E-14
1603.03832943162  9.435597E-14
1604.48594393918  9.469191E-14
1605.93355844674  9.151329E-14
1607.3811729543  9.141273E-14
1608.82878746186  8.879976E-14
1610.27640196942  8.769649E-14
1611.72401647698  8.642164E-14
1613.17163098454  8.414802E-14
1614.6192454921  8.868573E-14
1616.06685999966  9.302019E-14
1617.51447450722  9.876366E-14
1618.96208901478  9.888705E-14
1620.40970352234  9.599584E-14
1621.8573180299  9.104653E-14
1623.30493253746  9.308105E-14
1624.75254704502  9.164724E-14
1626.20016155258  9.912146E-14
1627.64777606014  9.705089E-14
1629.0953905677  9.723496E-14
1630.54300507526  9.589845E-14
1631.99061958282  9.669641E-14
1633.43823409038  9.328694E-14
1634.88584859794  9.425443E-14
1636.3334631055  9.263785E-14
1637.78107761306  9.113778E-14
1639.22869212062  9.330037E-14
1640.67630662818  9.513320E-14
1642.12392113574  9.054796E-14
1643.5715356433  9.172365E-14
1645.01915015086  9.117201E-14
1646.46676465842  8.668981E-14
1647.91437916598  8.631592E-14
1649.36199367354  8.369081E-14
1650.8096081811  9.234220E-14
1652.25722268866  8.728642E-14
1653.70483719622  9.091726E-14
1655.15245170378  8.699650E-14
1656.60006621134  8.889739E-14
1658.0476807189  9.137573E-14
1659.49529522646  9.022429E-14
1660.94290973402  9.104893E-14
1662.39052424158  8.573031E-14
1663.83813874914  8.929160E-14
1665.2857532567  9.590768E-14
1666.73336776426  9.463332E-14
1668.18098227181  9.412022E-14
1669.62859677938  9.330262E-14
1671.07621128693  8.963667E-14
1672.52382579449  8.563212E-14
1673.97144030205  8.388198E-14
1675.41905480961  8.223721E-14
1676.86666931717  8.302048E-14
1678.31428382473  8.155123E-14
1679.76189833229  8.504247E-14
1681.20951283985  8.784365E-14
1682.65712734741  8.331303E-14
1684.10474185497  8.480194E-14
1685.55235636253  8.803468E-14
1686.99997087009  8.595799E-14
1688.44758537765  8.460839E-14
1689.89519988521  8.573585E-14
1691.34281439277  8.668462E-14
1692.79042890033  7.799025E-14
1694.23804340789  7.355582E-14
1695.68565791545  7.767196E-14
1697.13327242301  7.558179E-14
1698.58088693057  7.285772E-14
1700.02850143813  7.646990E-14
1701.47611594569  8.823967E-14
1702.92373045325  8.649326E-14
1704.37134496081  8.682268E-14
1705.81895946837  9.260035E-14
1707.26657397593  8.922978E-14
1708.71418848349  8.726467E-14
1710.16180299105  0.
1711.60941749861  0.
1713.05703200617  0.
1714.50464651373  0.
1715.95226102129  0.
1717.39987552885  0.
1718.84749003641  0.
1720.29510454397  0.
1721.74271905153  0.
1723.19033355909  0.
1724.63794806665  0.
1726.08556257421  0.
1727.53317708177  0.
1728.98079158933  0.
1730.42840609689  0.
1731.87602060445  0.
1733.32363511201  0.
1734.77124961957  0.
1736.21886412713  0.
1737.66647863469  0.
1739.11409314225  0.
1740.56170764981  0.
1742.00932215737  0.
1743.45693666493  0.
1744.90455117249  0.
1746.35216568005  0.
1747.79978018761  0.
1749.24739469517  0.
1750.69500920273  0.
1752.14262371029  0.
1753.59023821785  0.
1755.03785272541  0.
1756.48546723297  0.
1757.93308174053  0.
1759.38069624809  0.
1760.82831075565  0.
1762.27592526321  0.
1763.72353977076  0.
1765.17115427832  0.
1766.61876878588  0.
1768.06638329344  0.
1769.513997801  0.
1770.96161230856  0.
1772.40922681612  0.
1773.85684132368  0.
1775.30445583124  0.
1776.7520703388  0.
1778.19968484636  0.
1779.64729935392  0.
1781.09491386148  0.
1782.54252836904  0.
1783.9901428766  0.
1785.43775738416  0.
1786.88537189172  0.
1788.33298639928  0.
1789.78060090684  0.
1791.2282154144  0.
1792.67582992196  0.
1794.12344442952  0.
1795.57105893708  0.
1797.01867344464  0.
1798.4662879522  0.
1799.91390245976  0.
1801.36151696732  0.
1802.80913147488  0.
1804.25674598244  0.
1805.70436049  0.
1807.15197499756  0.
1808.59958950512  0.
1810.04720401268  0.
1811.49481852024  0.
1812.9424330278  0.
1814.39004753536  0.
1815.83766204292  0.
1817.28527655048  0.
1818.73289105804  0.
1820.1805055656  0.
1821.62812007316  0.
1823.07573458072  0.
1824.52334908828  0.
1825.97096359584  0.
1827.4185781034  0.
1828.86619261096  0.
1830.31380711852  0.
1831.76142162608  0.
