906.735751295338  0.
908.183365802898  0.
909.630980310458  0.
911.078594818018  0.
912.526209325578  0.
913.973823833137  0.
915.421438340697  0.
916.869052848257  0.
918.316667355817  0.
919.764281863377  0.
921.211896370937  0.
922.659510878497  0.
924.107125386056  0.
925.554739893616  0.
927.002354401176  0.
928.449968908736  0.
929.897583416296  0.
931.345197923856  0.
932.792812431415  0.
934.240426938975  0.
935.688041446535  0.
937.135655954095  0.
938.583270461655  0.
940.030884969215  0.
941.478499476774  0.
942.926113984334  0.
944.373728491894  0.
945.821342999454  0.
947.268957507014  0.
948.716572014574  0.
950.164186522133  0.
951.611801029693  0.
953.059415537253  0.
954.507030044813  0.
955.954644552373  0.
957.402259059933  0.
958.849873567493  0.
960.297488075052  0.
961.745102582612  0.
963.192717090172  0.
964.640331597732  0.
966.087946105292  0.
967.535560612852  0.
968.983175120411  0.
970.430789627971  0.
971.878404135531  0.
973.326018643091  0.
974.773633150651  0.
976.221247658211  0.
977.668862165771  0.
979.11647667333  0.
980.56409118089  0.
982.01170568845  0.
983.45932019601  0.
984.90693470357  0.
986.35454921113  0.
987.802163718689  0.
989.249778226249  0.
990.697392733809  0.
992.145007241369  0.
993.592621748929  8.069003E-14
995.040236256489  1.440236E-13
996.487850764048  1.402452E-13
997.935465271608  1.810305E-15
999.383079779168  -2.899734E-14
1000.83069428673  2.433436E-15
1002.27830879429  9.667342E-14
1003.72592330185  1.511270E-13
1005.17353780941  4.683388E-14
1006.62115231697  5.182958E-14
1008.06876682453  3.027288E-14
1009.51638133209  1.370745E-13
1010.96399583965  2.054625E-13
1012.41161034721  9.758475E-14
1013.85922485477  8.081833E-14
1015.30683936233  1.186018E-13
1016.75445386989  8.351165E-14
1018.20206837745  5.330629E-14
1019.64968288501  3.966428E-14
1021.09729739257  8.208953E-14
1022.54491190013  6.490354E-14
1023.99252640769  1.238663E-13
1025.44014091525  1.116536E-13
1026.8877554228  1.096286E-13
1028.33536993037  1.327623E-13
1029.78298443792  1.135013E-13
1031.23059894548  1.014366E-13
1032.67821345304  5.980082E-14
1034.1258279606  7.532352E-14
1035.57344246816  1.150151E-13
1037.02105697572  8.002820E-14
1038.46867148328  6.574865E-14
1039.91628599084  6.926895E-14
1041.3639004984  8.746889E-14
1042.81151500596  8.617853E-14
1044.25912951352  6.118700E-14
1045.70674402108  5.698499E-14
1047.15435852864  7.815616E-14
1048.6019730362  1.008328E-13
1050.04958754376  9.928468E-14
1051.49720205132  8.795762E-14
1052.94481655888  6.069603E-14
1054.39243106644  3.674790E-14
1055.840045574  5.539719E-14
1057.28766008156  6.072660E-14
1058.73527458912  6.364268E-14
1060.18288909668  7.110151E-14
1061.63050360424  6.802947E-14
1063.0781181118  6.570611E-14
1064.52573261936  6.380463E-14
1065.97334712692  7.746620E-14
1067.42096163448  8.989257E-14
1068.86857614204  6.927160E-14
1070.3161906496  7.343460E-14
1071.76380515716  6.079157E-14
1073.21141966472  7.752240E-14
1074.65903417228  6.729004E-14
1076.10664867984  7.702021E-14
1077.5542631874  6.535537E-14
1079.00187769496  7.560807E-14
1080.44949220252  6.793944E-14
1081.89710671008  5.461884E-14
1083.34472121764  7.814059E-14
1084.7923357252  8.315554E-14
1086.23995023276  7.057056E-14
1087.68756474032  6.867219E-14
1089.13517924788  7.703794E-14
1090.58279375544  6.761098E-14
1092.030408263  5.860374E-14
1093.47802277056  7.283673E-14
1094.92563727812  5.407518E-14
1096.37325178568  5.374063E-14
1097.82086629324  5.934679E-14
1099.2684808008  5.454660E-14
1100.71609530836  5.936153E-14
1102.16370981592  6.674956E-14
1103.61132432348  6.906304E-14
1105.05893883104  4.969606E-14
1106.5065533386  6.822810E-14
1107.95416784616  8.692254E-14
1109.40178235372  7.289120E-14
1110.84939686128  5.833645E-14
1112.29701136884  6.983647E-14
1113.7446258764  6.092855E-14
1115.19224038396  5.507201E-14
1116.63985489152  3.883323E-14
1118.08746939908  6.080744E-14
1119.53508390664  6.249859E-14
1120.98269841419  7.314571E-14
1122.43031292175  4.734394E-14
1123.87792742931  5.273522E-14
1125.32554193687  5.313025E-14
1126.77315644443  5.837490E-14
1128.22077095199  4.778247E-14
1129.66838545955  5.417873E-14
1131.11599996711  5.971772E-14
1132.56361447467  6.592081E-14
1134.01122898223  5.496769E-14
1135.45884348979  7.006806E-14
1136.90645799735  6.538592E-14
1138.35407250491  5.045369E-14
1139.80168701247  6.158380E-14
1141.24930152003  6.230609E-14
1142.69691602759  6.433628E-14
1144.14453053515  6.497309E-14
1145.59214504271  5.373908E-14
1147.03975955027  5.999788E-14
1148.48737405783  7.207938E-14
1149.93498856539  7.908798E-14
1151.38260307295  7.174762E-14
1152.83021758051  6.104615E-14
1154.27783208807  4.227996E-14
1155.72544659563  5.990134E-14
1157.17306110319  8.212844E-14
1158.62067561075  6.405845E-14
1160.06829011831  6.422296E-14
1161.51590462587  6.141354E-14
1162.96351913343  6.146766E-14
1164.41113364099  7.418904E-14
1165.85874814855  7.067803E-14
1167.30636265611  5.511109E-14
1168.75397716367  5.750960E-14
1170.20159167123  5.643958E-14
1171.64920617879  6.404459E-14
1173.09682068635  6.201160E-14
1174.54443519391  5.432434E-14
1175.99204970147  4.567939E-14
1177.43966420903  5.248018E-14
1178.88727871659  5.475433E-14
1180.33489322415  6.379737E-14
1181.78250773171  8.328277E-14
1183.23012223927  7.516461E-14
1184.67773674683  6.727867E-14
1186.12535125439  6.474559E-14
1187.57296576195  6.176984E-14
1189.02058026951  7.237567E-14
1190.46819477707  7.842427E-14
1191.91580928463  7.928881E-14
1193.36342379219  1.025498E-13
1194.81103829975  8.587054E-14
1196.25865280731  8.998500E-14
1197.70626731487  9.540373E-14
1199.15388182243  8.293569E-14
1200.60149632999  7.495325E-14
1202.04911083755  9.892135E-14
1203.49672534511  8.372030E-14
1204.94433985267  1.023856E-13
1206.39195436023  1.298594E-13
1207.83956886779  1.342689E-13
1209.28718337535  1.526270E-13
1210.7347978829  1.812480E-13
1212.18241239046  1.884806E-13
1213.63002689802  2.121493E-13
1215.07764140558  2.037379E-13
1216.52525591314  2.492226E-13
1217.9728704207  2.295555E-13
1219.42048492826  2.033015E-13
1220.86809943582  1.937531E-13
1222.31571394338  1.316297E-13
1223.76332845094  1.433851E-13
1225.2109429585  1.166880E-13
1226.65855746606  1.169398E-13
1228.10617197362  1.116689E-13
1229.55378648118  1.147908E-13
1231.00140098874  1.084239E-13
1232.4490154963  8.942119E-14
1233.89663000386  9.812017E-14
1235.34424451142  1.049853E-13
1236.79185901898  1.036693E-13
1238.23947352654  9.874194E-14
1239.6870880341  1.006774E-13
1241.13470254166  9.509316E-14
1242.58231704922  9.205566E-14
1244.02993155678  8.653451E-14
1245.47754606434  8.033120E-14
1246.9251605719  7.755038E-14
1248.37277507946  6.753019E-14
1249.82038958702  6.703232E-14
1251.26800409458  7.202994E-14
1252.71561860214  6.852959E-14
1254.1632331097  7.568578E-14
1255.61084761726  8.212548E-14
1257.05846212482  7.031889E-14
1258.50607663238  7.592587E-14
1259.95369113994  7.149951E-14
1261.4013056475  7.033419E-14
1262.84892015506  6.945550E-14
1264.29653466262  6.159424E-14
1265.74414917018  6.234954E-14
1267.19176367774  6.217947E-14
1268.6393781853  5.456473E-14
1270.08699269286  6.516208E-14
1271.53460720042  6.156929E-14
1272.98222170798  7.561784E-14
1274.42983621554  6.452683E-14
1275.8774507231  6.899751E-14
1277.32506523066  6.432258E-14
1278.77267973822  7.204827E-14
1280.22029424578  8.059193E-14
1281.66790875334  6.571313E-14
1283.1155232609  9.563476E-14
1284.56313776846  7.109904E-14
1286.01075227602  6.097454E-14
1287.45836678358  6.784110E-14
1288.90598129114  6.104277E-14
1290.3535957987  4.596640E-14
1291.80121030626  4.658583E-14
1293.24882481382  7.153567E-14
1294.69643932138  7.643391E-14
1296.14405382894  6.403455E-14
1297.5916683365  6.044012E-14
1299.03928284406  7.800364E-14
1300.48689735162  6.500476E-14
1301.93451185917  6.972776E-14
1303.38212636674  6.925757E-14
1304.82974087429  5.354019E-14
1306.27735538185  5.622206E-14
1307.72496988941  5.143135E-14
1309.17258439697  3.473623E-14
1310.62019890453  4.421729E-14
1312.06781341209  4.977155E-14
1313.51542791965  5.054005E-14
1314.96304242721  5.752639E-14
1316.41065693477  4.559513E-14
1317.85827144233  5.332361E-14
1319.30588594989  7.185207E-14
1320.75350045745  8.888744E-14
1322.20111496501  4.856173E-14
1323.64872947257  5.843518E-14
1325.09634398013  5.468423E-14
1326.54395848769  5.341692E-14
1327.99157299525  6.284575E-14
1329.43918750281  5.774034E-14
1330.88680201037  4.179477E-14
1332.33441651793  4.652466E-14
1333.78203102549  4.426936E-14
1335.22964553305  4.492473E-14
1336.67726004061  4.380451E-14
1338.12487454817  4.663075E-14
1339.57248905573  4.918580E-14
1341.02010356329  5.690499E-14
1342.46771807085  5.428456E-14
1343.91533257841  4.937916E-14
1345.36294708597  4.971759E-14
1346.81056159353  5.381413E-14
1348.25817610109  4.820795E-14
1349.70579060865  5.857018E-14
1351.15340511621  6.189466E-14
1352.60101962377  6.593651E-14
1354.04863413133  5.407152E-14
1355.49624863889  6.780688E-14
1356.94386314645  4.940455E-14
1358.39147765401  3.972902E-14
1359.83909216157  4.903822E-14
1361.28670666913  4.830746E-14
1362.73432117669  5.369182E-14
1364.18193568425  5.291232E-14
1365.62955019181  5.790628E-14
1367.07716469937  3.821972E-14
1368.52477920693  4.431941E-14
1369.97239371449  4.983086E-14
1371.42000822205  5.848445E-14
1372.86762272961  6.105956E-14
1374.31523723717  5.987584E-14
1375.76285174473  4.876806E-14
1377.21046625229  3.030279E-14
1378.65808075985  6.114205E-14
1380.10569526741  6.954231E-14
1381.55330977497  6.545507E-14
1383.00092428253  5.378352E-14
1384.44853879009  4.546964E-14
1385.89615329765  5.385126E-14
1387.34376780521  6.672801E-14
1388.79138231277  6.708039E-14
1390.23899682033  6.146763E-14
1391.68661132789  6.541970E-14
1393.13422583545  7.078778E-14
1394.581840343  6.258946E-14
1396.02945485057  6.773901E-14
1397.47706935812  6.676987E-14
1398.92468386568  7.910941E-14
1400.37229837324  7.180262E-14
1401.8199128808  6.825530E-14
1403.26752738836  6.488045E-14
1404.71514189592  4.857649E-14
1406.16275640348  4.358043E-14
1407.61037091104  4.883170E-14
1409.0579854186  6.945045E-14
1410.50559992616  6.370510E-14
1411.95321443372  4.251086E-14
1413.40082894128  5.563966E-14
1414.84844344884  5.807912E-14
1416.2960579564  6.182724E-14
1417.74367246396  6.489902E-14
1419.19128697152  5.487613E-14
1420.63890147908  4.535785E-14
1422.08651598664  4.194121E-14
1423.5341304942  3.993830E-14
1424.98174500176  4.789718E-14
1426.42935950932  5.031583E-14
1427.87697401688  5.123559E-14
1429.32458852444  4.363279E-14
1430.772203032  3.054290E-14
1432.21981753956  3.964194E-14
1433.66743204712  5.250204E-14
1435.11504655468  5.417139E-14
1436.56266106224  5.890433E-14
1438.0102755698  5.142529E-14
1439.45789007736  5.875360E-14
1440.90550458492  5.603563E-14
1442.35311909248  4.400549E-14
1443.80073360004  2.928768E-14
1445.2483481076  4.157405E-14
1446.69596261516  5.498350E-14
1448.14357712272  5.642656E-14
1449.59119163028  5.651514E-14
1451.03880613784  5.932811E-14
1452.4864206454  5.394394E-14
1453.93403515296  5.029276E-14
1455.38164966052  4.736193E-14
1456.82926416808  5.687555E-14
1458.27687867564  6.214981E-14
1459.7244931832  5.652746E-14
1461.17210769076  5.099454E-14
1462.61972219832  5.118155E-14
1464.06733670588  5.265542E-14
1465.51495121344  5.325713E-14
1466.962565721  5.114102E-14
1468.41018022856  5.213795E-14
1469.85779473612  4.564281E-14
1471.30540924368  4.284338E-14
1472.75302375124  4.077530E-14
1474.2006382588  4.593989E-14
1475.64825276636  3.496414E-14
1477.09586727392  3.804518E-14
1478.54348178148  4.065673E-14
1479.99109628904  4.154357E-14
1481.4387107966  4.705694E-14
1482.88632530416  4.590982E-14
1484.33393981172  4.921955E-14
1485.78155431928  4.942529E-14
1487.22916882683  5.212646E-14
1488.67678333439  4.404329E-14
1490.12439784195  4.913098E-14
1491.57201234951  6.021654E-14
1493.01962685707  5.750470E-14
1494.46724136463  5.441890E-14
1495.91485587219  5.444174E-14
1497.36247037975  4.878365E-14
1498.81008488731  5.091857E-14
1500.25769939487  5.817746E-14
1501.70531390243  5.442927E-14
1503.15292840999  4.365609E-14
1504.60054291755  5.016151E-14
1506.04815742511  4.792358E-14
1507.49577193267  6.308933E-14
1508.94338644023  5.233457E-14
1510.39100094779  5.214638E-14
1511.83861545535  5.187944E-14
1513.28622996291  4.872980E-14
1514.73384447047  4.980777E-14
1516.18145897803  4.745460E-14
1517.62907348559  5.187185E-14
1519.07668799315  4.747245E-14
1520.52430250071  5.107471E-14
1521.97191700827  5.874398E-14
1523.41953151583  6.350258E-14
1524.86714602339  5.547062E-14
1526.31476053095  5.133114E-14
1527.76237503851  5.827307E-14
1529.20998954607  5.625073E-14
1530.65760405363  5.970085E-14
1532.10521856119  5.810603E-14
1533.55283306875  6.432632E-14
1535.00044757631  6.199937E-14
1536.44806208387  6.531162E-14
1537.89567659143  7.064714E-14
1539.34329109899  7.846736E-14
1540.79090560655  8.346873E-14
1542.23852011411  8.700797E-14
1543.68613462167  9.934383E-14
1545.13374912923  1.023343E-13
1546.58136363679  9.827246E-14
1548.02897814435  1.010690E-13
1549.47659265191  9.654571E-14
1550.92420715947  9.201635E-14
1552.37182166703  8.201401E-14
1553.81943617459  7.163196E-14
1555.26705068215  6.670707E-14
1556.71466518971  6.843719E-14
1558.16227969727  6.507138E-14
1559.60989420483  6.390675E-14
1561.05750871239  5.818826E-14
1562.50512321995  5.240367E-14
1563.95273772751  5.509472E-14
1565.40035223507  5.740934E-14
1566.84796674263  5.745208E-14
1568.29558125019  4.778642E-14
1569.74319575775  4.452355E-14
1571.19081026531  4.787291E-14
1572.63842477287  4.476757E-14
1574.08603928043  4.794299E-14
1575.53365378799  4.496530E-14
1576.98126829555  3.810267E-14
1578.4288828031  3.873076E-14
1579.87649731066  4.465755E-14
1581.32411181822  5.624369E-14
1582.77172632578  6.020966E-14
1584.21934083334  4.994490E-14
1585.6669553409  4.768655E-14
1587.11456984846  5.225032E-14
1588.56218435602  4.675040E-14
1590.00979886358  4.689654E-14
1591.45741337114  4.690485E-14
1592.9050278787  5.221567E-14
1594.35264238626  4.517871E-14
1595.80025689382  5.236822E-14
1597.24787140138  6.055031E-14
1598.69548590894  5.702931E-14
1600.1431004165  4.825630E-14
1601.59071492406  4.243786E-14
1603.03832943162  5.228617E-14
1604.48594393918  5.033865E-14
1605.93355844674  5.233771E-14
1607.3811729543  4.991468E-14
1608.82878746186  4.903193E-14
1610.27640196942  4.310990E-14
1611.72401647698  4.684168E-14
1613.17163098454  5.045429E-14
1614.6192454921  4.165687E-14
1616.06685999966  4.535728E-14
1617.51447450722  4.638290E-14
1618.96208901478  4.558109E-14
1620.40970352234  4.786675E-14
1621.8573180299  4.569511E-14
1623.30493253746  4.481445E-14
1624.75254704502  4.773760E-14
1626.20016155258  4.768745E-14
1627.64777606014  4.544463E-14
1629.0953905677  4.613366E-14
1630.54300507526  5.426799E-14
1631.99061958282  5.463940E-14
1633.43823409038  5.334762E-14
1634.88584859794  4.843365E-14
1636.3334631055  4.853811E-14
1637.78107761306  5.454367E-14
1639.22869212062  5.636243E-14
1640.67630662818  4.727393E-14
1642.12392113574  4.412142E-14
1643.5715356433  4.675051E-14
1645.01915015086  4.985498E-14
1646.46676465842  4.785654E-14
1647.91437916598  4.410501E-14
1649.36199367354  4.573268E-14
1650.8096081811  4.948629E-14
1652.25722268866  5.029027E-14
1653.70483719622  4.650187E-14
1655.15245170378  4.620184E-14
1656.60006621134  4.872299E-14
1658.0476807189  4.793404E-14
1659.49529522646  4.798453E-14
1660.94290973402  4.664345E-14
1662.39052424158  5.344966E-14
1663.83813874914  5.721821E-14
1665.2857532567  5.492510E-14
1666.73336776426  5.722944E-14
1668.18098227181  5.704261E-14
1669.62859677938  5.832300E-14
1671.07621128693  5.370060E-14
1672.52382579449  5.333922E-14
1673.97144030205  5.290081E-14
1675.41905480961  4.949272E-14
1676.86666931717  4.987789E-14
1678.31428382473  5.755882E-14
1679.76189833229  7.311008E-14
1681.20951283985  8.028962E-14
1682.65712734741  7.863712E-14
1684.10474185497  7.128011E-14
1685.55235636253  5.954071E-14
1686.99997087009  5.657721E-14
1688.44758537765  5.529885E-14
1689.89519988521  5.066414E-14
1691.34281439277  5.087919E-14
1692.79042890033  4.487015E-14
1694.23804340789  4.540347E-14
1695.68565791545  4.416218E-14
1697.13327242301  4.621290E-14
1698.58088693057  5.002926E-14
1700.02850143813  4.891626E-14
1701.47611594569  5.606194E-14
1702.92373045325  4.911347E-14
1704.37134496081  4.744919E-14
1705.81895946837  4.581369E-14
1707.26657397593  3.851618E-14
1708.71418848349  4.086212E-14
1710.16180299105  0.
1711.60941749861  0.
1713.05703200617  0.
1714.50464651373  0.
1715.95226102129  0.
1717.39987552885  0.
1718.84749003641  0.
1720.29510454397  0.
1721.74271905153  0.
1723.19033355909  0.
1724.63794806665  0.
1726.08556257421  0.
1727.53317708177  0.
1728.98079158933  0.
1730.42840609689  0.
1731.87602060445  0.
1733.32363511201  0.
1734.77124961957  0.
1736.21886412713  0.
1737.66647863469  0.
1739.11409314225  0.
1740.56170764981  0.
1742.00932215737  0.
1743.45693666493  0.
1744.90455117249  0.
1746.35216568005  0.
1747.79978018761  0.
1749.24739469517  0.
1750.69500920273  0.
1752.14262371029  0.
1753.59023821785  0.
1755.03785272541  0.
1756.48546723297  0.
1757.93308174053  0.
1759.38069624809  0.
1760.82831075565  0.
1762.27592526321  0.
1763.72353977076  0.
1765.17115427832  0.
1766.61876878588  0.
1768.06638329344  0.
1769.513997801  0.
1770.96161230856  0.
1772.40922681612  0.
1773.85684132368  0.
1775.30445583124  0.
1776.7520703388  0.
1778.19968484636  0.
1779.64729935392  0.
1781.09491386148  0.
1782.54252836904  0.
1783.9901428766  0.
1785.43775738416  0.
1786.88537189172  0.
1788.33298639928  0.
1789.78060090684  0.
1791.2282154144  0.
1792.67582992196  0.
1794.12344442952  0.
1795.57105893708  0.
1797.01867344464  0.
1798.4662879522  0.
1799.91390245976  0.
1801.36151696732  0.
1802.80913147488  0.
1804.25674598244  0.
1805.70436049  0.
1807.15197499756  0.
1808.59958950512  0.
1810.04720401268  0.
1811.49481852024  0.
1812.9424330278  0.
1814.39004753536  0.
1815.83766204292  0.
1817.28527655048  0.
1818.73289105804  0.
1820.1805055656  0.
1821.62812007316  0.
1823.07573458072  0.
1824.52334908828  0.
1825.97096359584  0.
1827.4185781034  0.
1828.86619261096  0.
1830.31380711852  0.
1831.76142162608  0.
