906.735751295338  0.
908.183365802898  0.
909.630980310458  0.
911.078594818018  0.
912.526209325578  0.
913.973823833137  0.
915.421438340697  0.
916.869052848257  0.
918.316667355817  0.
919.764281863377  0.
921.211896370937  0.
922.659510878497  0.
924.107125386056  0.
925.554739893616  0.
927.002354401176  0.
928.449968908736  0.
929.897583416296  0.
931.345197923856  0.
932.792812431415  0.
934.240426938975  0.
935.688041446535  0.
937.135655954095  0.
938.583270461655  0.
940.030884969215  0.
941.478499476774  0.
942.926113984334  0.
944.373728491894  0.
945.821342999454  0.
947.268957507014  0.
948.716572014574  0.
950.164186522133  0.
951.611801029693  0.
953.059415537253  0.
954.507030044813  0.
955.954644552373  0.
957.402259059933  0.
958.849873567493  0.
960.297488075052  0.
961.745102582612  0.
963.192717090172  0.
964.640331597732  0.
966.087946105292  0.
967.535560612852  0.
968.983175120411  0.
970.430789627971  0.
971.878404135531  0.
973.326018643091  0.
974.773633150651  0.
976.221247658211  0.
977.668862165771  0.
979.11647667333  0.
980.56409118089  0.
982.01170568845  0.
983.45932019601  0.
984.90693470357  0.
986.35454921113  0.
987.802163718689  0.
989.249778226249  0.
990.697392733809  0.
992.145007241369  0.
993.592621748929  1.154219E-13
995.040236256489  1.393322E-13
996.487850764048  1.295502E-13
997.935465271608  1.262717E-13
999.383079779168  1.100282E-13
1000.83069428673  1.288036E-13
1002.27830879429  1.653394E-13
1003.72592330185  1.432967E-13
1005.17353780941  1.221870E-13
1006.62115231697  1.616008E-13
1008.06876682453  1.752943E-13
1009.51638133209  1.998171E-13
1010.96399583965  2.566538E-13
1012.41161034721  1.892949E-13
1013.85922485477  1.803326E-13
1015.30683936233  2.032530E-13
1016.75445386989  1.931881E-13
1018.20206837745  2.032725E-13
1019.64968288501  1.879817E-13
1021.09729739257  1.738293E-13
1022.54491190013  1.907656E-13
1023.99252640769  2.358953E-13
1025.44014091525  2.012226E-13
1026.8877554228  2.324409E-13
1028.33536993037  2.202265E-13
1029.78298443792  2.320013E-13
1031.23059894548  2.046708E-13
1032.67821345304  2.713551E-13
1034.1258279606  2.206859E-13
1035.57344246816  2.612680E-13
1037.02105697572  2.096170E-13
1038.46867148328  1.777579E-13
1039.91628599084  2.096299E-13
1041.3639004984  2.181990E-13
1042.81151500596  1.826133E-13
1044.25912951352  1.873038E-13
1045.70674402108  1.436234E-13
1047.15435852864  1.123282E-13
1048.6019730362  1.238536E-13
1050.04958754376  1.113826E-13
1051.49720205132  9.229395E-14
1052.94481655888  1.038695E-13
1054.39243106644  1.365413E-13
1055.840045574  1.421665E-13
1057.28766008156  2.062903E-13
1058.73527458912  2.400446E-13
1060.18288909668  2.043111E-13
1061.63050360424  1.790942E-13
1063.0781181118  2.031423E-13
1064.52573261936  2.055673E-13
1065.97334712692  1.641419E-13
1067.42096163448  2.147489E-13
1068.86857614204  1.959357E-13
1070.3161906496  2.003558E-13
1071.76380515716  1.770116E-13
1073.21141966472  1.860472E-13
1074.65903417228  1.516410E-13
1076.10664867984  2.000256E-13
1077.5542631874  1.912587E-13
1079.00187769496  1.861233E-13
1080.44949220252  1.963555E-13
1081.89710671008  1.614031E-13
1083.34472121764  1.577826E-13
1084.7923357252  1.763494E-13
1086.23995023276  1.767624E-13
1087.68756474032  1.636813E-13
1089.13517924788  1.525547E-13
1090.58279375544  1.592492E-13
1092.030408263  2.029935E-13
1093.47802277056  1.534886E-13
1094.92563727812  1.830360E-13
1096.37325178568  1.626584E-13
1097.82086629324  1.645008E-13
1099.2684808008  1.871134E-13
1100.71609530836  1.505369E-13
1102.16370981592  1.565036E-13
1103.61132432348  1.721422E-13
1105.05893883104  1.714931E-13
1106.5065533386  1.573356E-13
1107.95416784616  1.688673E-13
1109.40178235372  1.597180E-13
1110.84939686128  1.547270E-13
1112.29701136884  1.476977E-13
1113.7446258764  1.702148E-13
1115.19224038396  1.331934E-13
1116.63985489152  1.822093E-13
1118.08746939908  1.647450E-13
1119.53508390664  1.741716E-13
1120.98269841419  1.494072E-13
1122.43031292175  1.752278E-13
1123.87792742931  1.355207E-13
1125.32554193687  1.448613E-13
1126.77315644443  1.446023E-13
1128.22077095199  1.371664E-13
1129.66838545955  1.265893E-13
1131.11599996711  1.592362E-13
1132.56361447467  1.661338E-13
1134.01122898223  1.645209E-13
1135.45884348979  1.461976E-13
1136.90645799735  1.721058E-13
1138.35407250491  1.627247E-13
1139.80168701247  1.716352E-13
1141.24930152003  1.620128E-13
1142.69691602759  1.217088E-13
1144.14453053515  1.548849E-13
1145.59214504271  1.685563E-13
1147.03975955027  1.419651E-13
1148.48737405783  1.760383E-13
1149.93498856539  1.591311E-13
1151.38260307295  1.566994E-13
1152.83021758051  1.657916E-13
1154.27783208807  1.222107E-13
1155.72544659563  1.637346E-13
1157.17306110319  1.498473E-13
1158.62067561075  1.637138E-13
1160.06829011831  1.416418E-13
1161.51590462587  1.660710E-13
1162.96351913343  1.454297E-13
1164.41113364099  1.414300E-13
1165.85874814855  1.521465E-13
1167.30636265611  1.553048E-13
1168.75397716367  1.496825E-13
1170.20159167123  1.727284E-13
1171.64920617879  1.375515E-13
1173.09682068635  1.806556E-13
1174.54443519391  1.593670E-13
1175.99204970147  1.871208E-13
1177.43966420903  2.050767E-13
1178.88727871659  2.044771E-13
1180.33489322415  1.424537E-13
1181.78250773171  1.663709E-13
1183.23012223927  1.802684E-13
1184.67773674683  2.074327E-13
1186.12535125439  2.344548E-13
1187.57296576195  1.884044E-13
1189.02058026951  1.667672E-13
1190.46819477707  1.866108E-13
1191.91580928463  1.844396E-13
1193.36342379219  2.377003E-13
1194.81103829975  2.230365E-13
1196.25865280731  2.588941E-13
1197.70626731487  2.098122E-13
1199.15388182243  2.395730E-13
1200.60149632999  2.531217E-13
1202.04911083755  2.860369E-13
1203.49672534511  2.372523E-13
1204.94433985267  3.331471E-13
1206.39195436023  3.548632E-13
1207.83956886779  4.492588E-13
1209.28718337535  4.677598E-13
1210.7347978829  3.753403E-13
1212.18241239046  3.005433E-13
1213.63002689802  1.057583E-12
1215.07764140558  3.638147E-13
1216.52525591314  4.166035E-13
1217.9728704207  4.346456E-13
1219.42048492826  5.387592E-13
1220.86809943582  5.198402E-13
1222.31571394338  4.249359E-13
1223.76332845094  4.295545E-13
1225.2109429585  2.281914E-13
1226.65855746606  2.458497E-13
1228.10617197362  3.276052E-13
1229.55378648118  2.348459E-13
1231.00140098874  2.386746E-13
1232.4490154963  2.889236E-13
1233.89663000386  2.634062E-13
1235.34424451142  2.923108E-13
1236.79185901898  3.256990E-13
1238.23947352654  2.066954E-13
1239.6870880341  3.104196E-13
1241.13470254166  2.364743E-13
1242.58231704922  2.541043E-13
1244.02993155678  2.202154E-13
1245.47754606434  2.324093E-13
1246.9251605719  1.580808E-13
1248.37277507946  2.377838E-13
1249.82038958702  2.125794E-13
1251.26800409458  2.057010E-13
1252.71561860214  1.983742E-13
1254.1632331097  1.736133E-13
1255.61084761726  1.692697E-13
1257.05846212482  1.720705E-13
1258.50607663238  1.729100E-13
1259.95369113994  1.832194E-13
1261.4013056475  1.747779E-13
1262.84892015506  1.901979E-13
1264.29653466262  1.860951E-13
1265.74414917018  1.571155E-13
1267.19176367774  1.488216E-13
1268.6393781853  1.442251E-13
1270.08699269286  1.475794E-13
1271.53460720042  1.489790E-13
1272.98222170798  1.481441E-13
1274.42983621554  1.447557E-13
1275.8774507231  1.595827E-13
1277.32506523066  1.419780E-13
1278.77267973822  1.305419E-13
1280.22029424578  1.343578E-13
1281.66790875334  1.457992E-13
1283.1155232609  1.252471E-13
1284.56313776846  1.483437E-13
1286.01075227602  1.274635E-13
1287.45836678358  1.377100E-13
1288.90598129114  1.361613E-13
1290.3535957987  1.362387E-13
1291.80121030626  1.258892E-13
1293.24882481382  1.493029E-13
1294.69643932138  1.328490E-13
1296.14405382894  1.224867E-13
1297.5916683365  1.361236E-13
1299.03928284406  1.259657E-13
1300.48689735162  1.478447E-13
1301.93451185917  1.330480E-13
1303.38212636674  1.408580E-13
1304.82974087429  1.413317E-13
1306.27735538185  1.335380E-13
1307.72496988941  1.467447E-13
1309.17258439697  1.489377E-13
1310.62019890453  1.197323E-13
1312.06781341209  1.416283E-13
1313.51542791965  1.304555E-13
1314.96304242721  1.493343E-13
1316.41065693477  1.358451E-13
1317.85827144233  1.383215E-13
1319.30588594989  1.227299E-13
1320.75350045745  1.439293E-13
1322.20111496501  1.296594E-13
1323.64872947257  1.275588E-13
1325.09634398013  1.327811E-13
1326.54395848769  1.346921E-13
1327.99157299525  1.145407E-13
1329.43918750281  1.260560E-13
1330.88680201037  1.326187E-13
1332.33441651793  1.431907E-13
1333.78203102549  1.368682E-13
1335.22964553305  1.463426E-13
1336.67726004061  1.225098E-13
1338.12487454817  1.132854E-13
1339.57248905573  1.237165E-13
1341.02010356329  1.299226E-13
1342.46771807085  1.272961E-13
1343.91533257841  1.267262E-13
1345.36294708597  1.285764E-13
1346.81056159353  1.359445E-13
1348.25817610109  1.231122E-13
1349.70579060865  1.272885E-13
1351.15340511621  1.207049E-13
1352.60101962377  1.311713E-13
1354.04863413133  1.319077E-13
1355.49624863889  1.148616E-13
1356.94386314645  1.197536E-13
1358.39147765401  1.190536E-13
1359.83909216157  1.226187E-13
1361.28670666913  1.244151E-13
1362.73432117669  1.129428E-13
1364.18193568425  1.140849E-13
1365.62955019181  1.148417E-13
1367.07716469937  1.225039E-13
1368.52477920693  1.094849E-13
1369.97239371449  1.391177E-13
1371.42000822205  1.258392E-13
1372.86762272961  1.340640E-13
1374.31523723717  1.196356E-13
1375.76285174473  1.180361E-13
1377.21046625229  1.196734E-13
1378.65808075985  1.360863E-13
1380.10569526741  1.209636E-13
1381.55330977497  1.192219E-13
1383.00092428253  1.381567E-13
1384.44853879009  1.370822E-13
1385.89615329765  1.270202E-13
1387.34376780521  1.469462E-13
1388.79138231277  1.609211E-13
1390.23899682033  1.352427E-13
1391.68661132789  1.489177E-13
1393.13422583545  1.401993E-13
1394.581840343  1.533124E-13
1396.02945485057  1.650782E-13
1397.47706935812  1.589346E-13
1398.92468386568  1.532650E-13
1400.37229837324  1.388144E-13
1401.8199128808  1.447410E-13
1403.26752738836  1.526019E-13
1404.71514189592  1.326981E-13
1406.16275640348  1.312893E-13
1407.61037091104  1.306307E-13
1409.0579854186  1.255237E-13
1410.50559992616  1.276550E-13
1411.95321443372  1.392943E-13
1413.40082894128  1.261043E-13
1414.84844344884  1.199522E-13
1416.2960579564  1.270858E-13
1417.74367246396  1.253636E-13
1419.19128697152  1.194794E-13
1420.63890147908  1.129891E-13
1422.08651598664  1.110072E-13
1423.5341304942  1.096437E-13
1424.98174500176  1.274713E-13
1426.42935950932  1.154932E-13
1427.87697401688  1.069354E-13
1429.32458852444  1.168102E-13
1430.772203032  1.170708E-13
1432.21981753956  1.148999E-13
1433.66743204712  1.183860E-13
1435.11504655468  1.042600E-13
1436.56266106224  1.015285E-13
1438.0102755698  1.132445E-13
1439.45789007736  1.113168E-13
1440.90550458492  1.186208E-13
1442.35311909248  1.177736E-13
1443.80073360004  1.166674E-13
1445.2483481076  1.134456E-13
1446.69596261516  1.114952E-13
1448.14357712272  1.128946E-13
1449.59119163028  1.255626E-13
1451.03880613784  1.168168E-13
1452.4864206454  1.125175E-13
1453.93403515296  1.061733E-13
1455.38164966052  1.128043E-13
1456.82926416808  1.175437E-13
1458.27687867564  1.174671E-13
1459.7244931832  1.070022E-13
1461.17210769076  1.139948E-13
1462.61972219832  1.123381E-13
1464.06733670588  1.061567E-13
1465.51495121344  1.056491E-13
1466.962565721  1.128992E-13
1468.41018022856  1.178585E-13
1469.85779473612  1.060510E-13
1471.30540924368  1.036273E-13
1472.75302375124  1.122614E-13
1474.2006382588  1.064436E-13
1475.64825276636  1.046882E-13
1477.09586727392  1.087015E-13
1478.54348178148  1.189310E-13
1479.99109628904  1.136920E-13
1481.4387107966  1.189238E-13
1482.88632530416  1.028555E-13
1484.33393981172  1.139073E-13
1485.78155431928  1.064451E-13
1487.22916882683  1.097588E-13
1488.67678333439  1.038944E-13
1490.12439784195  1.093660E-13
1491.57201234951  1.043098E-13
1493.01962685707  1.079654E-13
1494.46724136463  1.104952E-13
1495.91485587219  1.110039E-13
1497.36247037975  1.160365E-13
1498.81008488731  1.110746E-13
1500.25769939487  1.180039E-13
1501.70531390243  1.074254E-13
1503.15292840999  1.136341E-13
1504.60054291755  1.124347E-13
1506.04815742511  1.120663E-13
1507.49577193267  1.154456E-13
1508.94338644023  1.200773E-13
1510.39100094779  1.205119E-13
1511.83861545535  1.105937E-13
1513.28622996291  1.139346E-13
1514.73384447047  1.166196E-13
1516.18145897803  1.150582E-13
1517.62907348559  1.215483E-13
1519.07668799315  1.192490E-13
1520.52430250071  1.214820E-13
1521.97191700827  1.280796E-13
1523.41953151583  1.262351E-13
1524.86714602339  1.399552E-13
1526.31476053095  1.281267E-13
1527.76237503851  1.234341E-13
1529.20998954607  1.334891E-13
1530.65760405363  1.410840E-13
1532.10521856119  1.432426E-13
1533.55283306875  1.483491E-13
1535.00044757631  1.588999E-13
1536.44806208387  1.763908E-13
1537.89567659143  1.948458E-13
1539.34329109899  2.303559E-13
1540.79090560655  2.663892E-13
1542.23852011411  2.357943E-13
1543.68613462167  2.561555E-13
1545.13374912923  2.646074E-13
1546.58136363679  1.972802E-13
1548.02897814435  2.805170E-13
1549.47659265191  1.905244E-13
1550.92420715947  2.082654E-13
1552.37182166703  2.429437E-13
1553.81943617459  2.152561E-13
1555.26705068215  2.179962E-13
1556.71466518971  1.378486E-13
1558.16227969727  1.378434E-13
1559.60989420483  1.748655E-13
1561.05750871239  1.307803E-13
1562.50512321995  1.298776E-13
1563.95273772751  1.055181E-13
1565.40035223507  1.209473E-13
1566.84796674263  1.086704E-13
1568.29558125019  1.107621E-13
1569.74319575775  1.220660E-13
1571.19081026531  9.922452E-14
1572.63842477287  9.531350E-14
1574.08603928043  1.297340E-13
1575.53365378799  1.250775E-13
1576.98126829555  9.219409E-14
1578.4288828031  9.513757E-14
1579.87649731066  1.232046E-13
1581.32411181822  8.547899E-14
1582.77172632578  1.305964E-13
1584.21934083334  1.113826E-13
1585.6669553409  1.349295E-13
1587.11456984846  1.288906E-13
1588.56218435602  1.146735E-13
1590.00979886358  1.313683E-13
1591.45741337114  1.192528E-13
1592.9050278787  1.111104E-13
1594.35264238626  1.140756E-13
1595.80025689382  1.164322E-13
1597.24787140138  1.045537E-13
1598.69548590894  9.800932E-14
1600.1431004165  1.017251E-13
1601.59071492406  1.061574E-13
1603.03832943162  1.142628E-13
1604.48594393918  1.049475E-13
1605.93355844674  1.006177E-13
1607.3811729543  8.805186E-14
1608.82878746186  9.518622E-14
1610.27640196942  9.810773E-14
1611.72401647698  1.039381E-13
1613.17163098454  9.983964E-14
1614.6192454921  1.080659E-13
1616.06685999966  1.051601E-13
1617.51447450722  1.099687E-13
1618.96208901478  1.047566E-13
1620.40970352234  1.142535E-13
1621.8573180299  1.104297E-13
1623.30493253746  1.073890E-13
1624.75254704502  1.208525E-13
1626.20016155258  1.132308E-13
1627.64777606014  1.010173E-13
1629.0953905677  1.214065E-13
1630.54300507526  1.085812E-13
1631.99061958282  1.167574E-13
1633.43823409038  1.176701E-13
1634.88584859794  1.203329E-13
1636.3334631055  1.167039E-13
1637.78107761306  1.128979E-13
1639.22869212062  1.157761E-13
1640.67630662818  1.058790E-13
1642.12392113574  9.920951E-14
1643.5715356433  1.146233E-13
1645.01915015086  1.068154E-13
1646.46676465842  1.060712E-13
1647.91437916598  1.159397E-13
1649.36199367354  1.102185E-13
1650.8096081811  1.132954E-13
1652.25722268866  1.131357E-13
1653.70483719622  1.136260E-13
1655.15245170378  1.151096E-13
1656.60006621134  1.109666E-13
1658.0476807189  1.193409E-13
1659.49529522646  1.149707E-13
1660.94290973402  1.178958E-13
1662.39052424158  1.115061E-13
1663.83813874914  1.206490E-13
1665.2857532567  1.191114E-13
1666.73336776426  1.168229E-13
1668.18098227181  1.153733E-13
1669.62859677938  1.142803E-13
1671.07621128693  1.059953E-13
1672.52382579449  1.027259E-13
1673.97144030205  1.001590E-13
1675.41905480961  9.921283E-14
1676.86666931717  9.409833E-14
1678.31428382473  9.569653E-14
1679.76189833229  1.006913E-13
1681.20951283985  9.325409E-14
1682.65712734741  9.300095E-14
1684.10474185497  9.925349E-14
1685.55235636253  9.327135E-14
1686.99997087009  8.927400E-14
1688.44758537765  9.405168E-14
1689.89519988521  1.007395E-13
1691.34281439277  9.357266E-14
1692.79042890033  8.811075E-14
1694.23804340789  9.191552E-14
1695.68565791545  9.121166E-14
1697.13327242301  9.086338E-14
1698.58088693057  9.473078E-14
1700.02850143813  9.740615E-14
1701.47611594569  1.098414E-13
1702.92373045325  1.067532E-13
1704.37134496081  1.041776E-13
1705.81895946837  1.055273E-13
1707.26657397593  1.032506E-13
1708.71418848349  1.051413E-13
1710.16180299105  0.
1711.60941749861  0.
1713.05703200617  0.
1714.50464651373  0.
1715.95226102129  0.
1717.39987552885  0.
1718.84749003641  0.
1720.29510454397  0.
1721.74271905153  0.
1723.19033355909  0.
1724.63794806665  0.
1726.08556257421  0.
1727.53317708177  0.
1728.98079158933  0.
1730.42840609689  0.
1731.87602060445  0.
1733.32363511201  0.
1734.77124961957  0.
1736.21886412713  0.
1737.66647863469  0.
1739.11409314225  0.
1740.56170764981  0.
1742.00932215737  0.
1743.45693666493  0.
1744.90455117249  0.
1746.35216568005  0.
1747.79978018761  0.
1749.24739469517  0.
1750.69500920273  0.
1752.14262371029  0.
1753.59023821785  0.
1755.03785272541  0.
1756.48546723297  0.
1757.93308174053  0.
1759.38069624809  0.
1760.82831075565  0.
1762.27592526321  0.
1763.72353977076  0.
1765.17115427832  0.
1766.61876878588  0.
1768.06638329344  0.
1769.513997801  0.
1770.96161230856  0.
1772.40922681612  0.
1773.85684132368  0.
1775.30445583124  0.
1776.7520703388  0.
1778.19968484636  0.
1779.64729935392  0.
1781.09491386148  0.
1782.54252836904  0.
1783.9901428766  0.
1785.43775738416  0.
1786.88537189172  0.
1788.33298639928  0.
1789.78060090684  0.
1791.2282154144  0.
1792.67582992196  0.
1794.12344442952  0.
1795.57105893708  0.
1797.01867344464  0.
1798.4662879522  0.
1799.91390245976  0.
1801.36151696732  0.
1802.80913147488  0.
1804.25674598244  0.
1805.70436049  0.
1807.15197499756  0.
1808.59958950512  0.
1810.04720401268  0.
1811.49481852024  0.
1812.9424330278  0.
1814.39004753536  0.
1815.83766204292  0.
1817.28527655048  0.
1818.73289105804  0.
1820.1805055656  0.
1821.62812007316  0.
1823.07573458072  0.
1824.52334908828  0.
1825.97096359584  0.
1827.4185781034  0.
1828.86619261096  0.
1830.31380711852  0.
1831.76142162608  0.
