906.735751295338  0.
908.183365802898  0.
909.630980310458  0.
911.078594818018  0.
912.526209325578  0.
913.973823833137  0.
915.421438340697  0.
916.869052848257  0.
918.316667355817  0.
919.764281863377  0.
921.211896370937  0.
922.659510878497  0.
924.107125386056  0.
925.554739893616  0.
927.002354401176  0.
928.449968908736  0.
929.897583416296  0.
931.345197923856  0.
932.792812431415  0.
934.240426938975  0.
935.688041446535  0.
937.135655954095  0.
938.583270461655  0.
940.030884969215  0.
941.478499476774  0.
942.926113984334  0.
944.373728491894  0.
945.821342999454  0.
947.268957507014  0.
948.716572014574  0.
950.164186522133  0.
951.611801029693  0.
953.059415537253  0.
954.507030044813  0.
955.954644552373  0.
957.402259059933  0.
958.849873567493  0.
960.297488075052  0.
961.745102582612  0.
963.192717090172  0.
964.640331597732  0.
966.087946105292  0.
967.535560612852  0.
968.983175120411  0.
970.430789627971  0.
971.878404135531  0.
973.326018643091  0.
974.773633150651  0.
976.221247658211  0.
977.668862165771  0.
979.11647667333  0.
980.56409118089  0.
982.01170568845  0.
983.45932019601  0.
984.90693470357  0.
986.35454921113  0.
987.802163718689  0.
989.249778226249  0.
990.697392733809  0.
992.145007241369  0.
993.592621748929  2.160404E-13
995.040236256489  1.882033E-13
996.487850764048  1.328253E-13
997.935465271608  1.764939E-13
999.383079779168  1.694791E-13
1000.83069428673  1.687402E-13
1002.27830879429  2.097742E-13
1003.72592330185  1.547097E-13
1005.17353780941  1.608519E-13
1006.62115231697  2.413216E-13
1008.06876682453  1.827644E-13
1009.51638133209  1.954766E-13
1010.96399583965  2.321302E-13
1012.41161034721  2.189726E-13
1013.85922485477  2.398338E-13
1015.30683936233  2.266962E-13
1016.75445386989  2.476460E-13
1018.20206837745  2.594519E-13
1019.64968288501  2.206292E-13
1021.09729739257  2.166884E-13
1022.54491190013  2.389697E-13
1023.99252640769  2.554256E-13
1025.44014091525  1.870220E-13
1026.8877554228  2.177948E-13
1028.33536993037  2.337328E-13
1029.78298443792  2.429257E-13
1031.23059894548  2.461491E-13
1032.67821345304  2.675017E-13
1034.1258279606  2.754652E-13
1035.57344246816  2.556517E-13
1037.02105697572  2.491041E-13
1038.46867148328  2.441884E-13
1039.91628599084  2.018948E-13
1041.3639004984  1.668492E-13
1042.81151500596  1.833983E-13
1044.25912951352  1.797020E-13
1045.70674402108  1.540433E-13
1047.15435852864  1.271595E-13
1048.6019730362  1.444018E-13
1050.04958754376  1.604123E-13
1051.49720205132  1.343896E-13
1052.94481655888  1.071641E-13
1054.39243106644  1.187542E-13
1055.840045574  1.421842E-13
1057.28766008156  1.742647E-13
1058.73527458912  1.883348E-13
1060.18288909668  1.962154E-13
1061.63050360424  1.973478E-13
1063.0781181118  1.812175E-13
1064.52573261936  2.002949E-13
1065.97334712692  1.981010E-13
1067.42096163448  2.166386E-13
1068.86857614204  1.831553E-13
1070.3161906496  1.763612E-13
1071.76380515716  1.632457E-13
1073.21141966472  2.108742E-13
1074.65903417228  1.692570E-13
1076.10664867984  2.037813E-13
1077.5542631874  1.879200E-13
1079.00187769496  1.866849E-13
1080.44949220252  1.878808E-13
1081.89710671008  1.853774E-13
1083.34472121764  1.992047E-13
1084.7923357252  1.760794E-13
1086.23995023276  1.707208E-13
1087.68756474032  1.411469E-13
1089.13517924788  1.458671E-13
1090.58279375544  1.518997E-13
1092.030408263  1.722915E-13
1093.47802277056  1.883827E-13
1094.92563727812  1.754349E-13
1096.37325178568  1.594867E-13
1097.82086629324  1.580219E-13
1099.2684808008  1.628655E-13
1100.71609530836  1.420198E-13
1102.16370981592  1.446958E-13
1103.61132432348  1.702874E-13
1105.05893883104  1.614297E-13
1106.5065533386  1.645341E-13
1107.95416784616  1.506640E-13
1109.40178235372  1.721792E-13
1110.84939686128  1.523895E-13
1112.29701136884  1.677459E-13
1113.7446258764  1.525278E-13
1115.19224038396  1.505765E-13
1116.63985489152  1.408230E-13
1118.08746939908  1.516499E-13
1119.53508390664  1.507606E-13
1120.98269841419  1.530418E-13
1122.43031292175  1.708588E-13
1123.87792742931  1.276631E-13
1125.32554193687  1.316603E-13
1126.77315644443  1.593894E-13
1128.22077095199  1.437772E-13
1129.66838545955  1.417859E-13
1131.11599996711  1.409361E-13
1132.56361447467  1.422734E-13
1134.01122898223  1.503417E-13
1135.45884348979  1.768091E-13
1136.90645799735  1.651698E-13
1138.35407250491  1.731476E-13
1139.80168701247  1.745481E-13
1141.24930152003  1.613056E-13
1142.69691602759  1.394358E-13
1144.14453053515  1.350141E-13
1145.59214504271  1.325359E-13
1147.03975955027  1.471328E-13
1148.48737405783  1.535927E-13
1149.93498856539  1.512537E-13
1151.38260307295  1.344737E-13
1152.83021758051  1.399572E-13
1154.27783208807  1.246692E-13
1155.72544659563  1.265964E-13
1157.17306110319  1.506752E-13
1158.62067561075  1.638115E-13
1160.06829011831  1.988748E-13
1161.51590462587  1.923791E-13
1162.96351913343  1.442290E-13
1164.41113364099  1.540155E-13
1165.85874814855  1.610416E-13
1167.30636265611  1.682996E-13
1168.75397716367  1.523625E-13
1170.20159167123  1.770713E-13
1171.64920617879  1.735528E-13
1173.09682068635  1.846213E-13
1174.54443519391  1.525651E-13
1175.99204970147  1.454016E-13
1177.43966420903  1.615019E-13
1178.88727871659  1.807672E-13
1180.33489322415  1.694448E-13
1181.78250773171  1.927965E-13
1183.23012223927  1.776104E-13
1184.67773674683  1.915433E-13
1186.12535125439  2.073172E-13
1187.57296576195  1.801102E-13
1189.02058026951  1.834257E-13
1190.46819477707  2.007504E-13
1191.91580928463  1.929660E-13
1193.36342379219  2.167043E-13
1194.81103829975  2.400392E-13
1196.25865280731  2.571048E-13
1197.70626731487  2.280492E-13
1199.15388182243  2.524659E-13
1200.60149632999  2.599183E-13
1202.04911083755  2.771909E-13
1203.49672534511  2.386643E-13
1204.94433985267  2.760182E-13
1206.39195436023  3.383713E-13
1207.83956886779  4.018665E-13
1209.28718337535  4.738744E-13
1210.7347978829  4.979636E-13
1212.18241239046  6.287494E-13
1213.63002689802  6.487015E-13
1215.07764140558  6.182353E-13
1216.52525591314  5.252680E-13
1217.9728704207  6.337166E-13
1219.42048492826  5.399132E-13
1220.86809943582  4.697776E-13
1222.31571394338  4.004322E-13
1223.76332845094  3.321228E-13
1225.2109429585  3.097900E-13
1226.65855746606  3.162872E-13
1228.10617197362  2.543804E-13
1229.55378648118  2.582832E-13
1231.00140098874  2.753800E-13
1232.4490154963  2.738749E-13
1233.89663000386  2.639487E-13
1235.34424451142  2.661472E-13
1236.79185901898  2.862386E-13
1238.23947352654  2.866841E-13
1239.6870880341  2.815031E-13
1241.13470254166  2.498591E-13
1242.58231704922  2.535074E-13
1244.02993155678  2.211982E-13
1245.47754606434  2.287642E-13
1246.9251605719  2.104022E-13
1248.37277507946  2.224560E-13
1249.82038958702  2.134322E-13
1251.26800409458  1.862408E-13
1252.71561860214  1.925044E-13
1254.1632331097  1.889502E-13
1255.61084761726  1.931294E-13
1257.05846212482  2.002060E-13
1258.50607663238  2.033742E-13
1259.95369113994  2.007159E-13
1261.4013056475  1.788940E-13
1262.84892015506  1.869888E-13
1264.29653466262  1.800946E-13
1265.74414917018  1.666177E-13
1267.19176367774  1.748584E-13
1268.6393781853  1.564441E-13
1270.08699269286  1.504387E-13
1271.53460720042  1.411175E-13
1272.98222170798  1.461272E-13
1274.42983621554  1.525098E-13
1275.8774507231  1.599862E-13
1277.32506523066  1.539653E-13
1278.77267973822  1.325312E-13
1280.22029424578  1.339878E-13
1281.66790875334  1.434352E-13
1283.1155232609  1.388859E-13
1284.56313776846  1.389614E-13
1286.01075227602  1.507003E-13
1287.45836678358  1.439070E-13
1288.90598129114  1.533413E-13
1290.3535957987  1.578171E-13
1291.80121030626  1.310296E-13
1293.24882481382  1.230615E-13
1294.69643932138  1.298504E-13
1296.14405382894  1.597991E-13
1297.5916683365  1.307141E-13
1299.03928284406  1.452536E-13
1300.48689735162  1.498039E-13
1301.93451185917  1.548433E-13
1303.38212636674  1.456958E-13
1304.82974087429  1.411409E-13
1306.27735538185  1.321929E-13
1307.72496988941  1.354295E-13
1309.17258439697  1.411152E-13
1310.62019890453  1.397146E-13
1312.06781341209  1.511610E-13
1313.51542791965  1.549429E-13
1314.96304242721  1.550826E-13
1316.41065693477  1.500428E-13
1317.85827144233  1.508952E-13
1319.30588594989  1.410623E-13
1320.75350045745  1.531792E-13
1322.20111496501  1.311857E-13
1323.64872947257  1.361246E-13
1325.09634398013  1.508981E-13
1326.54395848769  1.374953E-13
1327.99157299525  1.465171E-13
1329.43918750281  1.459205E-13
1330.88680201037  1.646532E-13
1332.33441651793  1.500879E-13
1333.78203102549  1.639652E-13
1335.22964553305  1.424572E-13
1336.67726004061  1.444389E-13
1338.12487454817  1.182187E-13
1339.57248905573  1.164461E-13
1341.02010356329  1.298432E-13
1342.46771807085  1.216356E-13
1343.91533257841  1.289640E-13
1345.36294708597  1.161619E-13
1346.81056159353  1.370793E-13
1348.25817610109  1.478331E-13
1349.70579060865  1.452819E-13
1351.15340511621  1.500836E-13
1352.60101962377  1.538277E-13
1354.04863413133  1.694663E-13
1355.49624863889  1.399452E-13
1356.94386314645  1.176566E-13
1358.39147765401  1.339289E-13
1359.83909216157  1.298158E-13
1361.28670666913  1.286668E-13
1362.73432117669  1.360876E-13
1364.18193568425  1.419722E-13
1365.62955019181  1.369334E-13
1367.07716469937  1.231052E-13
1368.52477920693  1.256174E-13
1369.97239371449  1.452352E-13
1371.42000822205  1.400024E-13
1372.86762272961  1.525013E-13
1374.31523723717  1.456001E-13
1375.76285174473  1.425116E-13
1377.21046625229  1.328506E-13
1378.65808075985  1.404390E-13
1380.10569526741  1.441657E-13
1381.55330977497  1.305797E-13
1383.00092428253  1.484790E-13
1384.44853879009  1.512711E-13
1385.89615329765  1.388765E-13
1387.34376780521  1.558962E-13
1388.79138231277  1.829637E-13
1390.23899682033  1.757993E-13
1391.68661132789  1.576235E-13
1393.13422583545  1.572263E-13
1394.581840343  1.405351E-13
1396.02945485057  1.576910E-13
1397.47706935812  1.830108E-13
1398.92468386568  1.793018E-13
1400.37229837324  1.673685E-13
1401.8199128808  1.490804E-13
1403.26752738836  1.566027E-13
1404.71514189592  1.419906E-13
1406.16275640348  1.303579E-13
1407.61037091104  1.305362E-13
1409.0579854186  1.405725E-13
1410.50559992616  1.547942E-13
1411.95321443372  1.511053E-13
1413.40082894128  1.574324E-13
1414.84844344884  1.445358E-13
1416.2960579564  1.472647E-13
1417.74367246396  1.514309E-13
1419.19128697152  1.638470E-13
1420.63890147908  1.477423E-13
1422.08651598664  1.372605E-13
1423.5341304942  1.367191E-13
1424.98174500176  1.280949E-13
1426.42935950932  1.207787E-13
1427.87697401688  1.252190E-13
1429.32458852444  1.216209E-13
1430.772203032  1.244920E-13
1432.21981753956  1.462817E-13
1433.66743204712  1.453768E-13
1435.11504655468  1.527466E-13
1436.56266106224  1.316354E-13
1438.0102755698  1.520863E-13
1439.45789007736  1.385231E-13
1440.90550458492  1.146743E-13
1442.35311909248  1.349637E-13
1443.80073360004  1.296417E-13
1445.2483481076  1.302930E-13
1446.69596261516  1.403400E-13
1448.14357712272  1.367468E-13
1449.59119163028  1.526269E-13
1451.03880613784  1.308173E-13
1452.4864206454  1.280250E-13
1453.93403515296  1.488110E-13
1455.38164966052  1.515676E-13
1456.82926416808  1.296844E-13
1458.27687867564  1.485887E-13
1459.7244931832  1.426179E-13
1461.17210769076  1.515337E-13
1462.61972219832  1.447846E-13
1464.06733670588  1.471996E-13
1465.51495121344  1.426285E-13
1466.962565721  1.465946E-13
1468.41018022856  1.586352E-13
1469.85779473612  1.487240E-13
1471.30540924368  1.567444E-13
1472.75302375124  1.419449E-13
1474.2006382588  1.515488E-13
1475.64825276636  1.387232E-13
1477.09586727392  1.489821E-13
1478.54348178148  1.407908E-13
1479.99109628904  1.478610E-13
1481.4387107966  1.571895E-13
1482.88632530416  1.499280E-13
1484.33393981172  1.437055E-13
1485.78155431928  1.348355E-13
1487.22916882683  1.278222E-13
1488.67678333439  1.388203E-13
1490.12439784195  1.361982E-13
1491.57201234951  1.329385E-13
1493.01962685707  1.486333E-13
1494.46724136463  1.264013E-13
1495.91485587219  1.369782E-13
1497.36247037975  1.311430E-13
1498.81008488731  1.302476E-13
1500.25769939487  1.504257E-13
1501.70531390243  1.545563E-13
1503.15292840999  1.572185E-13
1504.60054291755  1.478688E-13
1506.04815742511  1.481895E-13
1507.49577193267  1.702528E-13
1508.94338644023  1.747311E-13
1510.39100094779  1.496815E-13
1511.83861545535  1.506172E-13
1513.28622996291  1.530140E-13
1514.73384447047  1.575103E-13
1516.18145897803  1.522132E-13
1517.62907348559  1.524869E-13
1519.07668799315  1.591625E-13
1520.52430250071  1.671420E-13
1521.97191700827  1.642823E-13
1523.41953151583  1.536233E-13
1524.86714602339  1.676211E-13
1526.31476053095  1.669822E-13
1527.76237503851  1.683927E-13
1529.20998954607  1.596160E-13
1530.65760405363  1.711723E-13
1532.10521856119  1.696864E-13
1533.55283306875  1.940790E-13
1535.00044757631  2.005590E-13
1536.44806208387  2.117391E-13
1537.89567659143  2.335746E-13
1539.34329109899  2.423134E-13
1540.79090560655  2.707876E-13
1542.23852011411  2.721517E-13
1543.68613462167  2.853862E-13
1545.13374912923  2.939105E-13
1546.58136363679  2.957488E-13
1548.02897814435  2.848526E-13
1549.47659265191  2.866306E-13
1550.92420715947  2.650155E-13
1552.37182166703  2.393094E-13
1553.81943617459  2.415081E-13
1555.26705068215  2.386371E-13
1556.71466518971  2.213402E-13
1558.16227969727  2.100309E-13
1559.60989420483  2.054813E-13
1561.05750871239  2.026636E-13
1562.50512321995  1.872353E-13
1563.95273772751  1.737930E-13
1565.40035223507  1.787904E-13
1566.84796674263  1.757020E-13
1568.29558125019  1.736468E-13
1569.74319575775  1.503694E-13
1571.19081026531  1.543013E-13
1572.63842477287  1.437299E-13
1574.08603928043  1.482141E-13
1575.53365378799  1.535579E-13
1576.98126829555  1.546640E-13
1578.4288828031  1.407569E-13
1579.87649731066  1.510416E-13
1581.32411181822  1.646329E-13
1582.77172632578  1.584382E-13
1584.21934083334  1.568023E-13
1585.6669553409  1.435487E-13
1587.11456984846  1.436905E-13
1588.56218435602  1.469242E-13
1590.00979886358  1.586908E-13
1591.45741337114  1.513779E-13
1592.9050278787  1.520279E-13
1594.35264238626  1.500894E-13
1595.80025689382  1.528145E-13
1597.24787140138  1.383371E-13
1598.69548590894  1.345752E-13
1600.1431004165  1.350583E-13
1601.59071492406  1.395424E-13
1603.03832943162  1.499409E-13
1604.48594393918  1.515657E-13
1605.93355844674  1.487423E-13
1607.3811729543  1.462082E-13
1608.82878746186  1.320532E-13
1610.27640196942  1.376334E-13
1611.72401647698  1.395009E-13
1613.17163098454  1.433114E-13
1614.6192454921  1.463216E-13
1616.06685999966  1.527358E-13
1617.51447450722  1.606006E-13
1618.96208901478  1.525178E-13
1620.40970352234  1.481483E-13
1621.8573180299  1.572220E-13
1623.30493253746  1.590162E-13
1624.75254704502  1.589381E-13
1626.20016155258  1.568698E-13
1627.64777606014  1.593661E-13
1629.0953905677  1.611981E-13
1630.54300507526  1.539527E-13
1631.99061958282  1.758281E-13
1633.43823409038  1.726459E-13
1634.88584859794  1.653999E-13
1636.3334631055  1.618682E-13
1637.78107761306  1.562274E-13
1639.22869212062  1.550266E-13
1640.67630662818  1.577433E-13
1642.12392113574  1.430159E-13
1643.5715356433  1.473487E-13
1645.01915015086  1.484933E-13
1646.46676465842  1.501853E-13
1647.91437916598  1.510531E-13
1649.36199367354  1.521586E-13
1650.8096081811  1.513643E-13
1652.25722268866  1.495296E-13
1653.70483719622  1.445114E-13
1655.15245170378  1.340856E-13
1656.60006621134  1.392613E-13
1658.0476807189  1.466223E-13
1659.49529522646  1.401321E-13
1660.94290973402  1.413467E-13
1662.39052424158  1.528607E-13
1663.83813874914  1.493860E-13
1665.2857532567  1.486033E-13
1666.73336776426  1.559824E-13
1668.18098227181  1.490753E-13
1669.62859677938  1.435655E-13
1671.07621128693  1.413870E-13
1672.52382579449  1.413766E-13
1673.97144030205  1.398597E-13
1675.41905480961  1.460087E-13
1676.86666931717  1.464130E-13
1678.31428382473  1.421700E-13
1679.76189833229  1.361615E-13
1681.20951283985  1.389356E-13
1682.65712734741  1.527699E-13
1684.10474185497  1.846129E-13
1685.55235636253  1.658797E-13
1686.99997087009  1.535108E-13
1688.44758537765  1.466447E-13
1689.89519988521  1.481168E-13
1691.34281439277  1.452264E-13
1692.79042890033  1.417617E-13
1694.23804340789  1.371051E-13
1695.68565791545  1.342938E-13
1697.13327242301  1.271382E-13
1698.58088693057  1.335069E-13
1700.02850143813  1.357256E-13
1701.47611594569  1.419950E-13
1702.92373045325  1.550286E-13
1704.37134496081  1.550975E-13
1705.81895946837  1.402407E-13
1707.26657397593  1.454777E-13
1708.71418848349  1.473744E-13
1710.16180299105  0.
1711.60941749861  0.
1713.05703200617  0.
1714.50464651373  0.
1715.95226102129  0.
1717.39987552885  0.
1718.84749003641  0.
1720.29510454397  0.
1721.74271905153  0.
1723.19033355909  0.
1724.63794806665  0.
1726.08556257421  0.
1727.53317708177  0.
1728.98079158933  0.
1730.42840609689  0.
1731.87602060445  0.
1733.32363511201  0.
1734.77124961957  0.
1736.21886412713  0.
1737.66647863469  0.
1739.11409314225  0.
1740.56170764981  0.
1742.00932215737  0.
1743.45693666493  0.
1744.90455117249  0.
1746.35216568005  0.
1747.79978018761  0.
1749.24739469517  0.
1750.69500920273  0.
1752.14262371029  0.
1753.59023821785  0.
1755.03785272541  0.
1756.48546723297  0.
1757.93308174053  0.
1759.38069624809  0.
1760.82831075565  0.
1762.27592526321  0.
1763.72353977076  0.
1765.17115427832  0.
1766.61876878588  0.
1768.06638329344  0.
1769.513997801  0.
1770.96161230856  0.
1772.40922681612  0.
1773.85684132368  0.
1775.30445583124  0.
1776.7520703388  0.
1778.19968484636  0.
1779.64729935392  0.
1781.09491386148  0.
1782.54252836904  0.
1783.9901428766  0.
1785.43775738416  0.
1786.88537189172  0.
1788.33298639928  0.
1789.78060090684  0.
1791.2282154144  0.
1792.67582992196  0.
1794.12344442952  0.
1795.57105893708  0.
1797.01867344464  0.
1798.4662879522  0.
1799.91390245976  0.
1801.36151696732  0.
1802.80913147488  0.
1804.25674598244  0.
1805.70436049  0.
1807.15197499756  0.
1808.59958950512  0.
1810.04720401268  0.
1811.49481852024  0.
1812.9424330278  0.
1814.39004753536  0.
1815.83766204292  0.
1817.28527655048  0.
1818.73289105804  0.
1820.1805055656  0.
1821.62812007316  0.
1823.07573458072  0.
1824.52334908828  0.
1825.97096359584  0.
1827.4185781034  0.
1828.86619261096  0.
1830.31380711852  0.
1831.76142162608  0.
