906.735751295338  0.
908.183365802898  0.
909.630980310458  0.
911.078594818018  0.
912.526209325578  0.
913.973823833137  0.
915.421438340697  0.
916.869052848257  0.
918.316667355817  0.
919.764281863377  0.
921.211896370937  0.
922.659510878497  0.
924.107125386056  0.
925.554739893616  0.
927.002354401176  0.
928.449968908736  0.
929.897583416296  0.
931.345197923856  0.
932.792812431415  0.
934.240426938975  0.
935.688041446535  0.
937.135655954095  0.
938.583270461655  0.
940.030884969215  0.
941.478499476774  0.
942.926113984334  0.
944.373728491894  0.
945.821342999454  0.
947.268957507014  0.
948.716572014574  0.
950.164186522133  0.
951.611801029693  0.
953.059415537253  0.
954.507030044813  0.
955.954644552373  0.
957.402259059933  0.
958.849873567493  0.
960.297488075052  0.
961.745102582612  0.
963.192717090172  0.
964.640331597732  0.
966.087946105292  0.
967.535560612852  0.
968.983175120411  0.
970.430789627971  0.
971.878404135531  0.
973.326018643091  0.
974.773633150651  0.
976.221247658211  0.
977.668862165771  0.
979.11647667333  0.
980.56409118089  0.
982.01170568845  0.
983.45932019601  0.
984.90693470357  0.
986.35454921113  0.
987.802163718689  0.
989.249778226249  0.
990.697392733809  0.
992.145007241369  0.
993.592621748929  1.472373E-13
995.040236256489  1.020458E-13
996.487850764048  8.794147E-14
997.935465271608  1.209925E-13
999.383079779168  1.399623E-13
1000.83069428673  1.663776E-13
1002.27830879429  1.867187E-13
1003.72592330185  9.219765E-14
1005.17353780941  8.867488E-14
1006.62115231697  1.326787E-13
1008.06876682453  1.171780E-13
1009.51638133209  1.460770E-13
1010.96399583965  1.553843E-13
1012.41161034721  1.441043E-13
1013.85922485477  1.405788E-13
1015.30683936233  1.350108E-13
1016.75445386989  1.574816E-13
1018.20206837745  1.536274E-13
1019.64968288501  1.576725E-13
1021.09729739257  1.410752E-13
1022.54491190013  1.360371E-13
1023.99252640769  1.473397E-13
1025.44014091525  1.613848E-13
1026.8877554228  1.601167E-13
1028.33536993037  1.553255E-13
1029.78298443792  1.363503E-13
1031.23059894548  1.460388E-13
1032.67821345304  1.495662E-13
1034.1258279606  1.656718E-13
1035.57344246816  1.443288E-13
1037.02105697572  1.296259E-13
1038.46867148328  1.369617E-13
1039.91628599084  1.229756E-13
1041.3639004984  1.223698E-13
1042.81151500596  1.311922E-13
1044.25912951352  9.139904E-14
1045.70674402108  9.727407E-14
1047.15435852864  9.910479E-14
1048.6019730362  7.227411E-14
1050.04958754376  9.139987E-14
1051.49720205132  7.335145E-14
1052.94481655888  4.431840E-14
1054.39243106644  7.302333E-14
1055.840045574  9.301057E-14
1057.28766008156  1.039236E-13
1058.73527458912  1.244719E-13
1060.18288909668  1.164578E-13
1061.63050360424  1.300963E-13
1063.0781181118  1.256017E-13
1064.52573261936  1.479493E-13
1065.97334712692  1.291247E-13
1067.42096163448  1.213569E-13
1068.86857614204  1.153061E-13
1070.3161906496  9.899872E-14
1071.76380515716  1.071264E-13
1073.21141966472  1.273276E-13
1074.65903417228  1.149360E-13
1076.10664867984  1.088438E-13
1077.5542631874  1.122228E-13
1079.00187769496  1.100680E-13
1080.44949220252  1.015119E-13
1081.89710671008  9.238653E-14
1083.34472121764  1.079163E-13
1084.7923357252  1.091164E-13
1086.23995023276  1.137158E-13
1087.68756474032  8.583732E-14
1089.13517924788  8.119575E-14
1090.58279375544  9.613140E-14
1092.030408263  1.146019E-13
1093.47802277056  1.185487E-13
1094.92563727812  9.635105E-14
1096.37325178568  9.889173E-14
1097.82086629324  9.076508E-14
1099.2684808008  8.778425E-14
1100.71609530836  8.643557E-14
1102.16370981592  8.863966E-14
1103.61132432348  1.091699E-13
1105.05893883104  1.191552E-13
1106.5065533386  1.111244E-13
1107.95416784616  9.700821E-14
1109.40178235372  1.121284E-13
1110.84939686128  9.208143E-14
1112.29701136884  1.069634E-13
1113.7446258764  9.826561E-14
1115.19224038396  9.360926E-14
1116.63985489152  7.989512E-14
1118.08746939908  8.271649E-14
1119.53508390664  9.384383E-14
1120.98269841419  8.707020E-14
1122.43031292175  9.744125E-14
1123.87792742931  8.835960E-14
1125.32554193687  7.290963E-14
1126.77315644443  1.001466E-13
1128.22077095199  9.585924E-14
1129.66838545955  9.725829E-14
1131.11599996711  9.450313E-14
1132.56361447467  1.098040E-13
1134.01122898223  1.028976E-13
1135.45884348979  8.969184E-14
1136.90645799735  8.919342E-14
1138.35407250491  1.042674E-13
1139.80168701247  1.083000E-13
1141.24930152003  1.022509E-13
1142.69691602759  9.708876E-14
1144.14453053515  8.392116E-14
1145.59214504271  8.947584E-14
1147.03975955027  9.646601E-14
1148.48737405783  1.074735E-13
1149.93498856539  1.117615E-13
1151.38260307295  1.092313E-13
1152.83021758051  8.982289E-14
1154.27783208807  8.811497E-14
1155.72544659563  1.088767E-13
1157.17306110319  8.889623E-14
1158.62067561075  1.039230E-13
1160.06829011831  1.160295E-13
1161.51590462587  1.132430E-13
1162.96351913343  1.078597E-13
1164.41113364099  9.078305E-14
1165.85874814855  9.408049E-14
1167.30636265611  1.141604E-13
1168.75397716367  9.947267E-14
1170.20159167123  1.059899E-13
1171.64920617879  1.104399E-13
1173.09682068635  1.447932E-13
1174.54443519391  1.116255E-13
1175.99204970147  1.206497E-13
1177.43966420903  1.067483E-13
1178.88727871659  1.015352E-13
1180.33489322415  1.274229E-13
1181.78250773171  1.235901E-13
1183.23012223927  1.176123E-13
1184.67773674683  1.106554E-13
1186.12535125439  1.186175E-13
1187.57296576195  1.392532E-13
1189.02058026951  1.206431E-13
1190.46819477707  1.269579E-13
1191.91580928463  1.343620E-13
1193.36342379219  1.757059E-13
1194.81103829975  1.514567E-13
1196.25865280731  1.405516E-13
1197.70626731487  1.460166E-13
1199.15388182243  1.343822E-13
1200.60149632999  1.640838E-13
1202.04911083755  1.534683E-13
1203.49672534511  1.552377E-13
1204.94433985267  2.152475E-13
1206.39195436023  1.826807E-13
1207.83956886779  2.512032E-13
1209.28718337535  2.633512E-13
1210.7347978829  3.114453E-13
1212.18241239046  3.415925E-13
1213.63002689802  3.468357E-13
1215.07764140558  3.420551E-13
1216.52525591314  3.179068E-13
1217.9728704207  3.645251E-13
1219.42048492826  3.216404E-13
1220.86809943582  2.924172E-13
1222.31571394338  2.198866E-13
1223.76332845094  2.160989E-13
1225.2109429585  2.067383E-13
1226.65855746606  1.778674E-13
1228.10617197362  1.749971E-13
1229.55378648118  1.468782E-13
1231.00140098874  1.634923E-13
1232.4490154963  1.706698E-13
1233.89663000386  1.697326E-13
1235.34424451142  1.622628E-13
1236.79185901898  1.844925E-13
1238.23947352654  1.751348E-13
1239.6870880341  1.487951E-13
1241.13470254166  1.564886E-13
1242.58231704922  1.653175E-13
1244.02993155678  1.381208E-13
1245.47754606434  1.396095E-13
1246.9251605719  1.658608E-13
1248.37277507946  1.469424E-13
1249.82038958702  1.452733E-13
1251.26800409458  1.214208E-13
1252.71561860214  1.156230E-13
1254.1632331097  1.053882E-13
1255.61084761726  1.023852E-13
1257.05846212482  9.908356E-14
1258.50607663238  1.169556E-13
1259.95369113994  1.222045E-13
1261.4013056475  1.109604E-13
1262.84892015506  1.181119E-13
1264.29653466262  1.030551E-13
1265.74414917018  1.228050E-13
1267.19176367774  1.144555E-13
1268.6393781853  9.965063E-14
1270.08699269286  1.127642E-13
1271.53460720042  1.098074E-13
1272.98222170798  9.511248E-14
1274.42983621554  1.018299E-13
1275.8774507231  9.423763E-14
1277.32506523066  1.001974E-13
1278.77267973822  1.071623E-13
1280.22029424578  1.013131E-13
1281.66790875334  1.002392E-13
1283.1155232609  1.011914E-13
1284.56313776846  1.000534E-13
1286.01075227602  9.834250E-14
1287.45836678358  9.321215E-14
1288.90598129114  8.217954E-14
1290.3535957987  8.526487E-14
1291.80121030626  9.021108E-14
1293.24882481382  9.962699E-14
1294.69643932138  1.084766E-13
1296.14405382894  9.533111E-14
1297.5916683365  9.616288E-14
1299.03928284406  8.394705E-14
1300.48689735162  8.636571E-14
1301.93451185917  9.943602E-14
1303.38212636674  1.044739E-13
1304.82974087429  1.070078E-13
1306.27735538185  1.062198E-13
1307.72496988941  1.096888E-13
1309.17258439697  1.039761E-13
1310.62019890453  8.369676E-14
1312.06781341209  9.018268E-14
1313.51542791965  8.913167E-14
1314.96304242721  8.566743E-14
1316.41065693477  9.276753E-14
1317.85827144233  9.070916E-14
1319.30588594989  7.721241E-14
1320.75350045745  7.669373E-14
1322.20111496501  1.015409E-13
1323.64872947257  9.800696E-14
1325.09634398013  8.602906E-14
1326.54395848769  1.003249E-13
1327.99157299525  1.041879E-13
1329.43918750281  1.043298E-13
1330.88680201037  1.038712E-13
1332.33441651793  8.689421E-14
1333.78203102549  8.788035E-14
1335.22964553305  8.184174E-14
1336.67726004061  6.947483E-14
1338.12487454817  7.473172E-14
1339.57248905573  6.479127E-14
1341.02010356329  8.528637E-14
1342.46771807085  8.794705E-14
1343.91533257841  9.115615E-14
1345.36294708597  7.590885E-14
1346.81056159353  8.294093E-14
1348.25817610109  8.893236E-14
1349.70579060865  9.290399E-14
1351.15340511621  1.076184E-13
1352.60101962377  9.957048E-14
1354.04863413133  8.564828E-14
1355.49624863889  9.664487E-14
1356.94386314645  8.642159E-14
1358.39147765401  9.036834E-14
1359.83909216157  8.175710E-14
1361.28670666913  8.606914E-14
1362.73432117669  8.364716E-14
1364.18193568425  7.841931E-14
1365.62955019181  8.288911E-14
1367.07716469937  6.411737E-14
1368.52477920693  5.857358E-14
1369.97239371449  8.381237E-14
1371.42000822205  8.346516E-14
1372.86762272961  9.404275E-14
1374.31523723717  9.327744E-14
1375.76285174473  8.186403E-14
1377.21046625229  8.137660E-14
1378.65808075985  8.946138E-14
1380.10569526741  9.248700E-14
1381.55330977497  8.071874E-14
1383.00092428253  8.330482E-14
1384.44853879009  8.268927E-14
1385.89615329765  9.521560E-14
1387.34376780521  8.982118E-14
1388.79138231277  1.017459E-13
1390.23899682033  8.413229E-14
1391.68661132789  8.908802E-14
1393.13422583545  9.527277E-14
1394.581840343  9.854179E-14
1396.02945485057  9.471098E-14
1397.47706935812  1.007776E-13
1398.92468386568  1.008390E-13
1400.37229837324  1.120572E-13
1401.8199128808  1.038605E-13
1403.26752738836  1.098512E-13
1404.71514189592  8.149708E-14
1406.16275640348  8.923654E-14
1407.61037091104  9.558658E-14
1409.0579854186  7.896797E-14
1410.50559992616  7.569746E-14
1411.95321443372  7.686245E-14
1413.40082894128  7.104204E-14
1414.84844344884  7.239468E-14
1416.2960579564  9.384348E-14
1417.74367246396  8.261934E-14
1419.19128697152  9.008922E-14
1420.63890147908  8.451673E-14
1422.08651598664  7.096452E-14
1423.5341304942  7.393862E-14
1424.98174500176  8.246095E-14
1426.42935950932  8.303294E-14
1427.87697401688  7.639159E-14
1429.32458852444  8.446579E-14
1430.772203032  8.876838E-14
1432.21981753956  8.381254E-14
1433.66743204712  8.060310E-14
1435.11504655468  8.855482E-14
1436.56266106224  6.756556E-14
1438.0102755698  7.269714E-14
1439.45789007736  7.429926E-14
1440.90550458492  6.871129E-14
1442.35311909248  7.219773E-14
1443.80073360004  6.070392E-14
1445.2483481076  6.693782E-14
1446.69596261516  7.257180E-14
1448.14357712272  6.402089E-14
1449.59119163028  7.722887E-14
1451.03880613784  8.182135E-14
1452.4864206454  6.961903E-14
1453.93403515296  6.169459E-14
1455.38164966052  7.295336E-14
1456.82926416808  8.053011E-14
1458.27687867564  8.430587E-14
1459.7244931832  7.299679E-14
1461.17210769076  8.377077E-14
1462.61972219832  8.848604E-14
1464.06733670588  8.014942E-14
1465.51495121344  8.363518E-14
1466.962565721  8.062793E-14
1468.41018022856  6.673654E-14
1469.85779473612  7.749424E-14
1471.30540924368  9.274339E-14
1472.75302375124  7.052928E-14
1474.2006382588  7.379766E-14
1475.64825276636  6.590370E-14
1477.09586727392  7.633817E-14
1478.54348178148  7.467306E-14
1479.99109628904  7.613424E-14
1481.4387107966  7.407803E-14
1482.88632530416  8.777330E-14
1484.33393981172  8.521017E-14
1485.78155431928  7.614780E-14
1487.22916882683  7.499052E-14
1488.67678333439  6.826761E-14
1490.12439784195  7.224232E-14
1491.57201234951  7.093560E-14
1493.01962685707  7.700076E-14
1494.46724136463  7.612838E-14
1495.91485587219  7.436344E-14
1497.36247037975  7.305492E-14
1498.81008488731  8.119825E-14
1500.25769939487  9.097963E-14
1501.70531390243  8.835868E-14
1503.15292840999  8.309374E-14
1504.60054291755  7.021633E-14
1506.04815742511  7.764931E-14
1507.49577193267  7.903818E-14
1508.94338644023  8.178263E-14
1510.39100094779  7.883676E-14
1511.83861545535  8.218778E-14
1513.28622996291  8.857699E-14
1514.73384447047  8.583014E-14
1516.18145897803  8.087527E-14
1517.62907348559  8.057183E-14
1519.07668799315  8.160736E-14
1520.52430250071  9.549985E-14
1521.97191700827  8.722979E-14
1523.41953151583  8.971634E-14
1524.86714602339  9.503937E-14
1526.31476053095  9.881550E-14
1527.76237503851  9.683387E-14
1529.20998954607  9.989140E-14
1530.65760405363  9.832939E-14
1532.10521856119  9.414518E-14
1533.55283306875  1.006805E-13
1535.00044757631  1.118066E-13
1536.44806208387  1.116585E-13
1537.89567659143  1.311763E-13
1539.34329109899  1.455120E-13
1540.79090560655  1.491302E-13
1542.23852011411  1.498974E-13
1543.68613462167  1.578058E-13
1545.13374912923  1.713266E-13
1546.58136363679  1.576557E-13
1548.02897814435  1.630391E-13
1549.47659265191  1.579138E-13
1550.92420715947  1.572045E-13
1552.37182166703  1.444187E-13
1553.81943617459  1.444202E-13
1555.26705068215  1.327971E-13
1556.71466518971  1.229230E-13
1558.16227969727  1.203555E-13
1559.60989420483  1.072352E-13
1561.05750871239  1.102751E-13
1562.50512321995  1.037153E-13
1563.95273772751  9.616062E-14
1565.40035223507  9.846053E-14
1566.84796674263  9.312997E-14
1568.29558125019  9.138123E-14
1569.74319575775  8.558864E-14
1571.19081026531  7.986387E-14
1572.63842477287  7.593258E-14
1574.08603928043  8.010560E-14
1575.53365378799  7.745894E-14
1576.98126829555  7.724928E-14
1578.4288828031  7.689072E-14
1579.87649731066  7.709460E-14
1581.32411181822  7.623390E-14
1582.77172632578  8.324813E-14
1584.21934083334  7.671159E-14
1585.6669553409  7.231967E-14
1587.11456984846  7.262741E-14
1588.56218435602  6.987472E-14
1590.00979886358  8.277814E-14
1591.45741337114  9.001295E-14
1592.9050278787  8.521228E-14
1594.35264238626  8.674522E-14
1595.80025689382  9.000906E-14
1597.24787140138  8.132162E-14
1598.69548590894  7.643214E-14
1600.1431004165  7.396226E-14
1601.59071492406  7.857480E-14
1603.03832943162  7.691550E-14
1604.48594393918  7.330256E-14
1605.93355844674  8.035535E-14
1607.3811729543  7.973671E-14
1608.82878746186  7.691761E-14
1610.27640196942  7.564437E-14
1611.72401647698  7.453981E-14
1613.17163098454  7.341312E-14
1614.6192454921  7.889303E-14
1616.06685999966  8.299620E-14
1617.51447450722  8.327963E-14
1618.96208901478  8.400292E-14
1620.40970352234  8.465785E-14
1621.8573180299  8.139670E-14
1623.30493253746  8.377206E-14
1624.75254704502  9.005658E-14
1626.20016155258  8.616555E-14
1627.64777606014  7.699676E-14
1629.0953905677  7.666377E-14
1630.54300507526  8.245980E-14
1631.99061958282  9.081883E-14
1633.43823409038  8.639998E-14
1634.88584859794  8.957165E-14
1636.3334631055  8.798996E-14
1637.78107761306  8.036994E-14
1639.22869212062  7.879707E-14
1640.67630662818  8.404365E-14
1642.12392113574  7.785719E-14
1643.5715356433  7.304831E-14
1645.01915015086  7.498052E-14
1646.46676465842  7.968407E-14
1647.91437916598  8.501776E-14
1649.36199367354  8.808599E-14
1650.8096081811  8.918789E-14
1652.25722268866  8.033264E-14
1653.70483719622  7.383587E-14
1655.15245170378  7.597923E-14
1656.60006621134  8.239312E-14
1658.0476807189  7.988580E-14
1659.49529522646  7.693803E-14
1660.94290973402  7.522563E-14
1662.39052424158  7.506229E-14
1663.83813874914  8.003622E-14
1665.2857532567  8.262771E-14
1666.73336776426  8.812556E-14
1668.18098227181  8.468784E-14
1669.62859677938  7.903274E-14
1671.07621128693  7.801453E-14
1672.52382579449  7.262354E-14
1673.97144030205  7.060154E-14
1675.41905480961  7.581622E-14
1676.86666931717  7.474649E-14
1678.31428382473  7.614284E-14
1679.76189833229  6.791301E-14
1681.20951283985  6.907527E-14
1682.65712734741  7.567264E-14
1684.10474185497  7.740012E-14
1685.55235636253  7.463690E-14
1686.99997087009  7.290988E-14
1688.44758537765  7.279014E-14
1689.89519988521  7.560832E-14
1691.34281439277  7.550963E-14
1692.79042890033  7.868194E-14
1694.23804340789  7.418321E-14
1695.68565791545  6.786421E-14
1697.13327242301  7.049897E-14
1698.58088693057  6.638002E-14
1700.02850143813  6.357024E-14
1701.47611594569  6.946650E-14
1702.92373045325  7.588870E-14
1704.37134496081  7.815273E-14
1705.81895946837  7.069178E-14
1707.26657397593  7.495437E-14
1708.71418848349  7.355157E-14
1710.16180299105  0.
1711.60941749861  0.
1713.05703200617  0.
1714.50464651373  0.
1715.95226102129  0.
1717.39987552885  0.
1718.84749003641  0.
1720.29510454397  0.
1721.74271905153  0.
1723.19033355909  0.
1724.63794806665  0.
1726.08556257421  0.
1727.53317708177  0.
1728.98079158933  0.
1730.42840609689  0.
1731.87602060445  0.
1733.32363511201  0.
1734.77124961957  0.
1736.21886412713  0.
1737.66647863469  0.
1739.11409314225  0.
1740.56170764981  0.
1742.00932215737  0.
1743.45693666493  0.
1744.90455117249  0.
1746.35216568005  0.
1747.79978018761  0.
1749.24739469517  0.
1750.69500920273  0.
1752.14262371029  0.
1753.59023821785  0.
1755.03785272541  0.
1756.48546723297  0.
1757.93308174053  0.
1759.38069624809  0.
1760.82831075565  0.
1762.27592526321  0.
1763.72353977076  0.
1765.17115427832  0.
1766.61876878588  0.
1768.06638329344  0.
1769.513997801  0.
1770.96161230856  0.
1772.40922681612  0.
1773.85684132368  0.
1775.30445583124  0.
1776.7520703388  0.
1778.19968484636  0.
1779.64729935392  0.
1781.09491386148  0.
1782.54252836904  0.
1783.9901428766  0.
1785.43775738416  0.
1786.88537189172  0.
1788.33298639928  0.
1789.78060090684  0.
1791.2282154144  0.
1792.67582992196  0.
1794.12344442952  0.
1795.57105893708  0.
1797.01867344464  0.
1798.4662879522  0.
1799.91390245976  0.
1801.36151696732  0.
1802.80913147488  0.
1804.25674598244  0.
1805.70436049  0.
1807.15197499756  0.
1808.59958950512  0.
1810.04720401268  0.
1811.49481852024  0.
1812.9424330278  0.
1814.39004753536  0.
1815.83766204292  0.
1817.28527655048  0.
1818.73289105804  0.
1820.1805055656  0.
1821.62812007316  0.
1823.07573458072  0.
1824.52334908828  0.
1825.97096359584  0.
1827.4185781034  0.
1828.86619261096  0.
1830.31380711852  0.
1831.76142162608  0.
