906.735751295338  0.
908.183365802898  0.
909.630980310458  0.
911.078594818018  0.
912.526209325578  0.
913.973823833137  0.
915.421438340697  0.
916.869052848257  0.
918.316667355817  0.
919.764281863377  0.
921.211896370937  0.
922.659510878497  0.
924.107125386056  0.
925.554739893616  0.
927.002354401176  0.
928.449968908736  0.
929.897583416296  0.
931.345197923856  0.
932.792812431415  0.
934.240426938975  0.
935.688041446535  0.
937.135655954095  0.
938.583270461655  0.
940.030884969215  0.
941.478499476774  0.
942.926113984334  0.
944.373728491894  0.
945.821342999454  0.
947.268957507014  0.
948.716572014574  0.
950.164186522133  0.
951.611801029693  0.
953.059415537253  0.
954.507030044813  0.
955.954644552373  0.
957.402259059933  0.
958.849873567493  0.
960.297488075052  0.
961.745102582612  0.
963.192717090172  0.
964.640331597732  0.
966.087946105292  0.
967.535560612852  0.
968.983175120411  0.
970.430789627971  0.
971.878404135531  0.
973.326018643091  0.
974.773633150651  0.
976.221247658211  0.
977.668862165771  0.
979.11647667333  0.
980.56409118089  0.
982.01170568845  0.
983.45932019601  0.
984.90693470357  0.
986.35454921113  0.
987.802163718689  0.
989.249778226249  0.
990.697392733809  0.
992.145007241369  0.
993.592621748929  3.449206E-13
995.040236256489  4.495113E-13
996.487850764048  5.353312E-13
997.935465271608  3.660953E-13
999.383079779168  6.170644E-13
1000.83069428673  4.979127E-13
1002.27830879429  4.908387E-13
1003.72592330185  6.641263E-13
1005.17353780941  7.731256E-13
1006.62115231697  6.780522E-13
1008.06876682453  5.141252E-13
1009.51638133209  5.743606E-13
1010.96399583965  5.759040E-13
1012.41161034721  4.717209E-13
1013.85922485477  3.614597E-13
1015.30683936233  4.285762E-13
1016.75445386989  4.271035E-13
1018.20206837745  4.019227E-13
1019.64968288501  4.652884E-13
1021.09729739257  4.069799E-13
1022.54491190013  4.690391E-13
1023.99252640769  5.064972E-13
1025.44014091525  4.976948E-13
1026.8877554228  4.622658E-13
1028.33536993037  4.784848E-13
1029.78298443792  4.983889E-13
1031.23059894548  5.692192E-13
1032.67821345304  5.398702E-13
1034.1258279606  4.364879E-13
1035.57344246816  5.018108E-13
1037.02105697572  4.713252E-13
1038.46867148328  5.642307E-13
1039.91628599084  4.577183E-13
1041.3639004984  4.335185E-13
1042.81151500596  4.929456E-13
1044.25912951352  5.273352E-13
1045.70674402108  7.968489E-13
1047.15435852864  8.610305E-13
1048.6019730362  8.375592E-13
1050.04958754376  6.964871E-13
1051.49720205132  7.667450E-13
1052.94481655888  6.706685E-13
1054.39243106644  4.600573E-13
1055.840045574  4.256947E-13
1057.28766008156  3.530407E-13
1058.73527458912  3.029605E-13
1060.18288909668  3.506701E-13
1061.63050360424  4.089048E-13
1063.0781181118  3.514886E-13
1064.52573261936  3.377810E-13
1065.97334712692  4.092427E-13
1067.42096163448  3.683856E-13
1068.86857614204  3.239100E-13
1070.3161906496  4.448473E-13
1071.76380515716  3.699993E-13
1073.21141966472  3.901444E-13
1074.65903417228  4.546417E-13
1076.10664867984  4.004636E-13
1077.5542631874  3.888510E-13
1079.00187769496  3.564874E-13
1080.44949220252  3.573741E-13
1081.89710671008  3.520313E-13
1083.34472121764  3.049187E-13
1084.7923357252  3.263987E-13
1086.23995023276  3.704146E-13
1087.68756474032  2.970819E-13
1089.13517924788  2.543968E-13
1090.58279375544  3.193369E-13
1092.030408263  3.279446E-13
1093.47802277056  3.683612E-13
1094.92563727812  3.745525E-13
1096.37325178568  3.516136E-13
1097.82086629324  3.020493E-13
1099.2684808008  3.345442E-13
1100.71609530836  3.186162E-13
1102.16370981592  3.024912E-13
1103.61132432348  3.376979E-13
1105.05893883104  3.443600E-13
1106.5065533386  3.318039E-13
1107.95416784616  3.426201E-13
1109.40178235372  3.599303E-13
1110.84939686128  3.557575E-13
1112.29701136884  3.707160E-13
1113.7446258764  3.991366E-13
1115.19224038396  3.920874E-13
1116.63985489152  3.242419E-13
1118.08746939908  3.608519E-13
1119.53508390664  3.154272E-13
1120.98269841419  3.704739E-13
1122.43031292175  2.988212E-13
1123.87792742931  2.743398E-13
1125.32554193687  2.715344E-13
1126.77315644443  2.545551E-13
1128.22077095199  3.779740E-13
1129.66838545955  3.095536E-13
1131.11599996711  3.866787E-13
1132.56361447467  3.019463E-13
1134.01122898223  3.183985E-13
1135.45884348979  3.158712E-13
1136.90645799735  3.152735E-13
1138.35407250491  3.233621E-13
1139.80168701247  3.386567E-13
1141.24930152003  3.255428E-13
1142.69691602759  3.182310E-13
1144.14453053515  3.043170E-13
1145.59214504271  2.963043E-13
1147.03975955027  3.304217E-13
1148.48737405783  3.617720E-13
1149.93498856539  3.413284E-13
1151.38260307295  3.303398E-13
1152.83021758051  2.638816E-13
1154.27783208807  2.434707E-13
1155.72544659563  3.167952E-13
1157.17306110319  2.841443E-13
1158.62067561075  2.738490E-13
1160.06829011831  3.249800E-13
1161.51590462587  3.484829E-13
1162.96351913343  3.659603E-13
1164.41113364099  3.253851E-13
1165.85874814855  3.658049E-13
1167.30636265611  3.160681E-13
1168.75397716367  3.415875E-13
1170.20159167123  3.897936E-13
1171.64920617879  3.423237E-13
1173.09682068635  4.012479E-13
1174.54443519391  3.414221E-13
1175.99204970147  3.366529E-13
1177.43966420903  3.961051E-13
1178.88727871659  3.556379E-13
1180.33489322415  3.534506E-13
1181.78250773171  3.531182E-13
1183.23012223927  3.358797E-13
1184.67773674683  3.437369E-13
1186.12535125439  3.407217E-13
1187.57296576195  4.129726E-13
1189.02058026951  3.636969E-13
1190.46819477707  4.330866E-13
1191.91580928463  4.364183E-13
1193.36342379219  4.080837E-13
1194.81103829975  4.373731E-13
1196.25865280731  4.629567E-13
1197.70626731487  4.632097E-13
1199.15388182243  5.374592E-13
1200.60149632999  4.957692E-13
1202.04911083755  4.831093E-13
1203.49672534511  5.369142E-13
1204.94433985267  5.291909E-13
1206.39195436023  7.117190E-13
1207.83956886779  7.610617E-13
1209.28718337535  7.597200E-13
1210.7347978829  8.586417E-13
1212.18241239046  8.645349E-13
1213.63002689802  1.108809E-12
1215.07764140558  1.202958E-12
1216.52525591314  9.070434E-13
1217.9728704207  1.039212E-12
1219.42048492826  1.043201E-12
1220.86809943582  8.350247E-13
1222.31571394338  6.895429E-13
1223.76332845094  6.170778E-13
1225.2109429585  5.288994E-13
1226.65855746606  5.535188E-13
1228.10617197362  5.448411E-13
1229.55378648118  4.250746E-13
1231.00140098874  4.861619E-13
1232.4490154963  4.923172E-13
1233.89663000386  4.933792E-13
1235.34424451142  4.365437E-13
1236.79185901898  4.734353E-13
1238.23947352654  4.488084E-13
1239.6870880341  4.778870E-13
1241.13470254166  5.215493E-13
1242.58231704922  5.073996E-13
1244.02993155678  4.916907E-13
1245.47754606434  3.896882E-13
1246.9251605719  3.651392E-13
1248.37277507946  3.904446E-13
1249.82038958702  4.156570E-13
1251.26800409458  3.966174E-13
1252.71561860214  3.889244E-13
1254.1632331097  3.972557E-13
1255.61084761726  3.926409E-13
1257.05846212482  3.814599E-13
1258.50607663238  4.161732E-13
1259.95369113994  3.440497E-13
1261.4013056475  3.215045E-13
1262.84892015506  3.641472E-13
1264.29653466262  3.089073E-13
1265.74414917018  3.447927E-13
1267.19176367774  3.196368E-13
1268.6393781853  2.861751E-13
1270.08699269286  3.303863E-13
1271.53460720042  2.921413E-13
1272.98222170798  3.003187E-13
1274.42983621554  2.748484E-13
1275.8774507231  3.106224E-13
1277.32506523066  3.207452E-13
1278.77267973822  2.797893E-13
1280.22029424578  3.044346E-13
1281.66790875334  3.115807E-13
1283.1155232609  3.114751E-13
1284.56313776846  2.615772E-13
1286.01075227602  3.185436E-13
1287.45836678358  2.938455E-13
1288.90598129114  3.446408E-13
1290.3535957987  3.031343E-13
1291.80121030626  2.583187E-13
1293.24882481382  3.020035E-13
1294.69643932138  2.626751E-13
1296.14405382894  2.903985E-13
1297.5916683365  3.001261E-13
1299.03928284406  2.931963E-13
1300.48689735162  3.282785E-13
1301.93451185917  2.560243E-13
1303.38212636674  2.623287E-13
1304.82974087429  2.848801E-13
1306.27735538185  2.635887E-13
1307.72496988941  2.722226E-13
1309.17258439697  2.623614E-13
1310.62019890453  2.509100E-13
1312.06781341209  2.714582E-13
1313.51542791965  2.571893E-13
1314.96304242721  2.505959E-13
1316.41065693477  2.876297E-13
1317.85827144233  2.345458E-13
1319.30588594989  2.208755E-13
1320.75350045745  2.591596E-13
1322.20111496501  2.677481E-13
1323.64872947257  2.539338E-13
1325.09634398013  2.557409E-13
1326.54395848769  2.879315E-13
1327.99157299525  2.857115E-13
1329.43918750281  2.967277E-13
1330.88680201037  3.135114E-13
1332.33441651793  3.208076E-13
1333.78203102549  2.820570E-13
1335.22964553305  2.669037E-13
1336.67726004061  2.373893E-13
1338.12487454817  2.259165E-13
1339.57248905573  2.142937E-13
1341.02010356329  2.649106E-13
1342.46771807085  2.730023E-13
1343.91533257841  2.739759E-13
1345.36294708597  2.523115E-13
1346.81056159353  2.613348E-13
1348.25817610109  2.895873E-13
1349.70579060865  2.607253E-13
1351.15340511621  2.727246E-13
1352.60101962377  2.643437E-13
1354.04863413133  2.398303E-13
1355.49624863889  2.457685E-13
1356.94386314645  2.579513E-13
1358.39147765401  2.573280E-13
1359.83909216157  2.791409E-13
1361.28670666913  2.859447E-13
1362.73432117669  2.767726E-13
1364.18193568425  3.087079E-13
1365.62955019181  2.705395E-13
1367.07716469937  2.735812E-13
1368.52477920693  2.868892E-13
1369.97239371449  2.451107E-13
1371.42000822205  2.714964E-13
1372.86762272961  2.881970E-13
1374.31523723717  2.775980E-13
1375.76285174473  2.701790E-13
1377.21046625229  2.849869E-13
1378.65808075985  2.734478E-13
1380.10569526741  3.003440E-13
1381.55330977497  2.724083E-13
1383.00092428253  2.994821E-13
1384.44853879009  2.824177E-13
1385.89615329765  2.641972E-13
1387.34376780521  2.591032E-13
1388.79138231277  2.964571E-13
1390.23899682033  2.912362E-13
1391.68661132789  2.657893E-13
1393.13422583545  3.037280E-13
1394.581840343  3.427796E-13
1396.02945485057  3.132027E-13
1397.47706935812  3.831858E-13
1398.92468386568  3.565666E-13
1400.37229837324  3.320133E-13
1401.8199128808  3.381946E-13
1403.26752738836  2.976611E-13
1404.71514189592  2.819107E-13
1406.16275640348  2.559296E-13
1407.61037091104  2.930853E-13
1409.0579854186  2.872300E-13
1410.50559992616  2.781083E-13
1411.95321443372  3.223987E-13
1413.40082894128  2.789675E-13
1414.84844344884  2.680969E-13
1416.2960579564  2.499547E-13
1417.74367246396  2.642108E-13
1419.19128697152  2.653501E-13
1420.63890147908  2.574308E-13
1422.08651598664  2.789146E-13
1423.5341304942  2.858384E-13
1424.98174500176  2.666833E-13
1426.42935950932  2.538186E-13
1427.87697401688  2.757691E-13
1429.32458852444  2.851434E-13
1430.772203032  2.495804E-13
1432.21981753956  2.949525E-13
1433.66743204712  2.554391E-13
1435.11504655468  2.268360E-13
1436.56266106224  2.271141E-13
1438.0102755698  2.670013E-13
1439.45789007736  2.860023E-13
1440.90550458492  2.273405E-13
1442.35311909248  2.119992E-13
1443.80073360004  2.104983E-13
1445.2483481076  2.028988E-13
1446.69596261516  2.021641E-13
1448.14357712272  2.066149E-13
1449.59119163028  2.235713E-13
1451.03880613784  2.592073E-13
1452.4864206454  2.264332E-13
1453.93403515296  2.335211E-13
1455.38164966052  2.198536E-13
1456.82926416808  2.204013E-13
1458.27687867564  2.197299E-13
1459.7244931832  2.267707E-13
1461.17210769076  2.440114E-13
1462.61972219832  2.355357E-13
1464.06733670588  2.191819E-13
1465.51495121344  2.381988E-13
1466.962565721  2.355699E-13
1468.41018022856  2.073442E-13
1469.85779473612  2.268557E-13
1471.30540924368  1.981998E-13
1472.75302375124  2.385425E-13
1474.2006382588  2.428543E-13
1475.64825276636  2.334935E-13
1477.09586727392  2.231246E-13
1478.54348178148  2.320904E-13
1479.99109628904  2.520933E-13
1481.4387107966  2.315724E-13
1482.88632530416  2.310996E-13
1484.33393981172  2.249036E-13
1485.78155431928  2.098820E-13
1487.22916882683  2.206752E-13
1488.67678333439  2.073222E-13
1490.12439784195  2.153081E-13
1491.57201234951  2.207368E-13
1493.01962685707  2.316739E-13
1494.46724136463  2.133287E-13
1495.91485587219  2.270708E-13
1497.36247037975  2.398149E-13
1498.81008488731  2.727716E-13
1500.25769939487  2.463022E-13
1501.70531390243  2.491321E-13
1503.15292840999  2.353088E-13
1504.60054291755  2.380671E-13
1506.04815742511  2.324756E-13
1507.49577193267  2.357585E-13
1508.94338644023  2.560040E-13
1510.39100094779  2.516022E-13
1511.83861545535  2.575563E-13
1513.28622996291  2.466470E-13
1514.73384447047  2.560233E-13
1516.18145897803  2.779460E-13
1517.62907348559  2.750229E-13
1519.07668799315  2.723989E-13
1520.52430250071  2.999451E-13
1521.97191700827  2.894170E-13
1523.41953151583  3.032872E-13
1524.86714602339  3.517208E-13
1526.31476053095  3.678329E-13
1527.76237503851  3.518887E-13
1529.20998954607  3.353556E-13
1530.65760405363  3.281266E-13
1532.10521856119  3.565443E-13
1533.55283306875  3.658185E-13
1535.00044757631  3.988275E-13
1536.44806208387  4.205082E-13
1537.89567659143  4.437244E-13
1539.34329109899  4.526603E-13
1540.79090560655  4.621826E-13
1542.23852011411  4.658175E-13
1543.68613462167  4.562540E-13
1545.13374912923  4.613120E-13
1546.58136363679  4.917151E-13
1548.02897814435  4.437342E-13
1549.47659265191  4.568868E-13
1550.92420715947  4.460864E-13
1552.37182166703  4.608551E-13
1553.81943617459  4.104710E-13
1555.26705068215  3.789528E-13
1556.71466518971  3.549612E-13
1558.16227969727  3.358957E-13
1559.60989420483  3.128937E-13
1561.05750871239  2.944175E-13
1562.50512321995  2.834545E-13
1563.95273772751  2.885734E-13
1565.40035223507  2.681263E-13
1566.84796674263  2.550007E-13
1568.29558125019  2.470608E-13
1569.74319575775  2.320264E-13
1571.19081026531  2.581539E-13
1572.63842477287  2.584155E-13
1574.08603928043  2.165105E-13
1575.53365378799  2.251796E-13
1576.98126829555  2.454918E-13
1578.4288828031  2.460326E-13
1579.87649731066  2.568228E-13
1581.32411181822  2.200795E-13
1582.77172632578  2.078911E-13
1584.21934083334  2.174587E-13
1585.6669553409  2.220338E-13
1587.11456984846  2.292354E-13
1588.56218435602  2.187816E-13
1590.00979886358  2.266466E-13
1591.45741337114  2.291384E-13
1592.9050278787  2.173841E-13
1594.35264238626  2.116675E-13
1595.80025689382  2.155114E-13
1597.24787140138  2.153948E-13
1598.69548590894  2.298167E-13
1600.1431004165  2.224557E-13
1601.59071492406  2.028996E-13
1603.03832943162  2.056504E-13
1604.48594393918  2.045291E-13
1605.93355844674  2.172933E-13
1607.3811729543  2.149405E-13
1608.82878746186  2.122190E-13
1610.27640196942  2.158055E-13
1611.72401647698  2.093823E-13
1613.17163098454  2.273481E-13
1614.6192454921  2.222831E-13
1616.06685999966  2.220962E-13
1617.51447450722  2.375060E-13
1618.96208901478  2.190884E-13
1620.40970352234  2.320523E-13
1621.8573180299  2.327462E-13
1623.30493253746  2.206737E-13
1624.75254704502  2.119295E-13
1626.20016155258  2.125381E-13
1627.64777606014  2.316963E-13
1629.0953905677  2.305787E-13
1630.54300507526  2.170572E-13
1631.99061958282  2.322684E-13
1633.43823409038  2.322621E-13
1634.88584859794  2.276959E-13
1636.3334631055  2.337970E-13
1637.78107761306  2.294629E-13
1639.22869212062  2.338358E-13
1640.67630662818  2.302975E-13
1642.12392113574  2.421549E-13
1643.5715356433  2.271922E-13
1645.01915015086  2.157091E-13
1646.46676465842  2.122749E-13
1647.91437916598  2.274395E-13
1649.36199367354  2.289880E-13
1650.8096081811  2.214572E-13
1652.25722268866  2.097364E-13
1653.70483719622  2.061181E-13
1655.15245170378  2.130061E-13
1656.60006621134  2.168233E-13
1658.0476807189  2.324397E-13
1659.49529522646  2.244299E-13
1660.94290973402  2.177785E-13
1662.39052424158  2.227701E-13
1663.83813874914  2.125332E-13
1665.2857532567  2.021272E-13
1666.73336776426  2.082495E-13
1668.18098227181  2.130931E-13
1669.62859677938  2.150844E-13
1671.07621128693  2.076181E-13
1672.52382579449  2.032978E-13
1673.97144030205  2.156692E-13
1675.41905480961  2.075796E-13
1676.86666931717  2.079404E-13
1678.31428382473  2.123142E-13
1679.76189833229  2.044821E-13
1681.20951283985  2.098882E-13
1682.65712734741  2.153677E-13
1684.10474185497  2.126359E-13
1685.55235636253  2.010575E-13
1686.99997087009  1.982129E-13
1688.44758537765  2.036164E-13
1689.89519988521  2.079086E-13
1691.34281439277  2.071720E-13
1692.79042890033  1.970645E-13
1694.23804340789  1.915783E-13
1695.68565791545  1.966031E-13
1697.13327242301  2.030971E-13
1698.58088693057  1.979237E-13
1700.02850143813  1.885445E-13
1701.47611594569  1.846469E-13
1702.92373045325  1.898567E-13
1704.37134496081  2.052031E-13
1705.81895946837  2.084090E-13
1707.26657397593  2.111958E-13
1708.71418848349  2.155837E-13
1710.16180299105  0.
1711.60941749861  0.
1713.05703200617  0.
1714.50464651373  0.
1715.95226102129  0.
1717.39987552885  0.
1718.84749003641  0.
1720.29510454397  0.
1721.74271905153  0.
1723.19033355909  0.
1724.63794806665  0.
1726.08556257421  0.
1727.53317708177  0.
1728.98079158933  0.
1730.42840609689  0.
1731.87602060445  0.
1733.32363511201  0.
1734.77124961957  0.
1736.21886412713  0.
1737.66647863469  0.
1739.11409314225  0.
1740.56170764981  0.
1742.00932215737  0.
1743.45693666493  0.
1744.90455117249  0.
1746.35216568005  0.
1747.79978018761  0.
1749.24739469517  0.
1750.69500920273  0.
1752.14262371029  0.
1753.59023821785  0.
1755.03785272541  0.
1756.48546723297  0.
1757.93308174053  0.
1759.38069624809  0.
1760.82831075565  0.
1762.27592526321  0.
1763.72353977076  0.
1765.17115427832  0.
1766.61876878588  0.
1768.06638329344  0.
1769.513997801  0.
1770.96161230856  0.
1772.40922681612  0.
1773.85684132368  0.
1775.30445583124  0.
1776.7520703388  0.
1778.19968484636  0.
1779.64729935392  0.
1781.09491386148  0.
1782.54252836904  0.
1783.9901428766  0.
1785.43775738416  0.
1786.88537189172  0.
1788.33298639928  0.
1789.78060090684  0.
1791.2282154144  0.
1792.67582992196  0.
1794.12344442952  0.
1795.57105893708  0.
1797.01867344464  0.
1798.4662879522  0.
1799.91390245976  0.
1801.36151696732  0.
1802.80913147488  0.
1804.25674598244  0.
1805.70436049  0.
1807.15197499756  0.
1808.59958950512  0.
1810.04720401268  0.
1811.49481852024  0.
1812.9424330278  0.
1814.39004753536  0.
1815.83766204292  0.
1817.28527655048  0.
1818.73289105804  0.
1820.1805055656  0.
1821.62812007316  0.
1823.07573458072  0.
1824.52334908828  0.
1825.97096359584  0.
1827.4185781034  0.
1828.86619261096  0.
1830.31380711852  0.
1831.76142162608  0.
