906.735751295338  0.
908.183365802898  0.
909.630980310458  0.
911.078594818018  0.
912.526209325578  0.
913.973823833137  0.
915.421438340697  0.
916.869052848257  0.
918.316667355817  0.
919.764281863377  0.
921.211896370937  0.
922.659510878497  0.
924.107125386056  0.
925.554739893616  0.
927.002354401176  0.
928.449968908736  0.
929.897583416296  0.
931.345197923856  0.
932.792812431415  0.
934.240426938975  0.
935.688041446535  0.
937.135655954095  0.
938.583270461655  0.
940.030884969215  0.
941.478499476774  0.
942.926113984334  0.
944.373728491894  0.
945.821342999454  0.
947.268957507014  0.
948.716572014574  0.
950.164186522133  0.
951.611801029693  0.
953.059415537253  0.
954.507030044813  0.
955.954644552373  0.
957.402259059933  0.
958.849873567493  0.
960.297488075052  0.
961.745102582612  0.
963.192717090172  0.
964.640331597732  0.
966.087946105292  0.
967.535560612852  0.
968.983175120411  0.
970.430789627971  0.
971.878404135531  0.
973.326018643091  0.
974.773633150651  0.
976.221247658211  0.
977.668862165771  0.
979.11647667333  0.
980.56409118089  0.
982.01170568845  0.
983.45932019601  0.
984.90693470357  0.
986.35454921113  0.
987.802163718689  0.
989.249778226249  0.
990.697392733809  0.
992.145007241369  0.
993.592621748929  5.363796E-13
995.040236256489  4.830173E-13
996.487850764048  3.319104E-13
997.935465271608  2.399851E-13
999.383079779168  3.766922E-13
1000.83069428673  5.268711E-13
1002.27830879429  5.203047E-13
1003.72592330185  5.934281E-13
1005.17353780941  5.404733E-13
1006.62115231697  4.340967E-13
1008.06876682453  4.673077E-13
1009.51638133209  4.902661E-13
1010.96399583965  4.350021E-13
1012.41161034721  4.409980E-13
1013.85922485477  4.553987E-13
1015.30683936233  4.067077E-13
1016.75445386989  4.084571E-13
1018.20206837745  4.008518E-13
1019.64968288501  4.649895E-13
1021.09729739257  4.231380E-13
1022.54491190013  4.481083E-13
1023.99252640769  4.542376E-13
1025.44014091525  4.150678E-13
1026.8877554228  4.002965E-13
1028.33536993037  4.095351E-13
1029.78298443792  3.813405E-13
1031.23059894548  3.864558E-13
1032.67821345304  5.959297E-13
1034.1258279606  4.128238E-13
1035.57344246816  4.480026E-13
1037.02105697572  4.022667E-13
1038.46867148328  4.062256E-13
1039.91628599084  3.798398E-13
1041.3639004984  3.900561E-13
1042.81151500596  3.696901E-13
1044.25912951352  4.546316E-13
1045.70674402108  4.760664E-13
1047.15435852864  4.601757E-13
1048.6019730362  3.874113E-13
1050.04958754376  3.064888E-13
1051.49720205132  3.056342E-13
1052.94481655888  3.085985E-13
1054.39243106644  2.963668E-13
1055.840045574  2.476361E-13
1057.28766008156  2.661647E-13
1058.73527458912  3.213893E-13
1060.18288909668  3.421525E-13
1061.63050360424  3.645716E-13
1063.0781181118  3.686554E-13
1064.52573261936  3.476956E-13
1065.97334712692  3.247369E-13
1067.42096163448  3.358469E-13
1068.86857614204  3.139790E-13
1070.3161906496  3.162888E-13
1071.76380515716  3.417152E-13
1073.21141966472  3.522100E-13
1074.65903417228  3.680951E-13
1076.10664867984  3.565342E-13
1077.5542631874  3.408273E-13
1079.00187769496  3.565474E-13
1080.44949220252  3.343865E-13
1081.89710671008  3.132439E-13
1083.34472121764  2.881762E-13
1084.7923357252  3.043753E-13
1086.23995023276  2.914225E-13
1087.68756474032  2.877157E-13
1089.13517924788  2.590686E-13
1090.58279375544  3.138955E-13
1092.030408263  2.897398E-13
1093.47802277056  2.988724E-13
1094.92563727812  2.797250E-13
1096.37325178568  3.268377E-13
1097.82086629324  3.202735E-13
1099.2684808008  3.007966E-13
1100.71609530836  2.856979E-13
1102.16370981592  2.519405E-13
1103.61132432348  2.668530E-13
1105.05893883104  3.030150E-13
1106.5065533386  3.239363E-13
1107.95416784616  3.272083E-13
1109.40178235372  3.301153E-13
1110.84939686128  2.916371E-13
1112.29701136884  2.913422E-13
1113.7446258764  2.914509E-13
1115.19224038396  3.876362E-13
1116.63985489152  3.101933E-13
1118.08746939908  3.014267E-13
1119.53508390664  3.198691E-13
1120.98269841419  3.387889E-13
1122.43031292175  2.998560E-13
1123.87792742931  3.000743E-13
1125.32554193687  2.497657E-13
1126.77315644443  2.525243E-13
1128.22077095199  3.100254E-13
1129.66838545955  2.858542E-13
1131.11599996711  3.429586E-13
1132.56361447467  3.120130E-13
1134.01122898223  2.976246E-13
1135.45884348979  2.968991E-13
1136.90645799735  3.025515E-13
1138.35407250491  3.477385E-13
1139.80168701247  2.919926E-13
1141.24930152003  2.994418E-13
1142.69691602759  2.814895E-13
1144.14453053515  3.111974E-13
1145.59214504271  2.867021E-13
1147.03975955027  2.940533E-13
1148.48737405783  3.361311E-13
1149.93498856539  2.817978E-13
1151.38260307295  2.679203E-13
1152.83021758051  2.463881E-13
1154.27783208807  2.609508E-13
1155.72544659563  3.054142E-13
1157.17306110319  3.224921E-13
1158.62067561075  2.740780E-13
1160.06829011831  2.564725E-13
1161.51590462587  2.790945E-13
1162.96351913343  2.792474E-13
1164.41113364099  3.118839E-13
1165.85874814855  2.829656E-13
1167.30636265611  3.128360E-13
1168.75397716367  2.715029E-13
1170.20159167123  3.393566E-13
1171.64920617879  3.203335E-13
1173.09682068635  3.420453E-13
1174.54443519391  3.231903E-13
1175.99204970147  3.259909E-13
1177.43966420903  3.267779E-13
1178.88727871659  3.344535E-13
1180.33489322415  3.337740E-13
1181.78250773171  3.260624E-13
1183.23012223927  3.107122E-13
1184.67773674683  3.238146E-13
1186.12535125439  3.331006E-13
1187.57296576195  3.784953E-13
1189.02058026951  3.164878E-13
1190.46819477707  3.399995E-13
1191.91580928463  3.710010E-13
1193.36342379219  3.672799E-13
1194.81103829975  3.739466E-13
1196.25865280731  4.187309E-13
1197.70626731487  4.517943E-13
1199.15388182243  5.238477E-13
1200.60149632999  5.067138E-13
1202.04911083755  4.268735E-13
1203.49672534511  4.191017E-13
1204.94433985267  5.231516E-13
1206.39195436023  6.054438E-13
1207.83956886779  7.895677E-13
1209.28718337535  8.320500E-13
1210.7347978829  8.780838E-13
1212.18241239046  9.856276E-13
1213.63002689802  1.032873E-12
1215.07764140558  8.866844E-13
1216.52525591314  9.948460E-13
1217.9728704207  1.130770E-12
1219.42048492826  9.178192E-13
1220.86809943582  7.845896E-13
1222.31571394338  6.950843E-13
1223.76332845094  5.349930E-13
1225.2109429585  5.455899E-13
1226.65855746606  5.732473E-13
1228.10617197362  5.183556E-13
1229.55378648118  4.528571E-13
1231.00140098874  4.677264E-13
1232.4490154963  4.865385E-13
1233.89663000386  4.773018E-13
1235.34424451142  4.517155E-13
1236.79185901898  4.815744E-13
1238.23947352654  4.580996E-13
1239.6870880341  4.234976E-13
1241.13470254166  4.548415E-13
1242.58231704922  4.325600E-13
1244.02993155678  4.302361E-13
1245.47754606434  4.182325E-13
1246.9251605719  3.632487E-13
1248.37277507946  3.471863E-13
1249.82038958702  3.897577E-13
1251.26800409458  3.645180E-13
1252.71561860214  3.749317E-13
1254.1632331097  3.289974E-13
1255.61084761726  2.989135E-13
1257.05846212482  3.107841E-13
1258.50607663238  3.844066E-13
1259.95369113994  3.341030E-13
1261.4013056475  3.723525E-13
1262.84892015506  3.116849E-13
1264.29653466262  2.986534E-13
1265.74414917018  2.718766E-13
1267.19176367774  2.798310E-13
1268.6393781853  2.647461E-13
1270.08699269286  3.180994E-13
1271.53460720042  2.983957E-13
1272.98222170798  2.760628E-13
1274.42983621554  2.802475E-13
1275.8774507231  2.618204E-13
1277.32506523066  3.002989E-13
1278.77267973822  2.604075E-13
1280.22029424578  2.567276E-13
1281.66790875334  2.772665E-13
1283.1155232609  2.422222E-13
1284.56313776846  2.459891E-13
1286.01075227602  2.348494E-13
1287.45836678358  2.364787E-13
1288.90598129114  2.620055E-13
1290.3535957987  2.340591E-13
1291.80121030626  2.299706E-13
1293.24882481382  2.645451E-13
1294.69643932138  2.812633E-13
1296.14405382894  2.984811E-13
1297.5916683365  2.799878E-13
1299.03928284406  2.748569E-13
1300.48689735162  2.982840E-13
1301.93451185917  2.551097E-13
1303.38212636674  2.910266E-13
1304.82974087429  2.620001E-13
1306.27735538185  2.706302E-13
1307.72496988941  2.757218E-13
1309.17258439697  2.773137E-13
1310.62019890453  2.693037E-13
1312.06781341209  2.494728E-13
1313.51542791965  2.707173E-13
1314.96304242721  2.660884E-13
1316.41065693477  2.449600E-13
1317.85827144233  2.474904E-13
1319.30588594989  2.707499E-13
1320.75350045745  2.666550E-13
1322.20111496501  2.297091E-13
1323.64872947257  2.711349E-13
1325.09634398013  2.565834E-13
1326.54395848769  2.436381E-13
1327.99157299525  2.726748E-13
1329.43918750281  2.315824E-13
1330.88680201037  2.628300E-13
1332.33441651793  2.882415E-13
1333.78203102549  2.704879E-13
1335.22964553305  2.612177E-13
1336.67726004061  2.344186E-13
1338.12487454817  2.146627E-13
1339.57248905573  2.142653E-13
1341.02010356329  2.467791E-13
1342.46771807085  2.376142E-13
1343.91533257841  2.268980E-13
1345.36294708597  2.803808E-13
1346.81056159353  2.929426E-13
1348.25817610109  2.803169E-13
1349.70579060865  2.921889E-13
1351.15340511621  2.936980E-13
1352.60101962377  2.732807E-13
1354.04863413133  2.436410E-13
1355.49624863889  2.629394E-13
1356.94386314645  2.288712E-13
1358.39147765401  2.591665E-13
1359.83909216157  2.794250E-13
1361.28670666913  2.875464E-13
1362.73432117669  2.528476E-13
1364.18193568425  2.225606E-13
1365.62955019181  2.693602E-13
1367.07716469937  2.700721E-13
1368.52477920693  2.899919E-13
1369.97239371449  2.894114E-13
1371.42000822205  2.510220E-13
1372.86762272961  2.314075E-13
1374.31523723717  2.375241E-13
1375.76285174473  2.487206E-13
1377.21046625229  2.353538E-13
1378.65808075985  2.518825E-13
1380.10569526741  2.126949E-13
1381.55330977497  2.367769E-13
1383.00092428253  2.530625E-13
1384.44853879009  2.683652E-13
1385.89615329765  2.580543E-13
1387.34376780521  2.628727E-13
1388.79138231277  2.587623E-13
1390.23899682033  2.404228E-13
1391.68661132789  2.456312E-13
1393.13422583545  2.657395E-13
1394.581840343  2.854403E-13
1396.02945485057  2.940992E-13
1397.47706935812  3.155575E-13
1398.92468386568  3.200343E-13
1400.37229837324  3.314563E-13
1401.8199128808  2.956003E-13
1403.26752738836  2.776905E-13
1404.71514189592  2.831742E-13
1406.16275640348  2.804626E-13
1407.61037091104  2.839976E-13
1409.0579854186  2.823928E-13
1410.50559992616  2.592156E-13
1411.95321443372  2.656429E-13
1413.40082894128  2.836392E-13
1414.84844344884  2.657574E-13
1416.2960579564  2.889020E-13
1417.74367246396  2.775464E-13
1419.19128697152  2.506437E-13
1420.63890147908  2.649608E-13
1422.08651598664  2.515127E-13
1423.5341304942  2.405436E-13
1424.98174500176  2.372268E-13
1426.42935950932  2.386829E-13
1427.87697401688  2.498289E-13
1429.32458852444  2.481200E-13
1430.772203032  2.065698E-13
1432.21981753956  2.524250E-13
1433.66743204712  2.472062E-13
1435.11504655468  2.339824E-13
1436.56266106224  2.193689E-13
1438.0102755698  2.427238E-13
1439.45789007736  2.606483E-13
1440.90550458492  2.287498E-13
1442.35311909248  2.294981E-13
1443.80073360004  2.029592E-13
1445.2483481076  1.965514E-13
1446.69596261516  2.053669E-13
1448.14357712272  2.093618E-13
1449.59119163028  2.465126E-13
1451.03880613784  2.499566E-13
1452.4864206454  2.272278E-13
1453.93403515296  2.226364E-13
1455.38164966052  2.122348E-13
1456.82926416808  2.151499E-13
1458.27687867564  2.339456E-13
1459.7244931832  2.287242E-13
1461.17210769076  2.063638E-13
1462.61972219832  2.142535E-13
1464.06733670588  2.268321E-13
1465.51495121344  2.284252E-13
1466.962565721  2.265032E-13
1468.41018022856  2.116071E-13
1469.85779473612  2.254019E-13
1471.30540924368  2.038633E-13
1472.75302375124  2.143127E-13
1474.2006382588  2.086055E-13
1475.64825276636  1.894324E-13
1477.09586727392  2.106511E-13
1478.54348178148  2.207377E-13
1479.99109628904  2.148448E-13
1481.4387107966  2.426457E-13
1482.88632530416  2.304415E-13
1484.33393981172  2.223650E-13
1485.78155431928  2.257898E-13
1487.22916882683  2.031516E-13
1488.67678333439  2.009935E-13
1490.12439784195  2.353541E-13
1491.57201234951  2.307507E-13
1493.01962685707  2.274087E-13
1494.46724136463  2.320675E-13
1495.91485587219  2.306987E-13
1497.36247037975  2.445959E-13
1498.81008488731  2.434253E-13
1500.25769939487  2.223272E-13
1501.70531390243  2.226561E-13
1503.15292840999  2.287995E-13
1504.60054291755  2.195608E-13
1506.04815742511  2.243023E-13
1507.49577193267  2.416555E-13
1508.94338644023  2.213962E-13
1510.39100094779  2.232283E-13
1511.83861545535  2.535499E-13
1513.28622996291  2.376178E-13
1514.73384447047  2.219835E-13
1516.18145897803  2.572379E-13
1517.62907348559  2.552799E-13
1519.07668799315  2.364714E-13
1520.52430250071  2.607693E-13
1521.97191700827  2.651814E-13
1523.41953151583  2.481321E-13
1524.86714602339  2.594167E-13
1526.31476053095  2.800834E-13
1527.76237503851  2.719702E-13
1529.20998954607  2.668872E-13
1530.65760405363  2.742849E-13
1532.10521856119  3.011634E-13
1533.55283306875  2.767317E-13
1535.00044757631  2.926479E-13
1536.44806208387  3.121666E-13
1537.89567659143  3.596646E-13
1539.34329109899  3.623145E-13
1540.79090560655  3.780899E-13
1542.23852011411  4.166996E-13
1543.68613462167  4.116143E-13
1545.13374912923  4.214433E-13
1546.58136363679  4.505731E-13
1548.02897814435  4.138986E-13
1549.47659265191  4.284620E-13
1550.92420715947  4.045143E-13
1552.37182166703  4.044256E-13
1553.81943617459  3.751853E-13
1555.26705068215  3.539433E-13
1556.71466518971  3.601895E-13
1558.16227969727  3.193536E-13
1559.60989420483  2.923752E-13
1561.05750871239  2.738491E-13
1562.50512321995  2.807885E-13
1563.95273772751  2.815162E-13
1565.40035223507  2.726158E-13
1566.84796674263  2.590881E-13
1568.29558125019  2.577347E-13
1569.74319575775  2.432288E-13
1571.19081026531  2.516335E-13
1572.63842477287  2.488493E-13
1574.08603928043  2.338943E-13
1575.53365378799  2.375544E-13
1576.98126829555  2.426612E-13
1578.4288828031  2.588656E-13
1579.87649731066  2.460952E-13
1581.32411181822  2.232270E-13
1582.77172632578  2.293195E-13
1584.21934083334  2.316998E-13
1585.6669553409  2.230323E-13
1587.11456984846  2.242362E-13
1588.56218435602  2.232989E-13
1590.00979886358  2.170890E-13
1591.45741337114  2.233982E-13
1592.9050278787  2.253553E-13
1594.35264238626  2.346697E-13
1595.80025689382  2.476888E-13
1597.24787140138  2.358513E-13
1598.69548590894  2.236760E-13
1600.1431004165  2.252084E-13
1601.59071492406  2.306363E-13
1603.03832943162  2.235722E-13
1604.48594393918  2.172486E-13
1605.93355844674  2.236207E-13
1607.3811729543  2.205286E-13
1608.82878746186  2.071003E-13
1610.27640196942  2.013424E-13
1611.72401647698  1.993667E-13
1613.17163098454  2.203302E-13
1614.6192454921  2.218258E-13
1616.06685999966  2.197017E-13
1617.51447450722  2.170211E-13
1618.96208901478  2.145368E-13
1620.40970352234  2.104594E-13
1621.8573180299  2.051690E-13
1623.30493253746  2.188819E-13
1624.75254704502  2.424924E-13
1626.20016155258  2.448046E-13
1627.64777606014  2.392866E-13
1629.0953905677  2.351926E-13
1630.54300507526  2.394792E-13
1631.99061958282  2.323942E-13
1633.43823409038  2.237308E-13
1634.88584859794  2.214648E-13
1636.3334631055  2.250858E-13
1637.78107761306  2.248507E-13
1639.22869212062  2.283603E-13
1640.67630662818  2.292920E-13
1642.12392113574  2.349045E-13
1643.5715356433  2.236476E-13
1645.01915015086  2.117303E-13
1646.46676465842  2.128296E-13
1647.91437916598  2.169902E-13
1649.36199367354  2.103390E-13
1650.8096081811  2.071089E-13
1652.25722268866  2.007383E-13
1653.70483719622  2.087481E-13
1655.15245170378  2.211518E-13
1656.60006621134  2.242445E-13
1658.0476807189  2.261471E-13
1659.49529522646  2.237978E-13
1660.94290973402  2.157737E-13
1662.39052424158  2.136397E-13
1663.83813874914  2.217224E-13
1665.2857532567  2.201126E-13
1666.73336776426  2.059295E-13
1668.18098227181  2.036746E-13
1669.62859677938  2.092882E-13
1671.07621128693  2.161670E-13
1672.52382579449  2.072896E-13
1673.97144030205  1.997584E-13
1675.41905480961  1.909808E-13
1676.86666931717  1.939085E-13
1678.31428382473  1.958580E-13
1679.76189833229  1.948272E-13
1681.20951283985  2.043970E-13
1682.65712734741  1.931076E-13
1684.10474185497  1.952240E-13
1685.55235636253  1.854861E-13
1686.99997087009  1.874139E-13
1688.44758537765  2.043174E-13
1689.89519988521  2.125250E-13
1691.34281439277  2.070303E-13
1692.79042890033  1.906143E-13
1694.23804340789  1.786577E-13
1695.68565791545  1.794278E-13
1697.13327242301  1.858913E-13
1698.58088693057  1.909311E-13
1700.02850143813  1.954342E-13
1701.47611594569  2.020824E-13
1702.92373045325  2.025845E-13
1704.37134496081  1.982725E-13
1705.81895946837  1.918391E-13
1707.26657397593  1.822337E-13
1708.71418848349  1.846074E-13
1710.16180299105  0.
1711.60941749861  0.
1713.05703200617  0.
1714.50464651373  0.
1715.95226102129  0.
1717.39987552885  0.
1718.84749003641  0.
1720.29510454397  0.
1721.74271905153  0.
1723.19033355909  0.
1724.63794806665  0.
1726.08556257421  0.
1727.53317708177  0.
1728.98079158933  0.
1730.42840609689  0.
1731.87602060445  0.
1733.32363511201  0.
1734.77124961957  0.
1736.21886412713  0.
1737.66647863469  0.
1739.11409314225  0.
1740.56170764981  0.
1742.00932215737  0.
1743.45693666493  0.
1744.90455117249  0.
1746.35216568005  0.
1747.79978018761  0.
1749.24739469517  0.
1750.69500920273  0.
1752.14262371029  0.
1753.59023821785  0.
1755.03785272541  0.
1756.48546723297  0.
1757.93308174053  0.
1759.38069624809  0.
1760.82831075565  0.
1762.27592526321  0.
1763.72353977076  0.
1765.17115427832  0.
1766.61876878588  0.
1768.06638329344  0.
1769.513997801  0.
1770.96161230856  0.
1772.40922681612  0.
1773.85684132368  0.
1775.30445583124  0.
1776.7520703388  0.
1778.19968484636  0.
1779.64729935392  0.
1781.09491386148  0.
1782.54252836904  0.
1783.9901428766  0.
1785.43775738416  0.
1786.88537189172  0.
1788.33298639928  0.
1789.78060090684  0.
1791.2282154144  0.
1792.67582992196  0.
1794.12344442952  0.
1795.57105893708  0.
1797.01867344464  0.
1798.4662879522  0.
1799.91390245976  0.
1801.36151696732  0.
1802.80913147488  0.
1804.25674598244  0.
1805.70436049  0.
1807.15197499756  0.
1808.59958950512  0.
1810.04720401268  0.
1811.49481852024  0.
1812.9424330278  0.
1814.39004753536  0.
1815.83766204292  0.
1817.28527655048  0.
1818.73289105804  0.
1820.1805055656  0.
1821.62812007316  0.
1823.07573458072  0.
1824.52334908828  0.
1825.97096359584  0.
1827.4185781034  0.
1828.86619261096  0.
1830.31380711852  0.
1831.76142162608  0.
