906.735751295338  0.
908.183365802898  0.
909.630980310458  0.
911.078594818018  0.
912.526209325578  0.
913.973823833137  0.
915.421438340697  0.
916.869052848257  0.
918.316667355817  0.
919.764281863377  0.
921.211896370937  0.
922.659510878497  0.
924.107125386056  0.
925.554739893616  0.
927.002354401176  0.
928.449968908736  0.
929.897583416296  0.
931.345197923856  0.
932.792812431415  0.
934.240426938975  0.
935.688041446535  0.
937.135655954095  0.
938.583270461655  0.
940.030884969215  0.
941.478499476774  0.
942.926113984334  0.
944.373728491894  0.
945.821342999454  0.
947.268957507014  0.
948.716572014574  0.
950.164186522133  0.
951.611801029693  0.
953.059415537253  0.
954.507030044813  0.
955.954644552373  0.
957.402259059933  0.
958.849873567493  0.
960.297488075052  0.
961.745102582612  0.
963.192717090172  0.
964.640331597732  0.
966.087946105292  0.
967.535560612852  0.
968.983175120411  0.
970.430789627971  0.
971.878404135531  0.
973.326018643091  0.
974.773633150651  0.
976.221247658211  0.
977.668862165771  0.
979.11647667333  0.
980.56409118089  0.
982.01170568845  0.
983.45932019601  0.
984.90693470357  0.
986.35454921113  0.
987.802163718689  0.
989.249778226249  0.
990.697392733809  0.
992.145007241369  0.
993.592621748929  2.499516E-13
995.040236256489  3.410062E-13
996.487850764048  2.628321E-13
997.935465271608  2.934293E-13
999.383079779168  4.536283E-13
1000.83069428673  3.392274E-13
1002.27830879429  3.248043E-13
1003.72592330185  2.952213E-13
1005.17353780941  3.322830E-13
1006.62115231697  3.382184E-13
1008.06876682453  3.195298E-13
1009.51638133209  4.629806E-13
1010.96399583965  4.909917E-13
1012.41161034721  3.896167E-13
1013.85922485477  3.531820E-13
1015.30683936233  4.826771E-13
1016.75445386989  4.513096E-13
1018.20206837745  3.211740E-13
1019.64968288501  4.133562E-13
1021.09729739257  3.370275E-13
1022.54491190013  4.254033E-13
1023.99252640769  4.156882E-13
1025.44014091525  4.418534E-13
1026.8877554228  3.720935E-13
1028.33536993037  4.013992E-13
1029.78298443792  4.128397E-13
1031.23059894548  4.959835E-13
1032.67821345304  4.648273E-13
1034.1258279606  4.761861E-13
1035.57344246816  4.181854E-13
1037.02105697572  4.186371E-13
1038.46867148328  3.993565E-13
1039.91628599084  3.764724E-13
1041.3639004984  3.487844E-13
1042.81151500596  3.425800E-13
1044.25912951352  3.503657E-13
1045.70674402108  4.387267E-13
1047.15435852864  4.163101E-13
1048.6019730362  3.806789E-13
1050.04958754376  3.236357E-13
1051.49720205132  3.548316E-13
1052.94481655888  3.253086E-13
1054.39243106644  3.185585E-13
1055.840045574  3.120251E-13
1057.28766008156  2.712546E-13
1058.73527458912  3.041587E-13
1060.18288909668  3.488469E-13
1061.63050360424  3.907027E-13
1063.0781181118  3.426030E-13
1064.52573261936  2.902737E-13
1065.97334712692  3.526204E-13
1067.42096163448  3.644621E-13
1068.86857614204  2.972333E-13
1070.3161906496  3.745372E-13
1071.76380515716  3.025482E-13
1073.21141966472  3.734708E-13
1074.65903417228  3.506393E-13
1076.10664867984  3.061883E-13
1077.5542631874  3.644750E-13
1079.00187769496  3.229276E-13
1080.44949220252  3.069928E-13
1081.89710671008  3.315623E-13
1083.34472121764  3.143929E-13
1084.7923357252  3.227882E-13
1086.23995023276  3.399983E-13
1087.68756474032  3.019619E-13
1089.13517924788  2.689635E-13
1090.58279375544  2.824516E-13
1092.030408263  2.763867E-13
1093.47802277056  2.881523E-13
1094.92563727812  2.937897E-13
1096.37325178568  3.208663E-13
1097.82086629324  2.980154E-13
1099.2684808008  2.985391E-13
1100.71609530836  2.921373E-13
1102.16370981592  2.818472E-13
1103.61132432348  3.048372E-13
1105.05893883104  3.167990E-13
1106.5065533386  3.220800E-13
1107.95416784616  3.054825E-13
1109.40178235372  3.382170E-13
1110.84939686128  3.053221E-13
1112.29701136884  3.212769E-13
1113.7446258764  2.989789E-13
1115.19224038396  3.016774E-13
1116.63985489152  3.234714E-13
1118.08746939908  3.230677E-13
1119.53508390664  2.574767E-13
1120.98269841419  3.399318E-13
1122.43031292175  3.180175E-13
1123.87792742931  2.818151E-13
1125.32554193687  2.694107E-13
1126.77315644443  2.396224E-13
1128.22077095199  2.947214E-13
1129.66838545955  2.814129E-13
1131.11599996711  3.350069E-13
1132.56361447467  2.839900E-13
1134.01122898223  3.241278E-13
1135.45884348979  2.939801E-13
1136.90645799735  2.621930E-13
1138.35407250491  2.816709E-13
1139.80168701247  2.838728E-13
1141.24930152003  2.892503E-13
1142.69691602759  2.944884E-13
1144.14453053515  3.248954E-13
1145.59214504271  2.718526E-13
1147.03975955027  3.117046E-13
1148.48737405783  2.966760E-13
1149.93498856539  2.939500E-13
1151.38260307295  2.832345E-13
1152.83021758051  2.610767E-13
1154.27783208807  2.342166E-13
1155.72544659563  2.823809E-13
1157.17306110319  2.870116E-13
1158.62067561075  2.694250E-13
1160.06829011831  2.973177E-13
1161.51590462587  2.794592E-13
1162.96351913343  3.024439E-13
1164.41113364099  3.049580E-13
1165.85874814855  3.892287E-13
1167.30636265611  3.151417E-13
1168.75397716367  3.248418E-13
1170.20159167123  3.494275E-13
1171.64920617879  3.111129E-13
1173.09682068635  3.558955E-13
1174.54443519391  3.639913E-13
1175.99204970147  3.375429E-13
1177.43966420903  3.254253E-13
1178.88727871659  3.462120E-13
1180.33489322415  3.729998E-13
1181.78250773171  3.023904E-13
1183.23012223927  2.904767E-13
1184.67773674683  3.160229E-13
1186.12535125439  3.471517E-13
1187.57296576195  3.306299E-13
1189.02058026951  3.401171E-13
1190.46819477707  4.111663E-13
1191.91580928463  4.061401E-13
1193.36342379219  3.231784E-13
1194.81103829975  4.190402E-13
1196.25865280731  3.726140E-13
1197.70626731487  4.071439E-13
1199.15388182243  4.569816E-13
1200.60149632999  4.262606E-13
1202.04911083755  4.215173E-13
1203.49672534511  4.336284E-13
1204.94433985267  4.808173E-13
1206.39195436023  5.822113E-13
1207.83956886779  6.461663E-13
1209.28718337535  6.744251E-13
1210.7347978829  8.057125E-13
1212.18241239046  8.529749E-13
1213.63002689802  1.064285E-12
1215.07764140558  1.069727E-12
1216.52525591314  1.044797E-12
1217.9728704207  1.053593E-12
1219.42048492826  1.021680E-12
1220.86809943582  8.214030E-13
1222.31571394338  6.265403E-13
1223.76332845094  6.131664E-13
1225.2109429585  5.154273E-13
1226.65855746606  5.009941E-13
1228.10617197362  5.070783E-13
1229.55378648118  4.658478E-13
1231.00140098874  4.698048E-13
1232.4490154963  4.976603E-13
1233.89663000386  4.359159E-13
1235.34424451142  4.633335E-13
1236.79185901898  4.963617E-13
1238.23947352654  4.224550E-13
1239.6870880341  4.515520E-13
1241.13470254166  4.102259E-13
1242.58231704922  4.456285E-13
1244.02993155678  3.706601E-13
1245.47754606434  3.649074E-13
1246.9251605719  3.586750E-13
1248.37277507946  3.250246E-13
1249.82038958702  3.741423E-13
1251.26800409458  3.592280E-13
1252.71561860214  3.724294E-13
1254.1632331097  3.365789E-13
1255.61084761726  2.965968E-13
1257.05846212482  3.043143E-13
1258.50607663238  3.412110E-13
1259.95369113994  3.228592E-13
1261.4013056475  3.258766E-13
1262.84892015506  3.170393E-13
1264.29653466262  2.678962E-13
1265.74414917018  2.771381E-13
1267.19176367774  3.237568E-13
1268.6393781853  2.887984E-13
1270.08699269286  2.943185E-13
1271.53460720042  2.365609E-13
1272.98222170798  2.345191E-13
1274.42983621554  2.281374E-13
1275.8774507231  3.121194E-13
1277.32506523066  3.000967E-13
1278.77267973822  2.558572E-13
1280.22029424578  2.899882E-13
1281.66790875334  2.865473E-13
1283.1155232609  2.772954E-13
1284.56313776846  2.691532E-13
1286.01075227602  2.817922E-13
1287.45836678358  2.609444E-13
1288.90598129114  3.195726E-13
1290.3535957987  2.926742E-13
1291.80121030626  2.979629E-13
1293.24882481382  2.750991E-13
1294.69643932138  2.520421E-13
1296.14405382894  2.482604E-13
1297.5916683365  2.979620E-13
1299.03928284406  2.672523E-13
1300.48689735162  2.713398E-13
1301.93451185917  2.670901E-13
1303.38212636674  2.457992E-13
1304.82974087429  2.434883E-13
1306.27735538185  2.445108E-13
1307.72496988941  2.730832E-13
1309.17258439697  2.398721E-13
1310.62019890453  2.770295E-13
1312.06781341209  2.623517E-13
1313.51542791965  2.750509E-13
1314.96304242721  2.574890E-13
1316.41065693477  2.846159E-13
1317.85827144233  2.275741E-13
1319.30588594989  2.245420E-13
1320.75350045745  2.416419E-13
1322.20111496501  2.470947E-13
1323.64872947257  2.452796E-13
1325.09634398013  2.364865E-13
1326.54395848769  2.507421E-13
1327.99157299525  2.931200E-13
1329.43918750281  2.521230E-13
1330.88680201037  2.637996E-13
1332.33441651793  2.844730E-13
1333.78203102549  2.448998E-13
1335.22964553305  2.624219E-13
1336.67726004061  2.514479E-13
1338.12487454817  2.449778E-13
1339.57248905573  2.412577E-13
1341.02010356329  2.658547E-13
1342.46771807085  2.371917E-13
1343.91533257841  2.340165E-13
1345.36294708597  2.560395E-13
1346.81056159353  2.441948E-13
1348.25817610109  2.333172E-13
1349.70579060865  2.597043E-13
1351.15340511621  2.656331E-13
1352.60101962377  2.046383E-13
1354.04863413133  2.481995E-13
1355.49624863889  2.501215E-13
1356.94386314645  2.637254E-13
1358.39147765401  2.553457E-13
1359.83909216157  2.188387E-13
1361.28670666913  2.278190E-13
1362.73432117669  2.583657E-13
1364.18193568425  2.137508E-13
1365.62955019181  2.178959E-13
1367.07716469937  2.451976E-13
1368.52477920693  2.772930E-13
1369.97239371449  2.264371E-13
1371.42000822205  2.644402E-13
1372.86762272961  2.261960E-13
1374.31523723717  2.567824E-13
1375.76285174473  2.745349E-13
1377.21046625229  2.332153E-13
1378.65808075985  2.348800E-13
1380.10569526741  2.532319E-13
1381.55330977497  2.571377E-13
1383.00092428253  2.373708E-13
1384.44853879009  2.735025E-13
1385.89615329765  2.932096E-13
1387.34376780521  3.018309E-13
1388.79138231277  3.136824E-13
1390.23899682033  2.676628E-13
1391.68661132789  2.666326E-13
1393.13422583545  2.868530E-13
1394.581840343  3.024293E-13
1396.02945485057  2.702055E-13
1397.47706935812  2.881701E-13
1398.92468386568  2.609399E-13
1400.37229837324  2.845962E-13
1401.8199128808  3.124376E-13
1403.26752738836  2.777043E-13
1404.71514189592  2.647949E-13
1406.16275640348  2.443066E-13
1407.61037091104  2.675918E-13
1409.0579854186  2.559121E-13
1410.50559992616  2.710581E-13
1411.95321443372  2.823658E-13
1413.40082894128  2.452888E-13
1414.84844344884  2.713809E-13
1416.2960579564  2.495228E-13
1417.74367246396  2.437798E-13
1419.19128697152  2.620106E-13
1420.63890147908  2.482696E-13
1422.08651598664  2.474724E-13
1423.5341304942  2.483642E-13
1424.98174500176  2.414852E-13
1426.42935950932  2.677115E-13
1427.87697401688  2.768574E-13
1429.32458852444  2.589040E-13
1430.772203032  2.181544E-13
1432.21981753956  2.643492E-13
1433.66743204712  2.396297E-13
1435.11504655468  2.394788E-13
1436.56266106224  2.643864E-13
1438.0102755698  2.666374E-13
1439.45789007736  2.545433E-13
1440.90550458492  2.092371E-13
1442.35311909248  1.888187E-13
1443.80073360004  1.992829E-13
1445.2483481076  2.081602E-13
1446.69596261516  2.119513E-13
1448.14357712272  2.270324E-13
1449.59119163028  2.079726E-13
1451.03880613784  2.403753E-13
1452.4864206454  2.194145E-13
1453.93403515296  2.348242E-13
1455.38164966052  2.487519E-13
1456.82926416808  2.319867E-13
1458.27687867564  2.210491E-13
1459.7244931832  2.406915E-13
1461.17210769076  2.356698E-13
1462.61972219832  1.962988E-13
1464.06733670588  1.910109E-13
1465.51495121344  2.039967E-13
1466.962565721  2.229587E-13
1468.41018022856  2.015692E-13
1469.85779473612  2.237937E-13
1471.30540924368  2.223425E-13
1472.75302375124  2.353425E-13
1474.2006382588  2.144514E-13
1475.64825276636  2.003173E-13
1477.09586727392  2.038986E-13
1478.54348178148  1.976757E-13
1479.99109628904  2.150281E-13
1481.4387107966  2.174601E-13
1482.88632530416  2.069706E-13
1484.33393981172  2.311212E-13
1485.78155431928  2.090111E-13
1487.22916882683  2.003853E-13
1488.67678333439  2.002076E-13
1490.12439784195  2.204670E-13
1491.57201234951  2.201803E-13
1493.01962685707  2.235261E-13
1494.46724136463  1.961089E-13
1495.91485587219  2.023514E-13
1497.36247037975  2.273901E-13
1498.81008488731  2.457576E-13
1500.25769939487  2.246849E-13
1501.70531390243  2.366599E-13
1503.15292840999  2.438690E-13
1504.60054291755  2.202294E-13
1506.04815742511  2.261303E-13
1507.49577193267  2.341723E-13
1508.94338644023  2.419075E-13
1510.39100094779  2.544418E-13
1511.83861545535  2.234287E-13
1513.28622996291  2.251481E-13
1514.73384447047  2.325604E-13
1516.18145897803  2.627905E-13
1517.62907348559  2.549263E-13
1519.07668799315  2.473495E-13
1520.52430250071  2.736925E-13
1521.97191700827  2.624735E-13
1523.41953151583  2.548245E-13
1524.86714602339  2.692309E-13
1526.31476053095  2.619938E-13
1527.76237503851  2.569439E-13
1529.20998954607  2.682043E-13
1530.65760405363  2.527017E-13
1532.10521856119  2.694621E-13
1533.55283306875  2.895794E-13
1535.00044757631  3.020864E-13
1536.44806208387  3.224966E-13
1537.89567659143  3.483791E-13
1539.34329109899  3.608374E-13
1540.79090560655  3.723968E-13
1542.23852011411  3.773237E-13
1543.68613462167  4.030432E-13
1545.13374912923  4.104074E-13
1546.58136363679  4.491983E-13
1548.02897814435  4.136360E-13
1549.47659265191  4.348375E-13
1550.92420715947  4.351557E-13
1552.37182166703  3.924571E-13
1553.81943617459  3.666201E-13
1555.26705068215  3.576745E-13
1556.71466518971  3.406183E-13
1558.16227969727  2.978631E-13
1559.60989420483  2.715864E-13
1561.05750871239  2.740660E-13
1562.50512321995  2.895703E-13
1563.95273772751  2.992904E-13
1565.40035223507  2.845663E-13
1566.84796674263  2.746425E-13
1568.29558125019  2.679509E-13
1569.74319575775  2.514516E-13
1571.19081026531  2.360930E-13
1572.63842477287  2.317466E-13
1574.08603928043  2.360930E-13
1575.53365378799  2.353766E-13
1576.98126829555  2.341923E-13
1578.4288828031  2.225958E-13
1579.87649731066  2.400964E-13
1581.32411181822  2.256870E-13
1582.77172632578  2.264134E-13
1584.21934083334  2.288668E-13
1585.6669553409  2.372714E-13
1587.11456984846  2.392671E-13
1588.56218435602  2.268668E-13
1590.00979886358  2.250693E-13
1591.45741337114  2.265046E-13
1592.9050278787  2.188000E-13
1594.35264238626  2.283772E-13
1595.80025689382  2.221614E-13
1597.24787140138  2.067781E-13
1598.69548590894  2.223607E-13
1600.1431004165  2.152234E-13
1601.59071492406  1.931780E-13
1603.03832943162  1.923861E-13
1604.48594393918  1.890731E-13
1605.93355844674  1.972682E-13
1607.3811729543  1.974728E-13
1608.82878746186  1.941510E-13
1610.27640196942  1.995274E-13
1611.72401647698  2.102949E-13
1613.17163098454  2.173271E-13
1614.6192454921  2.222673E-13
1616.06685999966  2.186897E-13
1617.51447450722  2.179252E-13
1618.96208901478  2.095432E-13
1620.40970352234  2.018681E-13
1621.8573180299  2.052951E-13
1623.30493253746  2.051675E-13
1624.75254704502  2.086054E-13
1626.20016155258  2.099807E-13
1627.64777606014  2.107158E-13
1629.0953905677  2.284961E-13
1630.54300507526  2.319610E-13
1631.99061958282  2.288355E-13
1633.43823409038  2.234528E-13
1634.88584859794  2.075538E-13
1636.3334631055  2.066490E-13
1637.78107761306  2.197703E-13
1639.22869212062  2.339190E-13
1640.67630662818  2.315574E-13
1642.12392113574  2.329504E-13
1643.5715356433  2.239123E-13
1645.01915015086  2.194589E-13
1646.46676465842  2.070542E-13
1647.91437916598  2.114266E-13
1649.36199367354  2.117662E-13
1650.8096081811  2.141198E-13
1652.25722268866  2.120758E-13
1653.70483719622  1.948232E-13
1655.15245170378  2.023277E-13
1656.60006621134  1.964522E-13
1658.0476807189  1.994625E-13
1659.49529522646  1.957597E-13
1660.94290973402  1.936100E-13
1662.39052424158  2.020466E-13
1663.83813874914  2.100517E-13
1665.2857532567  2.148359E-13
1666.73336776426  2.129088E-13
1668.18098227181  2.035532E-13
1669.62859677938  2.061575E-13
1671.07621128693  2.173140E-13
1672.52382579449  2.128303E-13
1673.97144030205  2.096262E-13
1675.41905480961  2.091595E-13
1676.86666931717  2.032007E-13
1678.31428382473  2.129489E-13
1679.76189833229  2.031802E-13
1681.20951283985  1.979736E-13
1682.65712734741  1.856786E-13
1684.10474185497  1.832006E-13
1685.55235636253  1.842804E-13
1686.99997087009  1.859576E-13
1688.44758537765  1.907105E-13
1689.89519988521  1.891057E-13
1691.34281439277  1.927022E-13
1692.79042890033  1.892319E-13
1694.23804340789  1.855041E-13
1695.68565791545  1.855906E-13
1697.13327242301  1.914920E-13
1698.58088693057  1.868116E-13
1700.02850143813  1.928351E-13
1701.47611594569  1.933145E-13
1702.92373045325  1.980203E-13
1704.37134496081  2.042138E-13
1705.81895946837  2.053356E-13
1707.26657397593  2.086707E-13
1708.71418848349  2.150363E-13
1710.16180299105  0.
1711.60941749861  0.
1713.05703200617  0.
1714.50464651373  0.
1715.95226102129  0.
1717.39987552885  0.
1718.84749003641  0.
1720.29510454397  0.
1721.74271905153  0.
1723.19033355909  0.
1724.63794806665  0.
1726.08556257421  0.
1727.53317708177  0.
1728.98079158933  0.
1730.42840609689  0.
1731.87602060445  0.
1733.32363511201  0.
1734.77124961957  0.
1736.21886412713  0.
1737.66647863469  0.
1739.11409314225  0.
1740.56170764981  0.
1742.00932215737  0.
1743.45693666493  0.
1744.90455117249  0.
1746.35216568005  0.
1747.79978018761  0.
1749.24739469517  0.
1750.69500920273  0.
1752.14262371029  0.
1753.59023821785  0.
1755.03785272541  0.
1756.48546723297  0.
1757.93308174053  0.
1759.38069624809  0.
1760.82831075565  0.
1762.27592526321  0.
1763.72353977076  0.
1765.17115427832  0.
1766.61876878588  0.
1768.06638329344  0.
1769.513997801  0.
1770.96161230856  0.
1772.40922681612  0.
1773.85684132368  0.
1775.30445583124  0.
1776.7520703388  0.
1778.19968484636  0.
1779.64729935392  0.
1781.09491386148  0.
1782.54252836904  0.
1783.9901428766  0.
1785.43775738416  0.
1786.88537189172  0.
1788.33298639928  0.
1789.78060090684  0.
1791.2282154144  0.
1792.67582992196  0.
1794.12344442952  0.
1795.57105893708  0.
1797.01867344464  0.
1798.4662879522  0.
1799.91390245976  0.
1801.36151696732  0.
1802.80913147488  0.
1804.25674598244  0.
1805.70436049  0.
1807.15197499756  0.
1808.59958950512  0.
1810.04720401268  0.
1811.49481852024  0.
1812.9424330278  0.
1814.39004753536  0.
1815.83766204292  0.
1817.28527655048  0.
1818.73289105804  0.
1820.1805055656  0.
1821.62812007316  0.
1823.07573458072  0.
1824.52334908828  0.
1825.97096359584  0.
1827.4185781034  0.
1828.86619261096  0.
1830.31380711852  0.
1831.76142162608  0.
