906.735751295338  0.
908.183365802898  0.
909.630980310458  0.
911.078594818018  0.
912.526209325578  0.
913.973823833137  0.
915.421438340697  0.
916.869052848257  0.
918.316667355817  0.
919.764281863377  0.
921.211896370937  0.
922.659510878497  0.
924.107125386056  0.
925.554739893616  0.
927.002354401176  0.
928.449968908736  0.
929.897583416296  0.
931.345197923856  0.
932.792812431415  0.
934.240426938975  0.
935.688041446535  0.
937.135655954095  0.
938.583270461655  0.
940.030884969215  0.
941.478499476774  0.
942.926113984334  0.
944.373728491894  0.
945.821342999454  0.
947.268957507014  0.
948.716572014574  0.
950.164186522133  0.
951.611801029693  0.
953.059415537253  0.
954.507030044813  0.
955.954644552373  0.
957.402259059933  0.
958.849873567493  0.
960.297488075052  0.
961.745102582612  0.
963.192717090172  0.
964.640331597732  0.
966.087946105292  0.
967.535560612852  0.
968.983175120411  0.
970.430789627971  0.
971.878404135531  0.
973.326018643091  0.
974.773633150651  0.
976.221247658211  0.
977.668862165771  0.
979.11647667333  0.
980.56409118089  0.
982.01170568845  0.
983.45932019601  0.
984.90693470357  0.
986.35454921113  0.
987.802163718689  0.
989.249778226249  0.
990.697392733809  0.
992.145007241369  0.
993.592621748929  1.785287E-13
995.040236256489  1.684795E-13
996.487850764048  2.138902E-13
997.935465271608  1.061709E-13
999.383079779168  3.194176E-13
1000.83069428673  3.851781E-13
1002.27830879429  2.277287E-13
1003.72592330185  1.928215E-13
1005.17353780941  2.304984E-13
1006.62115231697  5.835469E-13
1008.06876682453  2.907122E-13
1009.51638133209  3.136113E-13
1010.96399583965  3.968751E-13
1012.41161034721  4.172034E-13
1013.85922485477  2.692972E-13
1015.30683936233  3.027493E-13
1016.75445386989  4.378614E-13
1018.20206837745  3.409057E-13
1019.64968288501  4.276161E-13
1021.09729739257  4.080302E-13
1022.54491190013  3.839233E-13
1023.99252640769  3.808082E-13
1025.44014091525  3.736013E-13
1026.8877554228  4.453468E-13
1028.33536993037  4.397825E-13
1029.78298443792  2.972593E-13
1031.23059894548  5.153774E-13
1032.67821345304  5.282927E-13
1034.1258279606  3.333893E-13
1035.57344246816  3.442880E-13
1037.02105697572  3.825482E-13
1038.46867148328  3.422565E-13
1039.91628599084  2.695816E-13
1041.3639004984  3.115783E-13
1042.81151500596  3.834852E-13
1044.25912951352  3.896964E-13
1045.70674402108  5.077797E-13
1047.15435852864  7.689890E-13
1048.6019730362  6.971438E-13
1050.04958754376  7.986194E-13
1051.49720205132  6.487554E-13
1052.94481655888  6.784489E-13
1054.39243106644  6.038764E-13
1055.840045574  4.440190E-13
1057.28766008156  3.809387E-13
1058.73527458912  3.216676E-13
1060.18288909668  2.505264E-13
1061.63050360424  2.961047E-13
1063.0781181118  3.431694E-13
1064.52573261936  2.927879E-13
1065.97334712692  3.053083E-13
1067.42096163448  2.768048E-13
1068.86857614204  3.065048E-13
1070.3161906496  3.157430E-13
1071.76380515716  3.408189E-13
1073.21141966472  3.303552E-13
1074.65903417228  3.042179E-13
1076.10664867984  2.762642E-13
1077.5542631874  3.182732E-13
1079.00187769496  2.726894E-13
1080.44949220252  3.232274E-13
1081.89710671008  2.909151E-13
1083.34472121764  3.611065E-13
1084.7923357252  2.649517E-13
1086.23995023276  4.369901E-13
1087.68756474032  2.053386E-13
1089.13517924788  2.571095E-13
1090.58279375544  2.300238E-13
1092.030408263  3.141664E-13
1093.47802277056  2.449521E-13
1094.92563727812  3.344026E-13
1096.37325178568  2.685499E-13
1097.82086629324  2.253416E-13
1099.2684808008  2.660324E-13
1100.71609530836  2.193728E-13
1102.16370981592  2.896964E-13
1103.61132432348  2.883946E-13
1105.05893883104  2.390969E-13
1106.5065533386  3.016278E-13
1107.95416784616  2.891459E-13
1109.40178235372  3.053146E-13
1110.84939686128  2.796601E-13
1112.29701136884  2.641958E-13
1113.7446258764  2.894136E-13
1115.19224038396  3.124481E-13
1116.63985489152  2.121181E-13
1118.08746939908  2.420423E-13
1119.53508390664  2.214349E-13
1120.98269841419  2.976375E-13
1122.43031292175  2.909880E-13
1123.87792742931  2.123712E-13
1125.32554193687  2.339351E-13
1126.77315644443  2.458187E-13
1128.22077095199  2.401003E-13
1129.66838545955  2.226956E-13
1131.11599996711  2.583073E-13
1132.56361447467  3.096413E-13
1134.01122898223  3.062923E-13
1135.45884348979  2.382991E-13
1136.90645799735  2.850304E-13
1138.35407250491  2.461951E-13
1139.80168701247  2.812199E-13
1141.24930152003  2.631116E-13
1142.69691602759  2.944714E-13
1144.14453053515  3.046974E-13
1145.59214504271  2.825182E-13
1147.03975955027  2.578625E-13
1148.48737405783  2.828534E-13
1149.93498856539  2.302468E-13
1151.38260307295  3.061870E-13
1152.83021758051  2.193919E-13
1154.27783208807  2.189597E-13
1155.72544659563  2.280531E-13
1157.17306110319  2.671578E-13
1158.62067561075  2.880372E-13
1160.06829011831  2.456950E-13
1161.51590462587  2.862029E-13
1162.96351913343  2.865060E-13
1164.41113364099  2.908410E-13
1165.85874814855  2.768355E-13
1167.30636265611  2.478542E-13
1168.75397716367  2.610712E-13
1170.20159167123  3.100562E-13
1171.64920617879  2.834099E-13
1173.09682068635  2.837003E-13
1174.54443519391  3.276206E-13
1175.99204970147  3.216397E-13
1177.43966420903  3.128837E-13
1178.88727871659  3.370175E-13
1180.33489322415  3.144563E-13
1181.78250773171  3.202641E-13
1183.23012223927  3.524350E-13
1184.67773674683  3.028428E-13
1186.12535125439  3.709110E-13
1187.57296576195  2.768376E-13
1189.02058026951  3.145193E-13
1190.46819477707  2.992408E-13
1191.91580928463  3.328345E-13
1193.36342379219  3.021198E-13
1194.81103829975  4.119927E-13
1196.25865280731  4.069889E-13
1197.70626731487  3.463574E-13
1199.15388182243  4.762863E-13
1200.60149632999  4.280852E-13
1202.04911083755  4.291452E-13
1203.49672534511  4.235721E-13
1204.94433985267  5.432513E-13
1206.39195436023  7.001241E-13
1207.83956886779  7.570801E-13
1209.28718337535  8.378594E-13
1210.7347978829  7.930917E-13
1212.18241239046  9.774897E-13
1213.63002689802  1.119103E-12
1215.07764140558  9.356467E-13
1216.52525591314  9.877614E-13
1217.9728704207  7.985196E-13
1219.42048492826  7.371888E-13
1220.86809943582  7.555918E-13
1222.31571394338  6.870652E-13
1223.76332845094  5.817936E-13
1225.2109429585  4.818438E-13
1226.65855746606  4.312829E-13
1228.10617197362  3.706327E-13
1229.55378648118  3.932790E-13
1231.00140098874  5.189258E-13
1232.4490154963  3.903707E-13
1233.89663000386  4.854317E-13
1235.34424451142  4.983858E-13
1236.79185901898  5.396733E-13
1238.23947352654  3.475347E-13
1239.6870880341  4.191005E-13
1241.13470254166  4.208449E-13
1242.58231704922  3.408416E-13
1244.02993155678  3.902878E-13
1245.47754606434  3.742085E-13
1246.9251605719  3.547558E-13
1248.37277507946  3.853395E-13
1249.82038958702  3.429770E-13
1251.26800409458  3.128194E-13
1252.71561860214  2.492670E-13
1254.1632331097  3.132135E-13
1255.61084761726  2.798381E-13
1257.05846212482  3.050685E-13
1258.50607663238  2.875999E-13
1259.95369113994  2.625714E-13
1261.4013056475  3.070693E-13
1262.84892015506  3.347715E-13
1264.29653466262  2.753767E-13
1265.74414917018  2.664166E-13
1267.19176367774  2.572504E-13
1268.6393781853  2.476756E-13
1270.08699269286  1.975484E-13
1271.53460720042  2.047999E-13
1272.98222170798  2.922817E-13
1274.42983621554  2.257378E-13
1275.8774507231  2.614958E-13
1277.32506523066  2.429371E-13
1278.77267973822  2.691441E-13
1280.22029424578  2.316522E-13
1281.66790875334  2.844511E-13
1283.1155232609  2.469929E-13
1284.56313776846  2.128592E-13
1286.01075227602  2.294882E-13
1287.45836678358  2.213327E-13
1288.90598129114  2.430540E-13
1290.3535957987  3.007587E-13
1291.80121030626  2.461275E-13
1293.24882481382  2.655452E-13
1294.69643932138  2.639924E-13
1296.14405382894  2.200774E-13
1297.5916683365  2.110988E-13
1299.03928284406  2.306738E-13
1300.48689735162  2.156808E-13
1301.93451185917  2.503763E-13
1303.38212636674  2.530598E-13
1304.82974087429  2.485017E-13
1306.27735538185  2.073002E-13
1307.72496988941  2.200156E-13
1309.17258439697  2.359239E-13
1310.62019890453  1.943147E-13
1312.06781341209  1.947367E-13
1313.51542791965  2.050509E-13
1314.96304242721  2.191899E-13
1316.41065693477  1.927930E-13
1317.85827144233  1.941398E-13
1319.30588594989  1.807653E-13
1320.75350045745  2.176189E-13
1322.20111496501  2.212258E-13
1323.64872947257  1.910135E-13
1325.09634398013  2.072093E-13
1326.54395848769  2.186887E-13
1327.99157299525  2.004837E-13
1329.43918750281  2.054943E-13
1330.88680201037  2.272397E-13
1332.33441651793  2.264457E-13
1333.78203102549  2.073212E-13
1335.22964553305  1.651431E-13
1336.67726004061  1.692647E-13
1338.12487454817  1.897031E-13
1339.57248905573  2.097920E-13
1341.02010356329  2.217454E-13
1342.46771807085  2.616729E-13
1343.91533257841  2.002410E-13
1345.36294708597  1.954720E-13
1346.81056159353  2.261817E-13
1348.25817610109  1.674889E-13
1349.70579060865  2.014807E-13
1351.15340511621  1.723283E-13
1352.60101962377  1.914437E-13
1354.04863413133  2.298492E-13
1355.49624863889  2.285530E-13
1356.94386314645  1.760515E-13
1358.39147765401  1.649364E-13
1359.83909216157  1.751237E-13
1361.28670666913  2.218218E-13
1362.73432117669  2.467496E-13
1364.18193568425  2.259795E-13
1365.62955019181  1.970694E-13
1367.07716469937  1.763481E-13
1368.52477920693  2.282572E-13
1369.97239371449  1.927173E-13
1371.42000822205  1.902810E-13
1372.86762272961  1.993148E-13
1374.31523723717  1.738703E-13
1375.76285174473  2.075446E-13
1377.21046625229  2.131198E-13
1378.65808075985  1.897355E-13
1380.10569526741  1.910390E-13
1381.55330977497  2.326697E-13
1383.00092428253  2.246126E-13
1384.44853879009  2.286493E-13
1385.89615329765  1.950267E-13
1387.34376780521  2.049382E-13
1388.79138231277  2.171497E-13
1390.23899682033  2.379380E-13
1391.68661132789  2.661454E-13
1393.13422583545  1.985314E-13
1394.581840343  2.324263E-13
1396.02945485057  2.310359E-13
1397.47706935812  2.374600E-13
1398.92468386568  2.448196E-13
1400.37229837324  2.528003E-13
1401.8199128808  2.615495E-13
1403.26752738836  2.500995E-13
1404.71514189592  2.743729E-13
1406.16275640348  2.299672E-13
1407.61037091104  1.967947E-13
1409.0579854186  2.075225E-13
1410.50559992616  2.154342E-13
1411.95321443372  1.867916E-13
1413.40082894128  2.149873E-13
1414.84844344884  2.054849E-13
1416.2960579564  1.996603E-13
1417.74367246396  1.970460E-13
1419.19128697152  2.559473E-13
1420.63890147908  2.245269E-13
1422.08651598664  1.931640E-13
1423.5341304942  1.825045E-13
1424.98174500176  1.911374E-13
1426.42935950932  1.620555E-13
1427.87697401688  1.945376E-13
1429.32458852444  2.165018E-13
1430.772203032  1.959930E-13
1432.21981753956  1.998933E-13
1433.66743204712  2.068805E-13
1435.11504655468  2.257225E-13
1436.56266106224  2.005645E-13
1438.0102755698  2.020121E-13
1439.45789007736  1.961925E-13
1440.90550458492  2.184219E-13
1442.35311909248  2.454586E-13
1443.80073360004  2.017093E-13
1445.2483481076  2.376880E-13
1446.69596261516  2.275257E-13
1448.14357712272  2.132097E-13
1449.59119163028  2.065987E-13
1451.03880613784  1.711640E-13
1452.4864206454  1.881056E-13
1453.93403515296  2.132668E-13
1455.38164966052  2.213710E-13
1456.82926416808  2.327828E-13
1458.27687867564  2.353629E-13
1459.7244931832  2.029474E-13
1461.17210769076  2.143387E-13
1462.61972219832  2.165364E-13
1464.06733670588  2.121864E-13
1465.51495121344  2.279097E-13
1466.962565721  1.897186E-13
1468.41018022856  1.915474E-13
1469.85779473612  2.333757E-13
1471.30540924368  2.212712E-13
1472.75302375124  1.976355E-13
1474.2006382588  2.131175E-13
1475.64825276636  2.124380E-13
1477.09586727392  1.918043E-13
1478.54348178148  1.948899E-13
1479.99109628904  1.968246E-13
1481.4387107966  1.858804E-13
1482.88632530416  1.873288E-13
1484.33393981172  1.889205E-13
1485.78155431928  1.954855E-13
1487.22916882683  1.799104E-13
1488.67678333439  1.919557E-13
1490.12439784195  1.822229E-13
1491.57201234951  1.923535E-13
1493.01962685707  2.143487E-13
1494.46724136463  2.067337E-13
1495.91485587219  1.907283E-13
1497.36247037975  1.838896E-13
1498.81008488731  1.715100E-13
1500.25769939487  1.724921E-13
1501.70531390243  1.504073E-13
1503.15292840999  1.848790E-13
1504.60054291755  1.910005E-13
1506.04815742511  1.999714E-13
1507.49577193267  1.942344E-13
1508.94338644023  1.735129E-13
1510.39100094779  1.804548E-13
1511.83861545535  1.823526E-13
1513.28622996291  1.971899E-13
1514.73384447047  1.968156E-13
1516.18145897803  1.866234E-13
1517.62907348559  2.008766E-13
1519.07668799315  1.965167E-13
1520.52430250071  1.884959E-13
1521.97191700827  1.888971E-13
1523.41953151583  2.016727E-13
1524.86714602339  1.952064E-13
1526.31476053095  2.167691E-13
1527.76237503851  2.265866E-13
1529.20998954607  2.286908E-13
1530.65760405363  2.141441E-13
1532.10521856119  2.200335E-13
1533.55283306875  2.467215E-13
1535.00044757631  2.642020E-13
1536.44806208387  3.031250E-13
1537.89567659143  3.257552E-13
1539.34329109899  3.253779E-13
1540.79090560655  3.606807E-13
1542.23852011411  3.389443E-13
1543.68613462167  4.555731E-13
1545.13374912923  4.624612E-13
1546.58136363679  3.928302E-13
1548.02897814435  3.868956E-13
1549.47659265191  3.541856E-13
1550.92420715947  3.553882E-13
1552.37182166703  2.995481E-13
1553.81943617459  2.973012E-13
1555.26705068215  2.744250E-13
1556.71466518971  2.604630E-13
1558.16227969727  2.463872E-13
1559.60989420483  2.449704E-13
1561.05750871239  2.454232E-13
1562.50512321995  2.320608E-13
1563.95273772751  2.196307E-13
1565.40035223507  2.260896E-13
1566.84796674263  2.306710E-13
1568.29558125019  2.133520E-13
1569.74319575775  2.086830E-13
1571.19081026531  2.076191E-13
1572.63842477287  1.957950E-13
1574.08603928043  2.025694E-13
1575.53365378799  1.939181E-13
1576.98126829555  1.971055E-13
1578.4288828031  1.841520E-13
1579.87649731066  1.736422E-13
1581.32411181822  1.747737E-13
1582.77172632578  1.915617E-13
1584.21934083334  1.818492E-13
1585.6669553409  1.804865E-13
1587.11456984846  1.885620E-13
1588.56218435602  1.863831E-13
1590.00979886358  1.948799E-13
1591.45741337114  1.952958E-13
1592.9050278787  1.875379E-13
1594.35264238626  1.920960E-13
1595.80025689382  2.018446E-13
1597.24787140138  1.901614E-13
1598.69548590894  1.810492E-13
1600.1431004165  1.759686E-13
1601.59071492406  1.739996E-13
1603.03832943162  1.825309E-13
1604.48594393918  1.899690E-13
1605.93355844674  1.892891E-13
1607.3811729543  1.756590E-13
1608.82878746186  1.697820E-13
1610.27640196942  1.709544E-13
1611.72401647698  1.638736E-13
1613.17163098454  1.613963E-13
1614.6192454921  1.783861E-13
1616.06685999966  1.786839E-13
1617.51447450722  1.749668E-13
1618.96208901478  1.779696E-13
1620.40970352234  1.859937E-13
1621.8573180299  1.859045E-13
1623.30493253746  1.972406E-13
1624.75254704502  1.986872E-13
1626.20016155258  1.944592E-13
1627.64777606014  2.006650E-13
1629.0953905677  2.168419E-13
1630.54300507526  2.129914E-13
1631.99061958282  2.146077E-13
1633.43823409038  2.063028E-13
1634.88584859794  2.104909E-13
1636.3334631055  2.082514E-13
1637.78107761306  2.061944E-13
1639.22869212062  2.103187E-13
1640.67630662818  2.147831E-13
1642.12392113574  1.986811E-13
1643.5715356433  2.075088E-13
1645.01915015086  1.900908E-13
1646.46676465842  1.723117E-13
1647.91437916598  1.852098E-13
1649.36199367354  1.898151E-13
1650.8096081811  1.968454E-13
1652.25722268866  1.886072E-13
1653.70483719622  2.008803E-13
1655.15245170378  1.850833E-13
1656.60006621134  1.874977E-13
1658.0476807189  1.865143E-13
1659.49529522646  1.870871E-13
1660.94290973402  1.832147E-13
1662.39052424158  1.843839E-13
1663.83813874914  1.793940E-13
1665.2857532567  1.797885E-13
1666.73336776426  1.814639E-13
1668.18098227181  1.983632E-13
1669.62859677938  1.944908E-13
1671.07621128693  1.913268E-13
1672.52382579449  1.884063E-13
1673.97144030205  1.787981E-13
1675.41905480961  1.782030E-13
1676.86666931717  1.746915E-13
1678.31428382473  1.682359E-13
1679.76189833229  1.730606E-13
1681.20951283985  1.651366E-13
1682.65712734741  1.665160E-13
1684.10474185497  1.751929E-13
1685.55235636253  1.649451E-13
1686.99997087009  1.512166E-13
1688.44758537765  1.635171E-13
1689.89519988521  1.683781E-13
1691.34281439277  1.697058E-13
1692.79042890033  1.584052E-13
1694.23804340789  1.575758E-13
1695.68565791545  1.669098E-13
1697.13327242301  1.645284E-13
1698.58088693057  1.599642E-13
1700.02850143813  1.499604E-13
1701.47611594569  1.709671E-13
1702.92373045325  1.541319E-13
1704.37134496081  1.589857E-13
1705.81895946837  1.496193E-13
1707.26657397593  1.414565E-13
1708.71418848349  1.402753E-13
1710.16180299105  0.
1711.60941749861  0.
1713.05703200617  0.
1714.50464651373  0.
1715.95226102129  0.
1717.39987552885  0.
1718.84749003641  0.
1720.29510454397  0.
1721.74271905153  0.
1723.19033355909  0.
1724.63794806665  0.
1726.08556257421  0.
1727.53317708177  0.
1728.98079158933  0.
1730.42840609689  0.
1731.87602060445  0.
1733.32363511201  0.
1734.77124961957  0.
1736.21886412713  0.
1737.66647863469  0.
1739.11409314225  0.
1740.56170764981  0.
1742.00932215737  0.
1743.45693666493  0.
1744.90455117249  0.
1746.35216568005  0.
1747.79978018761  0.
1749.24739469517  0.
1750.69500920273  0.
1752.14262371029  0.
1753.59023821785  0.
1755.03785272541  0.
1756.48546723297  0.
1757.93308174053  0.
1759.38069624809  0.
1760.82831075565  0.
1762.27592526321  0.
1763.72353977076  0.
1765.17115427832  0.
1766.61876878588  0.
1768.06638329344  0.
1769.513997801  0.
1770.96161230856  0.
1772.40922681612  0.
1773.85684132368  0.
1775.30445583124  0.
1776.7520703388  0.
1778.19968484636  0.
1779.64729935392  0.
1781.09491386148  0.
1782.54252836904  0.
1783.9901428766  0.
1785.43775738416  0.
1786.88537189172  0.
1788.33298639928  0.
1789.78060090684  0.
1791.2282154144  0.
1792.67582992196  0.
1794.12344442952  0.
1795.57105893708  0.
1797.01867344464  0.
1798.4662879522  0.
1799.91390245976  0.
1801.36151696732  0.
1802.80913147488  0.
1804.25674598244  0.
1805.70436049  0.
1807.15197499756  0.
1808.59958950512  0.
1810.04720401268  0.
1811.49481852024  0.
1812.9424330278  0.
1814.39004753536  0.
1815.83766204292  0.
1817.28527655048  0.
1818.73289105804  0.
1820.1805055656  0.
1821.62812007316  0.
1823.07573458072  0.
1824.52334908828  0.
1825.97096359584  0.
1827.4185781034  0.
1828.86619261096  0.
1830.31380711852  0.
1831.76142162608  0.
