906.735751295338  0.
908.183365802898  0.
909.630980310458  0.
911.078594818018  0.
912.526209325578  0.
913.973823833137  0.
915.421438340697  0.
916.869052848257  0.
918.316667355817  0.
919.764281863377  0.
921.211896370937  0.
922.659510878497  0.
924.107125386056  0.
925.554739893616  0.
927.002354401176  0.
928.449968908736  0.
929.897583416296  0.
931.345197923856  0.
932.792812431415  0.
934.240426938975  0.
935.688041446535  0.
937.135655954095  0.
938.583270461655  0.
940.030884969215  0.
941.478499476774  0.
942.926113984334  0.
944.373728491894  0.
945.821342999454  0.
947.268957507014  0.
948.716572014574  0.
950.164186522133  0.
951.611801029693  0.
953.059415537253  0.
954.507030044813  0.
955.954644552373  0.
957.402259059933  0.
958.849873567493  0.
960.297488075052  0.
961.745102582612  0.
963.192717090172  0.
964.640331597732  0.
966.087946105292  0.
967.535560612852  0.
968.983175120411  0.
970.430789627971  0.
971.878404135531  0.
973.326018643091  0.
974.773633150651  0.
976.221247658211  0.
977.668862165771  0.
979.11647667333  0.
980.56409118089  0.
982.01170568845  0.
983.45932019601  0.
984.90693470357  0.
986.35454921113  0.
987.802163718689  0.
989.249778226249  0.
990.697392733809  0.
992.145007241369  0.
993.592621748929  5.472373E-13
995.040236256489  4.561186E-13
996.487850764048  4.967621E-13
997.935465271608  4.776591E-13
999.383079779168  3.705022E-13
1000.83069428673  3.963100E-13
1002.27830879429  2.596284E-13
1003.72592330185  4.817091E-13
1005.17353780941  4.599599E-13
1006.62115231697  4.589342E-13
1008.06876682453  5.091391E-13
1009.51638133209  3.944396E-13
1010.96399583965  3.997031E-13
1012.41161034721  4.130790E-13
1013.85922485477  3.778203E-13
1015.30683936233  4.100251E-13
1016.75445386989  4.039878E-13
1018.20206837745  4.148558E-13
1019.64968288501  3.805428E-13
1021.09729739257  3.643077E-13
1022.54491190013  4.322396E-13
1023.99252640769  4.404912E-13
1025.44014091525  4.408767E-13
1026.8877554228  4.412398E-13
1028.33536993037  4.569926E-13
1029.78298443792  4.790190E-13
1031.23059894548  5.121665E-13
1032.67821345304  6.873629E-13
1034.1258279606  3.729062E-13
1035.57344246816  3.521289E-13
1037.02105697572  4.291044E-13
1038.46867148328  4.001566E-13
1039.91628599084  3.515575E-13
1041.3639004984  3.992305E-13
1042.81151500596  3.275243E-13
1044.25912951352  3.680594E-13
1045.70674402108  3.745240E-13
1047.15435852864  3.583443E-13
1048.6019730362  2.897393E-13
1050.04958754376  2.656126E-13
1051.49720205132  3.075160E-13
1052.94481655888  3.555732E-13
1054.39243106644  3.540890E-13
1055.840045574  2.902595E-13
1057.28766008156  2.898830E-13
1058.73527458912  2.731444E-13
1060.18288909668  3.224463E-13
1061.63050360424  3.311520E-13
1063.0781181118  3.243703E-13
1064.52573261936  3.360946E-13
1065.97334712692  3.156974E-13
1067.42096163448  3.166225E-13
1068.86857614204  2.917282E-13
1070.3161906496  3.215086E-13
1071.76380515716  3.212901E-13
1073.21141966472  3.171628E-13
1074.65903417228  3.045206E-13
1076.10664867984  2.890073E-13
1077.5542631874  3.068313E-13
1079.00187769496  3.045777E-13
1080.44949220252  2.790699E-13
1081.89710671008  2.682955E-13
1083.34472121764  2.914686E-13
1084.7923357252  2.727214E-13
1086.23995023276  2.704463E-13
1087.68756474032  2.384833E-13
1089.13517924788  2.425051E-13
1090.58279375544  2.509662E-13
1092.030408263  2.709278E-13
1093.47802277056  3.049173E-13
1094.92563727812  2.950460E-13
1096.37325178568  2.553053E-13
1097.82086629324  2.573516E-13
1099.2684808008  2.755711E-13
1100.71609530836  2.648674E-13
1102.16370981592  2.664118E-13
1103.61132432348  2.691307E-13
1105.05893883104  2.818205E-13
1106.5065533386  2.834216E-13
1107.95416784616  2.943234E-13
1109.40178235372  2.914266E-13
1110.84939686128  2.613811E-13
1112.29701136884  2.794915E-13
1113.7446258764  2.960672E-13
1115.19224038396  2.993345E-13
1116.63985489152  2.976159E-13
1118.08746939908  2.619088E-13
1119.53508390664  2.602887E-13
1120.98269841419  2.716220E-13
1122.43031292175  2.298364E-13
1123.87792742931  2.386563E-13
1125.32554193687  2.126741E-13
1126.77315644443  2.315648E-13
1128.22077095199  2.552924E-13
1129.66838545955  2.571431E-13
1131.11599996711  3.020002E-13
1132.56361447467  2.771064E-13
1134.01122898223  2.427827E-13
1135.45884348979  2.652194E-13
1136.90645799735  2.682014E-13
1138.35407250491  2.480105E-13
1139.80168701247  2.752323E-13
1141.24930152003  2.891860E-13
1142.69691602759  2.448894E-13
1144.14453053515  2.707402E-13
1145.59214504271  2.678999E-13
1147.03975955027  2.755311E-13
1148.48737405783  2.848084E-13
1149.93498856539  2.839458E-13
1151.38260307295  2.403971E-13
1152.83021758051  2.152123E-13
1154.27783208807  2.313515E-13
1155.72544659563  2.605973E-13
1157.17306110319  2.570669E-13
1158.62067561075  2.624911E-13
1160.06829011831  2.663218E-13
1161.51590462587  2.673039E-13
1162.96351913343  2.746872E-13
1164.41113364099  2.716818E-13
1165.85874814855  3.263124E-13
1167.30636265611  3.222526E-13
1168.75397716367  3.087943E-13
1170.20159167123  3.252080E-13
1171.64920617879  2.925830E-13
1173.09682068635  3.044206E-13
1174.54443519391  3.056783E-13
1175.99204970147  2.650079E-13
1177.43966420903  2.701074E-13
1178.88727871659  2.888966E-13
1180.33489322415  3.217015E-13
1181.78250773171  3.099370E-13
1183.23012223927  3.032808E-13
1184.67773674683  3.081687E-13
1186.12535125439  3.321004E-13
1187.57296576195  3.261873E-13
1189.02058026951  3.446014E-13
1190.46819477707  3.327211E-13
1191.91580928463  3.890801E-13
1193.36342379219  3.700251E-13
1194.81103829975  4.127784E-13
1196.25865280731  4.005864E-13
1197.70626731487  4.156570E-13
1199.15388182243  4.642692E-13
1200.60149632999  5.136767E-13
1202.04911083755  4.177751E-13
1203.49672534511  4.597576E-13
1204.94433985267  5.753099E-13
1206.39195436023  6.626687E-13
1207.83956886779  7.885560E-13
1209.28718337535  8.180846E-13
1210.7347978829  8.724798E-13
1212.18241239046  1.017234E-12
1213.63002689802  1.077682E-12
1215.07764140558  1.159930E-12
1216.52525591314  8.548796E-13
1217.9728704207  8.511055E-13
1219.42048492826  8.103811E-13
1220.86809943582  6.903510E-13
1222.31571394338  6.165157E-13
1223.76332845094  5.214385E-13
1225.2109429585  4.916512E-13
1226.65855746606  5.486200E-13
1228.10617197362  5.044783E-13
1229.55378648118  4.410359E-13
1231.00140098874  4.495672E-13
1232.4490154963  4.681987E-13
1233.89663000386  4.125766E-13
1235.34424451142  4.438441E-13
1236.79185901898  4.838285E-13
1238.23947352654  4.714855E-13
1239.6870880341  4.225580E-13
1241.13470254166  4.702926E-13
1242.58231704922  3.805347E-13
1244.02993155678  3.506494E-13
1245.47754606434  3.787065E-13
1246.9251605719  3.534085E-13
1248.37277507946  3.295032E-13
1249.82038958702  3.275495E-13
1251.26800409458  2.841006E-13
1252.71561860214  3.481396E-13
1254.1632331097  3.729656E-13
1255.61084761726  3.292561E-13
1257.05846212482  3.279898E-13
1258.50607663238  3.210055E-13
1259.95369113994  3.001143E-13
1261.4013056475  2.541414E-13
1262.84892015506  2.617065E-13
1264.29653466262  2.419495E-13
1265.74414917018  3.049768E-13
1267.19176367774  2.848867E-13
1268.6393781853  2.497848E-13
1270.08699269286  2.948066E-13
1271.53460720042  2.887309E-13
1272.98222170798  2.559478E-13
1274.42983621554  2.829826E-13
1275.8774507231  2.548039E-13
1277.32506523066  2.448786E-13
1278.77267973822  2.340588E-13
1280.22029424578  2.623862E-13
1281.66790875334  2.307996E-13
1283.1155232609  2.354735E-13
1284.56313776846  2.408269E-13
1286.01075227602  2.652486E-13
1287.45836678358  2.381269E-13
1288.90598129114  2.299319E-13
1290.3535957987  2.234003E-13
1291.80121030626  2.312415E-13
1293.24882481382  2.607765E-13
1294.69643932138  2.358127E-13
1296.14405382894  2.671982E-13
1297.5916683365  2.868585E-13
1299.03928284406  3.170150E-13
1300.48689735162  2.665081E-13
1301.93451185917  2.275049E-13
1303.38212636674  2.882214E-13
1304.82974087429  2.257208E-13
1306.27735538185  2.202297E-13
1307.72496988941  2.372468E-13
1309.17258439697  2.366980E-13
1310.62019890453  2.364629E-13
1312.06781341209  2.586019E-13
1313.51542791965  2.518192E-13
1314.96304242721  2.139215E-13
1316.41065693477  2.066763E-13
1317.85827144233  2.107368E-13
1319.30588594989  2.013711E-13
1320.75350045745  2.197778E-13
1322.20111496501  2.311321E-13
1323.64872947257  2.385443E-13
1325.09634398013  2.575942E-13
1326.54395848769  2.556764E-13
1327.99157299525  2.249657E-13
1329.43918750281  2.011213E-13
1330.88680201037  2.453343E-13
1332.33441651793  2.657467E-13
1333.78203102549  2.361528E-13
1335.22964553305  2.208142E-13
1336.67726004061  1.877095E-13
1338.12487454817  1.846541E-13
1339.57248905573  1.854915E-13
1341.02010356329  2.055296E-13
1342.46771807085  2.387158E-13
1343.91533257841  2.157369E-13
1345.36294708597  2.134110E-13
1346.81056159353  2.179323E-13
1348.25817610109  2.226770E-13
1349.70579060865  2.374414E-13
1351.15340511621  2.425332E-13
1352.60101962377  2.397669E-13
1354.04863413133  2.343537E-13
1355.49624863889  2.460974E-13
1356.94386314645  2.822458E-13
1358.39147765401  2.547399E-13
1359.83909216157  2.159274E-13
1361.28670666913  2.218243E-13
1362.73432117669  2.041677E-13
1364.18193568425  1.896695E-13
1365.62955019181  2.269872E-13
1367.07716469937  2.467735E-13
1368.52477920693  2.417539E-13
1369.97239371449  2.394196E-13
1371.42000822205  2.211247E-13
1372.86762272961  2.416486E-13
1374.31523723717  2.300379E-13
1375.76285174473  2.201368E-13
1377.21046625229  2.282649E-13
1378.65808075985  2.260561E-13
1380.10569526741  2.376977E-13
1381.55330977497  2.093363E-13
1383.00092428253  2.311857E-13
1384.44853879009  2.516570E-13
1385.89615329765  2.411419E-13
1387.34376780521  2.524566E-13
1388.79138231277  2.338303E-13
1390.23899682033  2.189636E-13
1391.68661132789  2.496983E-13
1393.13422583545  2.615462E-13
1394.581840343  2.549428E-13
1396.02945485057  2.600839E-13
1397.47706935812  2.523968E-13
1398.92468386568  2.705174E-13
1400.37229837324  2.724200E-13
1401.8199128808  2.725040E-13
1403.26752738836  2.386703E-13
1404.71514189592  2.496711E-13
1406.16275640348  2.291284E-13
1407.61037091104  2.659785E-13
1409.0579854186  2.507731E-13
1410.50559992616  2.657686E-13
1411.95321443372  2.548330E-13
1413.40082894128  2.624109E-13
1414.84844344884  2.696016E-13
1416.2960579564  2.577856E-13
1417.74367246396  2.347580E-13
1419.19128697152  2.297821E-13
1420.63890147908  2.117035E-13
1422.08651598664  2.215788E-13
1423.5341304942  2.304834E-13
1424.98174500176  2.324685E-13
1426.42935950932  2.301325E-13
1427.87697401688  2.263808E-13
1429.32458852444  2.155843E-13
1430.772203032  2.215186E-13
1432.21981753956  2.294626E-13
1433.66743204712  2.415716E-13
1435.11504655468  2.311610E-13
1436.56266106224  2.122238E-13
1438.0102755698  2.377543E-13
1439.45789007736  2.386739E-13
1440.90550458492  2.000096E-13
1442.35311909248  1.782061E-13
1443.80073360004  2.035269E-13
1445.2483481076  2.278553E-13
1446.69596261516  2.431347E-13
1448.14357712272  2.139115E-13
1449.59119163028  1.985546E-13
1451.03880613784  2.019238E-13
1452.4864206454  1.983179E-13
1453.93403515296  1.961241E-13
1455.38164966052  2.207871E-13
1456.82926416808  1.956931E-13
1458.27687867564  2.364162E-13
1459.7244931832  2.181750E-13
1461.17210769076  2.130791E-13
1462.61972219832  2.160767E-13
1464.06733670588  2.093463E-13
1465.51495121344  1.908729E-13
1466.962565721  2.001832E-13
1468.41018022856  1.832572E-13
1469.85779473612  2.241377E-13
1471.30540924368  2.085789E-13
1472.75302375124  2.055272E-13
1474.2006382588  1.854639E-13
1475.64825276636  1.975817E-13
1477.09586727392  2.132383E-13
1478.54348178148  1.901377E-13
1479.99109628904  1.822188E-13
1481.4387107966  1.879241E-13
1482.88632530416  1.951976E-13
1484.33393981172  2.055959E-13
1485.78155431928  2.201151E-13
1487.22916882683  2.185612E-13
1488.67678333439  2.149336E-13
1490.12439784195  2.203384E-13
1491.57201234951  2.123346E-13
1493.01962685707  2.170061E-13
1494.46724136463  2.018533E-13
1495.91485587219  2.036162E-13
1497.36247037975  2.097127E-13
1498.81008488731  2.014712E-13
1500.25769939487  1.899643E-13
1501.70531390243  2.167602E-13
1503.15292840999  2.127395E-13
1504.60054291755  2.047645E-13
1506.04815742511  2.120549E-13
1507.49577193267  2.257253E-13
1508.94338644023  2.244960E-13
1510.39100094779  2.236568E-13
1511.83861545535  2.343494E-13
1513.28622996291  2.343633E-13
1514.73384447047  2.236023E-13
1516.18145897803  2.222597E-13
1517.62907348559  2.270875E-13
1519.07668799315  2.232451E-13
1520.52430250071  2.240230E-13
1521.97191700827  2.573458E-13
1523.41953151583  2.474734E-13
1524.86714602339  2.540574E-13
1526.31476053095  2.614216E-13
1527.76237503851  2.457008E-13
1529.20998954607  2.592063E-13
1530.65760405363  2.543764E-13
1532.10521856119  2.755174E-13
1533.55283306875  2.952085E-13
1535.00044757631  2.977435E-13
1536.44806208387  2.987882E-13
1537.89567659143  3.401418E-13
1539.34329109899  3.627710E-13
1540.79090560655  3.726462E-13
1542.23852011411  3.754252E-13
1543.68613462167  3.770241E-13
1545.13374912923  4.141572E-13
1546.58136363679  3.975575E-13
1548.02897814435  3.598360E-13
1549.47659265191  3.917823E-13
1550.92420715947  3.712055E-13
1552.37182166703  3.752304E-13
1553.81943617459  3.548224E-13
1555.26705068215  3.251573E-13
1556.71466518971  2.935779E-13
1558.16227969727  2.819580E-13
1559.60989420483  2.687071E-13
1561.05750871239  2.570298E-13
1562.50512321995  2.638405E-13
1563.95273772751  2.555278E-13
1565.40035223507  2.466800E-13
1566.84796674263  2.260560E-13
1568.29558125019  2.152593E-13
1569.74319575775  2.398859E-13
1571.19081026531  2.360286E-13
1572.63842477287  2.426805E-13
1574.08603928043  2.323070E-13
1575.53365378799  2.222535E-13
1576.98126829555  2.171193E-13
1578.4288828031  2.279094E-13
1579.87649731066  2.198123E-13
1581.32411181822  2.201146E-13
1582.77172632578  2.123012E-13
1584.21934083334  2.059264E-13
1585.6669553409  2.110431E-13
1587.11456984846  2.054337E-13
1588.56218435602  1.918959E-13
1590.00979886358  2.060508E-13
1591.45741337114  1.992360E-13
1592.9050278787  2.040295E-13
1594.35264238626  2.100628E-13
1595.80025689382  2.071464E-13
1597.24787140138  1.869865E-13
1598.69548590894  1.816795E-13
1600.1431004165  1.979987E-13
1601.59071492406  2.072884E-13
1603.03832943162  2.091096E-13
1604.48594393918  2.060693E-13
1605.93355844674  2.008799E-13
1607.3811729543  2.014675E-13
1608.82878746186  1.952353E-13
1610.27640196942  1.811742E-13
1611.72401647698  1.812481E-13
1613.17163098454  1.860217E-13
1614.6192454921  1.813512E-13
1616.06685999966  1.893435E-13
1617.51447450722  1.955977E-13
1618.96208901478  2.045267E-13
1620.40970352234  2.180885E-13
1621.8573180299  2.255796E-13
1623.30493253746  2.159023E-13
1624.75254704502  1.994396E-13
1626.20016155258  2.003196E-13
1627.64777606014  2.091357E-13
1629.0953905677  2.081872E-13
1630.54300507526  2.113515E-13
1631.99061958282  2.205344E-13
1633.43823409038  2.244360E-13
1634.88584859794  2.151597E-13
1636.3334631055  2.059373E-13
1637.78107761306  2.012132E-13
1639.22869212062  1.902694E-13
1640.67630662818  1.945874E-13
1642.12392113574  2.058817E-13
1643.5715356433  1.994736E-13
1645.01915015086  1.971975E-13
1646.46676465842  2.009457E-13
1647.91437916598  2.041793E-13
1649.36199367354  2.153611E-13
1650.8096081811  2.170716E-13
1652.25722268866  2.125047E-13
1653.70483719622  2.029091E-13
1655.15245170378  2.031294E-13
1656.60006621134  2.217201E-13
1658.0476807189  2.338005E-13
1659.49529522646  2.268675E-13
1660.94290973402  2.179962E-13
1662.39052424158  2.199921E-13
1663.83813874914  2.089811E-13
1665.2857532567  1.965210E-13
1666.73336776426  1.947167E-13
1668.18098227181  1.956321E-13
1669.62859677938  1.833506E-13
1671.07621128693  1.891727E-13
1672.52382579449  1.962284E-13
1673.97144030205  1.967221E-13
1675.41905480961  1.980943E-13
1676.86666931717  1.981910E-13
1678.31428382473  1.981249E-13
1679.76189833229  1.855718E-13
1681.20951283985  1.734811E-13
1682.65712734741  1.692531E-13
1684.10474185497  1.682225E-13
1685.55235636253  1.653573E-13
1686.99997087009  1.729685E-13
1688.44758537765  1.837149E-13
1689.89519988521  1.838372E-13
1691.34281439277  1.820368E-13
1692.79042890033  1.815685E-13
1694.23804340789  1.731482E-13
1695.68565791545  1.692782E-13
1697.13327242301  1.718317E-13
1698.58088693057  1.795694E-13
1700.02850143813  1.827701E-13
1701.47611594569  1.777588E-13
1702.92373045325  1.749002E-13
1704.37134496081  1.789505E-13
1705.81895946837  1.848191E-13
1707.26657397593  1.801274E-13
1708.71418848349  1.816540E-13
1710.16180299105  0.
1711.60941749861  0.
1713.05703200617  0.
1714.50464651373  0.
1715.95226102129  0.
1717.39987552885  0.
1718.84749003641  0.
1720.29510454397  0.
1721.74271905153  0.
1723.19033355909  0.
1724.63794806665  0.
1726.08556257421  0.
1727.53317708177  0.
1728.98079158933  0.
1730.42840609689  0.
1731.87602060445  0.
1733.32363511201  0.
1734.77124961957  0.
1736.21886412713  0.
1737.66647863469  0.
1739.11409314225  0.
1740.56170764981  0.
1742.00932215737  0.
1743.45693666493  0.
1744.90455117249  0.
1746.35216568005  0.
1747.79978018761  0.
1749.24739469517  0.
1750.69500920273  0.
1752.14262371029  0.
1753.59023821785  0.
1755.03785272541  0.
1756.48546723297  0.
1757.93308174053  0.
1759.38069624809  0.
1760.82831075565  0.
1762.27592526321  0.
1763.72353977076  0.
1765.17115427832  0.
1766.61876878588  0.
1768.06638329344  0.
1769.513997801  0.
1770.96161230856  0.
1772.40922681612  0.
1773.85684132368  0.
1775.30445583124  0.
1776.7520703388  0.
1778.19968484636  0.
1779.64729935392  0.
1781.09491386148  0.
1782.54252836904  0.
1783.9901428766  0.
1785.43775738416  0.
1786.88537189172  0.
1788.33298639928  0.
1789.78060090684  0.
1791.2282154144  0.
1792.67582992196  0.
1794.12344442952  0.
1795.57105893708  0.
1797.01867344464  0.
1798.4662879522  0.
1799.91390245976  0.
1801.36151696732  0.
1802.80913147488  0.
1804.25674598244  0.
1805.70436049  0.
1807.15197499756  0.
1808.59958950512  0.
1810.04720401268  0.
1811.49481852024  0.
1812.9424330278  0.
1814.39004753536  0.
1815.83766204292  0.
1817.28527655048  0.
1818.73289105804  0.
1820.1805055656  0.
1821.62812007316  0.
1823.07573458072  0.
1824.52334908828  0.
1825.97096359584  0.
1827.4185781034  0.
1828.86619261096  0.
1830.31380711852  0.
1831.76142162608  0.
