906.735751295338  0.
908.183365802898  0.
909.630980310458  0.
911.078594818018  0.
912.526209325578  0.
913.973823833137  0.
915.421438340697  0.
916.869052848257  0.
918.316667355817  0.
919.764281863377  0.
921.211896370937  0.
922.659510878497  0.
924.107125386056  0.
925.554739893616  0.
927.002354401176  0.
928.449968908736  0.
929.897583416296  0.
931.345197923856  0.
932.792812431415  0.
934.240426938975  0.
935.688041446535  0.
937.135655954095  0.
938.583270461655  0.
940.030884969215  0.
941.478499476774  0.
942.926113984334  0.
944.373728491894  0.
945.821342999454  0.
947.268957507014  0.
948.716572014574  0.
950.164186522133  0.
951.611801029693  0.
953.059415537253  0.
954.507030044813  0.
955.954644552373  0.
957.402259059933  0.
958.849873567493  0.
960.297488075052  0.
961.745102582612  0.
963.192717090172  0.
964.640331597732  0.
966.087946105292  0.
967.535560612852  0.
968.983175120411  0.
970.430789627971  0.
971.878404135531  0.
973.326018643091  0.
974.773633150651  0.
976.221247658211  0.
977.668862165771  0.
979.11647667333  0.
980.56409118089  0.
982.01170568845  0.
983.45932019601  0.
984.90693470357  0.
986.35454921113  0.
987.802163718689  0.
989.249778226249  0.
990.697392733809  0.
992.145007241369  0.
993.592621748929  3.567822E-13
995.040236256489  2.216298E-13
996.487850764048  2.343472E-13
997.935465271608  3.035595E-13
999.383079779168  2.788163E-13
1000.83069428673  3.370417E-13
1002.27830879429  2.136198E-13
1003.72592330185  3.260823E-13
1005.17353780941  4.170592E-13
1006.62115231697  3.551992E-13
1008.06876682453  3.720044E-13
1009.51638133209  3.015755E-13
1010.96399583965  3.579581E-13
1012.41161034721  3.854588E-13
1013.85922485477  3.091977E-13
1015.30683936233  2.967109E-13
1016.75445386989  3.091389E-13
1018.20206837745  3.828485E-13
1019.64968288501  3.776974E-13
1021.09729739257  3.437513E-13
1022.54491190013  3.582807E-13
1023.99252640769  3.826954E-13
1025.44014091525  3.745584E-13
1026.8877554228  3.840626E-13
1028.33536993037  3.721602E-13
1029.78298443792  3.976339E-13
1031.23059894548  4.481055E-13
1032.67821345304  4.807581E-13
1034.1258279606  3.591964E-13
1035.57344246816  4.783630E-13
1037.02105697572  3.622439E-13
1038.46867148328  3.228433E-13
1039.91628599084  3.153727E-13
1041.3639004984  3.189561E-13
1042.81151500596  3.466599E-13
1044.25912951352  4.209768E-13
1045.70674402108  5.127443E-13
1047.15435852864  5.143319E-13
1048.6019730362  4.555832E-13
1050.04958754376  3.914274E-13
1051.49720205132  3.206797E-13
1052.94481655888  3.224548E-13
1054.39243106644  3.026037E-13
1055.840045574  2.916242E-13
1057.28766008156  2.799731E-13
1058.73527458912  2.642861E-13
1060.18288909668  2.769117E-13
1061.63050360424  3.039298E-13
1063.0781181118  3.657145E-13
1064.52573261936  3.057322E-13
1065.97334712692  2.831878E-13
1067.42096163448  3.066306E-13
1068.86857614204  2.720645E-13
1070.3161906496  2.861563E-13
1071.76380515716  2.545617E-13
1073.21141966472  2.630185E-13
1074.65903417228  2.855680E-13
1076.10664867984  2.582273E-13
1077.5542631874  2.903879E-13
1079.00187769496  2.902641E-13
1080.44949220252  2.524171E-13
1081.89710671008  2.660768E-13
1083.34472121764  2.580350E-13
1084.7923357252  2.514242E-13
1086.23995023276  2.886583E-13
1087.68756474032  2.905631E-13
1089.13517924788  2.431572E-13
1090.58279375544  2.113454E-13
1092.030408263  2.336391E-13
1093.47802277056  2.326763E-13
1094.92563727812  2.367796E-13
1096.37325178568  2.155291E-13
1097.82086629324  2.376326E-13
1099.2684808008  2.492536E-13
1100.71609530836  2.503484E-13
1102.16370981592  2.501285E-13
1103.61132432348  2.477320E-13
1105.05893883104  2.491194E-13
1106.5065533386  2.526167E-13
1107.95416784616  2.443530E-13
1109.40178235372  2.701293E-13
1110.84939686128  2.277406E-13
1112.29701136884  2.478113E-13
1113.7446258764  2.750530E-13
1115.19224038396  2.637648E-13
1116.63985489152  2.795533E-13
1118.08746939908  2.669185E-13
1119.53508390664  2.306477E-13
1120.98269841419  2.283327E-13
1122.43031292175  2.245401E-13
1123.87792742931  2.408809E-13
1125.32554193687  2.240529E-13
1126.77315644443  2.087862E-13
1128.22077095199  2.377491E-13
1129.66838545955  2.291800E-13
1131.11599996711  2.780439E-13
1132.56361447467  2.470339E-13
1134.01122898223  2.491168E-13
1135.45884348979  2.355451E-13
1136.90645799735  2.533381E-13
1138.35407250491  2.764817E-13
1139.80168701247  2.670995E-13
1141.24930152003  2.141725E-13
1142.69691602759  2.326844E-13
1144.14453053515  2.771022E-13
1145.59214504271  2.483519E-13
1147.03975955027  2.652528E-13
1148.48737405783  2.590183E-13
1149.93498856539  2.452272E-13
1151.38260307295  2.552878E-13
1152.83021758051  2.194489E-13
1154.27783208807  2.175579E-13
1155.72544659563  2.316960E-13
1157.17306110319  2.662329E-13
1158.62067561075  2.479108E-13
1160.06829011831  2.242531E-13
1161.51590462587  2.557074E-13
1162.96351913343  2.266555E-13
1164.41113364099  2.387641E-13
1165.85874814855  2.547219E-13
1167.30636265611  2.380850E-13
1168.75397716367  2.330649E-13
1170.20159167123  2.840542E-13
1171.64920617879  2.607407E-13
1173.09682068635  2.488381E-13
1174.54443519391  2.807984E-13
1175.99204970147  2.595299E-13
1177.43966420903  2.718883E-13
1178.88727871659  2.552510E-13
1180.33489322415  2.955352E-13
1181.78250773171  2.720578E-13
1183.23012223927  2.879751E-13
1184.67773674683  3.206002E-13
1186.12535125439  2.993001E-13
1187.57296576195  3.216834E-13
1189.02058026951  3.074828E-13
1190.46819477707  3.220005E-13
1191.91580928463  3.235540E-13
1193.36342379219  3.191389E-13
1194.81103829975  3.301282E-13
1196.25865280731  3.133372E-13
1197.70626731487  3.817385E-13
1199.15388182243  3.893960E-13
1200.60149632999  4.591634E-13
1202.04911083755  4.272297E-13
1203.49672534511  4.191408E-13
1204.94433985267  4.088468E-13
1206.39195436023  4.830075E-13
1207.83956886779  5.533326E-13
1209.28718337535  5.904014E-13
1210.7347978829  6.471017E-13
1212.18241239046  8.006847E-13
1213.63002689802  8.750728E-13
1215.07764140558  1.217440E-12
1216.52525591314  1.063456E-12
1217.9728704207  9.978366E-13
1219.42048492826  9.632438E-13
1220.86809943582  7.828368E-13
1222.31571394338  6.724139E-13
1223.76332845094  5.388697E-13
1225.2109429585  4.943741E-13
1226.65855746606  4.899671E-13
1228.10617197362  5.376834E-13
1229.55378648118  4.529632E-13
1231.00140098874  4.026018E-13
1232.4490154963  4.477634E-13
1233.89663000386  3.937695E-13
1235.34424451142  3.926321E-13
1236.79185901898  4.411011E-13
1238.23947352654  4.170840E-13
1239.6870880341  4.131202E-13
1241.13470254166  4.253664E-13
1242.58231704922  4.047855E-13
1244.02993155678  3.686047E-13
1245.47754606434  3.458404E-13
1246.9251605719  3.048166E-13
1248.37277507946  3.091022E-13
1249.82038958702  3.035568E-13
1251.26800409458  2.980139E-13
1252.71561860214  3.144223E-13
1254.1632331097  2.827086E-13
1255.61084761726  2.741337E-13
1257.05846212482  2.555611E-13
1258.50607663238  3.431087E-13
1259.95369113994  2.884910E-13
1261.4013056475  2.774172E-13
1262.84892015506  2.625284E-13
1264.29653466262  2.969112E-13
1265.74414917018  2.888258E-13
1267.19176367774  2.621962E-13
1268.6393781853  2.562641E-13
1270.08699269286  2.547652E-13
1271.53460720042  2.497194E-13
1272.98222170798  2.404985E-13
1274.42983621554  2.398088E-13
1275.8774507231  2.488158E-13
1277.32506523066  2.878467E-13
1278.77267973822  2.586167E-13
1280.22029424578  2.117592E-13
1281.66790875334  1.941576E-13
1283.1155232609  2.245689E-13
1284.56313776846  2.154190E-13
1286.01075227602  2.014378E-13
1287.45836678358  2.120753E-13
1288.90598129114  2.235972E-13
1290.3535957987  2.328610E-13
1291.80121030626  2.524628E-13
1293.24882481382  2.145196E-13
1294.69643932138  2.042668E-13
1296.14405382894  2.309702E-13
1297.5916683365  2.494817E-13
1299.03928284406  2.285029E-13
1300.48689735162  2.200820E-13
1301.93451185917  2.336695E-13
1303.38212636674  2.400636E-13
1304.82974087429  2.156949E-13
1306.27735538185  2.108449E-13
1307.72496988941  1.970268E-13
1309.17258439697  1.816050E-13
1310.62019890453  2.062941E-13
1312.06781341209  2.045851E-13
1313.51542791965  2.029482E-13
1314.96304242721  2.327374E-13
1316.41065693477  2.497058E-13
1317.85827144233  2.021181E-13
1319.30588594989  1.891420E-13
1320.75350045745  1.763691E-13
1322.20111496501  1.455649E-13
1323.64872947257  2.213696E-13
1325.09634398013  2.278757E-13
1326.54395848769  1.793972E-13
1327.99157299525  1.998852E-13
1329.43918750281  2.308562E-13
1330.88680201037  2.256966E-13
1332.33441651793  2.400500E-13
1333.78203102549  1.976584E-13
1335.22964553305  1.781616E-13
1336.67726004061  1.690805E-13
1338.12487454817  1.816835E-13
1339.57248905573  1.701101E-13
1341.02010356329  1.994483E-13
1342.46771807085  2.026263E-13
1343.91533257841  1.864478E-13
1345.36294708597  2.016197E-13
1346.81056159353  2.141535E-13
1348.25817610109  2.181077E-13
1349.70579060865  1.896089E-13
1351.15340511621  2.031014E-13
1352.60101962377  1.937561E-13
1354.04863413133  1.889388E-13
1355.49624863889  2.151954E-13
1356.94386314645  2.146580E-13
1358.39147765401  2.213758E-13
1359.83909216157  2.022156E-13
1361.28670666913  2.005878E-13
1362.73432117669  2.142548E-13
1364.18193568425  2.491732E-13
1365.62955019181  1.919738E-13
1367.07716469937  2.114852E-13
1368.52477920693  1.959746E-13
1369.97239371449  2.065942E-13
1371.42000822205  2.139427E-13
1372.86762272961  1.951917E-13
1374.31523723717  2.115028E-13
1375.76285174473  2.084626E-13
1377.21046625229  2.146529E-13
1378.65808075985  2.444890E-13
1380.10569526741  2.287378E-13
1381.55330977497  2.235171E-13
1383.00092428253  2.021304E-13
1384.44853879009  2.121874E-13
1385.89615329765  2.145337E-13
1387.34376780521  2.352574E-13
1388.79138231277  2.185655E-13
1390.23899682033  2.372975E-13
1391.68661132789  2.360274E-13
1393.13422583545  2.648306E-13
1394.581840343  2.744017E-13
1396.02945485057  2.507110E-13
1397.47706935812  3.021078E-13
1398.92468386568  2.721436E-13
1400.37229837324  2.577628E-13
1401.8199128808  2.720388E-13
1403.26752738836  2.494137E-13
1404.71514189592  2.344185E-13
1406.16275640348  2.506637E-13
1407.61037091104  2.273276E-13
1409.0579854186  2.158211E-13
1410.50559992616  2.184886E-13
1411.95321443372  2.760422E-13
1413.40082894128  2.364396E-13
1414.84844344884  2.338028E-13
1416.2960579564  1.935890E-13
1417.74367246396  1.987712E-13
1419.19128697152  2.298628E-13
1420.63890147908  2.191390E-13
1422.08651598664  1.998715E-13
1423.5341304942  2.012777E-13
1424.98174500176  1.904982E-13
1426.42935950932  2.331681E-13
1427.87697401688  2.167502E-13
1429.32458852444  2.021865E-13
1430.772203032  1.700132E-13
1432.21981753956  1.928867E-13
1433.66743204712  1.744371E-13
1435.11504655468  1.836047E-13
1436.56266106224  1.909187E-13
1438.0102755698  2.069205E-13
1439.45789007736  2.194043E-13
1440.90550458492  1.736921E-13
1442.35311909248  1.774288E-13
1443.80073360004  1.862664E-13
1445.2483481076  1.882658E-13
1446.69596261516  1.836218E-13
1448.14357712272  1.816971E-13
1449.59119163028  1.838395E-13
1451.03880613784  2.082862E-13
1452.4864206454  1.851179E-13
1453.93403515296  1.902175E-13
1455.38164966052  1.977584E-13
1456.82926416808  1.860356E-13
1458.27687867564  2.044878E-13
1459.7244931832  1.999270E-13
1461.17210769076  1.911893E-13
1462.61972219832  1.937532E-13
1464.06733670588  1.824606E-13
1465.51495121344  1.806514E-13
1466.962565721  1.735234E-13
1468.41018022856  1.805990E-13
1469.85779473612  1.921898E-13
1471.30540924368  1.800353E-13
1472.75302375124  2.085002E-13
1474.2006382588  2.283562E-13
1475.64825276636  1.984086E-13
1477.09586727392  1.641551E-13
1478.54348178148  1.786439E-13
1479.99109628904  1.846850E-13
1481.4387107966  1.822391E-13
1482.88632530416  2.037967E-13
1484.33393981172  2.050014E-13
1485.78155431928  1.912493E-13
1487.22916882683  2.031981E-13
1488.67678333439  2.067691E-13
1490.12439784195  2.015470E-13
1491.57201234951  1.798060E-13
1493.01962685707  1.802094E-13
1494.46724136463  1.791262E-13
1495.91485587219  1.776494E-13
1497.36247037975  1.773797E-13
1498.81008488731  1.921750E-13
1500.25769939487  2.003135E-13
1501.70531390243  1.991749E-13
1503.15292840999  1.894912E-13
1504.60054291755  1.894858E-13
1506.04815742511  2.009777E-13
1507.49577193267  1.979985E-13
1508.94338644023  1.854514E-13
1510.39100094779  1.816105E-13
1511.83861545535  1.946293E-13
1513.28622996291  2.196577E-13
1514.73384447047  2.140014E-13
1516.18145897803  1.934153E-13
1517.62907348559  2.206229E-13
1519.07668799315  2.104079E-13
1520.52430250071  2.130247E-13
1521.97191700827  2.180659E-13
1523.41953151583  2.090523E-13
1524.86714602339  2.163598E-13
1526.31476053095  2.167208E-13
1527.76237503851  2.181709E-13
1529.20998954607  2.267894E-13
1530.65760405363  2.263013E-13
1532.10521856119  2.392692E-13
1533.55283306875  2.456553E-13
1535.00044757631  2.449618E-13
1536.44806208387  2.617074E-13
1537.89567659143  2.762869E-13
1539.34329109899  3.355044E-13
1540.79090560655  3.696106E-13
1542.23852011411  3.434184E-13
1543.68613462167  3.412171E-13
1545.13374912923  3.507377E-13
1546.58136363679  3.778182E-13
1548.02897814435  3.497713E-13
1549.47659265191  3.760137E-13
1550.92420715947  3.857859E-13
1552.37182166703  3.739344E-13
1553.81943617459  3.592572E-13
1555.26705068215  3.300835E-13
1556.71466518971  3.102886E-13
1558.16227969727  2.908444E-13
1559.60989420483  2.740618E-13
1561.05750871239  2.604829E-13
1562.50512321995  2.522686E-13
1563.95273772751  2.529053E-13
1565.40035223507  2.397424E-13
1566.84796674263  2.191774E-13
1568.29558125019  2.307118E-13
1569.74319575775  2.256620E-13
1571.19081026531  2.289190E-13
1572.63842477287  2.031954E-13
1574.08603928043  2.120866E-13
1575.53365378799  2.191330E-13
1576.98126829555  2.242804E-13
1578.4288828031  2.244200E-13
1579.87649731066  2.123354E-13
1581.32411181822  2.065131E-13
1582.77172632578  2.012013E-13
1584.21934083334  1.995153E-13
1585.6669553409  2.011054E-13
1587.11456984846  1.959607E-13
1588.56218435602  1.837713E-13
1590.00979886358  2.000583E-13
1591.45741337114  1.888664E-13
1592.9050278787  1.707351E-13
1594.35264238626  1.755780E-13
1595.80025689382  1.830148E-13
1597.24787140138  1.704868E-13
1598.69548590894  1.781866E-13
1600.1431004165  1.774650E-13
1601.59071492406  1.781290E-13
1603.03832943162  1.781721E-13
1604.48594393918  1.732577E-13
1605.93355844674  1.823328E-13
1607.3811729543  1.809341E-13
1608.82878746186  1.795625E-13
1610.27640196942  1.798405E-13
1611.72401647698  1.764125E-13
1613.17163098454  1.833837E-13
1614.6192454921  1.901977E-13
1616.06685999966  1.891794E-13
1617.51447450722  1.982645E-13
1618.96208901478  1.988751E-13
1620.40970352234  1.981299E-13
1621.8573180299  1.947703E-13
1623.30493253746  2.039963E-13
1624.75254704502  2.049515E-13
1626.20016155258  1.901603E-13
1627.64777606014  1.923947E-13
1629.0953905677  2.028820E-13
1630.54300507526  2.150498E-13
1631.99061958282  2.035216E-13
1633.43823409038  1.918952E-13
1634.88584859794  2.056277E-13
1636.3334631055  2.075414E-13
1637.78107761306  1.991288E-13
1639.22869212062  1.990584E-13
1640.67630662818  1.975945E-13
1642.12392113574  2.062843E-13
1643.5715356433  2.113747E-13
1645.01915015086  2.006608E-13
1646.46676465842  1.808362E-13
1647.91437916598  1.818217E-13
1649.36199367354  1.982803E-13
1650.8096081811  1.993258E-13
1652.25722268866  2.042921E-13
1653.70483719622  2.031228E-13
1655.15245170378  1.891770E-13
1656.60006621134  1.937796E-13
1658.0476807189  1.929251E-13
1659.49529522646  1.930501E-13
1660.94290973402  1.924933E-13
1662.39052424158  2.040634E-13
1663.83813874914  2.011260E-13
1665.2857532567  1.893096E-13
1666.73336776426  1.947918E-13
1668.18098227181  1.958644E-13
1669.62859677938  1.866054E-13
1671.07621128693  1.973825E-13
1672.52382579449  2.094018E-13
1673.97144030205  1.817916E-13
1675.41905480961  1.722495E-13
1676.86666931717  1.701259E-13
1678.31428382473  1.754901E-13
1679.76189833229  1.700516E-13
1681.20951283985  1.666817E-13
1682.65712734741  1.635206E-13
1684.10474185497  1.612812E-13
1685.55235636253  1.608930E-13
1686.99997087009  1.721679E-13
1688.44758537765  1.791065E-13
1689.89519988521  1.778837E-13
1691.34281439277  1.825448E-13
1692.79042890033  1.750811E-13
1694.23804340789  1.643763E-13
1695.68565791545  1.691163E-13
1697.13327242301  1.802008E-13
1698.58088693057  1.761030E-13
1700.02850143813  1.751310E-13
1701.47611594569  1.843889E-13
1702.92373045325  1.683560E-13
1704.37134496081  1.589243E-13
1705.81895946837  1.627607E-13
1707.26657397593  1.649343E-13
1708.71418848349  1.714453E-13
1710.16180299105  0.
1711.60941749861  0.
1713.05703200617  0.
1714.50464651373  0.
1715.95226102129  0.
1717.39987552885  0.
1718.84749003641  0.
1720.29510454397  0.
1721.74271905153  0.
1723.19033355909  0.
1724.63794806665  0.
1726.08556257421  0.
1727.53317708177  0.
1728.98079158933  0.
1730.42840609689  0.
1731.87602060445  0.
1733.32363511201  0.
1734.77124961957  0.
1736.21886412713  0.
1737.66647863469  0.
1739.11409314225  0.
1740.56170764981  0.
1742.00932215737  0.
1743.45693666493  0.
1744.90455117249  0.
1746.35216568005  0.
1747.79978018761  0.
1749.24739469517  0.
1750.69500920273  0.
1752.14262371029  0.
1753.59023821785  0.
1755.03785272541  0.
1756.48546723297  0.
1757.93308174053  0.
1759.38069624809  0.
1760.82831075565  0.
1762.27592526321  0.
1763.72353977076  0.
1765.17115427832  0.
1766.61876878588  0.
1768.06638329344  0.
1769.513997801  0.
1770.96161230856  0.
1772.40922681612  0.
1773.85684132368  0.
1775.30445583124  0.
1776.7520703388  0.
1778.19968484636  0.
1779.64729935392  0.
1781.09491386148  0.
1782.54252836904  0.
1783.9901428766  0.
1785.43775738416  0.
1786.88537189172  0.
1788.33298639928  0.
1789.78060090684  0.
1791.2282154144  0.
1792.67582992196  0.
1794.12344442952  0.
1795.57105893708  0.
1797.01867344464  0.
1798.4662879522  0.
1799.91390245976  0.
1801.36151696732  0.
1802.80913147488  0.
1804.25674598244  0.
1805.70436049  0.
1807.15197499756  0.
1808.59958950512  0.
1810.04720401268  0.
1811.49481852024  0.
1812.9424330278  0.
1814.39004753536  0.
1815.83766204292  0.
1817.28527655048  0.
1818.73289105804  0.
1820.1805055656  0.
1821.62812007316  0.
1823.07573458072  0.
1824.52334908828  0.
1825.97096359584  0.
1827.4185781034  0.
1828.86619261096  0.
1830.31380711852  0.
1831.76142162608  0.
