906.735751295338  0.
908.183365802898  0.
909.630980310458  0.
911.078594818018  0.
912.526209325578  0.
913.973823833137  0.
915.421438340697  0.
916.869052848257  0.
918.316667355817  0.
919.764281863377  0.
921.211896370937  0.
922.659510878497  0.
924.107125386056  0.
925.554739893616  0.
927.002354401176  0.
928.449968908736  0.
929.897583416296  0.
931.345197923856  0.
932.792812431415  0.
934.240426938975  0.
935.688041446535  0.
937.135655954095  0.
938.583270461655  0.
940.030884969215  0.
941.478499476774  0.
942.926113984334  0.
944.373728491894  0.
945.821342999454  0.
947.268957507014  0.
948.716572014574  0.
950.164186522133  0.
951.611801029693  0.
953.059415537253  0.
954.507030044813  0.
955.954644552373  0.
957.402259059933  0.
958.849873567493  0.
960.297488075052  0.
961.745102582612  0.
963.192717090172  0.
964.640331597732  0.
966.087946105292  0.
967.535560612852  0.
968.983175120411  0.
970.430789627971  0.
971.878404135531  0.
973.326018643091  0.
974.773633150651  0.
976.221247658211  0.
977.668862165771  0.
979.11647667333  0.
980.56409118089  0.
982.01170568845  0.
983.45932019601  0.
984.90693470357  0.
986.35454921113  0.
987.802163718689  0.
989.249778226249  0.
990.697392733809  0.
992.145007241369  0.
993.592621748929  2.806751E-13
995.040236256489  3.638111E-13
996.487850764048  4.066517E-13
997.935465271608  5.057215E-13
999.383079779168  5.246870E-13
1000.83069428673  4.489985E-13
1002.27830879429  5.249674E-13
1003.72592330185  4.794636E-13
1005.17353780941  5.493245E-13
1006.62115231697  5.117823E-13
1008.06876682453  4.699690E-13
1009.51638133209  3.994406E-13
1010.96399583965  4.098446E-13
1012.41161034721  3.060819E-13
1013.85922485477  3.522000E-13
1015.30683936233  4.271960E-13
1016.75445386989  3.554029E-13
1018.20206837745  4.237371E-13
1019.64968288501  3.868768E-13
1021.09729739257  4.130318E-13
1022.54491190013  4.071045E-13
1023.99252640769  4.183759E-13
1025.44014091525  4.873986E-13
1026.8877554228  4.250872E-13
1028.33536993037  4.155440E-13
1029.78298443792  4.829265E-13
1031.23059894548  5.061898E-13
1032.67821345304  4.941483E-13
1034.1258279606  4.431600E-13
1035.57344246816  4.236293E-13
1037.02105697572  4.072721E-13
1038.46867148328  4.376557E-13
1039.91628599084  4.645010E-13
1041.3639004984  4.423438E-13
1042.81151500596  4.641200E-13
1044.25912951352  5.424441E-13
1045.70674402108  6.817889E-13
1047.15435852864  8.190897E-13
1048.6019730362  8.888480E-13
1050.04958754376  9.082370E-13
1051.49720205132  1.050217E-12
1052.94481655888  9.271699E-13
1054.39243106644  6.101112E-13
1055.840045574  4.791634E-13
1057.28766008156  3.601185E-13
1058.73527458912  3.192946E-13
1060.18288909668  3.151441E-13
1061.63050360424  3.531158E-13
1063.0781181118  3.305748E-13
1064.52573261936  3.382761E-13
1065.97334712692  3.620968E-13
1067.42096163448  3.705683E-13
1068.86857614204  3.609222E-13
1070.3161906496  2.984929E-13
1071.76380515716  3.091251E-13
1073.21141966472  3.303925E-13
1074.65903417228  3.194294E-13
1076.10664867984  3.138122E-13
1077.5542631874  3.309541E-13
1079.00187769496  2.897892E-13
1080.44949220252  2.687513E-13
1081.89710671008  2.675942E-13
1083.34472121764  3.074687E-13
1084.7923357252  2.911046E-13
1086.23995023276  2.926153E-13
1087.68756474032  2.655148E-13
1089.13517924788  2.634932E-13
1090.58279375544  2.973817E-13
1092.030408263  3.104535E-13
1093.47802277056  3.028694E-13
1094.92563727812  3.183688E-13
1096.37325178568  3.209778E-13
1097.82086629324  2.877732E-13
1099.2684808008  2.931891E-13
1100.71609530836  3.254912E-13
1102.16370981592  3.104361E-13
1103.61132432348  2.989658E-13
1105.05893883104  2.985504E-13
1106.5065533386  2.794938E-13
1107.95416784616  2.652852E-13
1109.40178235372  3.312726E-13
1110.84939686128  2.977302E-13
1112.29701136884  2.885285E-13
1113.7446258764  3.105158E-13
1115.19224038396  3.071923E-13
1116.63985489152  2.740259E-13
1118.08746939908  2.773113E-13
1119.53508390664  2.763586E-13
1120.98269841419  2.908821E-13
1122.43031292175  2.973306E-13
1123.87792742931  2.398466E-13
1125.32554193687  2.456999E-13
1126.77315644443  2.552874E-13
1128.22077095199  2.534912E-13
1129.66838545955  2.590186E-13
1131.11599996711  3.023638E-13
1132.56361447467  2.937213E-13
1134.01122898223  2.554726E-13
1135.45884348979  2.635718E-13
1136.90645799735  3.076293E-13
1138.35407250491  2.588099E-13
1139.80168701247  3.065870E-13
1141.24930152003  2.816987E-13
1142.69691602759  2.708265E-13
1144.14453053515  2.533566E-13
1145.59214504271  3.129070E-13
1147.03975955027  2.944668E-13
1148.48737405783  2.908658E-13
1149.93498856539  2.498895E-13
1151.38260307295  2.736664E-13
1152.83021758051  2.436988E-13
1154.27783208807  2.309473E-13
1155.72544659563  2.663078E-13
1157.17306110319  2.691579E-13
1158.62067561075  2.859563E-13
1160.06829011831  2.999719E-13
1161.51590462587  3.054171E-13
1162.96351913343  2.929030E-13
1164.41113364099  2.646499E-13
1165.85874814855  3.270558E-13
1167.30636265611  3.116550E-13
1168.75397716367  3.139343E-13
1170.20159167123  2.721525E-13
1171.64920617879  2.957318E-13
1173.09682068635  2.932116E-13
1174.54443519391  3.288008E-13
1175.99204970147  2.999762E-13
1177.43966420903  3.198798E-13
1178.88727871659  3.586942E-13
1180.33489322415  3.366363E-13
1181.78250773171  3.365562E-13
1183.23012223927  3.233582E-13
1184.67773674683  3.149414E-13
1186.12535125439  3.095499E-13
1187.57296576195  3.290889E-13
1189.02058026951  3.599430E-13
1190.46819477707  3.537728E-13
1191.91580928463  3.787555E-13
1193.36342379219  3.832651E-13
1194.81103829975  4.220191E-13
1196.25865280731  3.937306E-13
1197.70626731487  3.879142E-13
1199.15388182243  4.457891E-13
1200.60149632999  3.741419E-13
1202.04911083755  4.381762E-13
1203.49672534511  5.634181E-13
1204.94433985267  4.858919E-13
1206.39195436023  6.124723E-13
1207.83956886779  6.682099E-13
1209.28718337535  6.782151E-13
1210.7347978829  8.694974E-13
1212.18241239046  8.600816E-13
1213.63002689802  9.795348E-13
1215.07764140558  1.065847E-12
1216.52525591314  1.064640E-12
1217.9728704207  8.385966E-13
1219.42048492826  8.525064E-13
1220.86809943582  7.604638E-13
1222.31571394338  6.882894E-13
1223.76332845094  5.249323E-13
1225.2109429585  5.041628E-13
1226.65855746606  4.797869E-13
1228.10617197362  4.225240E-13
1229.55378648118  5.011411E-13
1231.00140098874  4.069847E-13
1232.4490154963  4.261913E-13
1233.89663000386  4.319408E-13
1235.34424451142  4.959748E-13
1236.79185901898  4.805402E-13
1238.23947352654  4.437782E-13
1239.6870880341  4.645071E-13
1241.13470254166  3.875912E-13
1242.58231704922  4.392904E-13
1244.02993155678  4.382327E-13
1245.47754606434  3.972111E-13
1246.9251605719  3.809238E-13
1248.37277507946  3.123286E-13
1249.82038958702  3.240985E-13
1251.26800409458  3.708882E-13
1252.71561860214  3.477042E-13
1254.1632331097  3.192781E-13
1255.61084761726  3.195164E-13
1257.05846212482  3.304607E-13
1258.50607663238  3.010152E-13
1259.95369113994  3.293168E-13
1261.4013056475  2.572287E-13
1262.84892015506  3.246768E-13
1264.29653466262  3.481842E-13
1265.74414917018  2.965756E-13
1267.19176367774  2.747346E-13
1268.6393781853  3.083754E-13
1270.08699269286  3.065214E-13
1271.53460720042  2.729933E-13
1272.98222170798  2.826471E-13
1274.42983621554  2.407702E-13
1275.8774507231  2.182239E-13
1277.32506523066  2.875184E-13
1278.77267973822  2.850582E-13
1280.22029424578  2.806419E-13
1281.66790875334  2.488208E-13
1283.1155232609  2.299002E-13
1284.56313776846  2.502303E-13
1286.01075227602  2.543783E-13
1287.45836678358  2.441171E-13
1288.90598129114  2.243287E-13
1290.3535957987  2.547564E-13
1291.80121030626  2.937394E-13
1293.24882481382  2.611913E-13
1294.69643932138  2.487741E-13
1296.14405382894  2.492691E-13
1297.5916683365  2.452691E-13
1299.03928284406  2.596336E-13
1300.48689735162  2.667733E-13
1301.93451185917  2.460682E-13
1303.38212636674  2.899287E-13
1304.82974087429  2.806907E-13
1306.27735538185  2.263495E-13
1307.72496988941  2.546874E-13
1309.17258439697  2.734280E-13
1310.62019890453  2.322738E-13
1312.06781341209  2.329221E-13
1313.51542791965  2.292938E-13
1314.96304242721  2.193440E-13
1316.41065693477  1.974381E-13
1317.85827144233  2.047461E-13
1319.30588594989  1.946982E-13
1320.75350045745  2.145811E-13
1322.20111496501  2.272931E-13
1323.64872947257  2.023183E-13
1325.09634398013  2.383839E-13
1326.54395848769  2.524290E-13
1327.99157299525  2.567613E-13
1329.43918750281  2.270532E-13
1330.88680201037  2.642175E-13
1332.33441651793  2.669813E-13
1333.78203102549  2.009755E-13
1335.22964553305  2.180707E-13
1336.67726004061  1.963774E-13
1338.12487454817  1.817539E-13
1339.57248905573  1.941049E-13
1341.02010356329  2.236372E-13
1342.46771807085  2.561824E-13
1343.91533257841  2.537307E-13
1345.36294708597  2.453761E-13
1346.81056159353  2.614237E-13
1348.25817610109  2.460122E-13
1349.70579060865  2.109999E-13
1351.15340511621  2.378391E-13
1352.60101962377  2.152968E-13
1354.04863413133  2.273010E-13
1355.49624863889  2.402328E-13
1356.94386314645  2.405362E-13
1358.39147765401  2.183163E-13
1359.83909216157  2.207373E-13
1361.28670666913  2.232067E-13
1362.73432117669  2.415930E-13
1364.18193568425  2.210414E-13
1365.62955019181  2.207987E-13
1367.07716469937  2.303694E-13
1368.52477920693  2.233800E-13
1369.97239371449  2.604257E-13
1371.42000822205  2.608158E-13
1372.86762272961  2.391492E-13
1374.31523723717  2.367059E-13
1375.76285174473  2.213071E-13
1377.21046625229  2.405068E-13
1378.65808075985  2.157460E-13
1380.10569526741  2.057638E-13
1381.55330977497  2.016255E-13
1383.00092428253  2.444414E-13
1384.44853879009  2.390705E-13
1385.89615329765  2.280696E-13
1387.34376780521  2.258620E-13
1388.79138231277  2.501337E-13
1390.23899682033  2.319104E-13
1391.68661132789  2.677683E-13
1393.13422583545  2.642772E-13
1394.581840343  2.975824E-13
1396.02945485057  2.714954E-13
1397.47706935812  2.695885E-13
1398.92468386568  2.524805E-13
1400.37229837324  2.598871E-13
1401.8199128808  2.357349E-13
1403.26752738836  2.726530E-13
1404.71514189592  2.704705E-13
1406.16275640348  2.469555E-13
1407.61037091104  2.538862E-13
1409.0579854186  2.639137E-13
1410.50559992616  2.869220E-13
1411.95321443372  2.895764E-13
1413.40082894128  2.596988E-13
1414.84844344884  2.571855E-13
1416.2960579564  2.525051E-13
1417.74367246396  2.480680E-13
1419.19128697152  2.109757E-13
1420.63890147908  2.366383E-13
1422.08651598664  2.346726E-13
1423.5341304942  2.475663E-13
1424.98174500176  2.366220E-13
1426.42935950932  2.357806E-13
1427.87697401688  2.141645E-13
1429.32458852444  2.561344E-13
1430.772203032  2.333663E-13
1432.21981753956  2.218090E-13
1433.66743204712  2.125062E-13
1435.11504655468  1.844552E-13
1436.56266106224  1.924878E-13
1438.0102755698  2.148908E-13
1439.45789007736  2.284451E-13
1440.90550458492  2.047363E-13
1442.35311909248  1.893589E-13
1443.80073360004  1.910238E-13
1445.2483481076  2.010306E-13
1446.69596261516  2.205939E-13
1448.14357712272  2.225848E-13
1449.59119163028  2.243521E-13
1451.03880613784  2.063230E-13
1452.4864206454  1.971894E-13
1453.93403515296  2.097334E-13
1455.38164966052  2.249872E-13
1456.82926416808  1.914423E-13
1458.27687867564  2.030237E-13
1459.7244931832  1.857163E-13
1461.17210769076  1.797736E-13
1462.61972219832  2.022948E-13
1464.06733670588  1.885521E-13
1465.51495121344  1.955801E-13
1466.962565721  2.023529E-13
1468.41018022856  2.177053E-13
1469.85779473612  1.917399E-13
1471.30540924368  1.950907E-13
1472.75302375124  2.051007E-13
1474.2006382588  2.030415E-13
1475.64825276636  2.181884E-13
1477.09586727392  2.104079E-13
1478.54348178148  1.945860E-13
1479.99109628904  2.003127E-13
1481.4387107966  2.074864E-13
1482.88632530416  2.088397E-13
1484.33393981172  2.115056E-13
1485.78155431928  2.210917E-13
1487.22916882683  2.293282E-13
1488.67678333439  2.034482E-13
1490.12439784195  2.113784E-13
1491.57201234951  2.116576E-13
1493.01962685707  1.823286E-13
1494.46724136463  1.943569E-13
1495.91485587219  2.096660E-13
1497.36247037975  2.049762E-13
1498.81008488731  2.161404E-13
1500.25769939487  2.311777E-13
1501.70531390243  2.110158E-13
1503.15292840999  2.045361E-13
1504.60054291755  2.079911E-13
1506.04815742511  2.022188E-13
1507.49577193267  1.996742E-13
1508.94338644023  2.176618E-13
1510.39100094779  2.388730E-13
1511.83861545535  2.170903E-13
1513.28622996291  2.144903E-13
1514.73384447047  2.116697E-13
1516.18145897803  2.180557E-13
1517.62907348559  2.137090E-13
1519.07668799315  2.168535E-13
1520.52430250071  2.176947E-13
1521.97191700827  2.274323E-13
1523.41953151583  2.260567E-13
1524.86714602339  2.396308E-13
1526.31476053095  2.423947E-13
1527.76237503851  2.482593E-13
1529.20998954607  2.744888E-13
1530.65760405363  2.639386E-13
1532.10521856119  2.643278E-13
1533.55283306875  2.723119E-13
1535.00044757631  3.090398E-13
1536.44806208387  3.201166E-13
1537.89567659143  3.389784E-13
1539.34329109899  3.410411E-13
1540.79090560655  3.710552E-13
1542.23852011411  4.035305E-13
1543.68613462167  4.075799E-13
1545.13374912923  4.138575E-13
1546.58136363679  4.221910E-13
1548.02897814435  4.404708E-13
1549.47659265191  4.258273E-13
1550.92420715947  4.165229E-13
1552.37182166703  3.968883E-13
1553.81943617459  3.551695E-13
1555.26705068215  3.426733E-13
1556.71466518971  3.209127E-13
1558.16227969727  2.915958E-13
1559.60989420483  2.840590E-13
1561.05750871239  2.768095E-13
1562.50512321995  2.621676E-13
1563.95273772751  2.571658E-13
1565.40035223507  2.406440E-13
1566.84796674263  2.402938E-13
1568.29558125019  2.452763E-13
1569.74319575775  2.474979E-13
1571.19081026531  2.315808E-13
1572.63842477287  2.285173E-13
1574.08603928043  2.128874E-13
1575.53365378799  2.159689E-13
1576.98126829555  2.112699E-13
1578.4288828031  2.137805E-13
1579.87649731066  2.059714E-13
1581.32411181822  2.110109E-13
1582.77172632578  2.236314E-13
1584.21934083334  2.179614E-13
1585.6669553409  2.038982E-13
1587.11456984846  2.064308E-13
1588.56218435602  2.066288E-13
1590.00979886358  2.021871E-13
1591.45741337114  2.161052E-13
1592.9050278787  2.088479E-13
1594.35264238626  2.118363E-13
1595.80025689382  2.090688E-13
1597.24787140138  2.043723E-13
1598.69548590894  2.119516E-13
1600.1431004165  2.236240E-13
1601.59071492406  2.061137E-13
1603.03832943162  2.063057E-13
1604.48594393918  1.973307E-13
1605.93355844674  1.986376E-13
1607.3811729543  2.154071E-13
1608.82878746186  2.215706E-13
1610.27640196942  2.101043E-13
1611.72401647698  2.099010E-13
1613.17163098454  1.949128E-13
1614.6192454921  2.009766E-13
1616.06685999966  1.963955E-13
1617.51447450722  1.947097E-13
1618.96208901478  2.071806E-13
1620.40970352234  2.131856E-13
1621.8573180299  2.156639E-13
1623.30493253746  2.145669E-13
1624.75254704502  2.134989E-13
1626.20016155258  2.179249E-13
1627.64777606014  2.240510E-13
1629.0953905677  2.282729E-13
1630.54300507526  2.174445E-13
1631.99061958282  2.099032E-13
1633.43823409038  2.107909E-13
1634.88584859794  2.133230E-13
1636.3334631055  2.109958E-13
1637.78107761306  2.118691E-13
1639.22869212062  2.205473E-13
1640.67630662818  2.241919E-13
1642.12392113574  2.210620E-13
1643.5715356433  2.229480E-13
1645.01915015086  2.168555E-13
1646.46676465842  2.129900E-13
1647.91437916598  2.043410E-13
1649.36199367354  2.072099E-13
1650.8096081811  2.093778E-13
1652.25722268866  2.033987E-13
1653.70483719622  2.035480E-13
1655.15245170378  2.051699E-13
1656.60006621134  2.116238E-13
1658.0476807189  2.164596E-13
1659.49529522646  2.004561E-13
1660.94290973402  1.994396E-13
1662.39052424158  1.611052E-13
1663.83813874914  1.714863E-13
1665.2857532567  1.703442E-13
1666.73336776426  1.780318E-13
1668.18098227181  1.891413E-13
1669.62859677938  1.857370E-13
1671.07621128693  1.878070E-13
1672.52382579449  1.866551E-13
1673.97144030205  1.739543E-13
1675.41905480961  1.651118E-13
1676.86666931717  1.691601E-13
1678.31428382473  1.709983E-13
1679.76189833229  1.723629E-13
1681.20951283985  1.746155E-13
1682.65712734741  1.845222E-13
1684.10474185497  1.870250E-13
1685.55235636253  1.867163E-13
1686.99997087009  1.877760E-13
1688.44758537765  1.821488E-13
1689.89519988521  1.804967E-13
1691.34281439277  1.734574E-13
1692.79042890033  1.693401E-13
1694.23804340789  1.832313E-13
1695.68565791545  1.922979E-13
1697.13327242301  1.877986E-13
1698.58088693057  1.792723E-13
1700.02850143813  1.728344E-13
1701.47611594569  1.736103E-13
1702.92373045325  1.752375E-13
1704.37134496081  1.747859E-13
1705.81895946837  1.702615E-13
1707.26657397593  1.681672E-13
1708.71418848349  1.694758E-13
1710.16180299105  0.
1711.60941749861  0.
1713.05703200617  0.
1714.50464651373  0.
1715.95226102129  0.
1717.39987552885  0.
1718.84749003641  0.
1720.29510454397  0.
1721.74271905153  0.
1723.19033355909  0.
1724.63794806665  0.
1726.08556257421  0.
1727.53317708177  0.
1728.98079158933  0.
1730.42840609689  0.
1731.87602060445  0.
1733.32363511201  0.
1734.77124961957  0.
1736.21886412713  0.
1737.66647863469  0.
1739.11409314225  0.
1740.56170764981  0.
1742.00932215737  0.
1743.45693666493  0.
1744.90455117249  0.
1746.35216568005  0.
1747.79978018761  0.
1749.24739469517  0.
1750.69500920273  0.
1752.14262371029  0.
1753.59023821785  0.
1755.03785272541  0.
1756.48546723297  0.
1757.93308174053  0.
1759.38069624809  0.
1760.82831075565  0.
1762.27592526321  0.
1763.72353977076  0.
1765.17115427832  0.
1766.61876878588  0.
1768.06638329344  0.
1769.513997801  0.
1770.96161230856  0.
1772.40922681612  0.
1773.85684132368  0.
1775.30445583124  0.
1776.7520703388  0.
1778.19968484636  0.
1779.64729935392  0.
1781.09491386148  0.
1782.54252836904  0.
1783.9901428766  0.
1785.43775738416  0.
1786.88537189172  0.
1788.33298639928  0.
1789.78060090684  0.
1791.2282154144  0.
1792.67582992196  0.
1794.12344442952  0.
1795.57105893708  0.
1797.01867344464  0.
1798.4662879522  0.
1799.91390245976  0.
1801.36151696732  0.
1802.80913147488  0.
1804.25674598244  0.
1805.70436049  0.
1807.15197499756  0.
1808.59958950512  0.
1810.04720401268  0.
1811.49481852024  0.
1812.9424330278  0.
1814.39004753536  0.
1815.83766204292  0.
1817.28527655048  0.
1818.73289105804  0.
1820.1805055656  0.
1821.62812007316  0.
1823.07573458072  0.
1824.52334908828  0.
1825.97096359584  0.
1827.4185781034  0.
1828.86619261096  0.
1830.31380711852  0.
1831.76142162608  0.
