906.735751295338  0.
908.183365802898  0.
909.630980310458  0.
911.078594818018  0.
912.526209325578  0.
913.973823833137  0.
915.421438340697  0.
916.869052848257  0.
918.316667355817  0.
919.764281863377  0.
921.211896370937  0.
922.659510878497  0.
924.107125386056  0.
925.554739893616  0.
927.002354401176  0.
928.449968908736  0.
929.897583416296  0.
931.345197923856  0.
932.792812431415  0.
934.240426938975  0.
935.688041446535  0.
937.135655954095  0.
938.583270461655  0.
940.030884969215  0.
941.478499476774  0.
942.926113984334  0.
944.373728491894  0.
945.821342999454  0.
947.268957507014  0.
948.716572014574  0.
950.164186522133  0.
951.611801029693  0.
953.059415537253  0.
954.507030044813  0.
955.954644552373  0.
957.402259059933  0.
958.849873567493  0.
960.297488075052  0.
961.745102582612  0.
963.192717090172  0.
964.640331597732  0.
966.087946105292  0.
967.535560612852  0.
968.983175120411  0.
970.430789627971  0.
971.878404135531  0.
973.326018643091  0.
974.773633150651  0.
976.221247658211  0.
977.668862165771  0.
979.11647667333  0.
980.56409118089  0.
982.01170568845  0.
983.45932019601  0.
984.90693470357  0.
986.35454921113  0.
987.802163718689  0.
989.249778226249  0.
990.697392733809  0.
992.145007241369  0.
993.592621748929  2.770083E-13
995.040236256489  3.318560E-13
996.487850764048  5.062039E-13
997.935465271608  5.141482E-13
999.383079779168  4.573971E-13
1000.83069428673  3.686362E-13
1002.27830879429  3.697641E-13
1003.72592330185  3.812190E-13
1005.17353780941  5.263599E-13
1006.62115231697  3.560622E-13
1008.06876682453  3.001789E-13
1009.51638133209  3.328030E-13
1010.96399583965  3.956608E-13
1012.41161034721  3.971833E-13
1013.85922485477  4.997040E-13
1015.30683936233  4.169186E-13
1016.75445386989  3.586737E-13
1018.20206837745  4.305477E-13
1019.64968288501  3.650656E-13
1021.09729739257  4.163614E-13
1022.54491190013  4.603518E-13
1023.99252640769  5.127894E-13
1025.44014091525  5.107263E-13
1026.8877554228  4.845384E-13
1028.33536993037  4.416190E-13
1029.78298443792  5.048767E-13
1031.23059894548  4.533328E-13
1032.67821345304  4.281531E-13
1034.1258279606  5.053438E-13
1035.57344246816  5.472437E-13
1037.02105697572  4.120161E-13
1038.46867148328  4.601972E-13
1039.91628599084  4.128150E-13
1041.3639004984  4.165161E-13
1042.81151500596  4.333457E-13
1044.25912951352  5.203069E-13
1045.70674402108  5.849044E-13
1047.15435852864  6.687162E-13
1048.6019730362  6.551774E-13
1050.04958754376  6.648302E-13
1051.49720205132  7.092415E-13
1052.94481655888  6.484651E-13
1054.39243106644  6.007673E-13
1055.840045574  4.280786E-13
1057.28766008156  3.321606E-13
1058.73527458912  3.397422E-13
1060.18288909668  3.748510E-13
1061.63050360424  3.523073E-13
1063.0781181118  3.362170E-13
1064.52573261936  3.355979E-13
1065.97334712692  3.261308E-13
1067.42096163448  3.286419E-13
1068.86857614204  3.405541E-13
1070.3161906496  3.094051E-13
1071.76380515716  3.316258E-13
1073.21141966472  3.296631E-13
1074.65903417228  3.192672E-13
1076.10664867984  3.385172E-13
1077.5542631874  3.422023E-13
1079.00187769496  3.280549E-13
1080.44949220252  3.156439E-13
1081.89710671008  3.015346E-13
1083.34472121764  3.446776E-13
1084.7923357252  3.403651E-13
1086.23995023276  2.971473E-13
1087.68756474032  2.733466E-13
1089.13517924788  2.689932E-13
1090.58279375544  2.588034E-13
1092.030408263  3.071500E-13
1093.47802277056  2.948209E-13
1094.92563727812  2.608442E-13
1096.37325178568  2.928577E-13
1097.82086629324  2.741859E-13
1099.2684808008  2.915305E-13
1100.71609530836  2.847698E-13
1102.16370981592  2.567288E-13
1103.61132432348  2.691394E-13
1105.05893883104  2.967976E-13
1106.5065533386  2.652542E-13
1107.95416784616  2.367199E-13
1109.40178235372  3.328216E-13
1110.84939686128  2.933578E-13
1112.29701136884  2.905875E-13
1113.7446258764  2.926213E-13
1115.19224038396  3.044456E-13
1116.63985489152  2.817808E-13
1118.08746939908  2.951031E-13
1119.53508390664  2.773504E-13
1120.98269841419  2.738806E-13
1122.43031292175  2.945927E-13
1123.87792742931  2.385658E-13
1125.32554193687  2.684153E-13
1126.77315644443  2.726444E-13
1128.22077095199  2.614246E-13
1129.66838545955  2.976872E-13
1131.11599996711  3.088884E-13
1132.56361447467  2.879283E-13
1134.01122898223  2.628433E-13
1135.45884348979  2.814006E-13
1136.90645799735  2.800945E-13
1138.35407250491  2.521868E-13
1139.80168701247  3.199670E-13
1141.24930152003  2.913835E-13
1142.69691602759  2.646540E-13
1144.14453053515  2.572392E-13
1145.59214504271  2.576981E-13
1147.03975955027  2.698520E-13
1148.48737405783  2.348817E-13
1149.93498856539  2.494618E-13
1151.38260307295  2.486547E-13
1152.83021758051  2.301298E-13
1154.27783208807  2.548722E-13
1155.72544659563  2.608339E-13
1157.17306110319  2.668835E-13
1158.62067561075  2.978858E-13
1160.06829011831  2.879331E-13
1161.51590462587  2.973769E-13
1162.96351913343  2.845257E-13
1164.41113364099  2.638449E-13
1165.85874814855  2.868612E-13
1167.30636265611  2.740705E-13
1168.75397716367  3.005123E-13
1170.20159167123  3.144288E-13
1171.64920617879  2.814312E-13
1173.09682068635  3.046611E-13
1174.54443519391  3.110135E-13
1175.99204970147  3.055351E-13
1177.43966420903  3.301368E-13
1178.88727871659  3.413003E-13
1180.33489322415  3.380713E-13
1181.78250773171  3.227540E-13
1183.23012223927  3.187559E-13
1184.67773674683  3.091843E-13
1186.12535125439  3.072159E-13
1187.57296576195  3.333086E-13
1189.02058026951  3.603971E-13
1190.46819477707  3.581407E-13
1191.91580928463  4.038995E-13
1193.36342379219  4.140240E-13
1194.81103829975  4.374877E-13
1196.25865280731  4.214251E-13
1197.70626731487  3.912771E-13
1199.15388182243  4.650753E-13
1200.60149632999  3.774180E-13
1202.04911083755  4.346663E-13
1203.49672534511  5.064029E-13
1204.94433985267  4.623390E-13
1206.39195436023  5.686290E-13
1207.83956886779  6.719025E-13
1209.28718337535  7.376954E-13
1210.7347978829  8.282851E-13
1212.18241239046  8.937773E-13
1213.63002689802  1.022247E-12
1215.07764140558  1.129750E-12
1216.52525591314  1.163164E-12
1217.9728704207  8.508438E-13
1219.42048492826  7.863060E-13
1220.86809943582  7.867312E-13
1222.31571394338  7.143689E-13
1223.76332845094  5.416741E-13
1225.2109429585  4.940252E-13
1226.65855746606  4.976619E-13
1228.10617197362  4.706295E-13
1229.55378648118  4.731882E-13
1231.00140098874  4.968007E-13
1232.4490154963  4.482123E-13
1233.89663000386  4.704939E-13
1235.34424451142  4.585439E-13
1236.79185901898  4.766767E-13
1238.23947352654  4.799668E-13
1239.6870880341  4.396219E-13
1241.13470254166  4.340692E-13
1242.58231704922  4.619659E-13
1244.02993155678  4.339734E-13
1245.47754606434  4.053030E-13
1246.9251605719  3.981148E-13
1248.37277507946  3.595551E-13
1249.82038958702  3.541671E-13
1251.26800409458  3.618426E-13
1252.71561860214  3.741261E-13
1254.1632331097  3.398787E-13
1255.61084761726  3.208816E-13
1257.05846212482  3.205586E-13
1258.50607663238  3.120735E-13
1259.95369113994  3.346975E-13
1261.4013056475  2.955092E-13
1262.84892015506  3.518012E-13
1264.29653466262  2.969568E-13
1265.74414917018  2.572659E-13
1267.19176367774  2.732582E-13
1268.6393781853  3.017148E-13
1270.08699269286  3.132297E-13
1271.53460720042  2.532157E-13
1272.98222170798  2.612653E-13
1274.42983621554  2.598036E-13
1275.8774507231  2.885778E-13
1277.32506523066  2.564138E-13
1278.77267973822  2.726844E-13
1280.22029424578  2.809346E-13
1281.66790875334  2.598404E-13
1283.1155232609  2.507777E-13
1284.56313776846  2.653345E-13
1286.01075227602  2.559838E-13
1287.45836678358  2.279672E-13
1288.90598129114  2.319858E-13
1290.3535957987  2.691689E-13
1291.80121030626  2.591061E-13
1293.24882481382  2.751461E-13
1294.69643932138  2.819540E-13
1296.14405382894  2.871180E-13
1297.5916683365  2.645525E-13
1299.03928284406  2.819519E-13
1300.48689735162  3.110468E-13
1301.93451185917  2.300758E-13
1303.38212636674  2.397135E-13
1304.82974087429  2.682023E-13
1306.27735538185  2.644787E-13
1307.72496988941  2.397586E-13
1309.17258439697  2.564630E-13
1310.62019890453  2.346399E-13
1312.06781341209  2.328147E-13
1313.51542791965  1.987720E-13
1314.96304242721  2.411980E-13
1316.41065693477  2.166657E-13
1317.85827144233  1.971793E-13
1319.30588594989  2.244510E-13
1320.75350045745  2.507583E-13
1322.20111496501  2.690834E-13
1323.64872947257  2.385740E-13
1325.09634398013  2.583329E-13
1326.54395848769  2.600862E-13
1327.99157299525  2.185814E-13
1329.43918750281  2.343119E-13
1330.88680201037  2.632204E-13
1332.33441651793  2.319818E-13
1333.78203102549  2.268170E-13
1335.22964553305  2.546727E-13
1336.67726004061  2.099171E-13
1338.12487454817  1.981900E-13
1339.57248905573  2.405202E-13
1341.02010356329  2.206635E-13
1342.46771807085  2.503875E-13
1343.91533257841  2.462599E-13
1345.36294708597  2.067716E-13
1346.81056159353  1.972152E-13
1348.25817610109  2.074704E-13
1349.70579060865  2.036687E-13
1351.15340511621  2.129283E-13
1352.60101962377  2.091364E-13
1354.04863413133  2.253120E-13
1355.49624863889  2.249513E-13
1356.94386314645  2.484074E-13
1358.39147765401  2.475322E-13
1359.83909216157  2.040694E-13
1361.28670666913  2.303659E-13
1362.73432117669  2.587373E-13
1364.18193568425  2.031682E-13
1365.62955019181  2.137466E-13
1367.07716469937  2.042410E-13
1368.52477920693  2.093996E-13
1369.97239371449  2.471496E-13
1371.42000822205  2.652658E-13
1372.86762272961  2.351838E-13
1374.31523723717  2.295009E-13
1375.76285174473  2.194560E-13
1377.21046625229  2.035704E-13
1378.65808075985  2.358218E-13
1380.10569526741  2.251634E-13
1381.55330977497  2.450316E-13
1383.00092428253  2.394187E-13
1384.44853879009  2.303548E-13
1385.89615329765  2.391700E-13
1387.34376780521  2.461328E-13
1388.79138231277  2.492513E-13
1390.23899682033  2.558131E-13
1391.68661132789  3.072471E-13
1393.13422583545  2.894316E-13
1394.581840343  2.599056E-13
1396.02945485057  2.500546E-13
1397.47706935812  2.397894E-13
1398.92468386568  2.342438E-13
1400.37229837324  2.233926E-13
1401.8199128808  2.564859E-13
1403.26752738836  2.695681E-13
1404.71514189592  2.840435E-13
1406.16275640348  2.868438E-13
1407.61037091104  2.642934E-13
1409.0579854186  2.501828E-13
1410.50559992616  2.560515E-13
1411.95321443372  2.546328E-13
1413.40082894128  2.187674E-13
1414.84844344884  2.356327E-13
1416.2960579564  2.335693E-13
1417.74367246396  2.450483E-13
1419.19128697152  2.201434E-13
1420.63890147908  2.352132E-13
1422.08651598664  2.177444E-13
1423.5341304942  2.046730E-13
1424.98174500176  2.176073E-13
1426.42935950932  2.191204E-13
1427.87697401688  2.240342E-13
1429.32458852444  2.153855E-13
1430.772203032  2.094607E-13
1432.21981753956  2.102239E-13
1433.66743204712  2.128473E-13
1435.11504655468  1.969899E-13
1436.56266106224  2.104325E-13
1438.0102755698  2.024466E-13
1439.45789007736  2.256737E-13
1440.90550458492  2.317402E-13
1442.35311909248  1.876376E-13
1443.80073360004  2.012314E-13
1445.2483481076  2.074389E-13
1446.69596261516  2.064408E-13
1448.14357712272  1.954258E-13
1449.59119163028  2.210681E-13
1451.03880613784  2.447153E-13
1452.4864206454  2.385299E-13
1453.93403515296  2.044301E-13
1455.38164966052  2.206111E-13
1456.82926416808  2.194149E-13
1458.27687867564  1.829312E-13
1459.7244931832  1.944557E-13
1461.17210769076  2.269006E-13
1462.61972219832  2.144827E-13
1464.06733670588  2.230671E-13
1465.51495121344  2.229628E-13
1466.962565721  2.163201E-13
1468.41018022856  2.154843E-13
1469.85779473612  2.278410E-13
1471.30540924368  2.435450E-13
1472.75302375124  2.146771E-13
1474.2006382588  2.109814E-13
1475.64825276636  2.548867E-13
1477.09586727392  2.408955E-13
1478.54348178148  2.096353E-13
1479.99109628904  1.989720E-13
1481.4387107966  2.165753E-13
1482.88632530416  2.420079E-13
1484.33393981172  2.480987E-13
1485.78155431928  2.270487E-13
1487.22916882683  2.372494E-13
1488.67678333439  2.415481E-13
1490.12439784195  2.469068E-13
1491.57201234951  2.433571E-13
1493.01962685707  2.204322E-13
1494.46724136463  2.213237E-13
1495.91485587219  2.068522E-13
1497.36247037975  1.928418E-13
1498.81008488731  2.234156E-13
1500.25769939487  2.369151E-13
1501.70531390243  2.138197E-13
1503.15292840999  1.814188E-13
1504.60054291755  2.201165E-13
1506.04815742511  2.175204E-13
1507.49577193267  2.052060E-13
1508.94338644023  2.235443E-13
1510.39100094779  2.109064E-13
1511.83861545535  1.893033E-13
1513.28622996291  2.050497E-13
1514.73384447047  2.293900E-13
1516.18145897803  2.325175E-13
1517.62907348559  2.411958E-13
1519.07668799315  2.229195E-13
1520.52430250071  2.326301E-13
1521.97191700827  2.242521E-13
1523.41953151583  2.217983E-13
1524.86714602339  2.052456E-13
1526.31476053095  2.297343E-13
1527.76237503851  2.631428E-13
1529.20998954607  2.649751E-13
1530.65760405363  2.695051E-13
1532.10521856119  3.069458E-13
1533.55283306875  3.060188E-13
1535.00044757631  2.979923E-13
1536.44806208387  3.056427E-13
1537.89567659143  3.241091E-13
1539.34329109899  3.638049E-13
1540.79090560655  3.744537E-13
1542.23852011411  3.962579E-13
1543.68613462167  4.116809E-13
1545.13374912923  4.271513E-13
1546.58136363679  4.203865E-13
1548.02897814435  4.284758E-13
1549.47659265191  4.369710E-13
1550.92420715947  4.184335E-13
1552.37182166703  3.954594E-13
1553.81943617459  3.520601E-13
1555.26705068215  3.388619E-13
1556.71466518971  3.307582E-13
1558.16227969727  2.881385E-13
1559.60989420483  2.786135E-13
1561.05750871239  2.871101E-13
1562.50512321995  2.639249E-13
1563.95273772751  2.568221E-13
1565.40035223507  2.364471E-13
1566.84796674263  2.302723E-13
1568.29558125019  2.333359E-13
1569.74319575775  2.436805E-13
1571.19081026531  2.308339E-13
1572.63842477287  2.205752E-13
1574.08603928043  2.274658E-13
1575.53365378799  2.246121E-13
1576.98126829555  2.160865E-13
1578.4288828031  2.132488E-13
1579.87649731066  2.076534E-13
1581.32411181822  2.087518E-13
1582.77172632578  2.196763E-13
1584.21934083334  2.146896E-13
1585.6669553409  2.147052E-13
1587.11456984846  2.353650E-13
1588.56218435602  2.216370E-13
1590.00979886358  2.006924E-13
1591.45741337114  2.115352E-13
1592.9050278787  2.112536E-13
1594.35264238626  2.035488E-13
1595.80025689382  1.983785E-13
1597.24787140138  1.946270E-13
1598.69548590894  1.883657E-13
1600.1431004165  1.831217E-13
1601.59071492406  1.669563E-13
1603.03832943162  1.698264E-13
1604.48594393918  1.760981E-13
1605.93355844674  1.851627E-13
1607.3811729543  1.956208E-13
1608.82878746186  1.952458E-13
1610.27640196942  1.859903E-13
1611.72401647698  1.957140E-13
1613.17163098454  1.995093E-13
1614.6192454921  2.063273E-13
1616.06685999966  2.014933E-13
1617.51447450722  1.957866E-13
1618.96208901478  1.971796E-13
1620.40970352234  2.016348E-13
1621.8573180299  2.017499E-13
1623.30493253746  2.020053E-13
1624.75254704502  1.998208E-13
1626.20016155258  2.049802E-13
1627.64777606014  2.123564E-13
1629.0953905677  2.023773E-13
1630.54300507526  1.987009E-13
1631.99061958282  1.935492E-13
1633.43823409038  2.028729E-13
1634.88584859794  2.094893E-13
1636.3334631055  2.041445E-13
1637.78107761306  1.955739E-13
1639.22869212062  2.047901E-13
1640.67630662818  2.082613E-13
1642.12392113574  1.944899E-13
1643.5715356433  2.052253E-13
1645.01915015086  2.154187E-13
1646.46676465842  2.093805E-13
1647.91437916598  1.975296E-13
1649.36199367354  1.981617E-13
1650.8096081811  1.977271E-13
1652.25722268866  1.890362E-13
1653.70483719622  1.903470E-13
1655.15245170378  2.098262E-13
1656.60006621134  2.184475E-13
1658.0476807189  2.191866E-13
1659.49529522646  2.032873E-13
1660.94290973402  1.692640E-13
1662.39052424158  1.605506E-13
1663.83813874914  1.530002E-13
1665.2857532567  1.917231E-13
1666.73336776426  2.052196E-13
1668.18098227181  2.132987E-13
1669.62859677938  2.144538E-13
1671.07621128693  2.086935E-13
1672.52382579449  2.043151E-13
1673.97144030205  1.903690E-13
1675.41905480961  1.762531E-13
1676.86666931717  1.723754E-13
1678.31428382473  1.847485E-13
1679.76189833229  1.946080E-13
1681.20951283985  1.971854E-13
1682.65712734741  1.892155E-13
1684.10474185497  1.862862E-13
1685.55235636253  1.928827E-13
1686.99997087009  1.876099E-13
1688.44758537765  1.810402E-13
1689.89519988521  1.770267E-13
1691.34281439277  1.738343E-13
1692.79042890033  1.712930E-13
1694.23804340789  1.808971E-13
1695.68565791545  1.823639E-13
1697.13327242301  1.791106E-13
1698.58088693057  1.780262E-13
1700.02850143813  1.763189E-13
1701.47611594569  1.861253E-13
1702.92373045325  1.909448E-13
1704.37134496081  1.883514E-13
1705.81895946837  1.831597E-13
1707.26657397593  1.780257E-13
1708.71418848349  1.724148E-13
1710.16180299105  0.
1711.60941749861  0.
1713.05703200617  0.
1714.50464651373  0.
1715.95226102129  0.
1717.39987552885  0.
1718.84749003641  0.
1720.29510454397  0.
1721.74271905153  0.
1723.19033355909  0.
1724.63794806665  0.
1726.08556257421  0.
1727.53317708177  0.
1728.98079158933  0.
1730.42840609689  0.
1731.87602060445  0.
1733.32363511201  0.
1734.77124961957  0.
1736.21886412713  0.
1737.66647863469  0.
1739.11409314225  0.
1740.56170764981  0.
1742.00932215737  0.
1743.45693666493  0.
1744.90455117249  0.
1746.35216568005  0.
1747.79978018761  0.
1749.24739469517  0.
1750.69500920273  0.
1752.14262371029  0.
1753.59023821785  0.
1755.03785272541  0.
1756.48546723297  0.
1757.93308174053  0.
1759.38069624809  0.
1760.82831075565  0.
1762.27592526321  0.
1763.72353977076  0.
1765.17115427832  0.
1766.61876878588  0.
1768.06638329344  0.
1769.513997801  0.
1770.96161230856  0.
1772.40922681612  0.
1773.85684132368  0.
1775.30445583124  0.
1776.7520703388  0.
1778.19968484636  0.
1779.64729935392  0.
1781.09491386148  0.
1782.54252836904  0.
1783.9901428766  0.
1785.43775738416  0.
1786.88537189172  0.
1788.33298639928  0.
1789.78060090684  0.
1791.2282154144  0.
1792.67582992196  0.
1794.12344442952  0.
1795.57105893708  0.
1797.01867344464  0.
1798.4662879522  0.
1799.91390245976  0.
1801.36151696732  0.
1802.80913147488  0.
1804.25674598244  0.
1805.70436049  0.
1807.15197499756  0.
1808.59958950512  0.
1810.04720401268  0.
1811.49481852024  0.
1812.9424330278  0.
1814.39004753536  0.
1815.83766204292  0.
1817.28527655048  0.
1818.73289105804  0.
1820.1805055656  0.
1821.62812007316  0.
1823.07573458072  0.
1824.52334908828  0.
1825.97096359584  0.
1827.4185781034  0.
1828.86619261096  0.
1830.31380711852  0.
1831.76142162608  0.
