906.735751295338  0.
908.183365802898  0.
909.630980310458  0.
911.078594818018  0.
912.526209325578  0.
913.973823833137  0.
915.421438340697  0.
916.869052848257  0.
918.316667355817  0.
919.764281863377  0.
921.211896370937  0.
922.659510878497  0.
924.107125386056  0.
925.554739893616  0.
927.002354401176  0.
928.449968908736  0.
929.897583416296  0.
931.345197923856  0.
932.792812431415  0.
934.240426938975  0.
935.688041446535  0.
937.135655954095  0.
938.583270461655  0.
940.030884969215  0.
941.478499476774  0.
942.926113984334  0.
944.373728491894  0.
945.821342999454  0.
947.268957507014  0.
948.716572014574  0.
950.164186522133  0.
951.611801029693  0.
953.059415537253  0.
954.507030044813  0.
955.954644552373  0.
957.402259059933  0.
958.849873567493  0.
960.297488075052  0.
961.745102582612  0.
963.192717090172  0.
964.640331597732  0.
966.087946105292  0.
967.535560612852  0.
968.983175120411  0.
970.430789627971  0.
971.878404135531  0.
973.326018643091  0.
974.773633150651  0.
976.221247658211  0.
977.668862165771  0.
979.11647667333  0.
980.56409118089  0.
982.01170568845  0.
983.45932019601  0.
984.90693470357  0.
986.35454921113  0.
987.802163718689  0.
989.249778226249  0.
990.697392733809  0.
992.145007241369  0.
993.592621748929  2.064221E-13
995.040236256489  6.485965E-13
996.487850764048  5.031765E-13
997.935465271608  4.988739E-13
999.383079779168  4.477575E-13
1000.83069428673  4.509690E-13
1002.27830879429  2.463174E-13
1003.72592330185  3.220340E-13
1005.17353780941  4.527383E-13
1006.62115231697  3.658253E-13
1008.06876682453  4.497372E-13
1009.51638133209  3.928679E-13
1010.96399583965  3.859447E-13
1012.41161034721  3.686504E-13
1013.85922485477  4.249430E-13
1015.30683936233  4.751828E-13
1016.75445386989  4.714505E-13
1018.20206837745  3.633350E-13
1019.64968288501  4.482544E-13
1021.09729739257  4.596313E-13
1022.54491190013  3.863125E-13
1023.99252640769  4.845712E-13
1025.44014091525  4.385156E-13
1026.8877554228  4.293151E-13
1028.33536993037  4.337466E-13
1029.78298443792  5.295357E-13
1031.23059894548  4.366166E-13
1032.67821345304  5.369267E-13
1034.1258279606  4.792165E-13
1035.57344246816  4.272433E-13
1037.02105697572  4.646647E-13
1038.46867148328  4.107178E-13
1039.91628599084  4.455980E-13
1041.3639004984  3.988867E-13
1042.81151500596  3.380690E-13
1044.25912951352  3.798194E-13
1045.70674402108  3.763349E-13
1047.15435852864  3.617423E-13
1048.6019730362  3.065689E-13
1050.04958754376  2.991943E-13
1051.49720205132  3.586842E-13
1052.94481655888  4.003466E-13
1054.39243106644  4.132365E-13
1055.840045574  3.111325E-13
1057.28766008156  2.957315E-13
1058.73527458912  3.190451E-13
1060.18288909668  3.466269E-13
1061.63050360424  3.199325E-13
1063.0781181118  3.468341E-13
1064.52573261936  3.720687E-13
1065.97334712692  3.545961E-13
1067.42096163448  3.251308E-13
1068.86857614204  3.255291E-13
1070.3161906496  3.097512E-13
1071.76380515716  3.100609E-13
1073.21141966472  3.366857E-13
1074.65903417228  3.828904E-13
1076.10664867984  3.995546E-13
1077.5542631874  3.159929E-13
1079.00187769496  2.960106E-13
1080.44949220252  3.253911E-13
1081.89710671008  3.199507E-13
1083.34472121764  3.220215E-13
1084.7923357252  3.505401E-13
1086.23995023276  3.308524E-13
1087.68756474032  2.816711E-13
1089.13517924788  2.605339E-13
1090.58279375544  2.306012E-13
1092.030408263  2.945073E-13
1093.47802277056  3.104158E-13
1094.92563727812  2.818779E-13
1096.37325178568  3.318511E-13
1097.82086629324  2.967482E-13
1099.2684808008  2.947085E-13
1100.71609530836  2.442082E-13
1102.16370981592  3.056691E-13
1103.61132432348  3.136576E-13
1105.05893883104  3.117982E-13
1106.5065533386  2.896018E-13
1107.95416784616  3.009184E-13
1109.40178235372  3.040442E-13
1110.84939686128  2.936926E-13
1112.29701136884  2.937859E-13
1113.7446258764  2.762090E-13
1115.19224038396  2.989255E-13
1116.63985489152  3.005823E-13
1118.08746939908  2.907282E-13
1119.53508390664  2.919011E-13
1120.98269841419  3.053946E-13
1122.43031292175  2.705493E-13
1123.87792742931  2.639636E-13
1125.32554193687  2.627501E-13
1126.77315644443  3.006144E-13
1128.22077095199  2.776703E-13
1129.66838545955  2.619817E-13
1131.11599996711  3.451509E-13
1132.56361447467  3.225944E-13
1134.01122898223  2.901101E-13
1135.45884348979  2.631137E-13
1136.90645799735  2.652534E-13
1138.35407250491  2.542531E-13
1139.80168701247  2.621769E-13
1141.24930152003  2.803091E-13
1142.69691602759  2.708490E-13
1144.14453053515  2.765228E-13
1145.59214504271  2.827640E-13
1147.03975955027  2.728396E-13
1148.48737405783  2.695610E-13
1149.93498856539  2.798688E-13
1151.38260307295  2.566783E-13
1152.83021758051  2.146733E-13
1154.27783208807  2.550395E-13
1155.72544659563  2.866015E-13
1157.17306110319  3.018970E-13
1158.62067561075  2.881005E-13
1160.06829011831  2.692156E-13
1161.51590462587  2.767652E-13
1162.96351913343  2.556780E-13
1164.41113364099  2.687616E-13
1165.85874814855  2.783467E-13
1167.30636265611  2.731635E-13
1168.75397716367  2.847873E-13
1170.20159167123  3.327925E-13
1171.64920617879  3.247314E-13
1173.09682068635  3.165613E-13
1174.54443519391  2.889796E-13
1175.99204970147  3.101986E-13
1177.43966420903  3.254645E-13
1178.88727871659  3.224570E-13
1180.33489322415  3.238624E-13
1181.78250773171  3.535659E-13
1183.23012223927  3.143837E-13
1184.67773674683  3.371504E-13
1186.12535125439  3.414722E-13
1187.57296576195  3.128693E-13
1189.02058026951  3.481060E-13
1190.46819477707  3.280609E-13
1191.91580928463  3.639026E-13
1193.36342379219  3.742224E-13
1194.81103829975  3.975209E-13
1196.25865280731  3.993944E-13
1197.70626731487  4.625945E-13
1199.15388182243  4.913664E-13
1200.60149632999  5.007073E-13
1202.04911083755  4.551964E-13
1203.49672534511  4.087078E-13
1204.94433985267  5.166186E-13
1206.39195436023  6.598592E-13
1207.83956886779  7.148735E-13
1209.28718337535  7.709608E-13
1210.7347978829  8.250443E-13
1212.18241239046  1.064114E-12
1213.63002689802  9.758532E-13
1215.07764140558  1.210191E-12
1216.52525591314  1.010429E-12
1217.9728704207  9.869167E-13
1219.42048492826  8.686998E-13
1220.86809943582  7.100194E-13
1222.31571394338  6.606067E-13
1223.76332845094  5.376582E-13
1225.2109429585  5.344010E-13
1226.65855746606  4.847550E-13
1228.10617197362  4.461180E-13
1229.55378648118  4.315318E-13
1231.00140098874  4.216320E-13
1232.4490154963  5.155296E-13
1233.89663000386  4.251489E-13
1235.34424451142  4.246491E-13
1236.79185901898  4.735036E-13
1238.23947352654  4.958993E-13
1239.6870880341  3.747169E-13
1241.13470254166  3.399021E-13
1242.58231704922  3.844049E-13
1244.02993155678  3.887353E-13
1245.47754606434  4.290873E-13
1246.9251605719  3.507746E-13
1248.37277507946  3.358104E-13
1249.82038958702  3.087791E-13
1251.26800409458  3.376422E-13
1252.71561860214  3.510894E-13
1254.1632331097  3.399921E-13
1255.61084761726  3.355404E-13
1257.05846212482  3.565042E-13
1258.50607663238  3.853536E-13
1259.95369113994  3.321596E-13
1261.4013056475  2.665679E-13
1262.84892015506  2.671630E-13
1264.29653466262  2.980247E-13
1265.74414917018  3.027617E-13
1267.19176367774  2.739139E-13
1268.6393781853  2.891090E-13
1270.08699269286  2.962498E-13
1271.53460720042  3.246481E-13
1272.98222170798  2.863058E-13
1274.42983621554  2.215769E-13
1275.8774507231  2.336005E-13
1277.32506523066  2.492826E-13
1278.77267973822  2.434572E-13
1280.22029424578  2.290612E-13
1281.66790875334  2.432514E-13
1283.1155232609  2.120821E-13
1284.56313776846  2.422548E-13
1286.01075227602  2.571136E-13
1287.45836678358  2.816090E-13
1288.90598129114  2.483557E-13
1290.3535957987  2.478086E-13
1291.80121030626  2.663407E-13
1293.24882481382  2.579839E-13
1294.69643932138  2.955959E-13
1296.14405382894  2.801525E-13
1297.5916683365  2.616525E-13
1299.03928284406  2.348473E-13
1300.48689735162  2.425379E-13
1301.93451185917  2.564375E-13
1303.38212636674  2.594848E-13
1304.82974087429  2.364828E-13
1306.27735538185  2.401983E-13
1307.72496988941  2.516159E-13
1309.17258439697  2.363505E-13
1310.62019890453  2.735744E-13
1312.06781341209  2.894705E-13
1313.51542791965  3.026050E-13
1314.96304242721  2.242551E-13
1316.41065693477  2.046304E-13
1317.85827144233  2.429967E-13
1319.30588594989  2.281696E-13
1320.75350045745  1.997722E-13
1322.20111496501  2.058763E-13
1323.64872947257  2.328736E-13
1325.09634398013  2.496850E-13
1326.54395848769  2.235579E-13
1327.99157299525  2.335584E-13
1329.43918750281  2.410360E-13
1330.88680201037  2.357559E-13
1332.33441651793  2.133280E-13
1333.78203102549  2.186545E-13
1335.22964553305  2.651944E-13
1336.67726004061  2.364870E-13
1338.12487454817  2.114358E-13
1339.57248905573  2.448013E-13
1341.02010356329  2.254668E-13
1342.46771807085  2.533572E-13
1343.91533257841  2.375377E-13
1345.36294708597  2.330710E-13
1346.81056159353  2.172045E-13
1348.25817610109  1.944854E-13
1349.70579060865  1.990846E-13
1351.15340511621  2.364531E-13
1352.60101962377  2.440582E-13
1354.04863413133  2.471659E-13
1355.49624863889  2.488837E-13
1356.94386314645  2.542280E-13
1358.39147765401  2.141831E-13
1359.83909216157  2.352521E-13
1361.28670666913  2.630798E-13
1362.73432117669  2.570165E-13
1364.18193568425  2.310591E-13
1365.62955019181  2.593158E-13
1367.07716469937  2.282998E-13
1368.52477920693  2.047161E-13
1369.97239371449  2.239496E-13
1371.42000822205  2.333705E-13
1372.86762272961  2.068072E-13
1374.31523723717  2.416739E-13
1375.76285174473  2.496249E-13
1377.21046625229  2.492708E-13
1378.65808075985  2.458946E-13
1380.10569526741  2.582016E-13
1381.55330977497  2.325597E-13
1383.00092428253  2.272117E-13
1384.44853879009  2.189049E-13
1385.89615329765  2.432676E-13
1387.34376780521  2.763133E-13
1388.79138231277  2.516985E-13
1390.23899682033  2.604359E-13
1391.68661132789  2.955615E-13
1393.13422583545  2.927791E-13
1394.581840343  3.003439E-13
1396.02945485057  2.772190E-13
1397.47706935812  2.831155E-13
1398.92468386568  2.800050E-13
1400.37229837324  2.711161E-13
1401.8199128808  2.579705E-13
1403.26752738836  2.458022E-13
1404.71514189592  2.551097E-13
1406.16275640348  2.514633E-13
1407.61037091104  2.403650E-13
1409.0579854186  2.651300E-13
1410.50559992616  2.628420E-13
1411.95321443372  2.824027E-13
1413.40082894128  2.734486E-13
1414.84844344884  2.398345E-13
1416.2960579564  2.306869E-13
1417.74367246396  2.566322E-13
1419.19128697152  2.356830E-13
1420.63890147908  2.594086E-13
1422.08651598664  2.399991E-13
1423.5341304942  2.391237E-13
1424.98174500176  2.555970E-13
1426.42935950932  3.009355E-13
1427.87697401688  2.729172E-13
1429.32458852444  2.623394E-13
1430.772203032  2.347648E-13
1432.21981753956  2.193661E-13
1433.66743204712  2.092546E-13
1435.11504655468  2.126769E-13
1436.56266106224  2.389729E-13
1438.0102755698  2.306365E-13
1439.45789007736  2.262019E-13
1440.90550458492  2.081382E-13
1442.35311909248  2.079591E-13
1443.80073360004  2.141920E-13
1445.2483481076  2.216906E-13
1446.69596261516  2.093616E-13
1448.14357712272  2.176273E-13
1449.59119163028  2.234244E-13
1451.03880613784  2.162174E-13
1452.4864206454  2.125053E-13
1453.93403515296  2.123874E-13
1455.38164966052  2.145903E-13
1456.82926416808  2.065556E-13
1458.27687867564  2.094663E-13
1459.7244931832  1.993864E-13
1461.17210769076  1.941430E-13
1462.61972219832  2.067838E-13
1464.06733670588  2.222227E-13
1465.51495121344  2.163229E-13
1466.962565721  2.270849E-13
1468.41018022856  2.270538E-13
1469.85779473612  2.004831E-13
1471.30540924368  2.101756E-13
1472.75302375124  2.129295E-13
1474.2006382588  1.983870E-13
1475.64825276636  1.844733E-13
1477.09586727392  2.147598E-13
1478.54348178148  2.076440E-13
1479.99109628904  2.248800E-13
1481.4387107966  2.205686E-13
1482.88632530416  2.221384E-13
1484.33393981172  2.255838E-13
1485.78155431928  2.293707E-13
1487.22916882683  2.006492E-13
1488.67678333439  2.063449E-13
1490.12439784195  2.112908E-13
1491.57201234951  1.932445E-13
1493.01962685707  2.060919E-13
1494.46724136463  1.970605E-13
1495.91485587219  2.141189E-13
1497.36247037975  2.157436E-13
1498.81008488731  2.075812E-13
1500.25769939487  2.268118E-13
1501.70531390243  2.387316E-13
1503.15292840999  2.300749E-13
1504.60054291755  2.232351E-13
1506.04815742511  2.081973E-13
1507.49577193267  2.172696E-13
1508.94338644023  2.185224E-13
1510.39100094779  2.107624E-13
1511.83861545535  2.260600E-13
1513.28622996291  2.291939E-13
1514.73384447047  2.285308E-13
1516.18145897803  2.284595E-13
1517.62907348559  2.289361E-13
1519.07668799315  2.409639E-13
1520.52430250071  2.386472E-13
1521.97191700827  2.444883E-13
1523.41953151583  2.610979E-13
1524.86714602339  2.531611E-13
1526.31476053095  2.634743E-13
1527.76237503851  2.702178E-13
1529.20998954607  2.740584E-13
1530.65760405363  2.619083E-13
1532.10521856119  2.816473E-13
1533.55283306875  2.889307E-13
1535.00044757631  2.914066E-13
1536.44806208387  2.912139E-13
1537.89567659143  3.266870E-13
1539.34329109899  3.670363E-13
1540.79090560655  4.028497E-13
1542.23852011411  4.210263E-13
1543.68613462167  4.153135E-13
1545.13374912923  4.274742E-13
1546.58136363679  4.214133E-13
1548.02897814435  3.859632E-13
1549.47659265191  4.022557E-13
1550.92420715947  4.037277E-13
1552.37182166703  3.929574E-13
1553.81943617459  3.817586E-13
1555.26705068215  3.289288E-13
1556.71466518971  3.188158E-13
1558.16227969727  2.766639E-13
1559.60989420483  2.606918E-13
1561.05750871239  2.784425E-13
1562.50512321995  2.744846E-13
1563.95273772751  2.766213E-13
1565.40035223507  2.735684E-13
1566.84796674263  2.517185E-13
1568.29558125019  2.443434E-13
1569.74319575775  2.426635E-13
1571.19081026531  2.453883E-13
1572.63842477287  2.385184E-13
1574.08603928043  2.364217E-13
1575.53365378799  2.292819E-13
1576.98126829555  2.384799E-13
1578.4288828031  2.420547E-13
1579.87649731066  2.328969E-13
1581.32411181822  2.172949E-13
1582.77172632578  2.136896E-13
1584.21934083334  2.185019E-13
1585.6669553409  2.077604E-13
1587.11456984846  1.964913E-13
1588.56218435602  1.923698E-13
1590.00979886358  2.126931E-13
1591.45741337114  2.267336E-13
1592.9050278787  2.238874E-13
1594.35264238626  2.211896E-13
1595.80025689382  2.099111E-13
1597.24787140138  2.064394E-13
1598.69548590894  2.024821E-13
1600.1431004165  1.989767E-13
1601.59071492406  1.980861E-13
1603.03832943162  1.982061E-13
1604.48594393918  1.999287E-13
1605.93355844674  2.029629E-13
1607.3811729543  2.096430E-13
1608.82878746186  2.071576E-13
1610.27640196942  2.039007E-13
1611.72401647698  2.118193E-13
1613.17163098454  2.117590E-13
1614.6192454921  2.073665E-13
1616.06685999966  2.078635E-13
1617.51447450722  2.166517E-13
1618.96208901478  2.170844E-13
1620.40970352234  2.082463E-13
1621.8573180299  2.060439E-13
1623.30493253746  2.084524E-13
1624.75254704502  1.995738E-13
1626.20016155258  2.012264E-13
1627.64777606014  2.047556E-13
1629.0953905677  2.024514E-13
1630.54300507526  2.048703E-13
1631.99061958282  2.065000E-13
1633.43823409038  2.104120E-13
1634.88584859794  2.173207E-13
1636.3334631055  2.141127E-13
1637.78107761306  2.153139E-13
1639.22869212062  1.978936E-13
1640.67630662818  1.875912E-13
1642.12392113574  1.959811E-13
1643.5715356433  1.940197E-13
1645.01915015086  1.973815E-13
1646.46676465842  1.980116E-13
1647.91437916598  1.959374E-13
1649.36199367354  2.115253E-13
1650.8096081811  2.115759E-13
1652.25722268866  2.013914E-13
1653.70483719622  2.008259E-13
1655.15245170378  1.996015E-13
1656.60006621134  2.101182E-13
1658.0476807189  2.079797E-13
1659.49529522646  2.120207E-13
1660.94290973402  2.100230E-13
1662.39052424158  2.091937E-13
1663.83813874914  2.002488E-13
1665.2857532567  1.925691E-13
1666.73336776426  1.931465E-13
1668.18098227181  1.945535E-13
1669.62859677938  1.899987E-13
1671.07621128693  1.976261E-13
1672.52382579449  2.081614E-13
1673.97144030205  2.115581E-13
1675.41905480961  2.070810E-13
1676.86666931717  1.994702E-13
1678.31428382473  1.926923E-13
1679.76189833229  1.904129E-13
1681.20951283985  1.798071E-13
1682.65712734741  1.750149E-13
1684.10474185497  1.753098E-13
1685.55235636253  1.688132E-13
1686.99997087009  1.757524E-13
1688.44758537765  1.820650E-13
1689.89519988521  1.933757E-13
1691.34281439277  1.948946E-13
1692.79042890033  1.899072E-13
1694.23804340789  1.859686E-13
1695.68565791545  1.802445E-13
1697.13327242301  1.827673E-13
1698.58088693057  1.760516E-13
1700.02850143813  1.639814E-13
1701.47611594569  1.656543E-13
1702.92373045325  1.738461E-13
1704.37134496081  1.738264E-13
1705.81895946837  1.741387E-13
1707.26657397593  1.777225E-13
1708.71418848349  1.851152E-13
1710.16180299105  0.
1711.60941749861  0.
1713.05703200617  0.
1714.50464651373  0.
1715.95226102129  0.
1717.39987552885  0.
1718.84749003641  0.
1720.29510454397  0.
1721.74271905153  0.
1723.19033355909  0.
1724.63794806665  0.
1726.08556257421  0.
1727.53317708177  0.
1728.98079158933  0.
1730.42840609689  0.
1731.87602060445  0.
1733.32363511201  0.
1734.77124961957  0.
1736.21886412713  0.
1737.66647863469  0.
1739.11409314225  0.
1740.56170764981  0.
1742.00932215737  0.
1743.45693666493  0.
1744.90455117249  0.
1746.35216568005  0.
1747.79978018761  0.
1749.24739469517  0.
1750.69500920273  0.
1752.14262371029  0.
1753.59023821785  0.
1755.03785272541  0.
1756.48546723297  0.
1757.93308174053  0.
1759.38069624809  0.
1760.82831075565  0.
1762.27592526321  0.
1763.72353977076  0.
1765.17115427832  0.
1766.61876878588  0.
1768.06638329344  0.
1769.513997801  0.
1770.96161230856  0.
1772.40922681612  0.
1773.85684132368  0.
1775.30445583124  0.
1776.7520703388  0.
1778.19968484636  0.
1779.64729935392  0.
1781.09491386148  0.
1782.54252836904  0.
1783.9901428766  0.
1785.43775738416  0.
1786.88537189172  0.
1788.33298639928  0.
1789.78060090684  0.
1791.2282154144  0.
1792.67582992196  0.
1794.12344442952  0.
1795.57105893708  0.
1797.01867344464  0.
1798.4662879522  0.
1799.91390245976  0.
1801.36151696732  0.
1802.80913147488  0.
1804.25674598244  0.
1805.70436049  0.
1807.15197499756  0.
1808.59958950512  0.
1810.04720401268  0.
1811.49481852024  0.
1812.9424330278  0.
1814.39004753536  0.
1815.83766204292  0.
1817.28527655048  0.
1818.73289105804  0.
1820.1805055656  0.
1821.62812007316  0.
1823.07573458072  0.
1824.52334908828  0.
1825.97096359584  0.
1827.4185781034  0.
1828.86619261096  0.
1830.31380711852  0.
1831.76142162608  0.
