906.735751295338  0.
908.183365802898  0.
909.630980310458  0.
911.078594818018  0.
912.526209325578  0.
913.973823833137  0.
915.421438340697  0.
916.869052848257  0.
918.316667355817  0.
919.764281863377  0.
921.211896370937  0.
922.659510878497  0.
924.107125386056  0.
925.554739893616  0.
927.002354401176  0.
928.449968908736  0.
929.897583416296  0.
931.345197923856  0.
932.792812431415  0.
934.240426938975  0.
935.688041446535  0.
937.135655954095  0.
938.583270461655  0.
940.030884969215  0.
941.478499476774  0.
942.926113984334  0.
944.373728491894  0.
945.821342999454  0.
947.268957507014  0.
948.716572014574  0.
950.164186522133  0.
951.611801029693  0.
953.059415537253  0.
954.507030044813  0.
955.954644552373  0.
957.402259059933  0.
958.849873567493  0.
960.297488075052  0.
961.745102582612  0.
963.192717090172  0.
964.640331597732  0.
966.087946105292  0.
967.535560612852  0.
968.983175120411  0.
970.430789627971  0.
971.878404135531  0.
973.326018643091  0.
974.773633150651  0.
976.221247658211  0.
977.668862165771  0.
979.11647667333  0.
980.56409118089  0.
982.01170568845  0.
983.45932019601  0.
984.90693470357  0.
986.35454921113  0.
987.802163718689  0.
989.249778226249  0.
990.697392733809  0.
992.145007241369  0.
993.592621748929  3.096817E-13
995.040236256489  5.429214E-13
996.487850764048  4.339807E-13
997.935465271608  4.076077E-13
999.383079779168  4.536316E-13
1000.83069428673  4.113033E-13
1002.27830879429  3.145330E-13
1003.72592330185  3.540780E-13
1005.17353780941  4.364620E-13
1006.62115231697  4.209294E-13
1008.06876682453  4.250084E-13
1009.51638133209  4.579797E-13
1010.96399583965  4.868678E-13
1012.41161034721  4.176602E-13
1013.85922485477  3.980397E-13
1015.30683936233  4.571618E-13
1016.75445386989  4.065614E-13
1018.20206837745  4.262964E-13
1019.64968288501  4.246494E-13
1021.09729739257  4.119751E-13
1022.54491190013  4.239074E-13
1023.99252640769  4.768618E-13
1025.44014091525  4.060980E-13
1026.8877554228  4.853611E-13
1028.33536993037  4.780321E-13
1029.78298443792  4.270412E-13
1031.23059894548  4.587385E-13
1032.67821345304  4.735320E-13
1034.1258279606  4.990928E-13
1035.57344246816  4.500425E-13
1037.02105697572  4.123333E-13
1038.46867148328  3.917581E-13
1039.91628599084  3.746836E-13
1041.3639004984  3.466920E-13
1042.81151500596  3.294401E-13
1044.25912951352  4.065205E-13
1045.70674402108  4.514764E-13
1047.15435852864  4.296294E-13
1048.6019730362  3.688534E-13
1050.04958754376  2.848601E-13
1051.49720205132  2.922672E-13
1052.94481655888  3.225067E-13
1054.39243106644  3.205830E-13
1055.840045574  3.067607E-13
1057.28766008156  3.194740E-13
1058.73527458912  3.574476E-13
1060.18288909668  3.259818E-13
1061.63050360424  3.468756E-13
1063.0781181118  3.277914E-13
1064.52573261936  3.501369E-13
1065.97334712692  3.458630E-13
1067.42096163448  3.154565E-13
1068.86857614204  3.103308E-13
1070.3161906496  3.335069E-13
1071.76380515716  3.471989E-13
1073.21141966472  3.157136E-13
1074.65903417228  3.289103E-13
1076.10664867984  3.545293E-13
1077.5542631874  3.234049E-13
1079.00187769496  3.361551E-13
1080.44949220252  2.955502E-13
1081.89710671008  3.032182E-13
1083.34472121764  3.224621E-13
1084.7923357252  3.162180E-13
1086.23995023276  3.242559E-13
1087.68756474032  2.796481E-13
1089.13517924788  2.594319E-13
1090.58279375544  2.772018E-13
1092.030408263  3.166370E-13
1093.47802277056  3.178493E-13
1094.92563727812  2.751098E-13
1096.37325178568  3.220662E-13
1097.82086629324  2.990979E-13
1099.2684808008  3.148227E-13
1100.71609530836  2.634710E-13
1102.16370981592  2.944980E-13
1103.61132432348  3.021413E-13
1105.05893883104  2.750438E-13
1106.5065533386  2.927212E-13
1107.95416784616  3.182842E-13
1109.40178235372  2.893330E-13
1110.84939686128  2.797505E-13
1112.29701136884  3.172357E-13
1113.7446258764  2.970444E-13
1115.19224038396  3.392844E-13
1116.63985489152  3.027896E-13
1118.08746939908  3.248506E-13
1119.53508390664  2.876875E-13
1120.98269841419  2.847145E-13
1122.43031292175  2.836663E-13
1123.87792742931  2.816864E-13
1125.32554193687  2.619023E-13
1126.77315644443  2.664586E-13
1128.22077095199  2.980641E-13
1129.66838545955  2.938266E-13
1131.11599996711  3.125201E-13
1132.56361447467  2.828475E-13
1134.01122898223  2.791176E-13
1135.45884348979  2.623130E-13
1136.90645799735  2.924350E-13
1138.35407250491  2.924042E-13
1139.80168701247  2.645373E-13
1141.24930152003  3.022699E-13
1142.69691602759  2.320967E-13
1144.14453053515  2.548811E-13
1145.59214504271  2.736454E-13
1147.03975955027  2.726157E-13
1148.48737405783  2.684994E-13
1149.93498856539  2.738920E-13
1151.38260307295  2.512476E-13
1152.83021758051  2.187314E-13
1154.27783208807  2.347495E-13
1155.72544659563  2.779347E-13
1157.17306110319  3.049186E-13
1158.62067561075  3.076758E-13
1160.06829011831  2.807806E-13
1161.51590462587  2.927108E-13
1162.96351913343  2.769642E-13
1164.41113364099  3.230346E-13
1165.85874814855  2.814683E-13
1167.30636265611  3.396638E-13
1168.75397716367  3.037913E-13
1170.20159167123  3.665586E-13
1171.64920617879  3.304353E-13
1173.09682068635  3.403435E-13
1174.54443519391  2.849467E-13
1175.99204970147  2.851463E-13
1177.43966420903  3.009092E-13
1178.88727871659  3.146908E-13
1180.33489322415  3.507481E-13
1181.78250773171  3.291778E-13
1183.23012223927  2.801092E-13
1184.67773674683  3.315996E-13
1186.12535125439  3.345877E-13
1187.57296576195  3.547176E-13
1189.02058026951  3.447305E-13
1190.46819477707  3.194687E-13
1191.91580928463  3.448780E-13
1193.36342379219  4.000840E-13
1194.81103829975  4.502433E-13
1196.25865280731  4.138798E-13
1197.70626731487  4.358825E-13
1199.15388182243  4.637149E-13
1200.60149632999  4.756440E-13
1202.04911083755  4.470200E-13
1203.49672534511  4.245789E-13
1204.94433985267  4.955720E-13
1206.39195436023  6.185003E-13
1207.83956886779  7.858478E-13
1209.28718337535  7.859222E-13
1210.7347978829  8.386181E-13
1212.18241239046  8.423138E-13
1213.63002689802  9.185728E-13
1215.07764140558  1.105277E-12
1216.52525591314  1.007760E-12
1217.9728704207  9.057487E-13
1219.42048492826  8.628483E-13
1220.86809943582  7.300453E-13
1222.31571394338  7.345449E-13
1223.76332845094  5.628580E-13
1225.2109429585  5.287117E-13
1226.65855746606  5.061390E-13
1228.10617197362  4.658824E-13
1229.55378648118  4.636278E-13
1231.00140098874  4.573925E-13
1232.4490154963  4.816261E-13
1233.89663000386  4.203941E-13
1235.34424451142  4.227002E-13
1236.79185901898  4.475343E-13
1238.23947352654  4.929463E-13
1239.6870880341  4.460076E-13
1241.13470254166  4.122955E-13
1242.58231704922  3.924287E-13
1244.02993155678  4.073172E-13
1245.47754606434  4.079842E-13
1246.9251605719  3.597081E-13
1248.37277507946  3.386565E-13
1249.82038958702  3.480307E-13
1251.26800409458  3.528587E-13
1252.71561860214  3.703618E-13
1254.1632331097  3.133983E-13
1255.61084761726  3.814663E-13
1257.05846212482  3.220904E-13
1258.50607663238  3.168004E-13
1259.95369113994  3.354637E-13
1261.4013056475  3.213481E-13
1262.84892015506  2.567663E-13
1264.29653466262  2.822826E-13
1265.74414917018  2.883413E-13
1267.19176367774  3.018271E-13
1268.6393781853  2.617739E-13
1270.08699269286  3.057128E-13
1271.53460720042  3.021917E-13
1272.98222170798  2.636350E-13
1274.42983621554  2.718752E-13
1275.8774507231  2.676673E-13
1277.32506523066  2.770188E-13
1278.77267973822  2.700422E-13
1280.22029424578  2.951193E-13
1281.66790875334  2.634793E-13
1283.1155232609  2.639473E-13
1284.56313776846  2.411765E-13
1286.01075227602  2.258911E-13
1287.45836678358  2.437630E-13
1288.90598129114  2.290380E-13
1290.3535957987  2.228522E-13
1291.80121030626  2.456661E-13
1293.24882481382  2.762550E-13
1294.69643932138  2.302318E-13
1296.14405382894  2.813514E-13
1297.5916683365  2.757665E-13
1299.03928284406  2.861055E-13
1300.48689735162  2.859044E-13
1301.93451185917  2.656352E-13
1303.38212636674  2.696047E-13
1304.82974087429  2.517691E-13
1306.27735538185  2.591224E-13
1307.72496988941  2.420177E-13
1309.17258439697  2.357323E-13
1310.62019890453  2.346204E-13
1312.06781341209  2.402848E-13
1313.51542791965  2.379383E-13
1314.96304242721  2.437884E-13
1316.41065693477  2.390472E-13
1317.85827144233  2.300376E-13
1319.30588594989  2.358947E-13
1320.75350045745  2.195475E-13
1322.20111496501  2.101368E-13
1323.64872947257  2.215865E-13
1325.09634398013  2.214500E-13
1326.54395848769  2.440484E-13
1327.99157299525  2.573689E-13
1329.43918750281  2.507997E-13
1330.88680201037  2.708343E-13
1332.33441651793  2.631419E-13
1333.78203102549  2.298264E-13
1335.22964553305  2.303423E-13
1336.67726004061  2.321732E-13
1338.12487454817  2.216797E-13
1339.57248905573  2.180199E-13
1341.02010356329  2.248754E-13
1342.46771807085  2.391141E-13
1343.91533257841  2.286145E-13
1345.36294708597  2.397725E-13
1346.81056159353  2.476074E-13
1348.25817610109  2.376973E-13
1349.70579060865  2.556702E-13
1351.15340511621  2.459035E-13
1352.60101962377  2.375408E-13
1354.04863413133  2.246826E-13
1355.49624863889  2.236149E-13
1356.94386314645  2.243393E-13
1358.39147765401  2.232101E-13
1359.83909216157  2.225179E-13
1361.28670666913  2.445156E-13
1362.73432117669  2.504857E-13
1364.18193568425  2.337035E-13
1365.62955019181  2.346583E-13
1367.07716469937  2.306265E-13
1368.52477920693  2.431449E-13
1369.97239371449  2.721244E-13
1371.42000822205  2.262894E-13
1372.86762272961  2.190582E-13
1374.31523723717  2.245570E-13
1375.76285174473  2.403466E-13
1377.21046625229  2.226573E-13
1378.65808075985  2.448596E-13
1380.10569526741  2.600773E-13
1381.55330977497  2.462238E-13
1383.00092428253  2.402685E-13
1384.44853879009  2.516200E-13
1385.89615329765  2.328347E-13
1387.34376780521  2.508918E-13
1388.79138231277  2.440985E-13
1390.23899682033  2.577366E-13
1391.68661132789  2.593894E-13
1393.13422583545  2.633446E-13
1394.581840343  2.853181E-13
1396.02945485057  2.758338E-13
1397.47706935812  3.112586E-13
1398.92468386568  2.857179E-13
1400.37229837324  2.809949E-13
1401.8199128808  2.836414E-13
1403.26752738836  2.735716E-13
1404.71514189592  2.811289E-13
1406.16275640348  2.693248E-13
1407.61037091104  2.694175E-13
1409.0579854186  2.846611E-13
1410.50559992616  2.843508E-13
1411.95321443372  2.831456E-13
1413.40082894128  2.623533E-13
1414.84844344884  2.552063E-13
1416.2960579564  2.420646E-13
1417.74367246396  2.482545E-13
1419.19128697152  2.512569E-13
1420.63890147908  2.372497E-13
1422.08651598664  2.168322E-13
1423.5341304942  2.160763E-13
1424.98174500176  2.487490E-13
1426.42935950932  2.456530E-13
1427.87697401688  2.418342E-13
1429.32458852444  2.370866E-13
1430.772203032  2.082731E-13
1432.21981753956  2.288207E-13
1433.66743204712  2.347015E-13
1435.11504655468  2.037125E-13
1436.56266106224  2.093735E-13
1438.0102755698  2.558973E-13
1439.45789007736  2.384981E-13
1440.90550458492  2.356414E-13
1442.35311909248  2.203925E-13
1443.80073360004  1.989615E-13
1445.2483481076  2.158734E-13
1446.69596261516  2.033934E-13
1448.14357712272  1.975145E-13
1449.59119163028  2.020246E-13
1451.03880613784  1.922732E-13
1452.4864206454  2.115853E-13
1453.93403515296  2.238447E-13
1455.38164966052  2.145681E-13
1456.82926416808  2.099083E-13
1458.27687867564  2.210170E-13
1459.7244931832  2.171859E-13
1461.17210769076  1.995813E-13
1462.61972219832  2.196079E-13
1464.06733670588  2.155662E-13
1465.51495121344  1.939273E-13
1466.962565721  2.050224E-13
1468.41018022856  2.311226E-13
1469.85779473612  2.291499E-13
1471.30540924368  2.075144E-13
1472.75302375124  1.925081E-13
1474.2006382588  1.931400E-13
1475.64825276636  1.959591E-13
1477.09586727392  2.077461E-13
1478.54348178148  2.134919E-13
1479.99109628904  2.069715E-13
1481.4387107966  2.287908E-13
1482.88632530416  2.349693E-13
1484.33393981172  2.146592E-13
1485.78155431928  2.157295E-13
1487.22916882683  2.047790E-13
1488.67678333439  1.942839E-13
1490.12439784195  2.133344E-13
1491.57201234951  2.139597E-13
1493.01962685707  2.079193E-13
1494.46724136463  2.074309E-13
1495.91485587219  2.162869E-13
1497.36247037975  2.134332E-13
1498.81008488731  2.109444E-13
1500.25769939487  2.235071E-13
1501.70531390243  2.133469E-13
1503.15292840999  2.068824E-13
1504.60054291755  1.885445E-13
1506.04815742511  1.933199E-13
1507.49577193267  2.108670E-13
1508.94338644023  2.036428E-13
1510.39100094779  2.223550E-13
1511.83861545535  2.256223E-13
1513.28622996291  2.350004E-13
1514.73384447047  2.228381E-13
1516.18145897803  2.315397E-13
1517.62907348559  2.157209E-13
1519.07668799315  2.252032E-13
1520.52430250071  2.317357E-13
1521.97191700827  2.343775E-13
1523.41953151583  2.431905E-13
1524.86714602339  2.645289E-13
1526.31476053095  2.718396E-13
1527.76237503851  2.561705E-13
1529.20998954607  2.688867E-13
1530.65760405363  2.711052E-13
1532.10521856119  2.833529E-13
1533.55283306875  2.815341E-13
1535.00044757631  2.882262E-13
1536.44806208387  3.078212E-13
1537.89567659143  3.380076E-13
1539.34329109899  3.371054E-13
1540.79090560655  3.621342E-13
1542.23852011411  3.880809E-13
1543.68613462167  3.964267E-13
1545.13374912923  4.334189E-13
1546.58136363679  4.273202E-13
1548.02897814435  4.072131E-13
1549.47659265191  4.525563E-13
1550.92420715947  3.987937E-13
1552.37182166703  3.615683E-13
1553.81943617459  3.662909E-13
1555.26705068215  3.595411E-13
1556.71466518971  3.470422E-13
1558.16227969727  3.072789E-13
1559.60989420483  2.941178E-13
1561.05750871239  2.880063E-13
1562.50512321995  2.727585E-13
1563.95273772751  2.782530E-13
1565.40035223507  2.654446E-13
1566.84796674263  2.459476E-13
1568.29558125019  2.531519E-13
1569.74319575775  2.434013E-13
1571.19081026531  2.322050E-13
1572.63842477287  2.359708E-13
1574.08603928043  2.393814E-13
1575.53365378799  2.375038E-13
1576.98126829555  2.294619E-13
1578.4288828031  2.283081E-13
1579.87649731066  2.290379E-13
1581.32411181822  2.145311E-13
1582.77172632578  2.080163E-13
1584.21934083334  2.050121E-13
1585.6669553409  2.021274E-13
1587.11456984846  1.914610E-13
1588.56218435602  2.088117E-13
1590.00979886358  2.061298E-13
1591.45741337114  1.960778E-13
1592.9050278787  1.986487E-13
1594.35264238626  2.033999E-13
1595.80025689382  2.086838E-13
1597.24787140138  2.124450E-13
1598.69548590894  2.182516E-13
1600.1431004165  2.299453E-13
1601.59071492406  2.181032E-13
1603.03832943162  2.028150E-13
1604.48594393918  2.092002E-13
1605.93355844674  2.099606E-13
1607.3811729543  2.033567E-13
1608.82878746186  2.006883E-13
1610.27640196942  1.957512E-13
1611.72401647698  2.062232E-13
1613.17163098454  1.933444E-13
1614.6192454921  1.987394E-13
1616.06685999966  2.175520E-13
1617.51447450722  2.110094E-13
1618.96208901478  2.085245E-13
1620.40970352234  2.194691E-13
1621.8573180299  2.103740E-13
1623.30493253746  2.060337E-13
1624.75254704502  1.937038E-13
1626.20016155258  2.015253E-13
1627.64777606014  2.090259E-13
1629.0953905677  2.070586E-13
1630.54300507526  2.167082E-13
1631.99061958282  2.190799E-13
1633.43823409038  2.137539E-13
1634.88584859794  2.164904E-13
1636.3334631055  2.150581E-13
1637.78107761306  2.258979E-13
1639.22869212062  2.088009E-13
1640.67630662818  2.001804E-13
1642.12392113574  2.085986E-13
1643.5715356433  2.180564E-13
1645.01915015086  2.164982E-13
1646.46676465842  2.022024E-13
1647.91437916598  1.996878E-13
1649.36199367354  1.961451E-13
1650.8096081811  1.867543E-13
1652.25722268866  1.957056E-13
1653.70483719622  1.990271E-13
1655.15245170378  1.988869E-13
1656.60006621134  2.084583E-13
1658.0476807189  2.106142E-13
1659.49529522646  2.055496E-13
1660.94290973402  1.993492E-13
1662.39052424158  2.049843E-13
1663.83813874914  2.038203E-13
1665.2857532567  1.931595E-13
1666.73336776426  1.987968E-13
1668.18098227181  2.015712E-13
1669.62859677938  1.909553E-13
1671.07621128693  1.890137E-13
1672.52382579449  1.941595E-13
1673.97144030205  1.876197E-13
1675.41905480961  1.853953E-13
1676.86666931717  1.857736E-13
1678.31428382473  1.889730E-13
1679.76189833229  1.818458E-13
1681.20951283985  1.714245E-13
1682.65712734741  1.796343E-13
1684.10474185497  1.841041E-13
1685.55235636253  1.787094E-13
1686.99997087009  1.805546E-13
1688.44758537765  1.760890E-13
1689.89519988521  1.661373E-13
1691.34281439277  1.661422E-13
1692.79042890033  1.676808E-13
1694.23804340789  1.618351E-13
1695.68565791545  1.658537E-13
1697.13327242301  1.784847E-13
1698.58088693057  1.773806E-13
1700.02850143813  1.666612E-13
1701.47611594569  1.711008E-13
1702.92373045325  1.801186E-13
1704.37134496081  1.721661E-13
1705.81895946837  1.742795E-13
1707.26657397593  1.776378E-13
1708.71418848349  1.694235E-13
1710.16180299105  0.
1711.60941749861  0.
1713.05703200617  0.
1714.50464651373  0.
1715.95226102129  0.
1717.39987552885  0.
1718.84749003641  0.
1720.29510454397  0.
1721.74271905153  0.
1723.19033355909  0.
1724.63794806665  0.
1726.08556257421  0.
1727.53317708177  0.
1728.98079158933  0.
1730.42840609689  0.
1731.87602060445  0.
1733.32363511201  0.
1734.77124961957  0.
1736.21886412713  0.
1737.66647863469  0.
1739.11409314225  0.
1740.56170764981  0.
1742.00932215737  0.
1743.45693666493  0.
1744.90455117249  0.
1746.35216568005  0.
1747.79978018761  0.
1749.24739469517  0.
1750.69500920273  0.
1752.14262371029  0.
1753.59023821785  0.
1755.03785272541  0.
1756.48546723297  0.
1757.93308174053  0.
1759.38069624809  0.
1760.82831075565  0.
1762.27592526321  0.
1763.72353977076  0.
1765.17115427832  0.
1766.61876878588  0.
1768.06638329344  0.
1769.513997801  0.
1770.96161230856  0.
1772.40922681612  0.
1773.85684132368  0.
1775.30445583124  0.
1776.7520703388  0.
1778.19968484636  0.
1779.64729935392  0.
1781.09491386148  0.
1782.54252836904  0.
1783.9901428766  0.
1785.43775738416  0.
1786.88537189172  0.
1788.33298639928  0.
1789.78060090684  0.
1791.2282154144  0.
1792.67582992196  0.
1794.12344442952  0.
1795.57105893708  0.
1797.01867344464  0.
1798.4662879522  0.
1799.91390245976  0.
1801.36151696732  0.
1802.80913147488  0.
1804.25674598244  0.
1805.70436049  0.
1807.15197499756  0.
1808.59958950512  0.
1810.04720401268  0.
1811.49481852024  0.
1812.9424330278  0.
1814.39004753536  0.
1815.83766204292  0.
1817.28527655048  0.
1818.73289105804  0.
1820.1805055656  0.
1821.62812007316  0.
1823.07573458072  0.
1824.52334908828  0.
1825.97096359584  0.
1827.4185781034  0.
1828.86619261096  0.
1830.31380711852  0.
1831.76142162608  0.
