906.735751295338  0.
908.183365802898  0.
909.630980310458  0.
911.078594818018  0.
912.526209325578  0.
913.973823833137  0.
915.421438340697  0.
916.869052848257  0.
918.316667355817  0.
919.764281863377  0.
921.211896370937  0.
922.659510878497  0.
924.107125386056  0.
925.554739893616  0.
927.002354401176  0.
928.449968908736  0.
929.897583416296  0.
931.345197923856  0.
932.792812431415  0.
934.240426938975  0.
935.688041446535  0.
937.135655954095  0.
938.583270461655  0.
940.030884969215  0.
941.478499476774  0.
942.926113984334  0.
944.373728491894  0.
945.821342999454  0.
947.268957507014  0.
948.716572014574  0.
950.164186522133  0.
951.611801029693  0.
953.059415537253  0.
954.507030044813  0.
955.954644552373  0.
957.402259059933  0.
958.849873567493  0.
960.297488075052  0.
961.745102582612  0.
963.192717090172  0.
964.640331597732  0.
966.087946105292  0.
967.535560612852  0.
968.983175120411  0.
970.430789627971  0.
971.878404135531  0.
973.326018643091  0.
974.773633150651  0.
976.221247658211  0.
977.668862165771  0.
979.11647667333  0.
980.56409118089  0.
982.01170568845  0.
983.45932019601  0.
984.90693470357  0.
986.35454921113  0.
987.802163718689  0.
989.249778226249  0.
990.697392733809  0.
992.145007241369  0.
993.592621748929  1.611500E-13
995.040236256489  6.632487E-13
996.487850764048  6.918524E-13
997.935465271608  5.690392E-13
999.383079779168  5.335520E-13
1000.83069428673  3.417875E-13
1002.27830879429  4.692840E-13
1003.72592330185  4.333461E-13
1005.17353780941  3.670708E-13
1006.62115231697  3.182462E-13
1008.06876682453  3.877665E-13
1009.51638133209  5.886678E-13
1010.96399583965  3.803984E-13
1012.41161034721  4.261868E-13
1013.85922485477  4.728898E-13
1015.30683936233  4.437111E-13
1016.75445386989  3.935506E-13
1018.20206837745  3.943264E-13
1019.64968288501  4.370617E-13
1021.09729739257  4.149053E-13
1022.54491190013  4.386043E-13
1023.99252640769  5.334103E-13
1025.44014091525  5.004598E-13
1026.8877554228  4.742793E-13
1028.33536993037  5.014696E-13
1029.78298443792  4.757678E-13
1031.23059894548  3.317613E-13
1032.67821345304  4.661928E-13
1034.1258279606  4.652339E-13
1035.57344246816  4.319867E-13
1037.02105697572  4.529354E-13
1038.46867148328  4.268258E-13
1039.91628599084  4.043932E-13
1041.3639004984  3.944645E-13
1042.81151500596  3.729991E-13
1044.25912951352  4.201218E-13
1045.70674402108  4.046753E-13
1047.15435852864  4.283286E-13
1048.6019730362  3.220862E-13
1050.04958754376  3.765192E-13
1051.49720205132  3.649523E-13
1052.94481655888  4.674122E-13
1054.39243106644  4.065053E-13
1055.840045574  3.431357E-13
1057.28766008156  2.993948E-13
1058.73527458912  3.526188E-13
1060.18288909668  3.668623E-13
1061.63050360424  3.637807E-13
1063.0781181118  4.177665E-13
1064.52573261936  4.035337E-13
1065.97334712692  3.932349E-13
1067.42096163448  3.589763E-13
1068.86857614204  3.766864E-13
1070.3161906496  3.914681E-13
1071.76380515716  3.318009E-13
1073.21141966472  3.370535E-13
1074.65903417228  3.939209E-13
1076.10664867984  3.609583E-13
1077.5542631874  3.442796E-13
1079.00187769496  3.729601E-13
1080.44949220252  3.339630E-13
1081.89710671008  3.008690E-13
1083.34472121764  3.118847E-13
1084.7923357252  2.663462E-13
1086.23995023276  2.908344E-13
1087.68756474032  3.128422E-13
1089.13517924788  3.021869E-13
1090.58279375544  3.040186E-13
1092.030408263  3.172206E-13
1093.47802277056  3.460992E-13
1094.92563727812  2.769803E-13
1096.37325178568  2.952984E-13
1097.82086629324  2.985858E-13
1099.2684808008  2.910108E-13
1100.71609530836  2.988244E-13
1102.16370981592  3.310210E-13
1103.61132432348  2.969163E-13
1105.05893883104  2.855216E-13
1106.5065533386  3.170127E-13
1107.95416784616  3.124358E-13
1109.40178235372  3.183627E-13
1110.84939686128  2.976813E-13
1112.29701136884  3.130557E-13
1113.7446258764  3.231522E-13
1115.19224038396  3.249450E-13
1116.63985489152  3.032860E-13
1118.08746939908  3.257468E-13
1119.53508390664  2.847654E-13
1120.98269841419  2.782945E-13
1122.43031292175  2.831903E-13
1123.87792742931  2.848648E-13
1125.32554193687  2.470938E-13
1126.77315644443  3.075648E-13
1128.22077095199  2.754622E-13
1129.66838545955  2.670591E-13
1131.11599996711  3.591066E-13
1132.56361447467  3.276913E-13
1134.01122898223  2.754452E-13
1135.45884348979  2.811191E-13
1136.90645799735  2.792939E-13
1138.35407250491  3.023778E-13
1139.80168701247  2.922334E-13
1141.24930152003  2.838614E-13
1142.69691602759  2.604822E-13
1144.14453053515  2.697020E-13
1145.59214504271  2.832860E-13
1147.03975955027  3.105590E-13
1148.48737405783  2.939209E-13
1149.93498856539  2.851940E-13
1151.38260307295  2.719475E-13
1152.83021758051  2.429804E-13
1154.27783208807  2.458436E-13
1155.72544659563  2.556465E-13
1157.17306110319  3.199771E-13
1158.62067561075  2.715646E-13
1160.06829011831  2.601437E-13
1161.51590462587  2.708252E-13
1162.96351913343  2.697556E-13
1164.41113364099  3.012129E-13
1165.85874814855  3.111936E-13
1167.30636265611  3.306293E-13
1168.75397716367  3.011574E-13
1170.20159167123  3.588721E-13
1171.64920617879  3.372253E-13
1173.09682068635  3.481190E-13
1174.54443519391  3.040409E-13
1175.99204970147  3.103696E-13
1177.43966420903  3.083792E-13
1178.88727871659  3.061087E-13
1180.33489322415  3.124902E-13
1181.78250773171  3.426916E-13
1183.23012223927  3.399288E-13
1184.67773674683  3.487725E-13
1186.12535125439  3.555432E-13
1187.57296576195  3.344985E-13
1189.02058026951  3.881396E-13
1190.46819477707  3.647788E-13
1191.91580928463  3.730493E-13
1193.36342379219  3.583223E-13
1194.81103829975  4.325780E-13
1196.25865280731  3.936558E-13
1197.70626731487  4.795374E-13
1199.15388182243  5.060733E-13
1200.60149632999  4.899811E-13
1202.04911083755  4.593943E-13
1203.49672534511  5.031632E-13
1204.94433985267  5.684153E-13
1206.39195436023  6.786079E-13
1207.83956886779  7.400812E-13
1209.28718337535  8.404240E-13
1210.7347978829  8.153686E-13
1212.18241239046  8.822791E-13
1213.63002689802  9.163755E-13
1215.07764140558  9.227007E-13
1216.52525591314  8.194393E-13
1217.9728704207  1.018627E-12
1219.42048492826  7.569233E-13
1220.86809943582  6.208068E-13
1222.31571394338  6.722973E-13
1223.76332845094  5.444721E-13
1225.2109429585  5.074786E-13
1226.65855746606  5.071722E-13
1228.10617197362  4.364078E-13
1229.55378648118  5.159387E-13
1231.00140098874  4.702492E-13
1232.4490154963  4.654623E-13
1233.89663000386  4.266785E-13
1235.34424451142  4.446884E-13
1236.79185901898  4.505409E-13
1238.23947352654  4.576532E-13
1239.6870880341  3.859719E-13
1241.13470254166  3.878334E-13
1242.58231704922  4.308985E-13
1244.02993155678  3.803222E-13
1245.47754606434  3.594568E-13
1246.9251605719  3.383432E-13
1248.37277507946  3.595699E-13
1249.82038958702  3.553351E-13
1251.26800409458  3.069200E-13
1252.71561860214  3.467586E-13
1254.1632331097  3.577255E-13
1255.61084761726  3.075093E-13
1257.05846212482  3.320667E-13
1258.50607663238  3.096460E-13
1259.95369113994  3.513552E-13
1261.4013056475  3.103839E-13
1262.84892015506  2.592263E-13
1264.29653466262  2.795291E-13
1265.74414917018  2.960902E-13
1267.19176367774  2.781727E-13
1268.6393781853  2.805753E-13
1270.08699269286  3.032695E-13
1271.53460720042  3.012830E-13
1272.98222170798  2.560726E-13
1274.42983621554  2.588855E-13
1275.8774507231  3.199764E-13
1277.32506523066  2.915671E-13
1278.77267973822  2.870735E-13
1280.22029424578  2.729760E-13
1281.66790875334  2.983431E-13
1283.1155232609  2.466978E-13
1284.56313776846  2.714656E-13
1286.01075227602  2.477124E-13
1287.45836678358  2.686734E-13
1288.90598129114  2.495495E-13
1290.3535957987  2.544798E-13
1291.80121030626  2.900975E-13
1293.24882481382  2.545637E-13
1294.69643932138  2.784107E-13
1296.14405382894  2.723189E-13
1297.5916683365  2.690336E-13
1299.03928284406  2.567067E-13
1300.48689735162  2.802643E-13
1301.93451185917  2.644904E-13
1303.38212636674  2.509143E-13
1304.82974087429  2.698712E-13
1306.27735538185  2.536558E-13
1307.72496988941  2.613894E-13
1309.17258439697  2.074675E-13
1310.62019890453  2.033949E-13
1312.06781341209  2.460674E-13
1313.51542791965  2.878540E-13
1314.96304242721  2.810268E-13
1316.41065693477  2.559196E-13
1317.85827144233  2.666743E-13
1319.30588594989  2.361350E-13
1320.75350045745  2.507141E-13
1322.20111496501  2.739628E-13
1323.64872947257  2.759836E-13
1325.09634398013  2.568314E-13
1326.54395848769  2.427277E-13
1327.99157299525  2.566999E-13
1329.43918750281  2.240223E-13
1330.88680201037  2.506198E-13
1332.33441651793  2.518754E-13
1333.78203102549  2.723037E-13
1335.22964553305  2.482745E-13
1336.67726004061  2.403444E-13
1338.12487454817  2.095237E-13
1339.57248905573  2.195450E-13
1341.02010356329  2.486437E-13
1342.46771807085  2.823824E-13
1343.91533257841  2.634072E-13
1345.36294708597  2.809689E-13
1346.81056159353  2.532537E-13
1348.25817610109  2.451614E-13
1349.70579060865  2.618173E-13
1351.15340511621  2.456083E-13
1352.60101962377  2.610083E-13
1354.04863413133  2.802971E-13
1355.49624863889  2.215501E-13
1356.94386314645  2.195179E-13
1358.39147765401  2.144863E-13
1359.83909216157  2.516571E-13
1361.28670666913  2.360523E-13
1362.73432117669  2.602792E-13
1364.18193568425  2.316592E-13
1365.62955019181  2.242641E-13
1367.07716469937  2.303862E-13
1368.52477920693  2.759719E-13
1369.97239371449  2.887125E-13
1371.42000822205  2.912502E-13
1372.86762272961  2.637861E-13
1374.31523723717  2.703478E-13
1375.76285174473  2.628010E-13
1377.21046625229  2.622233E-13
1378.65808075985  2.878097E-13
1380.10569526741  2.866152E-13
1381.55330977497  2.629076E-13
1383.00092428253  2.532349E-13
1384.44853879009  2.925515E-13
1385.89615329765  2.743856E-13
1387.34376780521  3.066428E-13
1388.79138231277  3.173870E-13
1390.23899682033  3.427368E-13
1391.68661132789  3.214974E-13
1393.13422583545  2.889431E-13
1394.581840343  2.942753E-13
1396.02945485057  3.529745E-13
1397.47706935812  3.184015E-13
1398.92468386568  3.383596E-13
1400.37229837324  3.524037E-13
1401.8199128808  2.919646E-13
1403.26752738836  2.925635E-13
1404.71514189592  2.835483E-13
1406.16275640348  2.891420E-13
1407.61037091104  2.875554E-13
1409.0579854186  2.900816E-13
1410.50559992616  2.727691E-13
1411.95321443372  2.728412E-13
1413.40082894128  3.052185E-13
1414.84844344884  2.998699E-13
1416.2960579564  2.850366E-13
1417.74367246396  2.921229E-13
1419.19128697152  2.722820E-13
1420.63890147908  2.650470E-13
1422.08651598664  2.592594E-13
1423.5341304942  2.459093E-13
1424.98174500176  2.522609E-13
1426.42935950932  2.516576E-13
1427.87697401688  2.639114E-13
1429.32458852444  2.472082E-13
1430.772203032  2.010511E-13
1432.21981753956  2.084356E-13
1433.66743204712  2.327658E-13
1435.11504655468  2.298974E-13
1436.56266106224  2.021716E-13
1438.0102755698  2.212460E-13
1439.45789007736  2.281033E-13
1440.90550458492  2.097260E-13
1442.35311909248  2.173238E-13
1443.80073360004  2.185904E-13
1445.2483481076  2.070268E-13
1446.69596261516  1.956535E-13
1448.14357712272  1.919532E-13
1449.59119163028  2.154142E-13
1451.03880613784  1.987530E-13
1452.4864206454  1.927886E-13
1453.93403515296  2.135696E-13
1455.38164966052  2.195974E-13
1456.82926416808  2.105380E-13
1458.27687867564  2.040122E-13
1459.7244931832  2.010075E-13
1461.17210769076  2.085499E-13
1462.61972219832  2.190760E-13
1464.06733670588  2.408171E-13
1465.51495121344  2.257461E-13
1466.962565721  2.374849E-13
1468.41018022856  2.104867E-13
1469.85779473612  2.015271E-13
1471.30540924368  2.128977E-13
1472.75302375124  2.047774E-13
1474.2006382588  1.986841E-13
1475.64825276636  2.037978E-13
1477.09586727392  2.309761E-13
1478.54348178148  2.135807E-13
1479.99109628904  1.895337E-13
1481.4387107966  1.933943E-13
1482.88632530416  1.938431E-13
1484.33393981172  2.010429E-13
1485.78155431928  2.084872E-13
1487.22916882683  2.043136E-13
1488.67678333439  2.052657E-13
1490.12439784195  2.030381E-13
1491.57201234951  2.041540E-13
1493.01962685707  2.061236E-13
1494.46724136463  1.895254E-13
1495.91485587219  2.068288E-13
1497.36247037975  2.107983E-13
1498.81008488731  2.091669E-13
1500.25769939487  2.117965E-13
1501.70531390243  2.170869E-13
1503.15292840999  2.079466E-13
1504.60054291755  2.210124E-13
1506.04815742511  2.281666E-13
1507.49577193267  2.277486E-13
1508.94338644023  1.939625E-13
1510.39100094779  2.268445E-13
1511.83861545535  2.465649E-13
1513.28622996291  2.353877E-13
1514.73384447047  2.359308E-13
1516.18145897803  2.313631E-13
1517.62907348559  2.385548E-13
1519.07668799315  2.481156E-13
1520.52430250071  2.624804E-13
1521.97191700827  2.558541E-13
1523.41953151583  2.352629E-13
1524.86714602339  2.369726E-13
1526.31476053095  2.564412E-13
1527.76237503851  2.567979E-13
1529.20998954607  2.560941E-13
1530.65760405363  2.639072E-13
1532.10521856119  2.741058E-13
1533.55283306875  2.960737E-13
1535.00044757631  2.936591E-13
1536.44806208387  3.225970E-13
1537.89567659143  3.467317E-13
1539.34329109899  3.633166E-13
1540.79090560655  3.904399E-13
1542.23852011411  3.974798E-13
1543.68613462167  4.168171E-13
1545.13374912923  4.322839E-13
1546.58136363679  4.169901E-13
1548.02897814435  3.941171E-13
1549.47659265191  4.213656E-13
1550.92420715947  3.647706E-13
1552.37182166703  3.774461E-13
1553.81943617459  3.726170E-13
1555.26705068215  3.154241E-13
1556.71466518971  3.025805E-13
1558.16227969727  2.949168E-13
1559.60989420483  2.899088E-13
1561.05750871239  2.559226E-13
1562.50512321995  2.559685E-13
1563.95273772751  2.674068E-13
1565.40035223507  2.712982E-13
1566.84796674263  2.538425E-13
1568.29558125019  2.445936E-13
1569.74319575775  2.480851E-13
1571.19081026531  2.548891E-13
1572.63842477287  2.338608E-13
1574.08603928043  2.282082E-13
1575.53365378799  2.334301E-13
1576.98126829555  2.505705E-13
1578.4288828031  2.446154E-13
1579.87649731066  2.198603E-13
1581.32411181822  2.253097E-13
1582.77172632578  2.265904E-13
1584.21934083334  2.314536E-13
1585.6669553409  2.288650E-13
1587.11456984846  2.267852E-13
1588.56218435602  2.422053E-13
1590.00979886358  2.387267E-13
1591.45741337114  2.256384E-13
1592.9050278787  2.225955E-13
1594.35264238626  2.255990E-13
1595.80025689382  2.231873E-13
1597.24787140138  1.967128E-13
1598.69548590894  2.083400E-13
1600.1431004165  2.133308E-13
1601.59071492406  2.107143E-13
1603.03832943162  2.092550E-13
1604.48594393918  2.061975E-13
1605.93355844674  2.184467E-13
1607.3811729543  2.297223E-13
1608.82878746186  2.324815E-13
1610.27640196942  2.223691E-13
1611.72401647698  2.266635E-13
1613.17163098454  2.321175E-13
1614.6192454921  2.334149E-13
1616.06685999966  2.229943E-13
1617.51447450722  2.260422E-13
1618.96208901478  2.226598E-13
1620.40970352234  2.234013E-13
1621.8573180299  2.232111E-13
1623.30493253746  2.217709E-13
1624.75254704502  2.237081E-13
1626.20016155258  2.184043E-13
1627.64777606014  2.205157E-13
1629.0953905677  2.263513E-13
1630.54300507526  2.380394E-13
1631.99061958282  2.256985E-13
1633.43823409038  2.187439E-13
1634.88584859794  2.209082E-13
1636.3334631055  2.167569E-13
1637.78107761306  2.164871E-13
1639.22869212062  2.056933E-13
1640.67630662818  2.051851E-13
1642.12392113574  2.033003E-13
1643.5715356433  1.964897E-13
1645.01915015086  1.907857E-13
1646.46676465842  1.854961E-13
1647.91437916598  1.954464E-13
1649.36199367354  2.093365E-13
1650.8096081811  2.085324E-13
1652.25722268866  2.040258E-13
1653.70483719622  2.011581E-13
1655.15245170378  2.094196E-13
1656.60006621134  2.269937E-13
1658.0476807189  2.184872E-13
1659.49529522646  2.247919E-13
1660.94290973402  2.244729E-13
1662.39052424158  2.325192E-13
1663.83813874914  2.251687E-13
1665.2857532567  2.175554E-13
1666.73336776426  2.226231E-13
1668.18098227181  2.296223E-13
1669.62859677938  2.167007E-13
1671.07621128693  2.111217E-13
1672.52382579449  2.158724E-13
1673.97144030205  2.108173E-13
1675.41905480961  2.058538E-13
1676.86666931717  1.930254E-13
1678.31428382473  1.892387E-13
1679.76189833229  1.808222E-13
1681.20951283985  1.796089E-13
1682.65712734741  1.782921E-13
1684.10474185497  1.772677E-13
1685.55235636253  1.823857E-13
1686.99997087009  1.921566E-13
1688.44758537765  1.977293E-13
1689.89519988521  1.943842E-13
1691.34281439277  1.878084E-13
1692.79042890033  1.849024E-13
1694.23804340789  1.795977E-13
1695.68565791545  1.808371E-13
1697.13327242301  1.829425E-13
1698.58088693057  1.821395E-13
1700.02850143813  1.775581E-13
1701.47611594569  1.904683E-13
1702.92373045325  1.936968E-13
1704.37134496081  1.867236E-13
1705.81895946837  1.807708E-13
1707.26657397593  1.818695E-13
1708.71418848349  1.875653E-13
1710.16180299105  0.
1711.60941749861  0.
1713.05703200617  0.
1714.50464651373  0.
1715.95226102129  0.
1717.39987552885  0.
1718.84749003641  0.
1720.29510454397  0.
1721.74271905153  0.
1723.19033355909  0.
1724.63794806665  0.
1726.08556257421  0.
1727.53317708177  0.
1728.98079158933  0.
1730.42840609689  0.
1731.87602060445  0.
1733.32363511201  0.
1734.77124961957  0.
1736.21886412713  0.
1737.66647863469  0.
1739.11409314225  0.
1740.56170764981  0.
1742.00932215737  0.
1743.45693666493  0.
1744.90455117249  0.
1746.35216568005  0.
1747.79978018761  0.
1749.24739469517  0.
1750.69500920273  0.
1752.14262371029  0.
1753.59023821785  0.
1755.03785272541  0.
1756.48546723297  0.
1757.93308174053  0.
1759.38069624809  0.
1760.82831075565  0.
1762.27592526321  0.
1763.72353977076  0.
1765.17115427832  0.
1766.61876878588  0.
1768.06638329344  0.
1769.513997801  0.
1770.96161230856  0.
1772.40922681612  0.
1773.85684132368  0.
1775.30445583124  0.
1776.7520703388  0.
1778.19968484636  0.
1779.64729935392  0.
1781.09491386148  0.
1782.54252836904  0.
1783.9901428766  0.
1785.43775738416  0.
1786.88537189172  0.
1788.33298639928  0.
1789.78060090684  0.
1791.2282154144  0.
1792.67582992196  0.
1794.12344442952  0.
1795.57105893708  0.
1797.01867344464  0.
1798.4662879522  0.
1799.91390245976  0.
1801.36151696732  0.
1802.80913147488  0.
1804.25674598244  0.
1805.70436049  0.
1807.15197499756  0.
1808.59958950512  0.
1810.04720401268  0.
1811.49481852024  0.
1812.9424330278  0.
1814.39004753536  0.
1815.83766204292  0.
1817.28527655048  0.
1818.73289105804  0.
1820.1805055656  0.
1821.62812007316  0.
1823.07573458072  0.
1824.52334908828  0.
1825.97096359584  0.
1827.4185781034  0.
1828.86619261096  0.
1830.31380711852  0.
1831.76142162608  0.
