906.735751295338  0.
908.183365802898  0.
909.630980310458  0.
911.078594818018  0.
912.526209325578  0.
913.973823833137  0.
915.421438340697  0.
916.869052848257  0.
918.316667355817  0.
919.764281863377  0.
921.211896370937  0.
922.659510878497  0.
924.107125386056  0.
925.554739893616  0.
927.002354401176  0.
928.449968908736  0.
929.897583416296  0.
931.345197923856  0.
932.792812431415  0.
934.240426938975  0.
935.688041446535  0.
937.135655954095  0.
938.583270461655  0.
940.030884969215  0.
941.478499476774  0.
942.926113984334  0.
944.373728491894  0.
945.821342999454  0.
947.268957507014  0.
948.716572014574  0.
950.164186522133  0.
951.611801029693  0.
953.059415537253  0.
954.507030044813  0.
955.954644552373  0.
957.402259059933  0.
958.849873567493  0.
960.297488075052  0.
961.745102582612  0.
963.192717090172  0.
964.640331597732  0.
966.087946105292  0.
967.535560612852  0.
968.983175120411  0.
970.430789627971  0.
971.878404135531  0.
973.326018643091  0.
974.773633150651  0.
976.221247658211  0.
977.668862165771  0.
979.11647667333  0.
980.56409118089  0.
982.01170568845  0.
983.45932019601  0.
984.90693470357  0.
986.35454921113  0.
987.802163718689  0.
989.249778226249  0.
990.697392733809  0.
992.145007241369  0.
993.592621748929  3.594100E-13
995.040236256489  6.015626E-13
996.487850764048  5.768454E-13
997.935465271608  4.804876E-13
999.383079779168  4.291172E-13
1000.83069428673  3.472070E-13
1002.27830879429  4.034450E-13
1003.72592330185  5.172146E-13
1005.17353780941  4.647288E-13
1006.62115231697  4.190751E-13
1008.06876682453  4.710194E-13
1009.51638133209  4.561381E-13
1010.96399583965  4.279181E-13
1012.41161034721  4.074786E-13
1013.85922485477  4.278388E-13
1015.30683936233  3.935162E-13
1016.75445386989  3.842733E-13
1018.20206837745  3.788213E-13
1019.64968288501  4.089947E-13
1021.09729739257  4.394876E-13
1022.54491190013  4.453628E-13
1023.99252640769  4.564783E-13
1025.44014091525  4.698344E-13
1026.8877554228  4.435535E-13
1028.33536993037  4.789144E-13
1029.78298443792  4.314915E-13
1031.23059894548  4.207570E-13
1032.67821345304  5.417177E-13
1034.1258279606  4.735744E-13
1035.57344246816  4.167608E-13
1037.02105697572  4.503746E-13
1038.46867148328  4.524249E-13
1039.91628599084  4.040355E-13
1041.3639004984  4.320177E-13
1042.81151500596  3.850085E-13
1044.25912951352  4.709418E-13
1045.70674402108  4.602276E-13
1047.15435852864  4.313724E-13
1048.6019730362  3.537075E-13
1050.04958754376  2.789789E-13
1051.49720205132  2.465665E-13
1052.94481655888  3.348517E-13
1054.39243106644  2.853529E-13
1055.840045574  2.836787E-13
1057.28766008156  3.008304E-13
1058.73527458912  3.286940E-13
1060.18288909668  3.367856E-13
1061.63050360424  3.409025E-13
1063.0781181118  3.535089E-13
1064.52573261936  3.569247E-13
1065.97334712692  3.578302E-13
1067.42096163448  3.416081E-13
1068.86857614204  3.250256E-13
1070.3161906496  3.286266E-13
1071.76380515716  3.460466E-13
1073.21141966472  3.163718E-13
1074.65903417228  3.511200E-13
1076.10664867984  3.798773E-13
1077.5542631874  3.154400E-13
1079.00187769496  3.761668E-13
1080.44949220252  3.416708E-13
1081.89710671008  3.435351E-13
1083.34472121764  3.352494E-13
1084.7923357252  2.987343E-13
1086.23995023276  2.951171E-13
1087.68756474032  2.803367E-13
1089.13517924788  2.922302E-13
1090.58279375544  3.004798E-13
1092.030408263  3.062887E-13
1093.47802277056  3.462920E-13
1094.92563727812  3.059714E-13
1096.37325178568  2.944839E-13
1097.82086629324  2.851497E-13
1099.2684808008  2.943644E-13
1100.71609530836  2.724156E-13
1102.16370981592  3.127297E-13
1103.61132432348  2.930051E-13
1105.05893883104  2.809492E-13
1106.5065533386  3.212716E-13
1107.95416784616  3.076834E-13
1109.40178235372  3.273887E-13
1110.84939686128  3.191291E-13
1112.29701136884  3.251419E-13
1113.7446258764  2.924279E-13
1115.19224038396  3.331776E-13
1116.63985489152  3.217195E-13
1118.08746939908  3.321863E-13
1119.53508390664  2.926569E-13
1120.98269841419  3.072085E-13
1122.43031292175  3.349337E-13
1123.87792742931  3.167493E-13
1125.32554193687  2.479581E-13
1126.77315644443  2.652690E-13
1128.22077095199  2.697285E-13
1129.66838545955  3.021074E-13
1131.11599996711  3.402952E-13
1132.56361447467  3.072255E-13
1134.01122898223  3.219916E-13
1135.45884348979  2.923323E-13
1136.90645799735  2.840987E-13
1138.35407250491  2.996912E-13
1139.80168701247  2.692044E-13
1141.24930152003  2.990698E-13
1142.69691602759  2.919005E-13
1144.14453053515  3.272835E-13
1145.59214504271  3.043534E-13
1147.03975955027  3.068275E-13
1148.48737405783  2.503334E-13
1149.93498856539  2.726595E-13
1151.38260307295  2.875638E-13
1152.83021758051  2.495412E-13
1154.27783208807  2.402325E-13
1155.72544659563  2.475756E-13
1157.17306110319  2.857929E-13
1158.62067561075  2.518886E-13
1160.06829011831  2.758237E-13
1161.51590462587  2.797288E-13
1162.96351913343  2.772393E-13
1164.41113364099  2.845576E-13
1165.85874814855  3.039384E-13
1167.30636265611  3.166467E-13
1168.75397716367  3.184529E-13
1170.20159167123  3.555193E-13
1171.64920617879  3.358713E-13
1173.09682068635  3.599664E-13
1174.54443519391  3.037594E-13
1175.99204970147  3.210156E-13
1177.43966420903  3.396802E-13
1178.88727871659  3.322877E-13
1180.33489322415  2.991234E-13
1181.78250773171  3.460015E-13
1183.23012223927  3.214789E-13
1184.67773674683  3.356081E-13
1186.12535125439  3.537235E-13
1187.57296576195  3.463398E-13
1189.02058026951  3.827419E-13
1190.46819477707  3.854442E-13
1191.91580928463  3.737494E-13
1193.36342379219  3.990401E-13
1194.81103829975  4.067036E-13
1196.25865280731  4.338285E-13
1197.70626731487  4.090930E-13
1199.15388182243  4.017083E-13
1200.60149632999  4.544980E-13
1202.04911083755  4.722083E-13
1203.49672534511  4.801293E-13
1204.94433985267  4.847303E-13
1206.39195436023  6.058108E-13
1207.83956886779  6.803206E-13
1209.28718337535  8.989543E-13
1210.7347978829  8.654268E-13
1212.18241239046  8.473382E-13
1213.63002689802  1.006532E-12
1215.07764140558  1.059332E-12
1216.52525591314  8.550773E-13
1217.9728704207  9.783228E-13
1219.42048492826  8.331733E-13
1220.86809943582  7.683629E-13
1222.31571394338  8.021322E-13
1223.76332845094  6.161429E-13
1225.2109429585  5.817396E-13
1226.65855746606  5.303773E-13
1228.10617197362  5.269410E-13
1229.55378648118  4.687545E-13
1231.00140098874  4.973397E-13
1232.4490154963  4.808708E-13
1233.89663000386  5.243143E-13
1235.34424451142  4.483246E-13
1236.79185901898  4.858927E-13
1238.23947352654  5.079599E-13
1239.6870880341  4.582996E-13
1241.13470254166  4.442780E-13
1242.58231704922  4.427024E-13
1244.02993155678  3.691167E-13
1245.47754606434  3.713017E-13
1246.9251605719  3.775765E-13
1248.37277507946  3.610675E-13
1249.82038958702  3.854668E-13
1251.26800409458  3.626499E-13
1252.71561860214  3.596788E-13
1254.1632331097  3.216401E-13
1255.61084761726  3.317078E-13
1257.05846212482  3.065571E-13
1258.50607663238  3.522004E-13
1259.95369113994  3.345730E-13
1261.4013056475  2.913325E-13
1262.84892015506  3.084126E-13
1264.29653466262  3.299338E-13
1265.74414917018  2.742382E-13
1267.19176367774  2.915808E-13
1268.6393781853  3.017514E-13
1270.08699269286  3.200453E-13
1271.53460720042  2.920724E-13
1272.98222170798  2.696526E-13
1274.42983621554  2.493134E-13
1275.8774507231  2.751938E-13
1277.32506523066  2.616612E-13
1278.77267973822  2.836130E-13
1280.22029424578  2.609063E-13
1281.66790875334  2.901568E-13
1283.1155232609  2.481806E-13
1284.56313776846  2.522835E-13
1286.01075227602  2.817334E-13
1287.45836678358  2.708879E-13
1288.90598129114  2.485872E-13
1290.3535957987  2.574041E-13
1291.80121030626  2.539541E-13
1293.24882481382  2.630664E-13
1294.69643932138  2.748483E-13
1296.14405382894  2.928570E-13
1297.5916683365  2.908296E-13
1299.03928284406  2.391240E-13
1300.48689735162  2.415416E-13
1301.93451185917  2.745928E-13
1303.38212636674  2.647003E-13
1304.82974087429  2.386209E-13
1306.27735538185  2.489548E-13
1307.72496988941  2.772277E-13
1309.17258439697  2.335675E-13
1310.62019890453  2.378828E-13
1312.06781341209  2.483938E-13
1313.51542791965  2.758878E-13
1314.96304242721  2.800626E-13
1316.41065693477  2.582705E-13
1317.85827144233  2.317400E-13
1319.30588594989  2.192648E-13
1320.75350045745  2.201415E-13
1322.20111496501  2.236894E-13
1323.64872947257  2.644830E-13
1325.09634398013  2.327474E-13
1326.54395848769  2.423703E-13
1327.99157299525  2.364034E-13
1329.43918750281  2.425477E-13
1330.88680201037  2.411927E-13
1332.33441651793  2.514107E-13
1333.78203102549  2.731180E-13
1335.22964553305  2.658811E-13
1336.67726004061  2.196074E-13
1338.12487454817  2.228399E-13
1339.57248905573  2.338204E-13
1341.02010356329  2.027923E-13
1342.46771807085  2.206639E-13
1343.91533257841  2.463656E-13
1345.36294708597  2.405694E-13
1346.81056159353  2.297184E-13
1348.25817610109  2.550792E-13
1349.70579060865  2.468703E-13
1351.15340511621  2.378746E-13
1352.60101962377  2.248538E-13
1354.04863413133  2.207744E-13
1355.49624863889  2.645624E-13
1356.94386314645  2.470526E-13
1358.39147765401  2.183132E-13
1359.83909216157  2.595948E-13
1361.28670666913  2.682849E-13
1362.73432117669  2.531098E-13
1364.18193568425  2.479324E-13
1365.62955019181  2.474129E-13
1367.07716469937  2.386589E-13
1368.52477920693  2.670013E-13
1369.97239371449  2.413926E-13
1371.42000822205  2.286425E-13
1372.86762272961  2.371549E-13
1374.31523723717  2.549959E-13
1375.76285174473  2.452409E-13
1377.21046625229  2.580741E-13
1378.65808075985  2.481250E-13
1380.10569526741  2.455053E-13
1381.55330977497  2.435234E-13
1383.00092428253  2.248678E-13
1384.44853879009  2.303172E-13
1385.89615329765  2.210737E-13
1387.34376780521  2.333767E-13
1388.79138231277  2.514391E-13
1390.23899682033  2.684919E-13
1391.68661132789  2.809408E-13
1393.13422583545  2.614239E-13
1394.581840343  2.855842E-13
1396.02945485057  2.992683E-13
1397.47706935812  2.911421E-13
1398.92468386568  2.931764E-13
1400.37229837324  2.931358E-13
1401.8199128808  2.851734E-13
1403.26752738836  2.723771E-13
1404.71514189592  2.905504E-13
1406.16275640348  2.547426E-13
1407.61037091104  2.573464E-13
1409.0579854186  2.688011E-13
1410.50559992616  2.515609E-13
1411.95321443372  2.134836E-13
1413.40082894128  2.346978E-13
1414.84844344884  2.475919E-13
1416.2960579564  2.405528E-13
1417.74367246396  2.434848E-13
1419.19128697152  2.458064E-13
1420.63890147908  2.177678E-13
1422.08651598664  2.273935E-13
1423.5341304942  2.132996E-13
1424.98174500176  2.280633E-13
1426.42935950932  2.527841E-13
1427.87697401688  2.328262E-13
1429.32458852444  2.541278E-13
1430.772203032  2.242891E-13
1432.21981753956  2.244705E-13
1433.66743204712  2.172804E-13
1435.11504655468  2.281211E-13
1436.56266106224  2.158415E-13
1438.0102755698  2.432563E-13
1439.45789007736  2.222911E-13
1440.90550458492  2.281286E-13
1442.35311909248  2.399464E-13
1443.80073360004  2.055801E-13
1445.2483481076  2.065129E-13
1446.69596261516  2.281377E-13
1448.14357712272  2.129904E-13
1449.59119163028  2.249117E-13
1451.03880613784  2.259793E-13
1452.4864206454  2.165429E-13
1453.93403515296  2.124120E-13
1455.38164966052  2.302772E-13
1456.82926416808  2.034561E-13
1458.27687867564  2.037661E-13
1459.7244931832  2.236131E-13
1461.17210769076  2.162137E-13
1462.61972219832  2.177499E-13
1464.06733670588  2.167731E-13
1465.51495121344  1.867607E-13
1466.962565721  2.267536E-13
1468.41018022856  2.328283E-13
1469.85779473612  2.185304E-13
1471.30540924368  2.205683E-13
1472.75302375124  2.068803E-13
1474.2006382588  2.141265E-13
1475.64825276636  2.351818E-13
1477.09586727392  2.342249E-13
1478.54348178148  2.171301E-13
1479.99109628904  2.032634E-13
1481.4387107966  2.122717E-13
1482.88632530416  2.070034E-13
1484.33393981172  2.141434E-13
1485.78155431928  2.353650E-13
1487.22916882683  2.119666E-13
1488.67678333439  1.855231E-13
1490.12439784195  1.887206E-13
1491.57201234951  1.952101E-13
1493.01962685707  1.994109E-13
1494.46724136463  1.993504E-13
1495.91485587219  2.116090E-13
1497.36247037975  2.190484E-13
1498.81008488731  2.187646E-13
1500.25769939487  2.257095E-13
1501.70531390243  2.326497E-13
1503.15292840999  1.907194E-13
1504.60054291755  2.028832E-13
1506.04815742511  2.149346E-13
1507.49577193267  2.133143E-13
1508.94338644023  2.173376E-13
1510.39100094779  2.589746E-13
1511.83861545535  2.367124E-13
1513.28622996291  2.155835E-13
1514.73384447047  2.377379E-13
1516.18145897803  2.361366E-13
1517.62907348559  2.256156E-13
1519.07668799315  2.341362E-13
1520.52430250071  2.468523E-13
1521.97191700827  2.420270E-13
1523.41953151583  2.462515E-13
1524.86714602339  2.315505E-13
1526.31476053095  2.528641E-13
1527.76237503851  2.703072E-13
1529.20998954607  2.411945E-13
1530.65760405363  2.475054E-13
1532.10521856119  2.619867E-13
1533.55283306875  2.764601E-13
1535.00044757631  2.857051E-13
1536.44806208387  3.055418E-13
1537.89567659143  3.185054E-13
1539.34329109899  3.395262E-13
1540.79090560655  3.621439E-13
1542.23852011411  3.699312E-13
1543.68613462167  3.885343E-13
1545.13374912923  4.267820E-13
1546.58136363679  4.348715E-13
1548.02897814435  3.985271E-13
1549.47659265191  3.614572E-13
1550.92420715947  4.240258E-13
1552.37182166703  4.023040E-13
1553.81943617459  3.711730E-13
1555.26705068215  3.660990E-13
1556.71466518971  3.508131E-13
1558.16227969727  3.098233E-13
1559.60989420483  2.761591E-13
1561.05750871239  2.784442E-13
1562.50512321995  2.671150E-13
1563.95273772751  2.588419E-13
1565.40035223507  2.645185E-13
1566.84796674263  2.441290E-13
1568.29558125019  2.642236E-13
1569.74319575775  2.563061E-13
1571.19081026531  2.479229E-13
1572.63842477287  2.390254E-13
1574.08603928043  2.277680E-13
1575.53365378799  2.200961E-13
1576.98126829555  2.129479E-13
1578.4288828031  2.375231E-13
1579.87649731066  2.637335E-13
1581.32411181822  2.457034E-13
1582.77172632578  2.235278E-13
1584.21934083334  2.312480E-13
1585.6669553409  2.316882E-13
1587.11456984846  2.269416E-13
1588.56218435602  2.145959E-13
1590.00979886358  2.249761E-13
1591.45741337114  2.120492E-13
1592.9050278787  2.041314E-13
1594.35264238626  2.182258E-13
1595.80025689382  2.149444E-13
1597.24787140138  1.996095E-13
1598.69548590894  2.140564E-13
1600.1431004165  2.282548E-13
1601.59071492406  2.202019E-13
1603.03832943162  2.147527E-13
1604.48594393918  2.252378E-13
1605.93355844674  2.205419E-13
1607.3811729543  2.156871E-13
1608.82878746186  2.110413E-13
1610.27640196942  2.077085E-13
1611.72401647698  2.121488E-13
1613.17163098454  2.157982E-13
1614.6192454921  2.173823E-13
1616.06685999966  2.100801E-13
1617.51447450722  2.174905E-13
1618.96208901478  2.125267E-13
1620.40970352234  2.193501E-13
1621.8573180299  2.145130E-13
1623.30493253746  2.069701E-13
1624.75254704502  2.097665E-13
1626.20016155258  2.199239E-13
1627.64777606014  2.173222E-13
1629.0953905677  2.137688E-13
1630.54300507526  2.263896E-13
1631.99061958282  2.257398E-13
1633.43823409038  2.253927E-13
1634.88584859794  2.315086E-13
1636.3334631055  2.210043E-13
1637.78107761306  2.200014E-13
1639.22869212062  2.116606E-13
1640.67630662818  2.058171E-13
1642.12392113574  2.070191E-13
1643.5715356433  2.087332E-13
1645.01915015086  2.213516E-13
1646.46676465842  2.132544E-13
1647.91437916598  2.013631E-13
1649.36199367354  2.140587E-13
1650.8096081811  2.137552E-13
1652.25722268866  2.159478E-13
1653.70483719622  2.086083E-13
1655.15245170378  2.172308E-13
1656.60006621134  2.447103E-13
1658.0476807189  2.238373E-13
1659.49529522646  2.210625E-13
1660.94290973402  2.199659E-13
1662.39052424158  2.218793E-13
1663.83813874914  2.086928E-13
1665.2857532567  2.074489E-13
1666.73336776426  2.086640E-13
1668.18098227181  2.038936E-13
1669.62859677938  1.975196E-13
1671.07621128693  2.041616E-13
1672.52382579449  1.994069E-13
1673.97144030205  1.824879E-13
1675.41905480961  1.807795E-13
1676.86666931717  1.832739E-13
1678.31428382473  1.889449E-13
1679.76189833229  1.761299E-13
1681.20951283985  1.744118E-13
1682.65712734741  1.794024E-13
1684.10474185497  1.807610E-13
1685.55235636253  1.800684E-13
1686.99997087009  1.812925E-13
1688.44758537765  1.778148E-13
1689.89519988521  1.836634E-13
1691.34281439277  1.773924E-13
1692.79042890033  1.744398E-13
1694.23804340789  1.754242E-13
1695.68565791545  1.663125E-13
1697.13327242301  1.705754E-13
1698.58088693057  1.798790E-13
1700.02850143813  1.842235E-13
1701.47611594569  1.815766E-13
1702.92373045325  1.697903E-13
1704.37134496081  1.738628E-13
1705.81895946837  1.813186E-13
1707.26657397593  1.806584E-13
1708.71418848349  1.786916E-13
1710.16180299105  0.
1711.60941749861  0.
1713.05703200617  0.
1714.50464651373  0.
1715.95226102129  0.
1717.39987552885  0.
1718.84749003641  0.
1720.29510454397  0.
1721.74271905153  0.
1723.19033355909  0.
1724.63794806665  0.
1726.08556257421  0.
1727.53317708177  0.
1728.98079158933  0.
1730.42840609689  0.
1731.87602060445  0.
1733.32363511201  0.
1734.77124961957  0.
1736.21886412713  0.
1737.66647863469  0.
1739.11409314225  0.
1740.56170764981  0.
1742.00932215737  0.
1743.45693666493  0.
1744.90455117249  0.
1746.35216568005  0.
1747.79978018761  0.
1749.24739469517  0.
1750.69500920273  0.
1752.14262371029  0.
1753.59023821785  0.
1755.03785272541  0.
1756.48546723297  0.
1757.93308174053  0.
1759.38069624809  0.
1760.82831075565  0.
1762.27592526321  0.
1763.72353977076  0.
1765.17115427832  0.
1766.61876878588  0.
1768.06638329344  0.
1769.513997801  0.
1770.96161230856  0.
1772.40922681612  0.
1773.85684132368  0.
1775.30445583124  0.
1776.7520703388  0.
1778.19968484636  0.
1779.64729935392  0.
1781.09491386148  0.
1782.54252836904  0.
1783.9901428766  0.
1785.43775738416  0.
1786.88537189172  0.
1788.33298639928  0.
1789.78060090684  0.
1791.2282154144  0.
1792.67582992196  0.
1794.12344442952  0.
1795.57105893708  0.
1797.01867344464  0.
1798.4662879522  0.
1799.91390245976  0.
1801.36151696732  0.
1802.80913147488  0.
1804.25674598244  0.
1805.70436049  0.
1807.15197499756  0.
1808.59958950512  0.
1810.04720401268  0.
1811.49481852024  0.
1812.9424330278  0.
1814.39004753536  0.
1815.83766204292  0.
1817.28527655048  0.
1818.73289105804  0.
1820.1805055656  0.
1821.62812007316  0.
1823.07573458072  0.
1824.52334908828  0.
1825.97096359584  0.
1827.4185781034  0.
1828.86619261096  0.
1830.31380711852  0.
1831.76142162608  0.
