906.735751295338  0.
908.183365802898  0.
909.630980310458  0.
911.078594818018  0.
912.526209325578  0.
913.973823833137  0.
915.421438340697  0.
916.869052848257  0.
918.316667355817  0.
919.764281863377  0.
921.211896370937  0.
922.659510878497  0.
924.107125386056  0.
925.554739893616  0.
927.002354401176  0.
928.449968908736  0.
929.897583416296  0.
931.345197923856  0.
932.792812431415  0.
934.240426938975  0.
935.688041446535  0.
937.135655954095  0.
938.583270461655  0.
940.030884969215  0.
941.478499476774  0.
942.926113984334  0.
944.373728491894  0.
945.821342999454  0.
947.268957507014  0.
948.716572014574  0.
950.164186522133  0.
951.611801029693  0.
953.059415537253  0.
954.507030044813  0.
955.954644552373  0.
957.402259059933  0.
958.849873567493  0.
960.297488075052  0.
961.745102582612  0.
963.192717090172  0.
964.640331597732  0.
966.087946105292  0.
967.535560612852  0.
968.983175120411  0.
970.430789627971  0.
971.878404135531  0.
973.326018643091  0.
974.773633150651  0.
976.221247658211  0.
977.668862165771  0.
979.11647667333  0.
980.56409118089  0.
982.01170568845  0.
983.45932019601  0.
984.90693470357  0.
986.35454921113  0.
987.802163718689  0.
989.249778226249  0.
990.697392733809  0.
992.145007241369  0.
993.592621748929  -7.327845E-14
995.040236256489  2.843060E-13
996.487850764048  1.539074E-13
997.935465271608  3.081931E-13
999.383079779168  4.022351E-13
1000.83069428673  2.270409E-13
1002.27830879429  2.316074E-13
1003.72592330185  3.160855E-13
1005.17353780941  2.326743E-13
1006.62115231697  2.837330E-13
1008.06876682453  3.413168E-13
1009.51638133209  4.189282E-13
1010.96399583965  3.294537E-13
1012.41161034721  2.530319E-13
1013.85922485477  3.836263E-13
1015.30683936233  3.606414E-13
1016.75445386989  3.076837E-13
1018.20206837745  2.515055E-13
1019.64968288501  2.815667E-13
1021.09729739257  2.641393E-13
1022.54491190013  3.284455E-13
1023.99252640769  3.281783E-13
1025.44014091525  4.174970E-13
1026.8877554228  3.352362E-13
1028.33536993037  3.760303E-13
1029.78298443792  3.506483E-13
1031.23059894548  2.957061E-13
1032.67821345304  3.520338E-13
1034.1258279606  3.575676E-13
1035.57344246816  3.122862E-13
1037.02105697572  3.299824E-13
1038.46867148328  3.120451E-13
1039.91628599084  2.808912E-13
1041.3639004984  2.755839E-13
1042.81151500596  2.967794E-13
1044.25912951352  3.358000E-13
1045.70674402108  4.558777E-13
1047.15435852864  4.980021E-13
1048.6019730362  3.742652E-13
1050.04958754376  3.613077E-13
1051.49720205132  3.389154E-13
1052.94481655888  3.060853E-13
1054.39243106644  2.288249E-13
1055.840045574  2.760389E-13
1057.28766008156  1.966397E-13
1058.73527458912  2.273774E-13
1060.18288909668  2.523455E-13
1061.63050360424  2.285567E-13
1063.0781181118  2.219400E-13
1064.52573261936  1.996174E-13
1065.97334712692  2.414132E-13
1067.42096163448  2.251868E-13
1068.86857614204  2.239533E-13
1070.3161906496  2.057783E-13
1071.76380515716  1.873651E-13
1073.21141966472  2.296435E-13
1074.65903417228  2.405769E-13
1076.10664867984  2.697319E-13
1077.5542631874  2.243958E-13
1079.00187769496  2.171205E-13
1080.44949220252  2.451203E-13
1081.89710671008  2.091217E-13
1083.34472121764  1.927108E-13
1084.7923357252  1.874619E-13
1086.23995023276  1.949203E-13
1087.68756474032  1.705271E-13
1089.13517924788  1.871506E-13
1090.58279375544  1.812220E-13
1092.030408263  1.931930E-13
1093.47802277056  1.957871E-13
1094.92563727812  1.820234E-13
1096.37325178568  1.771809E-13
1097.82086629324  1.783786E-13
1099.2684808008  1.753780E-13
1100.71609530836  1.684191E-13
1102.16370981592  2.144696E-13
1103.61132432348  1.864469E-13
1105.05893883104  1.881458E-13
1106.5065533386  2.067263E-13
1107.95416784616  1.947809E-13
1109.40178235372  2.073422E-13
1110.84939686128  1.878191E-13
1112.29701136884  1.916422E-13
1113.7446258764  2.012139E-13
1115.19224038396  2.263791E-13
1116.63985489152  2.239027E-13
1118.08746939908  2.201926E-13
1119.53508390664  1.803088E-13
1120.98269841419  1.832305E-13
1122.43031292175  1.801855E-13
1123.87792742931  1.716621E-13
1125.32554193687  1.745657E-13
1126.77315644443  1.764031E-13
1128.22077095199  1.988865E-13
1129.66838545955  2.037809E-13
1131.11599996711  2.199922E-13
1132.56361447467  2.049161E-13
1134.01122898223  2.090155E-13
1135.45884348979  1.842331E-13
1136.90645799735  1.614921E-13
1138.35407250491  1.630550E-13
1139.80168701247  1.782872E-13
1141.24930152003  1.985050E-13
1142.69691602759  1.703487E-13
1144.14453053515  1.865209E-13
1145.59214504271  1.783939E-13
1147.03975955027  1.822412E-13
1148.48737405783  1.563035E-13
1149.93498856539  1.805932E-13
1151.38260307295  1.824082E-13
1152.83021758051  1.483347E-13
1154.27783208807  1.705356E-13
1155.72544659563  1.810998E-13
1157.17306110319  2.140779E-13
1158.62067561075  1.945075E-13
1160.06829011831  1.864414E-13
1161.51590462587  1.880267E-13
1162.96351913343  1.874121E-13
1164.41113364099  1.887467E-13
1165.85874814855  1.890966E-13
1167.30636265611  2.173558E-13
1168.75397716367  1.973988E-13
1170.20159167123  2.138049E-13
1171.64920617879  2.372585E-13
1173.09682068635  2.365641E-13
1174.54443519391  2.130114E-13
1175.99204970147  2.028649E-13
1177.43966420903  2.163262E-13
1178.88727871659  2.178586E-13
1180.33489322415  2.118117E-13
1181.78250773171  2.523665E-13
1183.23012223927  2.468128E-13
1184.67773674683  2.291030E-13
1186.12535125439  2.510669E-13
1187.57296576195  2.585806E-13
1189.02058026951  2.717850E-13
1190.46819477707  2.552324E-13
1191.91580928463  2.769116E-13
1193.36342379219  2.607848E-13
1194.81103829975  3.219351E-13
1196.25865280731  3.260270E-13
1197.70626731487  3.406674E-13
1199.15388182243  3.337822E-13
1200.60149632999  3.761007E-13
1202.04911083755  3.657592E-13
1203.49672534511  3.653830E-13
1204.94433985267  3.974607E-13
1206.39195436023  5.024900E-13
1207.83956886779  5.782476E-13
1209.28718337535  6.560130E-13
1210.7347978829  7.251699E-13
1212.18241239046  9.214314E-13
1213.63002689802  8.641751E-13
1215.07764140558  1.165328E-12
1216.52525591314  8.426173E-13
1217.9728704207  9.073720E-13
1219.42048492826  7.031194E-13
1220.86809943582  6.528594E-13
1222.31571394338  5.493287E-13
1223.76332845094  4.092512E-13
1225.2109429585  3.830530E-13
1226.65855746606  3.829896E-13
1228.10617197362  3.564507E-13
1229.55378648118  3.624740E-13
1231.00140098874  3.478121E-13
1232.4490154963  3.561105E-13
1233.89663000386  3.478295E-13
1235.34424451142  3.650205E-13
1236.79185901898  3.577844E-13
1238.23947352654  3.717675E-13
1239.6870880341  3.466450E-13
1241.13470254166  3.031416E-13
1242.58231704922  3.127441E-13
1244.02993155678  2.498804E-13
1245.47754606434  2.787045E-13
1246.9251605719  2.637241E-13
1248.37277507946  2.737065E-13
1249.82038958702  2.733656E-13
1251.26800409458  2.518417E-13
1252.71561860214  2.383674E-13
1254.1632331097  2.429935E-13
1255.61084761726  2.343270E-13
1257.05846212482  2.386314E-13
1258.50607663238  2.673106E-13
1259.95369113994  2.431494E-13
1261.4013056475  2.104632E-13
1262.84892015506  1.884459E-13
1264.29653466262  1.913503E-13
1265.74414917018  1.991640E-13
1267.19176367774  1.822304E-13
1268.6393781853  1.601519E-13
1270.08699269286  2.075716E-13
1271.53460720042  1.981316E-13
1272.98222170798  1.935507E-13
1274.42983621554  1.969999E-13
1275.8774507231  1.977201E-13
1277.32506523066  2.144893E-13
1278.77267973822  1.992835E-13
1280.22029424578  1.681150E-13
1281.66790875334  1.800448E-13
1283.1155232609  1.563255E-13
1284.56313776846  1.767519E-13
1286.01075227602  1.833026E-13
1287.45836678358  1.862509E-13
1288.90598129114  1.780221E-13
1290.3535957987  1.669314E-13
1291.80121030626  1.991123E-13
1293.24882481382  1.680182E-13
1294.69643932138  1.715216E-13
1296.14405382894  1.663561E-13
1297.5916683365  1.789143E-13
1299.03928284406  1.702957E-13
1300.48689735162  1.988457E-13
1301.93451185917  1.753288E-13
1303.38212636674  1.586326E-13
1304.82974087429  1.712584E-13
1306.27735538185  1.923907E-13
1307.72496988941  2.070313E-13
1309.17258439697  1.556886E-13
1310.62019890453  1.805224E-13
1312.06781341209  1.724394E-13
1313.51542791965  1.929746E-13
1314.96304242721  1.978237E-13
1316.41065693477  1.625456E-13
1317.85827144233  1.653547E-13
1319.30588594989  1.535033E-13
1320.75350045745  1.614228E-13
1322.20111496501  1.402590E-13
1323.64872947257  1.759901E-13
1325.09634398013  1.996023E-13
1326.54395848769  1.792969E-13
1327.99157299525  1.778702E-13
1329.43918750281  1.870963E-13
1330.88680201037  1.945260E-13
1332.33441651793  1.809478E-13
1333.78203102549  1.885826E-13
1335.22964553305  1.762301E-13
1336.67726004061  1.686942E-13
1338.12487454817  1.443509E-13
1339.57248905573  1.565128E-13
1341.02010356329  1.291052E-13
1342.46771807085  1.431538E-13
1343.91533257841  1.621046E-13
1345.36294708597  1.808498E-13
1346.81056159353  1.718510E-13
1348.25817610109  1.663500E-13
1349.70579060865  1.774373E-13
1351.15340511621  1.515536E-13
1352.60101962377  1.827191E-13
1354.04863413133  1.883418E-13
1355.49624863889  1.588332E-13
1356.94386314645  2.076281E-13
1358.39147765401  1.567534E-13
1359.83909216157  1.716361E-13
1361.28670666913  1.769206E-13
1362.73432117669  1.617734E-13
1364.18193568425  1.363041E-13
1365.62955019181  1.691658E-13
1367.07716469937  1.713434E-13
1368.52477920693  1.944247E-13
1369.97239371449  1.763216E-13
1371.42000822205  1.726408E-13
1372.86762272961  1.526313E-13
1374.31523723717  1.832516E-13
1375.76285174473  2.042441E-13
1377.21046625229  1.797330E-13
1378.65808075985  1.643760E-13
1380.10569526741  2.087664E-13
1381.55330977497  1.944376E-13
1383.00092428253  1.734929E-13
1384.44853879009  1.609851E-13
1385.89615329765  2.044436E-13
1387.34376780521  1.937638E-13
1388.79138231277  2.039521E-13
1390.23899682033  1.916691E-13
1391.68661132789  2.074074E-13
1393.13422583545  2.236281E-13
1394.581840343  2.146048E-13
1396.02945485057  2.180535E-13
1397.47706935812  1.898830E-13
1398.92468386568  2.009760E-13
1400.37229837324  2.111308E-13
1401.8199128808  2.294473E-13
1403.26752738836  2.009054E-13
1404.71514189592  2.003510E-13
1406.16275640348  2.087641E-13
1407.61037091104  1.885409E-13
1409.0579854186  1.821784E-13
1410.50559992616  1.943582E-13
1411.95321443372  1.618905E-13
1413.40082894128  1.589024E-13
1414.84844344884  1.643232E-13
1416.2960579564  1.785948E-13
1417.74367246396  1.825449E-13
1419.19128697152  1.610337E-13
1420.63890147908  1.703212E-13
1422.08651598664  1.644569E-13
1423.5341304942  1.570405E-13
1424.98174500176  1.578952E-13
1426.42935950932  1.611389E-13
1427.87697401688  1.466258E-13
1429.32458852444  1.562110E-13
1430.772203032  1.629122E-13
1432.21981753956  1.754342E-13
1433.66743204712  1.761970E-13
1435.11504655468  1.590584E-13
1436.56266106224  1.517759E-13
1438.0102755698  1.705157E-13
1439.45789007736  1.487982E-13
1440.90550458492  1.346379E-13
1442.35311909248  1.544302E-13
1443.80073360004  1.572080E-13
1445.2483481076  1.564748E-13
1446.69596261516  1.428842E-13
1448.14357712272  1.392028E-13
1449.59119163028  1.384781E-13
1451.03880613784  1.404260E-13
1452.4864206454  1.450154E-13
1453.93403515296  1.511552E-13
1455.38164966052  1.692052E-13
1456.82926416808  1.559038E-13
1458.27687867564  1.540958E-13
1459.7244931832  1.732138E-13
1461.17210769076  1.612894E-13
1462.61972219832  1.517715E-13
1464.06733670588  1.470729E-13
1465.51495121344  1.529255E-13
1466.962565721  1.662361E-13
1468.41018022856  1.540660E-13
1469.85779473612  1.458604E-13
1471.30540924368  1.426737E-13
1472.75302375124  1.448951E-13
1474.2006382588  1.651284E-13
1475.64825276636  1.511949E-13
1477.09586727392  1.543122E-13
1478.54348178148  1.595425E-13
1479.99109628904  1.680062E-13
1481.4387107966  1.672210E-13
1482.88632530416  1.660878E-13
1484.33393981172  1.540659E-13
1485.78155431928  1.556845E-13
1487.22916882683  1.394897E-13
1488.67678333439  1.490861E-13
1490.12439784195  1.446740E-13
1491.57201234951  1.377108E-13
1493.01962685707  1.517184E-13
1494.46724136463  1.745245E-13
1495.91485587219  1.573600E-13
1497.36247037975  1.582398E-13
1498.81008488731  1.661266E-13
1500.25769939487  1.575466E-13
1501.70531390243  1.696240E-13
1503.15292840999  1.656122E-13
1504.60054291755  1.660753E-13
1506.04815742511  1.504372E-13
1507.49577193267  1.595735E-13
1508.94338644023  1.619433E-13
1510.39100094779  1.663933E-13
1511.83861545535  1.531349E-13
1513.28622996291  1.574223E-13
1514.73384447047  1.770666E-13
1516.18145897803  1.700360E-13
1517.62907348559  1.627518E-13
1519.07668799315  1.714265E-13
1520.52430250071  1.745090E-13
1521.97191700827  1.840731E-13
1523.41953151583  1.804694E-13
1524.86714602339  1.745523E-13
1526.31476053095  1.833403E-13
1527.76237503851  2.020062E-13
1529.20998954607  1.815424E-13
1530.65760405363  1.929000E-13
1532.10521856119  2.103494E-13
1533.55283306875  2.363229E-13
1535.00044757631  2.231306E-13
1536.44806208387  2.457428E-13
1537.89567659143  2.752913E-13
1539.34329109899  2.841477E-13
1540.79090560655  3.128325E-13
1542.23852011411  3.370045E-13
1543.68613462167  3.594230E-13
1545.13374912923  3.560165E-13
1546.58136363679  3.469429E-13
1548.02897814435  3.209402E-13
1549.47659265191  3.105241E-13
1550.92420715947  3.227007E-13
1552.37182166703  2.953397E-13
1553.81943617459  2.990432E-13
1555.26705068215  2.793332E-13
1556.71466518971  2.687812E-13
1558.16227969727  2.384826E-13
1559.60989420483  2.315647E-13
1561.05750871239  2.175534E-13
1562.50512321995  2.135829E-13
1563.95273772751  2.053998E-13
1565.40035223507  2.006649E-13
1566.84796674263  1.856145E-13
1568.29558125019  1.813472E-13
1569.74319575775  1.720984E-13
1571.19081026531  1.765045E-13
1572.63842477287  1.818693E-13
1574.08603928043  1.772387E-13
1575.53365378799  1.687066E-13
1576.98126829555  1.651111E-13
1578.4288828031  1.735558E-13
1579.87649731066  1.742912E-13
1581.32411181822  1.687105E-13
1582.77172632578  1.534294E-13
1584.21934083334  1.483388E-13
1585.6669553409  1.527309E-13
1587.11456984846  1.555155E-13
1588.56218435602  1.587653E-13
1590.00979886358  1.615327E-13
1591.45741337114  1.671588E-13
1592.9050278787  1.626791E-13
1594.35264238626  1.629339E-13
1595.80025689382  1.569100E-13
1597.24787140138  1.520971E-13
1598.69548590894  1.475801E-13
1600.1431004165  1.464336E-13
1601.59071492406  1.343533E-13
1603.03832943162  1.380564E-13
1604.48594393918  1.429996E-13
1605.93355844674  1.485920E-13
1607.3811729543  1.565794E-13
1608.82878746186  1.592460E-13
1610.27640196942  1.474526E-13
1611.72401647698  1.506700E-13
1613.17163098454  1.511276E-13
1614.6192454921  1.498129E-13
1616.06685999966  1.561455E-13
1617.51447450722  1.634816E-13
1618.96208901478  1.636433E-13
1620.40970352234  1.610933E-13
1621.8573180299  1.582606E-13
1623.30493253746  1.556313E-13
1624.75254704502  1.555427E-13
1626.20016155258  1.574443E-13
1627.64777606014  1.583911E-13
1629.0953905677  1.618865E-13
1630.54300507526  1.577326E-13
1631.99061958282  1.618020E-13
1633.43823409038  1.564067E-13
1634.88584859794  1.500980E-13
1636.3334631055  1.507225E-13
1637.78107761306  1.654821E-13
1639.22869212062  1.697732E-13
1640.67630662818  1.618865E-13
1642.12392113574  1.551691E-13
1643.5715356433  1.512960E-13
1645.01915015086  1.529190E-13
1646.46676465842  1.499855E-13
1647.91437916598  1.473948E-13
1649.36199367354  1.481951E-13
1650.8096081811  1.553170E-13
1652.25722268866  1.583704E-13
1653.70483719622  1.515609E-13
1655.15245170378  1.508410E-13
1656.60006621134  1.544004E-13
1658.0476807189  1.584461E-13
1659.49529522646  1.556389E-13
1660.94290973402  1.433007E-13
1662.39052424158  1.570008E-13
1663.83813874914  1.620806E-13
1665.2857532567  1.614067E-13
1666.73336776426  1.589320E-13
1668.18098227181  1.509575E-13
1669.62859677938  1.426833E-13
1671.07621128693  1.420451E-13
1672.52382579449  1.399838E-13
1673.97144030205  1.411010E-13
1675.41905480961  1.382243E-13
1676.86666931717  1.300422E-13
1678.31428382473  1.296072E-13
1679.76189833229  1.274981E-13
1681.20951283985  1.309306E-13
1682.65712734741  1.273081E-13
1684.10474185497  1.276766E-13
1685.55235636253  1.258009E-13
1686.99997087009  1.309331E-13
1688.44758537765  1.259958E-13
1689.89519988521  1.297745E-13
1691.34281439277  1.330617E-13
1692.79042890033  1.303475E-13
1694.23804340789  1.314092E-13
1695.68565791545  1.341602E-13
1697.13327242301  1.332682E-13
1698.58088693057  1.262671E-13
1700.02850143813  1.207804E-13
1701.47611594569  1.325588E-13
1702.92373045325  1.369336E-13
1704.37134496081  1.340441E-13
1705.81895946837  1.254318E-13
1707.26657397593  1.229978E-13
1708.71418848349  1.280527E-13
1710.16180299105  0.
1711.60941749861  0.
1713.05703200617  0.
1714.50464651373  0.
1715.95226102129  0.
1717.39987552885  0.
1718.84749003641  0.
1720.29510454397  0.
1721.74271905153  0.
1723.19033355909  0.
1724.63794806665  0.
1726.08556257421  0.
1727.53317708177  0.
1728.98079158933  0.
1730.42840609689  0.
1731.87602060445  0.
1733.32363511201  0.
1734.77124961957  0.
1736.21886412713  0.
1737.66647863469  0.
1739.11409314225  0.
1740.56170764981  0.
1742.00932215737  0.
1743.45693666493  0.
1744.90455117249  0.
1746.35216568005  0.
1747.79978018761  0.
1749.24739469517  0.
1750.69500920273  0.
1752.14262371029  0.
1753.59023821785  0.
1755.03785272541  0.
1756.48546723297  0.
1757.93308174053  0.
1759.38069624809  0.
1760.82831075565  0.
1762.27592526321  0.
1763.72353977076  0.
1765.17115427832  0.
1766.61876878588  0.
1768.06638329344  0.
1769.513997801  0.
1770.96161230856  0.
1772.40922681612  0.
1773.85684132368  0.
1775.30445583124  0.
1776.7520703388  0.
1778.19968484636  0.
1779.64729935392  0.
1781.09491386148  0.
1782.54252836904  0.
1783.9901428766  0.
1785.43775738416  0.
1786.88537189172  0.
1788.33298639928  0.
1789.78060090684  0.
1791.2282154144  0.
1792.67582992196  0.
1794.12344442952  0.
1795.57105893708  0.
1797.01867344464  0.
1798.4662879522  0.
1799.91390245976  0.
1801.36151696732  0.
1802.80913147488  0.
1804.25674598244  0.
1805.70436049  0.
1807.15197499756  0.
1808.59958950512  0.
1810.04720401268  0.
1811.49481852024  0.
1812.9424330278  0.
1814.39004753536  0.
1815.83766204292  0.
1817.28527655048  0.
1818.73289105804  0.
1820.1805055656  0.
1821.62812007316  0.
1823.07573458072  0.
1824.52334908828  0.
1825.97096359584  0.
1827.4185781034  0.
1828.86619261096  0.
1830.31380711852  0.
1831.76142162608  0.
