906.735751295338  0.
908.183365802898  0.
909.630980310458  0.
911.078594818018  0.
912.526209325578  0.
913.973823833137  0.
915.421438340697  0.
916.869052848257  0.
918.316667355817  0.
919.764281863377  0.
921.211896370937  0.
922.659510878497  0.
924.107125386056  0.
925.554739893616  0.
927.002354401176  0.
928.449968908736  0.
929.897583416296  0.
931.345197923856  0.
932.792812431415  0.
934.240426938975  0.
935.688041446535  0.
937.135655954095  0.
938.583270461655  0.
940.030884969215  0.
941.478499476774  0.
942.926113984334  0.
944.373728491894  0.
945.821342999454  0.
947.268957507014  0.
948.716572014574  0.
950.164186522133  0.
951.611801029693  0.
953.059415537253  0.
954.507030044813  0.
955.954644552373  0.
957.402259059933  0.
958.849873567493  0.
960.297488075052  0.
961.745102582612  0.
963.192717090172  0.
964.640331597732  0.
966.087946105292  0.
967.535560612852  0.
968.983175120411  0.
970.430789627971  0.
971.878404135531  0.
973.326018643091  0.
974.773633150651  0.
976.221247658211  0.
977.668862165771  0.
979.11647667333  0.
980.56409118089  0.
982.01170568845  0.
983.45932019601  0.
984.90693470357  0.
986.35454921113  0.
987.802163718689  0.
989.249778226249  0.
990.697392733809  0.
992.145007241369  0.
993.592621748929  2.261842E-13
995.040236256489  3.105559E-13
996.487850764048  1.648410E-13
997.935465271608  3.290343E-13
999.383079779168  1.563072E-13
1000.83069428673  2.194064E-13
1002.27830879429  1.721176E-13
1003.72592330185  1.829207E-13
1005.17353780941  3.374280E-13
1006.62115231697  2.592978E-13
1008.06876682453  2.674902E-13
1009.51638133209  2.993847E-13
1010.96399583965  2.474698E-13
1012.41161034721  2.418708E-13
1013.85922485477  1.613591E-13
1015.30683936233  3.125838E-13
1016.75445386989  3.023360E-13
1018.20206837745  1.853179E-13
1019.64968288501  3.708479E-13
1021.09729739257  2.626122E-13
1022.54491190013  2.357896E-13
1023.99252640769  2.528239E-13
1025.44014091525  3.910448E-13
1026.8877554228  3.348163E-13
1028.33536993037  2.810808E-13
1029.78298443792  3.225158E-13
1031.23059894548  3.705432E-13
1032.67821345304  3.173094E-13
1034.1258279606  4.872854E-13
1035.57344246816  3.103582E-13
1037.02105697572  3.351827E-13
1038.46867148328  2.551862E-13
1039.91628599084  2.403984E-13
1041.3639004984  2.327473E-13
1042.81151500596  1.805685E-13
1044.25912951352  2.929793E-13
1045.70674402108  2.622416E-13
1047.15435852864  3.036605E-13
1048.6019730362  2.696206E-13
1050.04958754376  3.495745E-13
1051.49720205132  3.300371E-13
1052.94481655888  2.908779E-13
1054.39243106644  3.261769E-13
1055.840045574  3.276084E-13
1057.28766008156  1.679292E-13
1058.73527458912  1.874806E-13
1060.18288909668  2.211935E-13
1061.63050360424  2.456520E-13
1063.0781181118  2.317090E-13
1064.52573261936  1.903646E-13
1065.97334712692  2.741323E-13
1067.42096163448  1.998856E-13
1068.86857614204  2.262190E-13
1070.3161906496  2.204319E-13
1071.76380515716  2.000299E-13
1073.21141966472  2.620999E-13
1074.65903417228  1.931946E-13
1076.10664867984  2.162821E-13
1077.5542631874  2.420099E-13
1079.00187769496  1.747334E-13
1080.44949220252  2.210724E-13
1081.89710671008  1.924038E-13
1083.34472121764  1.735309E-13
1084.7923357252  2.020936E-13
1086.23995023276  2.058042E-13
1087.68756474032  1.618880E-13
1089.13517924788  1.660138E-13
1090.58279375544  1.623014E-13
1092.030408263  1.936054E-13
1093.47802277056  2.093820E-13
1094.92563727812  1.875940E-13
1096.37325178568  2.116519E-13
1097.82086629324  1.884903E-13
1099.2684808008  1.822563E-13
1100.71609530836  1.731166E-13
1102.16370981592  2.299400E-13
1103.61132432348  1.892186E-13
1105.05893883104  1.559467E-13
1106.5065533386  1.840798E-13
1107.95416784616  2.144955E-13
1109.40178235372  1.600830E-13
1110.84939686128  1.882280E-13
1112.29701136884  2.055204E-13
1113.7446258764  1.668654E-13
1115.19224038396  2.064050E-13
1116.63985489152  2.219086E-13
1118.08746939908  1.552678E-13
1119.53508390664  1.671914E-13
1120.98269841419  1.617426E-13
1122.43031292175  2.193169E-13
1123.87792742931  1.621330E-13
1125.32554193687  1.663212E-13
1126.77315644443  1.290392E-13
1128.22077095199  1.702176E-13
1129.66838545955  1.856762E-13
1131.11599996711  1.850516E-13
1132.56361447467  1.519614E-13
1134.01122898223  2.547922E-13
1135.45884348979  1.907132E-13
1136.90645799735  1.753056E-13
1138.35407250491  2.047651E-13
1139.80168701247  1.776346E-13
1141.24930152003  1.893578E-13
1142.69691602759  1.830291E-13
1144.14453053515  1.806624E-13
1145.59214504271  1.635745E-13
1147.03975955027  2.009448E-13
1148.48737405783  1.661162E-13
1149.93498856539  2.031044E-13
1151.38260307295  1.616092E-13
1152.83021758051  1.458674E-13
1154.27783208807  1.667404E-13
1155.72544659563  1.497176E-13
1157.17306110319  1.513218E-13
1158.62067561075  2.528541E-13
1160.06829011831  1.787258E-13
1161.51590462587  1.955470E-13
1162.96351913343  1.590251E-13
1164.41113364099  1.791275E-13
1165.85874814855  2.017791E-13
1167.30636265611  1.606921E-13
1168.75397716367  2.172402E-13
1170.20159167123  1.750091E-13
1171.64920617879  1.869529E-13
1173.09682068635  2.353455E-13
1174.54443519391  2.276651E-13
1175.99204970147  2.446913E-13
1177.43966420903  2.198456E-13
1178.88727871659  2.017422E-13
1180.33489322415  1.871729E-13
1181.78250773171  1.885022E-13
1183.23012223927  2.322332E-13
1184.67773674683  2.039123E-13
1186.12535125439  2.869113E-13
1187.57296576195  2.125508E-13
1189.02058026951  2.273507E-13
1190.46819477707  2.609891E-13
1191.91580928463  2.652161E-13
1193.36342379219  2.559206E-13
1194.81103829975  3.469987E-13
1196.25865280731  2.723378E-13
1197.70626731487  3.158477E-13
1199.15388182243  3.515582E-13
1200.60149632999  3.678867E-13
1202.04911083755  3.214832E-13
1203.49672534511  3.087232E-13
1204.94433985267  3.869334E-13
1206.39195436023  4.751868E-13
1207.83956886779  6.052230E-13
1209.28718337535  5.914560E-13
1210.7347978829  8.280339E-13
1212.18241239046  8.022932E-13
1213.63002689802  8.137580E-13
1215.07764140558  8.034721E-13
1216.52525591314  9.952219E-13
1217.9728704207  7.961826E-13
1219.42048492826  8.310489E-13
1220.86809943582  6.093500E-13
1222.31571394338  4.656867E-13
1223.76332845094  4.619940E-13
1225.2109429585  4.035513E-13
1226.65855746606  3.836150E-13
1228.10617197362  3.491706E-13
1229.55378648118  3.319362E-13
1231.00140098874  2.880656E-13
1232.4490154963  3.080293E-13
1233.89663000386  3.450360E-13
1235.34424451142  3.469623E-13
1236.79185901898  3.904333E-13
1238.23947352654  2.758632E-13
1239.6870880341  3.556390E-13
1241.13470254166  3.074919E-13
1242.58231704922  3.377093E-13
1244.02993155678  2.694428E-13
1245.47754606434  2.624295E-13
1246.9251605719  2.739762E-13
1248.37277507946  2.376029E-13
1249.82038958702  2.146378E-13
1251.26800409458  2.271029E-13
1252.71561860214  2.533423E-13
1254.1632331097  2.214390E-13
1255.61084761726  2.261031E-13
1257.05846212482  2.502133E-13
1258.50607663238  1.890326E-13
1259.95369113994  2.363002E-13
1261.4013056475  1.907345E-13
1262.84892015506  1.892085E-13
1264.29653466262  2.154211E-13
1265.74414917018  1.741977E-13
1267.19176367774  1.991307E-13
1268.6393781853  1.804834E-13
1270.08699269286  1.662705E-13
1271.53460720042  1.631668E-13
1272.98222170798  1.977021E-13
1274.42983621554  1.664842E-13
1275.8774507231  1.960117E-13
1277.32506523066  1.803699E-13
1278.77267973822  2.060344E-13
1280.22029424578  1.565971E-13
1281.66790875334  1.441386E-13
1283.1155232609  1.644723E-13
1284.56313776846  1.799630E-13
1286.01075227602  1.968797E-13
1287.45836678358  1.850523E-13
1288.90598129114  1.872715E-13
1290.3535957987  1.577734E-13
1291.80121030626  1.528123E-13
1293.24882481382  1.797924E-13
1294.69643932138  1.832657E-13
1296.14405382894  1.621839E-13
1297.5916683365  1.837685E-13
1299.03928284406  1.791653E-13
1300.48689735162  1.817572E-13
1301.93451185917  1.888096E-13
1303.38212636674  1.557387E-13
1304.82974087429  1.945515E-13
1306.27735538185  1.771605E-13
1307.72496988941  1.920661E-13
1309.17258439697  1.424265E-13
1310.62019890453  1.555359E-13
1312.06781341209  1.541424E-13
1313.51542791965  1.885509E-13
1314.96304242721  1.537869E-13
1316.41065693477  1.340478E-13
1317.85827144233  1.235320E-13
1319.30588594989  1.112901E-13
1320.75350045745  1.312732E-13
1322.20111496501  2.125810E-13
1323.64872947257  1.737266E-13
1325.09634398013  1.340655E-13
1326.54395848769  1.364628E-13
1327.99157299525  1.721274E-13
1329.43918750281  1.269375E-13
1330.88680201037  1.781964E-13
1332.33441651793  1.680980E-13
1333.78203102549  1.655967E-13
1335.22964553305  1.649304E-13
1336.67726004061  1.751058E-13
1338.12487454817  1.594867E-13
1339.57248905573  1.805816E-13
1341.02010356329  1.475760E-13
1342.46771807085  1.663116E-13
1343.91533257841  1.799613E-13
1345.36294708597  1.771141E-13
1346.81056159353  1.693460E-13
1348.25817610109  1.344655E-13
1349.70579060865  1.800259E-13
1351.15340511621  1.719837E-13
1352.60101962377  1.413994E-13
1354.04863413133  1.864404E-13
1355.49624863889  1.877115E-13
1356.94386314645  1.535020E-13
1358.39147765401  1.868743E-13
1359.83909216157  1.717373E-13
1361.28670666913  1.895769E-13
1362.73432117669  1.656305E-13
1364.18193568425  1.537954E-13
1365.62955019181  1.682351E-13
1367.07716469937  1.938187E-13
1368.52477920693  1.899906E-13
1369.97239371449  1.484211E-13
1371.42000822205  1.534097E-13
1372.86762272961  1.212884E-13
1374.31523723717  1.672541E-13
1375.76285174473  1.615374E-13
1377.21046625229  1.491437E-13
1378.65808075985  1.663475E-13
1380.10569526741  1.709257E-13
1381.55330977497  1.394521E-13
1383.00092428253  1.546079E-13
1384.44853879009  1.554032E-13
1385.89615329765  2.007059E-13
1387.34376780521  1.868048E-13
1388.79138231277  1.876866E-13
1390.23899682033  1.492567E-13
1391.68661132789  1.825844E-13
1393.13422583545  1.844213E-13
1394.581840343  2.053267E-13
1396.02945485057  2.261039E-13
1397.47706935812  2.334753E-13
1398.92468386568  1.944090E-13
1400.37229837324  1.990955E-13
1401.8199128808  1.966116E-13
1403.26752738836  1.898643E-13
1404.71514189592  1.773841E-13
1406.16275640348  1.586118E-13
1407.61037091104  1.962792E-13
1409.0579854186  1.590429E-13
1410.50559992616  1.870630E-13
1411.95321443372  1.679519E-13
1413.40082894128  1.461785E-13
1414.84844344884  1.566073E-13
1416.2960579564  1.422351E-13
1417.74367246396  1.654782E-13
1419.19128697152  1.574452E-13
1420.63890147908  1.503887E-13
1422.08651598664  1.252115E-13
1423.5341304942  1.404435E-13
1424.98174500176  1.383419E-13
1426.42935950932  1.439014E-13
1427.87697401688  1.541607E-13
1429.32458852444  1.435002E-13
1430.772203032  1.505511E-13
1432.21981753956  1.566206E-13
1433.66743204712  1.649727E-13
1435.11504655468  1.569662E-13
1436.56266106224  1.483206E-13
1438.0102755698  1.896870E-13
1439.45789007736  1.747356E-13
1440.90550458492  1.463855E-13
1442.35311909248  1.395822E-13
1443.80073360004  1.431148E-13
1445.2483481076  1.538481E-13
1446.69596261516  1.532685E-13
1448.14357712272  1.373670E-13
1449.59119163028  1.400238E-13
1451.03880613784  1.472286E-13
1452.4864206454  1.281096E-13
1453.93403515296  1.173623E-13
1455.38164966052  1.455273E-13
1456.82926416808  1.586517E-13
1458.27687867564  1.383708E-13
1459.7244931832  1.566365E-13
1461.17210769076  1.464451E-13
1462.61972219832  1.392107E-13
1464.06733670588  1.399955E-13
1465.51495121344  1.293307E-13
1466.962565721  1.418067E-13
1468.41018022856  1.483930E-13
1469.85779473612  1.371102E-13
1471.30540924368  1.336237E-13
1472.75302375124  1.625512E-13
1474.2006382588  1.475780E-13
1475.64825276636  1.273625E-13
1477.09586727392  1.360171E-13
1478.54348178148  1.267913E-13
1479.99109628904  1.516216E-13
1481.4387107966  1.601580E-13
1482.88632530416  1.261713E-13
1484.33393981172  1.422784E-13
1485.78155431928  1.492199E-13
1487.22916882683  1.396062E-13
1488.67678333439  1.349191E-13
1490.12439784195  1.326518E-13
1491.57201234951  1.495473E-13
1493.01962685707  1.886111E-13
1494.46724136463  1.500667E-13
1495.91485587219  1.359801E-13
1497.36247037975  1.406357E-13
1498.81008488731  1.480574E-13
1500.25769939487  1.580054E-13
1501.70531390243  1.469593E-13
1503.15292840999  1.377908E-13
1504.60054291755  1.411418E-13
1506.04815742511  1.441869E-13
1507.49577193267  1.532455E-13
1508.94338644023  1.593624E-13
1510.39100094779  1.810311E-13
1511.83861545535  1.590377E-13
1513.28622996291  1.662383E-13
1514.73384447047  1.735230E-13
1516.18145897803  1.947033E-13
1517.62907348559  1.699656E-13
1519.07668799315  1.531006E-13
1520.52430250071  1.646676E-13
1521.97191700827  1.627336E-13
1523.41953151583  1.669557E-13
1524.86714602339  1.747843E-13
1526.31476053095  1.838573E-13
1527.76237503851  1.793696E-13
1529.20998954607  1.838911E-13
1530.65760405363  1.933773E-13
1532.10521856119  2.095525E-13
1533.55283306875  2.308885E-13
1535.00044757631  2.301281E-13
1536.44806208387  2.298050E-13
1537.89567659143  2.619366E-13
1539.34329109899  2.789037E-13
1540.79090560655  3.011165E-13
1542.23852011411  3.118180E-13
1543.68613462167  3.303835E-13
1545.13374912923  3.372369E-13
1546.58136363679  2.827909E-13
1548.02897814435  3.083125E-13
1549.47659265191  3.151558E-13
1550.92420715947  3.231168E-13
1552.37182166703  3.370740E-13
1553.81943617459  2.809446E-13
1555.26705068215  2.400169E-13
1556.71466518971  2.323115E-13
1558.16227969727  2.203568E-13
1559.60989420483  2.107841E-13
1561.05750871239  2.053806E-13
1562.50512321995  2.073588E-13
1563.95273772751  2.001625E-13
1565.40035223507  1.913286E-13
1566.84796674263  1.721539E-13
1568.29558125019  1.742451E-13
1569.74319575775  1.784179E-13
1571.19081026531  1.682998E-13
1572.63842477287  1.639087E-13
1574.08603928043  1.651640E-13
1575.53365378799  1.520989E-13
1576.98126829555  1.409022E-13
1578.4288828031  1.437403E-13
1579.87649731066  1.440169E-13
1581.32411181822  1.571095E-13
1582.77172632578  1.513181E-13
1584.21934083334  1.536370E-13
1585.6669553409  1.428539E-13
1587.11456984846  1.391995E-13
1588.56218435602  1.414744E-13
1590.00979886358  1.330805E-13
1591.45741337114  1.289760E-13
1592.9050278787  1.338569E-13
1594.35264238626  1.453923E-13
1595.80025689382  1.442801E-13
1597.24787140138  1.378084E-13
1598.69548590894  1.334150E-13
1600.1431004165  1.481261E-13
1601.59071492406  1.503557E-13
1603.03832943162  1.400214E-13
1604.48594393918  1.260017E-13
1605.93355844674  1.373885E-13
1607.3811729543  1.361913E-13
1608.82878746186  1.319406E-13
1610.27640196942  1.205152E-13
1611.72401647698  1.296570E-13
1613.17163098454  1.210975E-13
1614.6192454921  1.208926E-13
1616.06685999966  1.300112E-13
1617.51447450722  1.374563E-13
1618.96208901478  1.413091E-13
1620.40970352234  1.388475E-13
1621.8573180299  1.371804E-13
1623.30493253746  1.445899E-13
1624.75254704502  1.487279E-13
1626.20016155258  1.531778E-13
1627.64777606014  1.525876E-13
1629.0953905677  1.534467E-13
1630.54300507526  1.600995E-13
1631.99061958282  1.551960E-13
1633.43823409038  1.471499E-13
1634.88584859794  1.333640E-13
1636.3334631055  1.355377E-13
1637.78107761306  1.458679E-13
1639.22869212062  1.546550E-13
1640.67630662818  1.496765E-13
1642.12392113574  1.593977E-13
1643.5715356433  1.487286E-13
1645.01915015086  1.489887E-13
1646.46676465842  1.337902E-13
1647.91437916598  1.291128E-13
1649.36199367354  1.310946E-13
1650.8096081811  1.416153E-13
1652.25722268866  1.487109E-13
1653.70483719622  1.453966E-13
1655.15245170378  1.480311E-13
1656.60006621134  1.521050E-13
1658.0476807189  1.509203E-13
1659.49529522646  1.480768E-13
1660.94290973402  1.457841E-13
1662.39052424158  1.502937E-13
1663.83813874914  1.504315E-13
1665.2857532567  1.488110E-13
1666.73336776426  1.388775E-13
1668.18098227181  1.356321E-13
1669.62859677938  1.340632E-13
1671.07621128693  1.331235E-13
1672.52382579449  1.348838E-13
1673.97144030205  1.372070E-13
1675.41905480961  1.316405E-13
1676.86666931717  1.286408E-13
1678.31428382473  1.322678E-13
1679.76189833229  1.277175E-13
1681.20951283985  1.222674E-13
1682.65712734741  1.227918E-13
1684.10474185497  1.241081E-13
1685.55235636253  1.262023E-13
1686.99997087009  1.249703E-13
1688.44758537765  1.301622E-13
1689.89519988521  1.281070E-13
1691.34281439277  1.207531E-13
1692.79042890033  1.140206E-13
1694.23804340789  1.147654E-13
1695.68565791545  1.215194E-13
1697.13327242301  1.244056E-13
1698.58088693057  1.272699E-13
1700.02850143813  1.210172E-13
1701.47611594569  1.124432E-13
1702.92373045325  1.128705E-13
1704.37134496081  1.200497E-13
1705.81895946837  1.209238E-13
1707.26657397593  1.220667E-13
1708.71418848349  1.233130E-13
1710.16180299105  0.
1711.60941749861  0.
1713.05703200617  0.
1714.50464651373  0.
1715.95226102129  0.
1717.39987552885  0.
1718.84749003641  0.
1720.29510454397  0.
1721.74271905153  0.
1723.19033355909  0.
1724.63794806665  0.
1726.08556257421  0.
1727.53317708177  0.
1728.98079158933  0.
1730.42840609689  0.
1731.87602060445  0.
1733.32363511201  0.
1734.77124961957  0.
1736.21886412713  0.
1737.66647863469  0.
1739.11409314225  0.
1740.56170764981  0.
1742.00932215737  0.
1743.45693666493  0.
1744.90455117249  0.
1746.35216568005  0.
1747.79978018761  0.
1749.24739469517  0.
1750.69500920273  0.
1752.14262371029  0.
1753.59023821785  0.
1755.03785272541  0.
1756.48546723297  0.
1757.93308174053  0.
1759.38069624809  0.
1760.82831075565  0.
1762.27592526321  0.
1763.72353977076  0.
1765.17115427832  0.
1766.61876878588  0.
1768.06638329344  0.
1769.513997801  0.
1770.96161230856  0.
1772.40922681612  0.
1773.85684132368  0.
1775.30445583124  0.
1776.7520703388  0.
1778.19968484636  0.
1779.64729935392  0.
1781.09491386148  0.
1782.54252836904  0.
1783.9901428766  0.
1785.43775738416  0.
1786.88537189172  0.
1788.33298639928  0.
1789.78060090684  0.
1791.2282154144  0.
1792.67582992196  0.
1794.12344442952  0.
1795.57105893708  0.
1797.01867344464  0.
1798.4662879522  0.
1799.91390245976  0.
1801.36151696732  0.
1802.80913147488  0.
1804.25674598244  0.
1805.70436049  0.
1807.15197499756  0.
1808.59958950512  0.
1810.04720401268  0.
1811.49481852024  0.
1812.9424330278  0.
1814.39004753536  0.
1815.83766204292  0.
1817.28527655048  0.
1818.73289105804  0.
1820.1805055656  0.
1821.62812007316  0.
1823.07573458072  0.
1824.52334908828  0.
1825.97096359584  0.
1827.4185781034  0.
1828.86619261096  0.
1830.31380711852  0.
1831.76142162608  0.
