906.735751295338  0.
908.183365802898  0.
909.630980310458  0.
911.078594818018  0.
912.526209325578  0.
913.973823833137  0.
915.421438340697  0.
916.869052848257  0.
918.316667355817  0.
919.764281863377  0.
921.211896370937  0.
922.659510878497  0.
924.107125386056  0.
925.554739893616  0.
927.002354401176  0.
928.449968908736  0.
929.897583416296  0.
931.345197923856  0.
932.792812431415  0.
934.240426938975  0.
935.688041446535  0.
937.135655954095  0.
938.583270461655  0.
940.030884969215  0.
941.478499476774  0.
942.926113984334  0.
944.373728491894  0.
945.821342999454  0.
947.268957507014  0.
948.716572014574  0.
950.164186522133  0.
951.611801029693  0.
953.059415537253  0.
954.507030044813  0.
955.954644552373  0.
957.402259059933  0.
958.849873567493  0.
960.297488075052  0.
961.745102582612  0.
963.192717090172  0.
964.640331597732  0.
966.087946105292  0.
967.535560612852  0.
968.983175120411  0.
970.430789627971  0.
971.878404135531  0.
973.326018643091  0.
974.773633150651  0.
976.221247658211  0.
977.668862165771  0.
979.11647667333  0.
980.56409118089  0.
982.01170568845  0.
983.45932019601  0.
984.90693470357  0.
986.35454921113  0.
987.802163718689  0.
989.249778226249  0.
990.697392733809  0.
992.145007241369  0.
993.592621748929  2.089510E-13
995.040236256489  3.294436E-13
996.487850764048  2.757046E-13
997.935465271608  3.359467E-13
999.383079779168  1.646486E-13
1000.83069428673  2.092829E-13
1002.27830879429  1.199222E-13
1003.72592330185  2.192734E-13
1005.17353780941  2.624249E-13
1006.62115231697  2.320942E-13
1008.06876682453  2.144276E-13
1009.51638133209  2.953990E-13
1010.96399583965  3.094971E-13
1012.41161034721  3.142531E-13
1013.85922485477  1.565131E-13
1015.30683936233  2.211687E-13
1016.75445386989  3.098847E-13
1018.20206837745  2.524006E-13
1019.64968288501  3.461927E-13
1021.09729739257  2.465798E-13
1022.54491190013  2.556078E-13
1023.99252640769  2.775387E-13
1025.44014091525  3.648959E-13
1026.8877554228  2.910966E-13
1028.33536993037  2.632435E-13
1029.78298443792  2.836127E-13
1031.23059894548  2.734074E-13
1032.67821345304  2.232177E-13
1034.1258279606  4.226728E-13
1035.57344246816  3.012093E-13
1037.02105697572  3.436061E-13
1038.46867148328  2.519215E-13
1039.91628599084  2.754871E-13
1041.3639004984  2.656538E-13
1042.81151500596  2.307458E-13
1044.25912951352  3.503934E-13
1045.70674402108  2.764551E-13
1047.15435852864  2.645283E-13
1048.6019730362  3.106793E-13
1050.04958754376  2.763877E-13
1051.49720205132  2.778862E-13
1052.94481655888  2.188627E-13
1054.39243106644  2.237423E-13
1055.840045574  2.915282E-13
1057.28766008156  1.591908E-13
1058.73527458912  1.724055E-13
1060.18288909668  1.993890E-13
1061.63050360424  2.124817E-13
1063.0781181118  1.867938E-13
1064.52573261936  1.581775E-13
1065.97334712692  2.701682E-13
1067.42096163448  1.756468E-13
1068.86857614204  1.955453E-13
1070.3161906496  2.420794E-13
1071.76380515716  1.990272E-13
1073.21141966472  2.732279E-13
1074.65903417228  2.020190E-13
1076.10664867984  2.282997E-13
1077.5542631874  2.383322E-13
1079.00187769496  1.923347E-13
1080.44949220252  2.126489E-13
1081.89710671008  1.827848E-13
1083.34472121764  1.548118E-13
1084.7923357252  1.830666E-13
1086.23995023276  1.714816E-13
1087.68756474032  1.741431E-13
1089.13517924788  1.818249E-13
1090.58279375544  1.751049E-13
1092.030408263  1.861370E-13
1093.47802277056  1.987783E-13
1094.92563727812  1.792121E-13
1096.37325178568  1.889432E-13
1097.82086629324  1.920242E-13
1099.2684808008  1.971370E-13
1100.71609530836  1.474659E-13
1102.16370981592  1.906384E-13
1103.61132432348  1.768112E-13
1105.05893883104  1.420290E-13
1106.5065533386  1.816748E-13
1107.95416784616  2.128414E-13
1109.40178235372  1.452275E-13
1110.84939686128  1.888431E-13
1112.29701136884  2.076477E-13
1113.7446258764  1.984653E-13
1115.19224038396  1.876592E-13
1116.63985489152  2.076313E-13
1118.08746939908  1.668195E-13
1119.53508390664  2.043767E-13
1120.98269841419  1.435337E-13
1122.43031292175  2.162280E-13
1123.87792742931  1.529448E-13
1125.32554193687  1.617977E-13
1126.77315644443  1.648412E-13
1128.22077095199  2.047484E-13
1129.66838545955  1.917789E-13
1131.11599996711  1.830275E-13
1132.56361447467  1.508580E-13
1134.01122898223  2.120989E-13
1135.45884348979  1.813844E-13
1136.90645799735  1.452748E-13
1138.35407250491  1.574427E-13
1139.80168701247  1.626802E-13
1141.24930152003  2.029912E-13
1142.69691602759  1.981552E-13
1144.14453053515  1.922553E-13
1145.59214504271  1.634757E-13
1147.03975955027  1.945232E-13
1148.48737405783  1.728855E-13
1149.93498856539  2.138351E-13
1151.38260307295  1.588503E-13
1152.83021758051  1.574002E-13
1154.27783208807  1.598344E-13
1155.72544659563  1.499063E-13
1157.17306110319  1.452539E-13
1158.62067561075  2.155030E-13
1160.06829011831  1.671812E-13
1161.51590462587  1.967369E-13
1162.96351913343  1.816176E-13
1164.41113364099  1.584990E-13
1165.85874814855  2.284871E-13
1167.30636265611  1.683619E-13
1168.75397716367  2.479630E-13
1170.20159167123  1.900799E-13
1171.64920617879  1.868621E-13
1173.09682068635  2.127794E-13
1174.54443519391  2.018647E-13
1175.99204970147  2.199842E-13
1177.43966420903  2.175252E-13
1178.88727871659  2.181114E-13
1180.33489322415  2.001477E-13
1181.78250773171  1.916822E-13
1183.23012223927  2.351790E-13
1184.67773674683  2.178340E-13
1186.12535125439  2.893411E-13
1187.57296576195  2.200344E-13
1189.02058026951  2.420785E-13
1190.46819477707  2.166255E-13
1191.91580928463  2.607534E-13
1193.36342379219  2.599003E-13
1194.81103829975  3.360799E-13
1196.25865280731  2.897742E-13
1197.70626731487  2.916611E-13
1199.15388182243  3.194310E-13
1200.60149632999  3.715361E-13
1202.04911083755  3.503039E-13
1203.49672534511  4.075304E-13
1204.94433985267  3.569046E-13
1206.39195436023  4.578262E-13
1207.83956886779  4.817381E-13
1209.28718337535  5.707761E-13
1210.7347978829  6.979187E-13
1212.18241239046  6.807531E-13
1213.63002689802  6.105747E-13
1215.07764140558  7.891885E-13
1216.52525591314  8.806549E-13
1217.9728704207  7.521701E-13
1219.42048492826  7.119205E-13
1220.86809943582  7.408510E-13
1222.31571394338  5.729367E-13
1223.76332845094  5.160008E-13
1225.2109429585  4.135726E-13
1226.65855746606  4.028038E-13
1228.10617197362  3.696100E-13
1229.55378648118  3.344044E-13
1231.00140098874  3.924770E-13
1232.4490154963  2.876701E-13
1233.89663000386  3.628820E-13
1235.34424451142  3.521798E-13
1236.79185901898  3.424931E-13
1238.23947352654  3.381613E-13
1239.6870880341  3.649258E-13
1241.13470254166  2.885201E-13
1242.58231704922  3.299796E-13
1244.02993155678  3.015036E-13
1245.47754606434  2.698993E-13
1246.9251605719  3.123756E-13
1248.37277507946  2.666432E-13
1249.82038958702  2.147342E-13
1251.26800409458  2.537750E-13
1252.71561860214  2.516347E-13
1254.1632331097  2.305145E-13
1255.61084761726  2.051456E-13
1257.05846212482  2.619563E-13
1258.50607663238  2.271843E-13
1259.95369113994  2.642046E-13
1261.4013056475  2.455826E-13
1262.84892015506  2.153729E-13
1264.29653466262  1.655751E-13
1265.74414917018  1.826392E-13
1267.19176367774  2.170182E-13
1268.6393781853  1.635467E-13
1270.08699269286  2.206055E-13
1271.53460720042  1.585244E-13
1272.98222170798  1.716199E-13
1274.42983621554  1.860466E-13
1275.8774507231  1.754945E-13
1277.32506523066  1.644569E-13
1278.77267973822  1.746702E-13
1280.22029424578  1.414662E-13
1281.66790875334  1.870140E-13
1283.1155232609  1.615600E-13
1284.56313776846  1.464335E-13
1286.01075227602  1.615083E-13
1287.45836678358  1.548328E-13
1288.90598129114  1.663171E-13
1290.3535957987  1.664410E-13
1291.80121030626  1.887774E-13
1293.24882481382  1.759019E-13
1294.69643932138  1.688175E-13
1296.14405382894  1.614692E-13
1297.5916683365  2.127659E-13
1299.03928284406  1.705457E-13
1300.48689735162  2.030383E-13
1301.93451185917  1.930045E-13
1303.38212636674  1.616169E-13
1304.82974087429  1.515291E-13
1306.27735538185  1.625669E-13
1307.72496988941  2.052098E-13
1309.17258439697  1.747985E-13
1310.62019890453  1.788209E-13
1312.06781341209  1.683979E-13
1313.51542791965  2.061180E-13
1314.96304242721  1.594389E-13
1316.41065693477  1.508234E-13
1317.85827144233  1.600367E-13
1319.30588594989  1.274366E-13
1320.75350045745  1.244313E-13
1322.20111496501  1.695717E-13
1323.64872947257  1.709999E-13
1325.09634398013  1.493930E-13
1326.54395848769  1.503003E-13
1327.99157299525  1.812071E-13
1329.43918750281  1.486608E-13
1330.88680201037  1.865622E-13
1332.33441651793  1.634065E-13
1333.78203102549  2.045484E-13
1335.22964553305  1.632893E-13
1336.67726004061  1.941234E-13
1338.12487454817  1.441330E-13
1339.57248905573  1.523164E-13
1341.02010356329  1.304093E-13
1342.46771807085  1.412808E-13
1343.91533257841  1.746623E-13
1345.36294708597  1.736450E-13
1346.81056159353  1.630942E-13
1348.25817610109  1.561659E-13
1349.70579060865  1.755227E-13
1351.15340511621  1.525710E-13
1352.60101962377  1.399069E-13
1354.04863413133  1.785819E-13
1355.49624863889  1.536855E-13
1356.94386314645  1.497565E-13
1358.39147765401  1.647758E-13
1359.83909216157  1.755824E-13
1361.28670666913  1.537264E-13
1362.73432117669  1.591366E-13
1364.18193568425  1.706286E-13
1365.62955019181  1.616598E-13
1367.07716469937  1.718580E-13
1368.52477920693  1.879465E-13
1369.97239371449  1.437432E-13
1371.42000822205  1.675025E-13
1372.86762272961  1.127933E-13
1374.31523723717  1.673976E-13
1375.76285174473  1.683947E-13
1377.21046625229  1.599084E-13
1378.65808075985  1.787356E-13
1380.10569526741  1.805931E-13
1381.55330977497  1.723806E-13
1383.00092428253  2.004677E-13
1384.44853879009  1.800819E-13
1385.89615329765  1.751258E-13
1387.34376780521  1.600916E-13
1388.79138231277  1.718171E-13
1390.23899682033  1.475657E-13
1391.68661132789  1.687644E-13
1393.13422583545  1.734403E-13
1394.581840343  2.069687E-13
1396.02945485057  2.094902E-13
1397.47706935812  2.059321E-13
1398.92468386568  1.724044E-13
1400.37229837324  1.937643E-13
1401.8199128808  1.748557E-13
1403.26752738836  1.759585E-13
1404.71514189592  1.737817E-13
1406.16275640348  1.818042E-13
1407.61037091104  2.057994E-13
1409.0579854186  1.487274E-13
1410.50559992616  1.867160E-13
1411.95321443372  1.779716E-13
1413.40082894128  1.728431E-13
1414.84844344884  1.705341E-13
1416.2960579564  1.656486E-13
1417.74367246396  1.454757E-13
1419.19128697152  1.361279E-13
1420.63890147908  1.501143E-13
1422.08651598664  1.386810E-13
1423.5341304942  1.572908E-13
1424.98174500176  1.446844E-13
1426.42935950932  1.404765E-13
1427.87697401688  1.425078E-13
1429.32458852444  1.278857E-13
1430.772203032  1.576441E-13
1432.21981753956  1.754363E-13
1433.66743204712  1.377107E-13
1435.11504655468  1.296219E-13
1436.56266106224  1.427088E-13
1438.0102755698  1.632409E-13
1439.45789007736  1.349080E-13
1440.90550458492  1.283874E-13
1442.35311909248  1.316499E-13
1443.80073360004  1.388325E-13
1445.2483481076  1.544569E-13
1446.69596261516  1.289071E-13
1448.14357712272  1.357368E-13
1449.59119163028  1.273253E-13
1451.03880613784  1.345558E-13
1452.4864206454  1.388087E-13
1453.93403515296  1.328187E-13
1455.38164966052  1.447865E-13
1456.82926416808  1.622067E-13
1458.27687867564  1.454927E-13
1459.7244931832  1.543688E-13
1461.17210769076  1.469909E-13
1462.61972219832  1.537190E-13
1464.06733670588  1.569920E-13
1465.51495121344  1.456639E-13
1466.962565721  1.441216E-13
1468.41018022856  1.298662E-13
1469.85779473612  1.253298E-13
1471.30540924368  1.220899E-13
1472.75302375124  1.257521E-13
1474.2006382588  1.513282E-13
1475.64825276636  1.468116E-13
1477.09586727392  1.512137E-13
1478.54348178148  1.388500E-13
1479.99109628904  1.467575E-13
1481.4387107966  1.668116E-13
1482.88632530416  1.573217E-13
1484.33393981172  1.516705E-13
1485.78155431928  1.520321E-13
1487.22916882683  1.354176E-13
1488.67678333439  1.201417E-13
1490.12439784195  1.256662E-13
1491.57201234951  1.415669E-13
1493.01962685707  1.482206E-13
1494.46724136463  1.410028E-13
1495.91485587219  1.434091E-13
1497.36247037975  1.499533E-13
1498.81008488731  1.596660E-13
1500.25769939487  1.541005E-13
1501.70531390243  1.497131E-13
1503.15292840999  1.454243E-13
1504.60054291755  1.401593E-13
1506.04815742511  1.689552E-13
1507.49577193267  1.573232E-13
1508.94338644023  1.510227E-13
1510.39100094779  1.589314E-13
1511.83861545535  1.479992E-13
1513.28622996291  1.404004E-13
1514.73384447047  1.519860E-13
1516.18145897803  1.589162E-13
1517.62907348559  1.544919E-13
1519.07668799315  1.534498E-13
1520.52430250071  1.614631E-13
1521.97191700827  1.608169E-13
1523.41953151583  1.729870E-13
1524.86714602339  1.738980E-13
1526.31476053095  1.821467E-13
1527.76237503851  1.909062E-13
1529.20998954607  1.909179E-13
1530.65760405363  2.066690E-13
1532.10521856119  2.172108E-13
1533.55283306875  2.105076E-13
1535.00044757631  2.127731E-13
1536.44806208387  2.358527E-13
1537.89567659143  2.555230E-13
1539.34329109899  2.768150E-13
1540.79090560655  2.656002E-13
1542.23852011411  3.026049E-13
1543.68613462167  2.982419E-13
1545.13374912923  3.228867E-13
1546.58136363679  3.442133E-13
1548.02897814435  3.297384E-13
1549.47659265191  3.404083E-13
1550.92420715947  3.191095E-13
1552.37182166703  3.002944E-13
1553.81943617459  2.777357E-13
1555.26705068215  2.799517E-13
1556.71466518971  2.564855E-13
1558.16227969727  2.189265E-13
1559.60989420483  2.081121E-13
1561.05750871239  1.903295E-13
1562.50512321995  1.953546E-13
1563.95273772751  1.720845E-13
1565.40035223507  1.717510E-13
1566.84796674263  1.786480E-13
1568.29558125019  1.746807E-13
1569.74319575775  1.620190E-13
1571.19081026531  1.755303E-13
1572.63842477287  1.623428E-13
1574.08603928043  1.575729E-13
1575.53365378799  1.617778E-13
1576.98126829555  1.642754E-13
1578.4288828031  1.549658E-13
1579.87649731066  1.510527E-13
1581.32411181822  1.538119E-13
1582.77172632578  1.554932E-13
1584.21934083334  1.516666E-13
1585.6669553409  1.508527E-13
1587.11456984846  1.469513E-13
1588.56218435602  1.575035E-13
1590.00979886358  1.553002E-13
1591.45741337114  1.524975E-13
1592.9050278787  1.404720E-13
1594.35264238626  1.422085E-13
1595.80025689382  1.380636E-13
1597.24787140138  1.421748E-13
1598.69548590894  1.419077E-13
1600.1431004165  1.338293E-13
1601.59071492406  1.331783E-13
1603.03832943162  1.353599E-13
1604.48594393918  1.417291E-13
1605.93355844674  1.384203E-13
1607.3811729543  1.387334E-13
1608.82878746186  1.399455E-13
1610.27640196942  1.286034E-13
1611.72401647698  1.327192E-13
1613.17163098454  1.366433E-13
1614.6192454921  1.421195E-13
1616.06685999966  1.442821E-13
1617.51447450722  1.410233E-13
1618.96208901478  1.451236E-13
1620.40970352234  1.498456E-13
1621.8573180299  1.421994E-13
1623.30493253746  1.499192E-13
1624.75254704502  1.517078E-13
1626.20016155258  1.519309E-13
1627.64777606014  1.472054E-13
1629.0953905677  1.489376E-13
1630.54300507526  1.626743E-13
1631.99061958282  1.473186E-13
1633.43823409038  1.544732E-13
1634.88584859794  1.683786E-13
1636.3334631055  1.566420E-13
1637.78107761306  1.500052E-13
1639.22869212062  1.457962E-13
1640.67630662818  1.452995E-13
1642.12392113574  1.503908E-13
1643.5715356433  1.524924E-13
1645.01915015086  1.519345E-13
1646.46676465842  1.447002E-13
1647.91437916598  1.546382E-13
1649.36199367354  1.543575E-13
1650.8096081811  1.449061E-13
1652.25722268866  1.383319E-13
1653.70483719622  1.316697E-13
1655.15245170378  1.350779E-13
1656.60006621134  1.437011E-13
1658.0476807189  1.481818E-13
1659.49529522646  1.393520E-13
1660.94290973402  1.410008E-13
1662.39052424158  1.431644E-13
1663.83813874914  1.440603E-13
1665.2857532567  1.410604E-13
1666.73336776426  1.404644E-13
1668.18098227181  1.367309E-13
1669.62859677938  1.322867E-13
1671.07621128693  1.292371E-13
1672.52382579449  1.246907E-13
1673.97144030205  1.279525E-13
1675.41905480961  1.306060E-13
1676.86666931717  1.217577E-13
1678.31428382473  1.255680E-13
1679.76189833229  1.246590E-13
1681.20951283985  1.186264E-13
1682.65712734741  1.238369E-13
1684.10474185497  1.241431E-13
1685.55235636253  1.170959E-13
1686.99997087009  1.217148E-13
1688.44758537765  1.276336E-13
1689.89519988521  1.261998E-13
1691.34281439277  1.212891E-13
1692.79042890033  1.175740E-13
1694.23804340789  1.193283E-13
1695.68565791545  1.204480E-13
1697.13327242301  1.212466E-13
1698.58088693057  1.203984E-13
1700.02850143813  1.206021E-13
1701.47611594569  1.208592E-13
1702.92373045325  1.158712E-13
1704.37134496081  1.159462E-13
1705.81895946837  1.132168E-13
1707.26657397593  1.126085E-13
1708.71418848349  1.246850E-13
1710.16180299105  0.
1711.60941749861  0.
1713.05703200617  0.
1714.50464651373  0.
1715.95226102129  0.
1717.39987552885  0.
1718.84749003641  0.
1720.29510454397  0.
1721.74271905153  0.
1723.19033355909  0.
1724.63794806665  0.
1726.08556257421  0.
1727.53317708177  0.
1728.98079158933  0.
1730.42840609689  0.
1731.87602060445  0.
1733.32363511201  0.
1734.77124961957  0.
1736.21886412713  0.
1737.66647863469  0.
1739.11409314225  0.
1740.56170764981  0.
1742.00932215737  0.
1743.45693666493  0.
1744.90455117249  0.
1746.35216568005  0.
1747.79978018761  0.
1749.24739469517  0.
1750.69500920273  0.
1752.14262371029  0.
1753.59023821785  0.
1755.03785272541  0.
1756.48546723297  0.
1757.93308174053  0.
1759.38069624809  0.
1760.82831075565  0.
1762.27592526321  0.
1763.72353977076  0.
1765.17115427832  0.
1766.61876878588  0.
1768.06638329344  0.
1769.513997801  0.
1770.96161230856  0.
1772.40922681612  0.
1773.85684132368  0.
1775.30445583124  0.
1776.7520703388  0.
1778.19968484636  0.
1779.64729935392  0.
1781.09491386148  0.
1782.54252836904  0.
1783.9901428766  0.
1785.43775738416  0.
1786.88537189172  0.
1788.33298639928  0.
1789.78060090684  0.
1791.2282154144  0.
1792.67582992196  0.
1794.12344442952  0.
1795.57105893708  0.
1797.01867344464  0.
1798.4662879522  0.
1799.91390245976  0.
1801.36151696732  0.
1802.80913147488  0.
1804.25674598244  0.
1805.70436049  0.
1807.15197499756  0.
1808.59958950512  0.
1810.04720401268  0.
1811.49481852024  0.
1812.9424330278  0.
1814.39004753536  0.
1815.83766204292  0.
1817.28527655048  0.
1818.73289105804  0.
1820.1805055656  0.
1821.62812007316  0.
1823.07573458072  0.
1824.52334908828  0.
1825.97096359584  0.
1827.4185781034  0.
1828.86619261096  0.
1830.31380711852  0.
1831.76142162608  0.
