906.742497841106  0.
908.190121304805  0.
909.637744768503  0.
911.085368232201  0.
912.532991695899  0.
913.980615159597  0.
915.428238623295  0.
916.875862086994  0.
918.323485550692  0.
919.77110901439  0.
921.218732478088  0.
922.666355941786  0.
924.113979405485  0.
925.561602869183  0.
927.009226332881  0.
928.456849796579  0.
929.904473260277  0.
931.352096723976  0.
932.799720187674  0.
934.247343651372  0.
935.69496711507  0.
937.142590578768  0.
938.590214042467  0.
940.037837506165  0.
941.485460969863  0.
942.933084433561  0.
944.380707897259  0.
945.828331360957  0.
947.275954824656  0.
948.723578288354  0.
950.171201752052  0.
951.61882521575  0.
953.066448679448  0.
954.514072143147  0.
955.961695606845  0.
957.409319070543  0.
958.856942534241  0.
960.304565997939  0.
961.752189461638  0.
963.199812925336  0.
964.647436389034  0.
966.095059852732  0.
967.54268331643  0.
968.990306780129  0.
970.437930243827  0.
971.885553707525  0.
973.333177171223  0.
974.780800634921  0.
976.228424098619  0.
977.676047562318  0.
979.123671026016  0.
980.571294489714  0.
982.018917953412  0.
983.46654141711  0.
984.914164880809  0.
986.361788344507  0.
987.809411808205  0.
989.257035271903  0.
990.704658735601  0.
992.1522821993  0.
993.599905662998  3.706778E-14
995.047529126696  2.707244E-13
996.495152590394  1.375473E-13
997.942776054092  3.516137E-13
999.390399517791  3.798521E-13
1000.83802298149  3.099084E-13
1002.28564644519  3.043065E-13
1003.73326990889  4.194081E-13
1005.18089337258  4.115730E-13
1006.62851683628  2.732442E-13
1008.07614029998  3.534348E-13
1009.52376376368  3.339483E-13
1010.97138722738  1.647655E-13
1012.41901069107  2.143611E-13
1013.86663415477  3.161783E-13
1015.31425761847  2.637725E-13
1016.76188108217  3.024129E-13
1018.20950454587  3.817822E-13
1019.65712800957  3.013555E-13
1021.10475147326  2.917153E-13
1022.55237493696  3.189335E-13
1023.99999840066  3.757210E-13
1025.44762186436  3.306534E-13
1026.89524532806  3.465997E-13
1028.34286879175  3.556443E-13
1029.79049225545  3.059158E-13
1031.23811571915  3.176379E-13
1032.68573918285  1.427149E-13
1034.13336264655  2.957574E-13
1035.58098611025  3.174292E-13
1037.02860957394  3.365588E-13
1038.47623303764  3.177653E-13
1039.92385650134  3.091586E-13
1041.37147996504  3.107284E-13
1042.81910342874  2.948886E-13
1044.26672689243  3.293799E-13
1045.71435035613  4.250043E-13
1047.16197381983  3.661689E-13
1048.60959728353  3.565184E-13
1050.05722074723  2.778526E-13
1051.50484421093  2.809010E-13
1052.95246767462  3.041559E-13
1054.40009113832  2.812319E-13
1055.84771460202  2.070989E-13
1057.29533806572  2.397118E-13
1058.74296152942  2.463769E-13
1060.19058499311  2.405200E-13
1061.63820845681  2.741787E-13
1063.08583192051  2.638746E-13
1064.53345538421  3.121731E-13
1065.98107884791  2.754046E-13
1067.42870231161  2.706914E-13
1068.8763257753  2.417771E-13
1070.323949239  2.515277E-13
1071.7715727027  2.474181E-13
1073.2191961664  2.511643E-13
1074.6668196301  3.096681E-13
1076.11444309379  2.684481E-13
1077.56206655749  2.600076E-13
1079.00969002119  2.864910E-13
1080.45731348489  2.534596E-13
1081.90493694859  2.746690E-13
1083.35256041229  2.133267E-13
1084.80018387598  2.314600E-13
1086.24780733968  2.088344E-13
1087.69543080338  2.235125E-13
1089.14305426708  2.390792E-13
1090.59067773078  1.828511E-13
1092.03830119447  2.621127E-13
1093.48592465817  2.537798E-13
1094.93354812187  2.032121E-13
1096.38117158557  2.023326E-13
1097.82879504927  2.289259E-13
1099.27641851297  2.627971E-13
1100.72404197666  2.425650E-13
1102.17166544036  2.557894E-13
1103.61928890406  2.338710E-13
1105.06691236776  2.156651E-13
1106.51453583146  2.363647E-13
1107.96215929515  2.250090E-13
1109.40978275885  3.207004E-13
1110.85740622255  2.090258E-13
1112.30502968625  2.483112E-13
1113.75265314995  2.323378E-13
1115.20027661365  2.384306E-13
1116.64790007734  2.212388E-13
1118.09552354104  2.459869E-13
1119.54314700474  2.064848E-13
1120.99077046844  2.708874E-13
1122.43839393214  2.166672E-13
1123.88601739584  2.309644E-13
1125.33364085953  2.203664E-13
1126.78126432323  2.054492E-13
1128.22888778693  2.413654E-13
1129.67651125063  2.362234E-13
1131.12413471433  2.551011E-13
1132.57175817802  2.410604E-13
1134.01938164172  2.699290E-13
1135.46700510542  2.046718E-13
1136.91462856912  1.943896E-13
1138.36225203282  2.232818E-13
1139.80987549652  2.212381E-13
1141.25749896021  2.278065E-13
1142.70512242391  2.134876E-13
1144.15274588761  2.390868E-13
1145.60036935131  2.190137E-13
1147.04799281501  2.459882E-13
1148.4956162787  2.259101E-13
1149.9432397424  1.919161E-13
1151.3908632061  2.082825E-13
1152.8384866698  1.917253E-13
1154.2861101335  1.740063E-13
1155.73373359719  1.893293E-13
1157.18135706089  2.290664E-13
1158.62898052459  2.190655E-13
1160.07660398829  2.093718E-13
1161.52422745199  2.010597E-13
1162.97185091569  2.284762E-13
1164.41947437938  2.088462E-13
1165.86709784308  2.250331E-13
1167.31472130678  2.173435E-13
1168.76234477048  2.369230E-13
1170.20996823418  2.273206E-13
1171.65759169788  2.414186E-13
1173.10521516157  2.254935E-13
1174.55283862527  2.164433E-13
1176.00046208897  2.139225E-13
1177.44808555267  2.473107E-13
1178.89570901637  2.328367E-13
1180.34333248006  2.664056E-13
1181.79095594376  2.421894E-13
1183.23857940746  2.583050E-13
1184.68620287116  2.407090E-13
1186.13382633486  2.477272E-13
1187.58144979856  2.669474E-13
1189.02907326225  2.602568E-13
1190.47669672595  2.659101E-13
1191.92432018965  3.013594E-13
1193.37194365335  3.132589E-13
1194.81956711705  3.538495E-13
1196.26719058074  3.327496E-13
1197.71481404444  3.389858E-13
1199.16243750814  3.558186E-13
1200.61006097184  4.131972E-13
1202.05768443554  3.878681E-13
1203.50530789924  3.567346E-13
1204.95293136293  3.729899E-13
1206.40055482663  4.893293E-13
1207.84817829033  6.093751E-13
1209.29580175403  6.156523E-13
1210.74342521773  6.710701E-13
1212.19104868142  8.234971E-13
1213.63867214512  9.050642E-13
1215.08629560882  7.684502E-13
1216.53391907252  8.934756E-13
1217.98154253622  8.075533E-13
1219.42916599992  8.782354E-13
1220.87678946361  6.374827E-13
1222.32441292731  5.239530E-13
1223.77203639101  4.915666E-13
1225.21965985471  4.231551E-13
1226.66728331841  4.000873E-13
1228.1149067821  3.848942E-13
1229.5625302458  3.503469E-13
1231.0101537095  4.244142E-13
1232.4577771732  3.832291E-13
1233.9054006369  3.433804E-13
1235.3530241006  3.312302E-13
1236.80064756429  4.159561E-13
1238.24827102799  3.696380E-13
1239.69589449169  3.774282E-13
1241.14351795539  3.485670E-13
1242.59114141909  3.457709E-13
1244.03876488278  3.134044E-13
1245.48638834648  2.857747E-13
1246.93401181018  3.169693E-13
1248.38163527388  2.745449E-13
1249.82925873758  3.039496E-13
1251.27688220128  2.551743E-13
1252.72450566497  2.693105E-13
1254.17212912867  2.632277E-13
1255.61975259237  2.286138E-13
1257.06737605607  2.410305E-13
1258.51499951977  2.410855E-13
1259.96262298347  2.850011E-13
1261.41024644716  2.688585E-13
1262.85786991086  2.233859E-13
1264.30549337456  2.499027E-13
1265.75311683826  2.336886E-13
1267.20074030196  2.182103E-13
1268.64836376565  2.198138E-13
1270.09598722935  2.062432E-13
1271.54361069305  2.025506E-13
1272.99123415675  2.156320E-13
1274.43885762045  2.010122E-13
1275.88648108414  2.224151E-13
1277.33410454784  2.102434E-13
1278.78172801154  1.744906E-13
1280.22935147524  1.988574E-13
1281.67697493894  2.087712E-13
1283.12459840264  2.187346E-13
1284.57222186633  2.037035E-13
1286.01984533003  2.217020E-13
1287.46746879373  2.192386E-13
1288.91509225743  2.339706E-13
1290.36271572113  1.824841E-13
1291.81033918483  1.908062E-13
1293.25796264852  2.036332E-13
1294.70558611222  1.866698E-13
1296.15320957592  2.157939E-13
1297.60083303962  2.427561E-13
1299.04845650332  2.289947E-13
1300.49607996701  2.479677E-13
1301.94370343071  2.226794E-13
1303.39132689441  1.867194E-13
1304.83895035811  2.150522E-13
1306.28657382181  2.003218E-13
1307.73419728551  2.454898E-13
1309.1818207492  1.869956E-13
1310.6294442129  2.256210E-13
1312.0770676766  1.966921E-13
1313.5246911403  2.310104E-13
1314.972314604  2.228564E-13
1316.41993806769  2.210705E-13
1317.86756153139  2.037930E-13
1319.31518499509  1.406922E-13
1320.76280845879  1.557277E-13
1322.21043192249  1.829055E-13
1323.65805538619  2.218054E-13
1325.10567884988  1.983233E-13
1326.55330231358  1.953818E-13
1328.00092577728  1.886970E-13
1329.44854924098  1.904410E-13
1330.89617270468  2.211453E-13
1332.34379616837  2.347497E-13
1333.79141963207  2.246006E-13
1335.23904309577  2.313765E-13
1336.68666655947  1.918030E-13
1338.13429002317  1.857074E-13
1339.58191348687  1.840967E-13
1341.02953695056  1.634804E-13
1342.47716041426  1.801394E-13
1343.92478387796  2.004215E-13
1345.37240734166  2.014659E-13
1346.82003080536  2.040830E-13
1348.26765426905  1.885420E-13
1349.71527773275  2.006027E-13
1351.16290119645  2.139408E-13
1352.61052466015  1.779776E-13
1354.05814812385  1.781476E-13
1355.50577158755  1.899570E-13
1356.95339505124  1.990317E-13
1358.40101851494  2.422714E-13
1359.84864197864  2.158469E-13
1361.29626544234  2.292035E-13
1362.74388890604  2.268145E-13
1364.19151236974  2.329561E-13
1365.63913583343  2.244206E-13
1367.08675929713  2.296974E-13
1368.53438276083  1.921554E-13
1369.98200622453  1.689628E-13
1371.42962968823  1.814694E-13
1372.87725315192  1.559614E-13
1374.32487661562  1.992302E-13
1375.77250007932  2.003178E-13
1377.22012354302  1.789057E-13
1378.66774700672  1.992994E-13
1380.11537047041  2.015768E-13
1381.56299393411  1.892936E-13
1383.01061739781  1.993536E-13
1384.45824086151  2.325334E-13
1385.90586432521  2.358290E-13
1387.35348778891  1.984022E-13
1388.8011112526  2.114427E-13
1390.2487347163  1.724155E-13
1391.69635818  1.966044E-13
1393.1439816437  2.066189E-13
1394.5916051074  2.636349E-13
1396.03922857109  2.462969E-13
1397.48685203479  2.714695E-13
1398.93447549849  2.390197E-13
1400.38209896219  2.482838E-13
1401.82972242589  2.832541E-13
1403.27734588959  2.442383E-13
1404.72496935328  2.294157E-13
1406.17259281698  1.932391E-13
1407.62021628068  2.542894E-13
1409.06783974438  2.315484E-13
1410.51546320808  2.173000E-13
1411.96308667178  1.906232E-13
1413.41071013547  1.853254E-13
1414.85833359917  2.161250E-13
1416.30595706287  1.781125E-13
1417.75358052657  1.994695E-13
1419.20120399027  2.009713E-13
1420.64882745396  1.825168E-13
1422.09645091766  1.729794E-13
1423.54407438136  1.801287E-13
1424.99169784506  1.608191E-13
1426.43932130876  1.645470E-13
1427.88694477246  2.031894E-13
1429.33456823615  2.083202E-13
1430.78219169985  2.014303E-13
1432.22981516355  2.044489E-13
1433.67743862725  1.681476E-13
1435.12506209095  1.638088E-13
1436.57268555464  1.579164E-13
1438.02030901834  1.774772E-13
1439.46793248204  1.762303E-13
1440.91555594574  1.655711E-13
1442.36317940944  1.643736E-13
1443.81080287314  1.536771E-13
1445.25842633683  1.402053E-13
1446.70604980053  1.613232E-13
1448.15367326423  1.626949E-13
1449.60129672793  1.746530E-13
1451.04892019163  1.766521E-13
1452.49654365532  1.559704E-13
1453.94416711902  1.554296E-13
1455.39179058272  1.479290E-13
1456.83941404642  1.606503E-13
1458.28703751012  1.479111E-13
1459.73466097382  1.665384E-13
1461.18228443751  1.691974E-13
1462.62990790121  1.762355E-13
1464.07753136491  1.542798E-13
1465.52515482861  1.556453E-13
1466.97277829231  1.649743E-13
1468.420401756  1.729957E-13
1469.8680252197  1.720801E-13
1471.3156486834  1.813696E-13
1472.7632721471  2.014428E-13
1474.2108956108  1.785568E-13
1475.6585190745  1.870438E-13
1477.10614253819  1.713450E-13
1478.55376600189  1.704004E-13
1480.00138946559  1.697193E-13
1481.44901292929  2.127282E-13
1482.89663639299  2.224445E-13
1484.34425985669  1.809524E-13
1485.79188332038  1.907660E-13
1487.23950678408  1.705732E-13
1488.68713024778  1.684329E-13
1490.13475371148  1.968613E-13
1491.58237717518  1.911946E-13
1493.03000063887  1.798337E-13
1494.47762410257  1.666172E-13
1495.92524756627  1.532472E-13
1497.37287102997  1.637698E-13
1498.82049449367  1.755083E-13
1500.26811795737  1.839175E-13
1501.71574142106  1.816000E-13
1503.16336488476  1.583587E-13
1504.61098834846  1.976139E-13
1506.05861181216  1.902738E-13
1507.50623527586  1.786993E-13
1508.95385873955  1.852556E-13
1510.40148220325  2.018438E-13
1511.84910566695  1.879879E-13
1513.29672913065  1.949938E-13
1514.74435259435  1.770430E-13
1516.19197605805  1.768829E-13
1517.63959952174  2.051282E-13
1519.08722298544  1.978422E-13
1520.53484644914  2.017179E-13
1521.98246991284  1.902532E-13
1523.43009337654  2.126718E-13
1524.87771684023  2.218926E-13
1526.32534030393  1.938996E-13
1527.77296376763  2.197564E-13
1529.22058723133  2.219511E-13
1530.66821069503  2.158652E-13
1532.11583415873  2.252229E-13
1533.56345762242  2.287592E-13
1535.01108108612  2.412204E-13
1536.45870454982  2.596395E-13
1537.90632801352  2.728743E-13
1539.35395147722  3.249253E-13
1540.80157494091  3.531000E-13
1542.24919840461  3.552625E-13
1543.69682186831  3.783225E-13
1545.14444533201  3.871769E-13
1546.59206879571  4.030208E-13
1548.03969225941  3.642058E-13
1549.4873157231  3.491629E-13
1550.9349391868  3.442104E-13
1552.3825626505  3.690804E-13
1553.8301861142  3.527527E-13
1555.2778095779  3.042815E-13
1556.72543304159  2.889659E-13
1558.17305650529  2.686080E-13
1559.62067996899  2.593962E-13
1561.06830343269  2.487577E-13
1562.51592689639  2.342859E-13
1563.96355036009  2.153632E-13
1565.41117382378  2.331613E-13
1566.85879728748  2.165456E-13
1568.30642075118  2.135223E-13
1569.75404421488  2.061761E-13
1571.20166767858  2.052562E-13
1572.64929114227  1.995990E-13
1574.09691460597  2.086709E-13
1575.54453806967  1.881539E-13
1576.99216153337  1.851366E-13
1578.43978499707  2.050364E-13
1579.88740846077  1.942890E-13
1581.33503192446  1.953625E-13
1582.78265538816  1.851317E-13
1584.23027885186  1.804569E-13
1585.67790231556  1.911859E-13
1587.12552577926  1.813261E-13
1588.57314924295  1.780042E-13
1590.02077270665  1.678489E-13
1591.46839617035  1.791498E-13
1592.91601963405  1.764893E-13
1594.36364309775  1.806957E-13
1595.81126656145  1.853014E-13
1597.25889002514  1.805099E-13
1598.70651348884  1.897064E-13
1600.15413695254  1.832192E-13
1601.60176041624  1.784529E-13
1603.04938387994  1.840375E-13
1604.49700734363  1.787448E-13
1605.94463080733  1.795725E-13
1607.39225427103  1.760640E-13
1608.83987773473  1.780601E-13
1610.28750119843  1.756434E-13
1611.73512466213  1.679841E-13
1613.18274812582  1.683000E-13
1614.63037158952  1.671960E-13
1616.07799505322  1.629577E-13
1617.52561851692  1.731885E-13
1618.97324198062  1.772242E-13
1620.42086544431  1.703735E-13
1621.86848890801  1.723024E-13
1623.31611237171  1.818563E-13
1624.76373583541  1.834135E-13
1626.21135929911  1.800810E-13
1627.65898276281  1.691848E-13
1629.1066062265  1.681730E-13
1630.5542296902  1.595415E-13
1632.0018531539  1.713479E-13
1633.4494766176  1.806214E-13
1634.8971000813  1.855791E-13
1636.34472354499  1.821879E-13
1637.79234700869  1.882345E-13
1639.23997047239  1.838033E-13
1640.68759393609  1.760975E-13
1642.13521739979  1.746105E-13
1643.58284086349  1.770875E-13
1645.03046432718  1.797936E-13
1646.47808779088  1.734914E-13
1647.92571125458  1.761816E-13
1649.37333471828  1.706775E-13
1650.82095818198  1.784766E-13
1652.26858164567  1.665878E-13
1653.71620510937  1.466702E-13
1655.16382857307  1.586771E-13
1656.61145203677  1.792550E-13
1658.05907550047  1.651128E-13
1659.50669896417  1.865118E-13
1660.95432242786  1.794788E-13
1662.40194589156  1.871373E-13
1663.84956935526  1.691816E-13
1665.29719281896  1.695683E-13
1666.74481628266  1.795413E-13
1668.19243974636  1.707382E-13
1669.64006321005  1.650269E-13
1671.08768667375  1.675734E-13
1672.53531013745  1.720710E-13
1673.98293360115  1.789567E-13
1675.43055706485  1.628329E-13
1676.87818052854  1.542540E-13
1678.32580399224  1.552563E-13
1679.77342745594  1.505151E-13
1681.22105091964  1.469650E-13
1682.66867438334  1.430555E-13
1684.11629784704  1.465195E-13
1685.56392131073  1.510274E-13
1687.01154477443  1.555508E-13
1688.45916823813  1.537617E-13
1689.90679170183  1.443199E-13
1691.35441516553  1.358296E-13
1692.80203862922  1.345697E-13
1694.24966209292  1.412431E-13
1695.69728555662  1.451949E-13
1697.14490902032  1.466065E-13
1698.59253248402  1.441164E-13
1700.04015594772  1.448253E-13
1701.48777941141  1.501128E-13
1702.93540287511  1.523486E-13
1704.38302633881  1.476611E-13
1705.83064980251  1.496723E-13
1707.27827326621  1.556855E-13
1708.7258967299  1.455939E-13
1710.1735201936  0.
1711.6211436573  0.
1713.068767121  0.
1714.5163905847  0.
1715.9640140484  0.
1717.41163751209  0.
1718.85926097579  0.
1720.30688443949  0.
1721.75450790319  0.
1723.20213136689  0.
1724.64975483058  0.
1726.09737829428  0.
1727.54500175798  0.
1728.99262522168  0.
1730.44024868538  0.
1731.88787214908  0.
1733.33549561277  0.
1734.78311907647  0.
1736.23074254017  0.
1737.67836600387  0.
1739.12598946757  0.
1740.57361293126  0.
1742.02123639496  0.
1743.46885985866  0.
1744.91648332236  0.
1746.36410678606  0.
1747.81173024976  0.
1749.25935371345  0.
1750.70697717715  0.
1752.15460064085  0.
1753.60222410455  0.
1755.04984756825  0.
1756.49747103194  0.
1757.94509449564  0.
1759.39271795934  0.
1760.84034142304  0.
1762.28796488674  0.
1763.73558835044  0.
1765.18321181413  0.
1766.63083527783  0.
1768.07845874153  0.
1769.52608220523  0.
1770.97370566893  0.
1772.42132913263  0.
1773.86895259632  0.
1775.31657606002  0.
1776.76419952372  0.
1778.21182298742  0.
1779.65944645112  0.
1781.10706991481  0.
1782.55469337851  0.
1784.00231684221  0.
1785.44994030591  0.
1786.89756376961  0.
1788.34518723331  0.
1789.792810697  0.
1791.2404341607  0.
1792.6880576244  0.
1794.1356810881  0.
1795.5833045518  0.
1797.03092801549  0.
1798.47855147919  0.
1799.92617494289  0.
1801.37379840659  0.
1802.82142187029  0.
1804.26904533399  0.
1805.71666879768  0.
1807.16429226138  0.
1808.61191572508  0.
1810.05953918878  0.
1811.50716265248  0.
1812.95478611617  0.
1814.40240957987  0.
1815.85003304357  0.
1817.29765650727  0.
1818.74527997097  0.
1820.19290343467  0.
1821.64052689836  0.
1823.08815036206  0.
1824.53577382576  0.
1825.98339728946  0.
1827.43102075316  0.
1828.87864421685  0.
1830.32626768055  0.
1831.77389114425  0.
