906.735751295338  0.
908.183365802898  0.
909.630980310458  0.
911.078594818018  0.
912.526209325578  0.
913.973823833137  0.
915.421438340697  0.
916.869052848257  0.
918.316667355817  0.
919.764281863377  0.
921.211896370937  0.
922.659510878497  0.
924.107125386056  0.
925.554739893616  0.
927.002354401176  0.
928.449968908736  0.
929.897583416296  0.
931.345197923856  0.
932.792812431415  0.
934.240426938975  0.
935.688041446535  0.
937.135655954095  0.
938.583270461655  0.
940.030884969215  0.
941.478499476774  0.
942.926113984334  0.
944.373728491894  0.
945.821342999454  0.
947.268957507014  0.
948.716572014574  0.
950.164186522133  0.
951.611801029693  0.
953.059415537253  0.
954.507030044813  0.
955.954644552373  0.
957.402259059933  0.
958.849873567493  0.
960.297488075052  0.
961.745102582612  0.
963.192717090172  0.
964.640331597732  0.
966.087946105292  0.
967.535560612852  0.
968.983175120411  0.
970.430789627971  0.
971.878404135531  0.
973.326018643091  0.
974.773633150651  0.
976.221247658211  0.
977.668862165771  0.
979.11647667333  0.
980.56409118089  0.
982.01170568845  0.
983.45932019601  0.
984.90693470357  0.
986.35454921113  0.
987.802163718689  0.
989.249778226249  0.
990.697392733809  0.
992.145007241369  0.
993.592621748929  1.808883E-13
995.040236256489  2.243545E-13
996.487850764048  3.272585E-13
997.935465271608  3.243425E-13
999.383079779168  3.185013E-13
1000.83069428673  2.333854E-13
1002.27830879429  3.590625E-13
1003.72592330185  3.371874E-13
1005.17353780941  3.378818E-13
1006.62115231697  2.984407E-13
1008.06876682453  2.462063E-13
1009.51638133209  3.167557E-13
1010.96399583965  5.261793E-13
1012.41161034721  3.590919E-13
1013.85922485477  2.859365E-13
1015.30683936233  3.685106E-13
1016.75445386989  3.032522E-13
1018.20206837745  2.568467E-13
1019.64968288501  2.706369E-13
1021.09729739257  2.829671E-13
1022.54491190013  3.056506E-13
1023.99252640769  3.334366E-13
1025.44014091525  3.574104E-13
1026.8877554228  3.753597E-13
1028.33536993037  3.387276E-13
1029.78298443792  3.684876E-13
1031.23059894548  3.361901E-13
1032.67821345304  3.626681E-13
1034.1258279606  3.991517E-13
1035.57344246816  3.557378E-13
1037.02105697572  3.137666E-13
1038.46867148328  3.592890E-13
1039.91628599084  3.458100E-13
1041.3639004984  3.016183E-13
1042.81151500596  3.144512E-13
1044.25912951352  3.138022E-13
1045.70674402108  3.922807E-13
1047.15435852864  3.781010E-13
1048.6019730362  3.653179E-13
1050.04958754376  2.862899E-13
1051.49720205132  3.129415E-13
1052.94481655888  2.611464E-13
1054.39243106644  2.649045E-13
1055.840045574  2.572294E-13
1057.28766008156  1.999102E-13
1058.73527458912  2.263959E-13
1060.18288909668  2.308504E-13
1061.63050360424  2.587170E-13
1063.0781181118  2.478190E-13
1064.52573261936  2.374511E-13
1065.97334712692  2.579236E-13
1067.42096163448  2.743684E-13
1068.86857614204  2.190967E-13
1070.3161906496  2.824197E-13
1071.76380515716  2.336771E-13
1073.21141966472  2.542313E-13
1074.65903417228  2.765797E-13
1076.10664867984  2.583251E-13
1077.5542631874  2.725791E-13
1079.00187769496  2.326322E-13
1080.44949220252  2.505167E-13
1081.89710671008  2.408557E-13
1083.34472121764  2.145268E-13
1084.7923357252  2.375125E-13
1086.23995023276  2.348731E-13
1087.68756474032  2.068421E-13
1089.13517924788  1.562961E-13
1090.58279375544  2.122245E-13
1092.030408263  2.216480E-13
1093.47802277056  2.467665E-13
1094.92563727812  2.416029E-13
1096.37325178568  2.338883E-13
1097.82086629324  1.960238E-13
1099.2684808008  2.193447E-13
1100.71609530836  2.182850E-13
1102.16370981592  1.913628E-13
1103.61132432348  2.124310E-13
1105.05893883104  1.953794E-13
1106.5065533386  2.163574E-13
1107.95416784616  2.331452E-13
1109.40178235372  2.382683E-13
1110.84939686128  2.180951E-13
1112.29701136884  2.014484E-13
1113.7446258764  2.094259E-13
1115.19224038396  2.615240E-13
1116.63985489152  2.339181E-13
1118.08746939908  2.700332E-13
1119.53508390664  1.904524E-13
1120.98269841419  2.653171E-13
1122.43031292175  1.962684E-13
1123.87792742931  2.092226E-13
1125.32554193687  1.857417E-13
1126.77315644443  1.519599E-13
1128.22077095199  2.302350E-13
1129.66838545955  2.172248E-13
1131.11599996711  2.185440E-13
1132.56361447467  2.259925E-13
1134.01122898223  2.075840E-13
1135.45884348979  2.580063E-13
1136.90645799735  2.093504E-13
1138.35407250491  2.152687E-13
1139.80168701247  2.227772E-13
1141.24930152003  2.160898E-13
1142.69691602759  2.202881E-13
1144.14453053515  2.436958E-13
1145.59214504271  2.113750E-13
1147.03975955027  2.159793E-13
1148.48737405783  2.292580E-13
1149.93498856539  1.987318E-13
1151.38260307295  2.080711E-13
1152.83021758051  1.810795E-13
1154.27783208807  1.754501E-13
1155.72544659563  2.147471E-13
1157.17306110319  2.350715E-13
1158.62067561075  2.081489E-13
1160.06829011831  2.564962E-13
1161.51590462587  2.117902E-13
1162.96351913343  2.685698E-13
1164.41113364099  2.015377E-13
1165.85874814855  2.242414E-13
1167.30636265611  2.232942E-13
1168.75397716367  2.095958E-13
1170.20159167123  3.143453E-13
1171.64920617879  2.450966E-13
1173.09682068635  2.368593E-13
1174.54443519391  2.011879E-13
1175.99204970147  2.339871E-13
1177.43966420903  2.904858E-13
1178.88727871659  2.232832E-13
1180.33489322415  2.546818E-13
1181.78250773171  2.097559E-13
1183.23012223927  2.340412E-13
1184.67773674683  2.500378E-13
1186.12535125439  2.552146E-13
1187.57296576195  3.151985E-13
1189.02058026951  2.372063E-13
1190.46819477707  2.550517E-13
1191.91580928463  3.524463E-13
1193.36342379219  3.200336E-13
1194.81103829975  3.182545E-13
1196.25865280731  3.598832E-13
1197.70626731487  3.549546E-13
1199.15388182243  3.330878E-13
1200.60149632999  3.808017E-13
1202.04911083755  4.312254E-13
1203.49672534511  3.363919E-13
1204.94433985267  3.933974E-13
1206.39195436023  5.448224E-13
1207.83956886779  5.733912E-13
1209.28718337535  5.312072E-13
1210.7347978829  6.189996E-13
1212.18241239046  8.260296E-13
1213.63002689802  8.092851E-13
1215.07764140558  8.942188E-13
1216.52525591314  9.164767E-13
1217.9728704207  8.083305E-13
1219.42048492826  6.996895E-13
1220.86809943582  6.608157E-13
1222.31571394338  5.569134E-13
1223.76332845094  5.929888E-13
1225.2109429585  4.373174E-13
1226.65855746606  4.433695E-13
1228.10617197362  3.811632E-13
1229.55378648118  3.519600E-13
1231.00140098874  3.760328E-13
1232.4490154963  3.723957E-13
1233.89663000386  4.304845E-13
1235.34424451142  3.731368E-13
1236.79185901898  3.754273E-13
1238.23947352654  3.463204E-13
1239.6870880341  4.235960E-13
1241.13470254166  3.709207E-13
1242.58231704922  3.644744E-13
1244.02993155678  3.458624E-13
1245.47754606434  2.905508E-13
1246.9251605719  3.014317E-13
1248.37277507946  2.850851E-13
1249.82038958702  2.880553E-13
1251.26800409458  2.521322E-13
1252.71561860214  2.685800E-13
1254.1632331097  2.560916E-13
1255.61084761726  2.353475E-13
1257.05846212482  2.767600E-13
1258.50607663238  2.623021E-13
1259.95369113994  2.543794E-13
1261.4013056475  2.392609E-13
1262.84892015506  2.414379E-13
1264.29653466262  2.354878E-13
1265.74414917018  2.027912E-13
1267.19176367774  2.463983E-13
1268.6393781853  2.288535E-13
1270.08699269286  2.394087E-13
1271.53460720042  2.064178E-13
1272.98222170798  2.090996E-13
1274.42983621554  1.975148E-13
1275.8774507231  2.067285E-13
1277.32506523066  2.121153E-13
1278.77267973822  2.219275E-13
1280.22029424578  2.575513E-13
1281.66790875334  2.310237E-13
1283.1155232609  1.765222E-13
1284.56313776846  1.895054E-13
1286.01075227602  1.893865E-13
1287.45836678358  1.776828E-13
1288.90598129114  2.412591E-13
1290.3535957987  2.084519E-13
1291.80121030626  1.891530E-13
1293.24882481382  2.519825E-13
1294.69643932138  2.264713E-13
1296.14405382894  1.969371E-13
1297.5916683365  2.293473E-13
1299.03928284406  1.973686E-13
1300.48689735162  1.972978E-13
1301.93451185917  1.976141E-13
1303.38212636674  1.846370E-13
1304.82974087429  2.009726E-13
1306.27735538185  2.082686E-13
1307.72496988941  2.285523E-13
1309.17258439697  2.060725E-13
1310.62019890453  2.123388E-13
1312.06781341209  1.623116E-13
1313.51542791965  2.003122E-13
1314.96304242721  1.827717E-13
1316.41065693477  1.912514E-13
1317.85827144233  1.460565E-13
1319.30588594989  1.376538E-13
1320.75350045745  1.831248E-13
1322.20111496501  2.086275E-13
1323.64872947257  1.860311E-13
1325.09634398013  1.975360E-13
1326.54395848769  1.923158E-13
1327.99157299525  2.023027E-13
1329.43918750281  2.045988E-13
1330.88680201037  1.803661E-13
1332.33441651793  2.207634E-13
1333.78203102549  1.861518E-13
1335.22964553305  1.667337E-13
1336.67726004061  1.558568E-13
1338.12487454817  1.702544E-13
1339.57248905573  1.812450E-13
1341.02010356329  1.899453E-13
1342.46771807085  2.050852E-13
1343.91533257841  1.826212E-13
1345.36294708597  1.893618E-13
1346.81056159353  2.114486E-13
1348.25817610109  1.628120E-13
1349.70579060865  1.980221E-13
1351.15340511621  2.253048E-13
1352.60101962377  1.564471E-13
1354.04863413133  1.738920E-13
1355.49624863889  1.742948E-13
1356.94386314645  1.791425E-13
1358.39147765401  1.758415E-13
1359.83909216157  1.527666E-13
1361.28670666913  1.884005E-13
1362.73432117669  2.017226E-13
1364.18193568425  1.974414E-13
1365.62955019181  1.824434E-13
1367.07716469937  1.950791E-13
1368.52477920693  1.807746E-13
1369.97239371449  1.507730E-13
1371.42000822205  1.513238E-13
1372.86762272961  1.462394E-13
1374.31523723717  1.711029E-13
1375.76285174473  1.954101E-13
1377.21046625229  1.845335E-13
1378.65808075985  1.866182E-13
1380.10569526741  1.818520E-13
1381.55330977497  1.838222E-13
1383.00092428253  1.663566E-13
1384.44853879009  1.873496E-13
1385.89615329765  1.694083E-13
1387.34376780521  1.891428E-13
1388.79138231277  1.979599E-13
1390.23899682033  1.910884E-13
1391.68661132789  2.104203E-13
1393.13422583545  2.092255E-13
1394.581840343  2.317714E-13
1396.02945485057  2.363511E-13
1397.47706935812  2.645007E-13
1398.92468386568  2.347000E-13
1400.37229837324  2.315656E-13
1401.8199128808  2.531548E-13
1403.26752738836  2.181559E-13
1404.71514189592  2.150172E-13
1406.16275640348  1.772398E-13
1407.61037091104  2.042641E-13
1409.0579854186  2.136936E-13
1410.50559992616  2.058457E-13
1411.95321443372  2.058728E-13
1413.40082894128  1.766250E-13
1414.84844344884  1.977545E-13
1416.2960579564  1.924088E-13
1417.74367246396  1.758472E-13
1419.19128697152  1.491478E-13
1420.63890147908  1.786034E-13
1422.08651598664  2.082449E-13
1423.5341304942  1.854020E-13
1424.98174500176  1.843102E-13
1426.42935950932  1.922758E-13
1427.87697401688  1.789928E-13
1429.32458852444  1.757229E-13
1430.772203032  1.681008E-13
1432.21981753956  1.968608E-13
1433.66743204712  1.756371E-13
1435.11504655468  1.721725E-13
1436.56266106224  1.731373E-13
1438.0102755698  1.756410E-13
1439.45789007736  1.798571E-13
1440.90550458492  1.505958E-13
1442.35311909248  1.621903E-13
1443.80073360004  1.575773E-13
1445.2483481076  1.608553E-13
1446.69596261516  1.703722E-13
1448.14357712272  1.610306E-13
1449.59119163028  1.438420E-13
1451.03880613784  1.538402E-13
1452.4864206454  1.617422E-13
1453.93403515296  1.580132E-13
1455.38164966052  1.633223E-13
1456.82926416808  1.645892E-13
1458.27687867564  1.671048E-13
1459.7244931832  1.508276E-13
1461.17210769076  1.602005E-13
1462.61972219832  1.727224E-13
1464.06733670588  1.581594E-13
1465.51495121344  1.665196E-13
1466.962565721  1.766273E-13
1468.41018022856  1.690503E-13
1469.85779473612  1.710312E-13
1471.30540924368  1.587522E-13
1472.75302375124  1.542335E-13
1474.2006382588  1.527502E-13
1475.64825276636  1.468156E-13
1477.09586727392  1.613924E-13
1478.54348178148  1.693113E-13
1479.99109628904  1.593892E-13
1481.4387107966  1.596932E-13
1482.88632530416  1.569688E-13
1484.33393981172  1.728375E-13
1485.78155431928  1.777079E-13
1487.22916882683  1.658334E-13
1488.67678333439  1.440694E-13
1490.12439784195  1.521606E-13
1491.57201234951  1.463109E-13
1493.01962685707  1.502152E-13
1494.46724136463  1.557159E-13
1495.91485587219  1.443037E-13
1497.36247037975  1.619848E-13
1498.81008488731  1.799160E-13
1500.25769939487  1.571874E-13
1501.70531390243  1.619649E-13
1503.15292840999  1.542727E-13
1504.60054291755  1.593447E-13
1506.04815742511  1.694456E-13
1507.49577193267  1.848939E-13
1508.94338644023  1.699753E-13
1510.39100094779  1.844519E-13
1511.83861545535  1.831274E-13
1513.28622996291  1.715657E-13
1514.73384447047  1.714325E-13
1516.18145897803  1.752266E-13
1517.62907348559  1.824889E-13
1519.07668799315  1.829598E-13
1520.52430250071  1.929537E-13
1521.97191700827  1.986757E-13
1523.41953151583  1.904634E-13
1524.86714602339  1.811566E-13
1526.31476053095  1.946947E-13
1527.76237503851  2.023512E-13
1529.20998954607  2.150824E-13
1530.65760405363  2.117511E-13
1532.10521856119  2.379479E-13
1533.55283306875  2.365356E-13
1535.00044757631  2.535639E-13
1536.44806208387  2.766620E-13
1537.89567659143  3.066361E-13
1539.34329109899  3.156882E-13
1540.79090560655  3.213570E-13
1542.23852011411  3.479081E-13
1543.68613462167  3.425840E-13
1545.13374912923  3.504423E-13
1546.58136363679  3.741794E-13
1548.02897814435  3.523432E-13
1549.47659265191  3.413565E-13
1550.92420715947  3.452529E-13
1552.37182166703  3.209594E-13
1553.81943617459  2.942876E-13
1555.26705068215  2.751119E-13
1556.71466518971  2.367209E-13
1558.16227969727  2.455611E-13
1559.60989420483  2.199803E-13
1561.05750871239  2.056628E-13
1562.50512321995  2.128775E-13
1563.95273772751  2.075954E-13
1565.40035223507  2.026680E-13
1566.84796674263  1.972987E-13
1568.29558125019  1.901231E-13
1569.74319575775  1.798415E-13
1571.19081026531  1.814631E-13
1572.63842477287  1.758607E-13
1574.08603928043  1.810606E-13
1575.53365378799  1.905825E-13
1576.98126829555  1.727067E-13
1578.4288828031  1.754311E-13
1579.87649731066  1.779252E-13
1581.32411181822  1.726444E-13
1582.77172632578  1.744697E-13
1584.21934083334  1.736006E-13
1585.6669553409  1.730263E-13
1587.11456984846  1.677329E-13
1588.56218435602  1.676054E-13
1590.00979886358  1.700753E-13
1591.45741337114  1.647990E-13
1592.9050278787  1.605356E-13
1594.35264238626  1.520894E-13
1595.80025689382  1.600719E-13
1597.24787140138  1.571605E-13
1598.69548590894  1.633561E-13
1600.1431004165  1.725792E-13
1601.59071492406  1.701765E-13
1603.03832943162  1.727848E-13
1604.48594393918  1.650079E-13
1605.93355844674  1.716640E-13
1607.3811729543  1.696440E-13
1608.82878746186  1.494840E-13
1610.27640196942  1.510058E-13
1611.72401647698  1.523834E-13
1613.17163098454  1.627313E-13
1614.6192454921  1.596587E-13
1616.06685999966  1.519896E-13
1617.51447450722  1.563767E-13
1618.96208901478  1.579464E-13
1620.40970352234  1.664976E-13
1621.8573180299  1.723262E-13
1623.30493253746  1.724154E-13
1624.75254704502  1.721156E-13
1626.20016155258  1.709769E-13
1627.64777606014  1.681893E-13
1629.0953905677  1.731562E-13
1630.54300507526  1.723711E-13
1631.99061958282  1.715936E-13
1633.43823409038  1.698369E-13
1634.88584859794  1.593895E-13
1636.3334631055  1.645952E-13
1637.78107761306  1.649944E-13
1639.22869212062  1.611297E-13
1640.67630662818  1.610664E-13
1642.12392113574  1.625754E-13
1643.5715356433  1.645361E-13
1645.01915015086  1.597745E-13
1646.46676465842  1.576141E-13
1647.91437916598  1.640339E-13
1649.36199367354  1.570423E-13
1650.8096081811  1.567881E-13
1652.25722268866  1.626353E-13
1653.70483719622  1.588849E-13
1655.15245170378  1.613148E-13
1656.60006621134  1.567589E-13
1658.0476807189  1.539905E-13
1659.49529522646  1.532224E-13
1660.94290973402  1.565741E-13
1662.39052424158  1.585721E-13
1663.83813874914  1.523042E-13
1665.2857532567  1.589774E-13
1666.73336776426  1.681700E-13
1668.18098227181  1.646434E-13
1669.62859677938  1.556726E-13
1671.07621128693  1.562707E-13
1672.52382579449  1.619409E-13
1673.97144030205  1.594271E-13
1675.41905480961  1.473352E-13
1676.86666931717  1.482332E-13
1678.31428382473  1.498769E-13
1679.76189833229  1.451341E-13
1681.20951283985  1.439415E-13
1682.65712734741  1.418932E-13
1684.10474185497  1.429738E-13
1685.55235636253  1.414784E-13
1686.99997087009  1.383073E-13
1688.44758537765  1.424464E-13
1689.89519988521  1.408715E-13
1691.34281439277  1.371921E-13
1692.79042890033  1.365606E-13
1694.23804340789  1.348646E-13
1695.68565791545  1.381362E-13
1697.13327242301  1.445962E-13
1698.58088693057  1.426340E-13
1700.02850143813  1.419705E-13
1701.47611594569  1.371572E-13
1702.92373045325  1.437346E-13
1704.37134496081  1.474213E-13
1705.81895946837  1.430303E-13
1707.26657397593  1.402281E-13
1708.71418848349  1.441429E-13
1710.16180299105  0.
1711.60941749861  0.
1713.05703200617  0.
1714.50464651373  0.
1715.95226102129  0.
1717.39987552885  0.
1718.84749003641  0.
1720.29510454397  0.
1721.74271905153  0.
1723.19033355909  0.
1724.63794806665  0.
1726.08556257421  0.
1727.53317708177  0.
1728.98079158933  0.
1730.42840609689  0.
1731.87602060445  0.
1733.32363511201  0.
1734.77124961957  0.
1736.21886412713  0.
1737.66647863469  0.
1739.11409314225  0.
1740.56170764981  0.
1742.00932215737  0.
1743.45693666493  0.
1744.90455117249  0.
1746.35216568005  0.
1747.79978018761  0.
1749.24739469517  0.
1750.69500920273  0.
1752.14262371029  0.
1753.59023821785  0.
1755.03785272541  0.
1756.48546723297  0.
1757.93308174053  0.
1759.38069624809  0.
1760.82831075565  0.
1762.27592526321  0.
1763.72353977076  0.
1765.17115427832  0.
1766.61876878588  0.
1768.06638329344  0.
1769.513997801  0.
1770.96161230856  0.
1772.40922681612  0.
1773.85684132368  0.
1775.30445583124  0.
1776.7520703388  0.
1778.19968484636  0.
1779.64729935392  0.
1781.09491386148  0.
1782.54252836904  0.
1783.9901428766  0.
1785.43775738416  0.
1786.88537189172  0.
1788.33298639928  0.
1789.78060090684  0.
1791.2282154144  0.
1792.67582992196  0.
1794.12344442952  0.
1795.57105893708  0.
1797.01867344464  0.
1798.4662879522  0.
1799.91390245976  0.
1801.36151696732  0.
1802.80913147488  0.
1804.25674598244  0.
1805.70436049  0.
1807.15197499756  0.
1808.59958950512  0.
1810.04720401268  0.
1811.49481852024  0.
1812.9424330278  0.
1814.39004753536  0.
1815.83766204292  0.
1817.28527655048  0.
1818.73289105804  0.
1820.1805055656  0.
1821.62812007316  0.
1823.07573458072  0.
1824.52334908828  0.
1825.97096359584  0.
1827.4185781034  0.
1828.86619261096  0.
1830.31380711852  0.
1831.76142162608  0.
