906.735751295338  0.
908.183365802898  0.
909.630980310458  0.
911.078594818018  0.
912.526209325578  0.
913.973823833137  0.
915.421438340697  0.
916.869052848257  0.
918.316667355817  0.
919.764281863377  0.
921.211896370937  0.
922.659510878497  0.
924.107125386056  0.
925.554739893616  0.
927.002354401176  0.
928.449968908736  0.
929.897583416296  0.
931.345197923856  0.
932.792812431415  0.
934.240426938975  0.
935.688041446535  0.
937.135655954095  0.
938.583270461655  0.
940.030884969215  0.
941.478499476774  0.
942.926113984334  0.
944.373728491894  0.
945.821342999454  0.
947.268957507014  0.
948.716572014574  0.
950.164186522133  0.
951.611801029693  0.
953.059415537253  0.
954.507030044813  0.
955.954644552373  0.
957.402259059933  0.
958.849873567493  0.
960.297488075052  0.
961.745102582612  0.
963.192717090172  0.
964.640331597732  0.
966.087946105292  0.
967.535560612852  0.
968.983175120411  0.
970.430789627971  0.
971.878404135531  0.
973.326018643091  0.
974.773633150651  0.
976.221247658211  0.
977.668862165771  0.
979.11647667333  0.
980.56409118089  0.
982.01170568845  0.
983.45932019601  0.
984.90693470357  0.
986.35454921113  0.
987.802163718689  0.
989.249778226249  0.
990.697392733809  0.
992.145007241369  0.
993.592621748929  -9.582745E-15
995.040236256489  3.635658E-13
996.487850764048  2.463090E-13
997.935465271608  2.950007E-13
999.383079779168  4.922854E-13
1000.83069428673  3.860162E-13
1002.27830879429  3.653884E-13
1003.72592330185  4.127708E-13
1005.17353780941  3.264232E-13
1006.62115231697  2.958594E-13
1008.06876682453  2.754832E-13
1009.51638133209  3.474802E-13
1010.96399583965  2.544567E-13
1012.41161034721  2.819179E-13
1013.85922485477  3.678729E-13
1015.30683936233  4.095585E-13
1016.75445386989  3.296515E-13
1018.20206837745  3.332070E-13
1019.64968288501  4.131877E-13
1021.09729739257  3.342753E-13
1022.54491190013  3.208426E-13
1023.99252640769  3.720197E-13
1025.44014091525  4.342349E-13
1026.8877554228  4.308941E-13
1028.33536993037  3.969246E-13
1029.78298443792  3.681695E-13
1031.23059894548  3.209314E-13
1032.67821345304  3.050920E-13
1034.1258279606  4.438726E-13
1035.57344246816  4.045201E-13
1037.02105697572  3.529119E-13
1038.46867148328  3.419304E-13
1039.91628599084  3.628002E-13
1041.3639004984  3.685850E-13
1042.81151500596  2.921076E-13
1044.25912951352  4.180739E-13
1045.70674402108  4.295889E-13
1047.15435852864  4.884113E-13
1048.6019730362  4.483676E-13
1050.04958754376  3.947955E-13
1051.49720205132  3.105633E-13
1052.94481655888  2.900861E-13
1054.39243106644  2.660362E-13
1055.840045574  2.451307E-13
1057.28766008156  2.331957E-13
1058.73527458912  2.610117E-13
1060.18288909668  3.014873E-13
1061.63050360424  2.708103E-13
1063.0781181118  2.695868E-13
1064.52573261936  2.563493E-13
1065.97334712692  2.820574E-13
1067.42096163448  2.522587E-13
1068.86857614204  2.702142E-13
1070.3161906496  2.740697E-13
1071.76380515716  2.696547E-13
1073.21141966472  2.703448E-13
1074.65903417228  2.651055E-13
1076.10664867984  2.919678E-13
1077.5542631874  2.916840E-13
1079.00187769496  2.955538E-13
1080.44949220252  2.772076E-13
1081.89710671008  2.565459E-13
1083.34472121764  2.561204E-13
1084.7923357252  2.287235E-13
1086.23995023276  2.391568E-13
1087.68756474032  2.373739E-13
1089.13517924788  2.185347E-13
1090.58279375544  2.270151E-13
1092.030408263  2.290223E-13
1093.47802277056  2.408095E-13
1094.92563727812  2.223115E-13
1096.37325178568  2.315865E-13
1097.82086629324  2.212056E-13
1099.2684808008  2.294668E-13
1100.71609530836  2.085146E-13
1102.16370981592  2.405632E-13
1103.61132432348  2.279614E-13
1105.05893883104  2.323377E-13
1106.5065533386  2.556286E-13
1107.95416784616  2.705644E-13
1109.40178235372  2.737930E-13
1110.84939686128  2.281763E-13
1112.29701136884  2.181926E-13
1113.7446258764  2.397189E-13
1115.19224038396  2.519767E-13
1116.63985489152  2.712229E-13
1118.08746939908  2.270005E-13
1119.53508390664  2.094750E-13
1120.98269841419  2.110970E-13
1122.43031292175  2.148721E-13
1123.87792742931  2.044713E-13
1125.32554193687  2.130520E-13
1126.77315644443  1.984504E-13
1128.22077095199  2.235316E-13
1129.66838545955  2.294472E-13
1131.11599996711  2.758385E-13
1132.56361447467  2.769413E-13
1134.01122898223  2.342887E-13
1135.45884348979  2.213233E-13
1136.90645799735  2.298850E-13
1138.35407250491  2.308873E-13
1139.80168701247  2.431311E-13
1141.24930152003  2.330453E-13
1142.69691602759  1.973068E-13
1144.14453053515  2.044932E-13
1145.59214504271  2.169508E-13
1147.03975955027  2.079901E-13
1148.48737405783  1.794137E-13
1149.93498856539  1.988893E-13
1151.38260307295  2.242443E-13
1152.83021758051  1.866057E-13
1154.27783208807  1.908663E-13
1155.72544659563  1.987470E-13
1157.17306110319  2.430138E-13
1158.62067561075  2.351653E-13
1160.06829011831  2.109350E-13
1161.51590462587  2.195454E-13
1162.96351913343  2.453747E-13
1164.41113364099  2.317631E-13
1165.85874814855  2.523224E-13
1167.30636265611  2.379560E-13
1168.75397716367  2.387361E-13
1170.20159167123  2.450275E-13
1171.64920617879  2.481379E-13
1173.09682068635  2.341251E-13
1174.54443519391  2.487786E-13
1175.99204970147  2.530673E-13
1177.43966420903  2.560229E-13
1178.88727871659  2.644026E-13
1180.33489322415  2.610506E-13
1181.78250773171  2.817582E-13
1183.23012223927  2.605527E-13
1184.67773674683  2.366830E-13
1186.12535125439  2.621972E-13
1187.57296576195  2.464284E-13
1189.02058026951  2.596821E-13
1190.46819477707  2.640425E-13
1191.91580928463  2.862823E-13
1193.36342379219  2.697931E-13
1194.81103829975  3.201769E-13
1196.25865280731  2.945479E-13
1197.70626731487  3.254787E-13
1199.15388182243  3.400150E-13
1200.60149632999  3.838015E-13
1202.04911083755  3.617775E-13
1203.49672534511  3.273386E-13
1204.94433985267  3.402710E-13
1206.39195436023  4.804648E-13
1207.83956886779  5.088113E-13
1209.28718337535  6.560433E-13
1210.7347978829  6.678610E-13
1212.18241239046  8.213543E-13
1213.63002689802  8.753172E-13
1215.07764140558  1.040047E-12
1216.52525591314  8.735335E-13
1217.9728704207  8.154466E-13
1219.42048492826  7.757205E-13
1220.86809943582  6.711565E-13
1222.31571394338  6.341066E-13
1223.76332845094  5.355115E-13
1225.2109429585  4.683853E-13
1226.65855746606  3.819777E-13
1228.10617197362  3.928154E-13
1229.55378648118  4.414790E-13
1231.00140098874  3.804470E-13
1232.4490154963  3.287929E-13
1233.89663000386  3.527709E-13
1235.34424451142  3.921273E-13
1236.79185901898  4.209262E-13
1238.23947352654  4.076111E-13
1239.6870880341  3.674874E-13
1241.13470254166  3.108110E-13
1242.58231704922  3.887515E-13
1244.02993155678  3.648216E-13
1245.47754606434  3.388846E-13
1246.9251605719  3.115905E-13
1248.37277507946  3.043019E-13
1249.82038958702  2.973649E-13
1251.26800409458  3.076800E-13
1252.71561860214  2.735933E-13
1254.1632331097  2.802211E-13
1255.61084761726  2.518858E-13
1257.05846212482  2.612151E-13
1258.50607663238  3.346983E-13
1259.95369113994  2.627219E-13
1261.4013056475  2.660595E-13
1262.84892015506  2.217997E-13
1264.29653466262  2.270137E-13
1265.74414917018  2.507729E-13
1267.19176367774  2.390778E-13
1268.6393781853  2.393856E-13
1270.08699269286  2.394740E-13
1271.53460720042  2.575486E-13
1272.98222170798  2.516890E-13
1274.42983621554  2.456842E-13
1275.8774507231  2.304253E-13
1277.32506523066  2.209860E-13
1278.77267973822  2.095532E-13
1280.22029424578  1.889064E-13
1281.66790875334  2.072400E-13
1283.1155232609  1.918595E-13
1284.56313776846  1.891430E-13
1286.01075227602  1.735041E-13
1287.45836678358  2.023647E-13
1288.90598129114  2.306914E-13
1290.3535957987  2.363586E-13
1291.80121030626  2.446820E-13
1293.24882481382  1.909081E-13
1294.69643932138  2.146269E-13
1296.14405382894  2.503863E-13
1297.5916683365  2.303907E-13
1299.03928284406  2.308792E-13
1300.48689735162  2.009523E-13
1301.93451185917  1.915782E-13
1303.38212636674  1.887708E-13
1304.82974087429  1.818558E-13
1306.27735538185  1.862009E-13
1307.72496988941  2.075531E-13
1309.17258439697  1.632632E-13
1310.62019890453  2.087517E-13
1312.06781341209  2.314572E-13
1313.51542791965  2.146248E-13
1314.96304242721  2.140623E-13
1316.41065693477  1.802158E-13
1317.85827144233  1.886977E-13
1319.30588594989  1.597938E-13
1320.75350045745  1.687413E-13
1322.20111496501  1.602056E-13
1323.64872947257  1.898695E-13
1325.09634398013  2.052822E-13
1326.54395848769  1.812211E-13
1327.99157299525  1.853987E-13
1329.43918750281  1.745811E-13
1330.88680201037  2.076946E-13
1332.33441651793  1.999379E-13
1333.78203102549  2.172858E-13
1335.22964553305  1.727728E-13
1336.67726004061  1.868687E-13
1338.12487454817  1.739864E-13
1339.57248905573  1.831648E-13
1341.02010356329  1.700307E-13
1342.46771807085  1.813970E-13
1343.91533257841  1.820862E-13
1345.36294708597  2.076323E-13
1346.81056159353  2.098670E-13
1348.25817610109  2.178514E-13
1349.70579060865  2.041982E-13
1351.15340511621  1.882182E-13
1352.60101962377  1.976957E-13
1354.04863413133  1.672962E-13
1355.49624863889  1.589461E-13
1356.94386314645  1.965798E-13
1358.39147765401  2.116914E-13
1359.83909216157  2.282911E-13
1361.28670666913  2.061570E-13
1362.73432117669  2.153148E-13
1364.18193568425  2.121099E-13
1365.62955019181  2.040749E-13
1367.07716469937  2.082321E-13
1368.52477920693  2.035911E-13
1369.97239371449  1.778268E-13
1371.42000822205  1.727039E-13
1372.86762272961  2.005012E-13
1374.31523723717  1.912247E-13
1375.76285174473  1.753737E-13
1377.21046625229  1.974049E-13
1378.65808075985  2.108641E-13
1380.10569526741  1.889410E-13
1381.55330977497  1.971427E-13
1383.00092428253  1.725896E-13
1384.44853879009  1.702556E-13
1385.89615329765  1.791015E-13
1387.34376780521  1.917100E-13
1388.79138231277  2.184928E-13
1390.23899682033  1.792685E-13
1391.68661132789  1.865815E-13
1393.13422583545  2.077142E-13
1394.581840343  1.964050E-13
1396.02945485057  2.152282E-13
1397.47706935812  2.077596E-13
1398.92468386568  1.986258E-13
1400.37229837324  2.032610E-13
1401.8199128808  2.247831E-13
1403.26752738836  2.362436E-13
1404.71514189592  2.120710E-13
1406.16275640348  2.072343E-13
1407.61037091104  2.163240E-13
1409.0579854186  1.935976E-13
1410.50559992616  2.186518E-13
1411.95321443372  2.113375E-13
1413.40082894128  1.742554E-13
1414.84844344884  1.957293E-13
1416.2960579564  1.591535E-13
1417.74367246396  1.576592E-13
1419.19128697152  1.645476E-13
1420.63890147908  1.762583E-13
1422.08651598664  1.734176E-13
1423.5341304942  1.744566E-13
1424.98174500176  1.861669E-13
1426.42935950932  1.865729E-13
1427.87697401688  1.631854E-13
1429.32458852444  1.693944E-13
1430.772203032  1.736423E-13
1432.21981753956  2.097397E-13
1433.66743204712  1.961664E-13
1435.11504655468  1.909294E-13
1436.56266106224  1.873601E-13
1438.0102755698  2.181341E-13
1439.45789007736  2.043554E-13
1440.90550458492  1.619328E-13
1442.35311909248  1.601418E-13
1443.80073360004  1.776009E-13
1445.2483481076  1.654628E-13
1446.69596261516  1.589905E-13
1448.14357712272  1.579512E-13
1449.59119163028  1.567492E-13
1451.03880613784  1.861250E-13
1452.4864206454  1.792446E-13
1453.93403515296  1.679088E-13
1455.38164966052  1.854835E-13
1456.82926416808  1.822111E-13
1458.27687867564  1.960708E-13
1459.7244931832  1.890236E-13
1461.17210769076  1.801045E-13
1462.61972219832  1.684699E-13
1464.06733670588  1.730651E-13
1465.51495121344  1.801754E-13
1466.962565721  1.896382E-13
1468.41018022856  2.066954E-13
1469.85779473612  1.893855E-13
1471.30540924368  2.014277E-13
1472.75302375124  1.694002E-13
1474.2006382588  1.715386E-13
1475.64825276636  1.595415E-13
1477.09586727392  1.633418E-13
1478.54348178148  1.742601E-13
1479.99109628904  1.597575E-13
1481.4387107966  1.771030E-13
1482.88632530416  1.969889E-13
1484.33393981172  2.062474E-13
1485.78155431928  2.032121E-13
1487.22916882683  1.960033E-13
1488.67678333439  1.696186E-13
1490.12439784195  1.741635E-13
1491.57201234951  1.734937E-13
1493.01962685707  1.671356E-13
1494.46724136463  1.837557E-13
1495.91485587219  1.817526E-13
1497.36247037975  1.717723E-13
1498.81008488731  1.844712E-13
1500.25769939487  1.796834E-13
1501.70531390243  1.607410E-13
1503.15292840999  1.609991E-13
1504.60054291755  1.717095E-13
1506.04815742511  1.717609E-13
1507.49577193267  1.763100E-13
1508.94338644023  1.728366E-13
1510.39100094779  1.936794E-13
1511.83861545535  1.852013E-13
1513.28622996291  1.826096E-13
1514.73384447047  1.835411E-13
1516.18145897803  1.876984E-13
1517.62907348559  1.915153E-13
1519.07668799315  1.784136E-13
1520.52430250071  1.937517E-13
1521.97191700827  2.086609E-13
1523.41953151583  2.000242E-13
1524.86714602339  2.041841E-13
1526.31476053095  2.106411E-13
1527.76237503851  1.989946E-13
1529.20998954607  2.179840E-13
1530.65760405363  2.297886E-13
1532.10521856119  2.228311E-13
1533.55283306875  2.463655E-13
1535.00044757631  2.406220E-13
1536.44806208387  2.584885E-13
1537.89567659143  2.647124E-13
1539.34329109899  2.833206E-13
1540.79090560655  3.106039E-13
1542.23852011411  3.278087E-13
1543.68613462167  3.229498E-13
1545.13374912923  3.648579E-13
1546.58136363679  3.572820E-13
1548.02897814435  3.036053E-13
1549.47659265191  3.446663E-13
1550.92420715947  3.372501E-13
1552.37182166703  3.689367E-13
1553.81943617459  3.384231E-13
1555.26705068215  3.004033E-13
1556.71466518971  3.054495E-13
1558.16227969727  2.716720E-13
1559.60989420483  2.542031E-13
1561.05750871239  2.217462E-13
1562.50512321995  2.059625E-13
1563.95273772751  2.064680E-13
1565.40035223507  2.031325E-13
1566.84796674263  1.984221E-13
1568.29558125019  2.057219E-13
1569.74319575775  1.962006E-13
1571.19081026531  1.898841E-13
1572.63842477287  1.990959E-13
1574.08603928043  1.993623E-13
1575.53365378799  1.820471E-13
1576.98126829555  1.791222E-13
1578.4288828031  1.925521E-13
1579.87649731066  1.881112E-13
1581.32411181822  1.764317E-13
1582.77172632578  1.721514E-13
1584.21934083334  1.864992E-13
1585.6669553409  1.895325E-13
1587.11456984846  1.815545E-13
1588.56218435602  1.770386E-13
1590.00979886358  1.686348E-13
1591.45741337114  1.657962E-13
1592.9050278787  1.628522E-13
1594.35264238626  1.594654E-13
1595.80025689382  1.644121E-13
1597.24787140138  1.662044E-13
1598.69548590894  1.647396E-13
1600.1431004165  1.736121E-13
1601.59071492406  1.747512E-13
1603.03832943162  1.706086E-13
1604.48594393918  1.817030E-13
1605.93355844674  1.886093E-13
1607.3811729543  1.903429E-13
1608.82878746186  1.719172E-13
1610.27640196942  1.563109E-13
1611.72401647698  1.570670E-13
1613.17163098454  1.630829E-13
1614.6192454921  1.776469E-13
1616.06685999966  1.786976E-13
1617.51447450722  1.790648E-13
1618.96208901478  1.709918E-13
1620.40970352234  1.682769E-13
1621.8573180299  1.741149E-13
1623.30493253746  1.688272E-13
1624.75254704502  1.631900E-13
1626.20016155258  1.676645E-13
1627.64777606014  1.728172E-13
1629.0953905677  1.756539E-13
1630.54300507526  1.751618E-13
1631.99061958282  1.854586E-13
1633.43823409038  1.814184E-13
1634.88584859794  1.708952E-13
1636.3334631055  1.750372E-13
1637.78107761306  1.722241E-13
1639.22869212062  1.585191E-13
1640.67630662818  1.743525E-13
1642.12392113574  1.782779E-13
1643.5715356433  1.755312E-13
1645.01915015086  1.717755E-13
1646.46676465842  1.685066E-13
1647.91437916598  1.666790E-13
1649.36199367354  1.664755E-13
1650.8096081811  1.644863E-13
1652.25722268866  1.624854E-13
1653.70483719622  1.518243E-13
1655.15245170378  1.552817E-13
1656.60006621134  1.586264E-13
1658.0476807189  1.713349E-13
1659.49529522646  1.769816E-13
1660.94290973402  1.618958E-13
1662.39052424158  1.600516E-13
1663.83813874914  1.577640E-13
1665.2857532567  1.571906E-13
1666.73336776426  1.622136E-13
1668.18098227181  1.655608E-13
1669.62859677938  1.628991E-13
1671.07621128693  1.643060E-13
1672.52382579449  1.659194E-13
1673.97144030205  1.601710E-13
1675.41905480961  1.644298E-13
1676.86666931717  1.590484E-13
1678.31428382473  1.559751E-13
1679.76189833229  1.495363E-13
1681.20951283985  1.422711E-13
1682.65712734741  1.376471E-13
1684.10474185497  1.398080E-13
1685.55235636253  1.407496E-13
1686.99997087009  1.520111E-13
1688.44758537765  1.486423E-13
1689.89519988521  1.484366E-13
1691.34281439277  1.482768E-13
1692.79042890033  1.527936E-13
1694.23804340789  1.505864E-13
1695.68565791545  1.507989E-13
1697.13327242301  1.522212E-13
1698.58088693057  1.538842E-13
1700.02850143813  1.495641E-13
1701.47611594569  1.536799E-13
1702.92373045325  1.532218E-13
1704.37134496081  1.583882E-13
1705.81895946837  1.588715E-13
1707.26657397593  1.576297E-13
1708.71418848349  1.624671E-13
1710.16180299105  0.
1711.60941749861  0.
1713.05703200617  0.
1714.50464651373  0.
1715.95226102129  0.
1717.39987552885  0.
1718.84749003641  0.
1720.29510454397  0.
1721.74271905153  0.
1723.19033355909  0.
1724.63794806665  0.
1726.08556257421  0.
1727.53317708177  0.
1728.98079158933  0.
1730.42840609689  0.
1731.87602060445  0.
1733.32363511201  0.
1734.77124961957  0.
1736.21886412713  0.
1737.66647863469  0.
1739.11409314225  0.
1740.56170764981  0.
1742.00932215737  0.
1743.45693666493  0.
1744.90455117249  0.
1746.35216568005  0.
1747.79978018761  0.
1749.24739469517  0.
1750.69500920273  0.
1752.14262371029  0.
1753.59023821785  0.
1755.03785272541  0.
1756.48546723297  0.
1757.93308174053  0.
1759.38069624809  0.
1760.82831075565  0.
1762.27592526321  0.
1763.72353977076  0.
1765.17115427832  0.
1766.61876878588  0.
1768.06638329344  0.
1769.513997801  0.
1770.96161230856  0.
1772.40922681612  0.
1773.85684132368  0.
1775.30445583124  0.
1776.7520703388  0.
1778.19968484636  0.
1779.64729935392  0.
1781.09491386148  0.
1782.54252836904  0.
1783.9901428766  0.
1785.43775738416  0.
1786.88537189172  0.
1788.33298639928  0.
1789.78060090684  0.
1791.2282154144  0.
1792.67582992196  0.
1794.12344442952  0.
1795.57105893708  0.
1797.01867344464  0.
1798.4662879522  0.
1799.91390245976  0.
1801.36151696732  0.
1802.80913147488  0.
1804.25674598244  0.
1805.70436049  0.
1807.15197499756  0.
1808.59958950512  0.
1810.04720401268  0.
1811.49481852024  0.
1812.9424330278  0.
1814.39004753536  0.
1815.83766204292  0.
1817.28527655048  0.
1818.73289105804  0.
1820.1805055656  0.
1821.62812007316  0.
1823.07573458072  0.
1824.52334908828  0.
1825.97096359584  0.
1827.4185781034  0.
1828.86619261096  0.
1830.31380711852  0.
1831.76142162608  0.
