906.735751295338  0.
908.183365802898  0.
909.630980310458  0.
911.078594818018  0.
912.526209325578  0.
913.973823833137  0.
915.421438340697  0.
916.869052848257  0.
918.316667355817  0.
919.764281863377  0.
921.211896370937  0.
922.659510878497  0.
924.107125386056  0.
925.554739893616  0.
927.002354401176  0.
928.449968908736  0.
929.897583416296  0.
931.345197923856  0.
932.792812431415  0.
934.240426938975  0.
935.688041446535  0.
937.135655954095  0.
938.583270461655  0.
940.030884969215  0.
941.478499476774  0.
942.926113984334  0.
944.373728491894  0.
945.821342999454  0.
947.268957507014  0.
948.716572014574  0.
950.164186522133  0.
951.611801029693  0.
953.059415537253  0.
954.507030044813  0.
955.954644552373  0.
957.402259059933  0.
958.849873567493  0.
960.297488075052  0.
961.745102582612  0.
963.192717090172  0.
964.640331597732  0.
966.087946105292  0.
967.535560612852  0.
968.983175120411  0.
970.430789627971  0.
971.878404135531  0.
973.326018643091  0.
974.773633150651  0.
976.221247658211  0.
977.668862165771  0.
979.11647667333  0.
980.56409118089  0.
982.01170568845  0.
983.45932019601  0.
984.90693470357  0.
986.35454921113  0.
987.802163718689  0.
989.249778226249  0.
990.697392733809  0.
992.145007241369  0.
993.592621748929  1.741004E-13
995.040236256489  5.976153E-13
996.487850764048  2.916341E-13
997.935465271608  3.640605E-13
999.383079779168  4.273412E-13
1000.83069428673  1.826731E-13
1002.27830879429  2.808225E-13
1003.72592330185  2.900778E-13
1005.17353780941  3.416281E-13
1006.62115231697  4.872074E-13
1008.06876682453  3.154506E-13
1009.51638133209  4.674137E-13
1010.96399583965  3.384631E-13
1012.41161034721  2.287259E-13
1013.85922485477  3.615124E-13
1015.30683936233  4.278225E-13
1016.75445386989  4.030284E-13
1018.20206837745  3.987035E-13
1019.64968288501  5.109141E-13
1021.09729739257  3.959034E-13
1022.54491190013  3.991858E-13
1023.99252640769  4.158720E-13
1025.44014091525  4.583876E-13
1026.8877554228  4.003956E-13
1028.33536993037  4.294005E-13
1029.78298443792  4.368774E-13
1031.23059894548  4.315990E-13
1032.67821345304  4.052040E-13
1034.1258279606  4.085867E-13
1035.57344246816  4.180081E-13
1037.02105697572  3.928150E-13
1038.46867148328  3.492437E-13
1039.91628599084  3.146588E-13
1041.3639004984  3.047100E-13
1042.81151500596  3.133912E-13
1044.25912951352  3.389254E-13
1045.70674402108  4.635687E-13
1047.15435852864  3.746600E-13
1048.6019730362  3.216466E-13
1050.04958754376  4.191681E-13
1051.49720205132  3.930052E-13
1052.94481655888  3.319488E-13
1054.39243106644  3.811509E-13
1055.840045574  3.018101E-13
1057.28766008156  2.676880E-13
1058.73527458912  3.132701E-13
1060.18288909668  2.697381E-13
1061.63050360424  3.077276E-13
1063.0781181118  2.886523E-13
1064.52573261936  3.044214E-13
1065.97334712692  3.220721E-13
1067.42096163448  2.745769E-13
1068.86857614204  2.660015E-13
1070.3161906496  3.238166E-13
1071.76380515716  2.606754E-13
1073.21141966472  3.112064E-13
1074.65903417228  2.837068E-13
1076.10664867984  3.015120E-13
1077.5542631874  2.844128E-13
1079.00187769496  2.641847E-13
1080.44949220252  2.752197E-13
1081.89710671008  2.699090E-13
1083.34472121764  2.913727E-13
1084.7923357252  2.454874E-13
1086.23995023276  2.165727E-13
1087.68756474032  2.200021E-13
1089.13517924788  2.482966E-13
1090.58279375544  2.564009E-13
1092.030408263  2.687375E-13
1093.47802277056  2.665166E-13
1094.92563727812  2.468901E-13
1096.37325178568  2.622554E-13
1097.82086629324  2.277023E-13
1099.2684808008  2.285475E-13
1100.71609530836  2.022604E-13
1102.16370981592  2.485973E-13
1103.61132432348  2.645513E-13
1105.05893883104  2.563926E-13
1106.5065533386  2.668978E-13
1107.95416784616  2.676914E-13
1109.40178235372  2.371215E-13
1110.84939686128  2.501820E-13
1112.29701136884  2.628276E-13
1113.7446258764  2.705340E-13
1115.19224038396  2.594471E-13
1116.63985489152  2.593585E-13
1118.08746939908  2.488225E-13
1119.53508390664  2.613543E-13
1120.98269841419  2.532296E-13
1122.43031292175  2.201210E-13
1123.87792742931  1.745149E-13
1125.32554193687  2.310734E-13
1126.77315644443  2.245590E-13
1128.22077095199  2.404257E-13
1129.66838545955  2.365396E-13
1131.11599996711  2.801969E-13
1132.56361447467  2.408631E-13
1134.01122898223  2.716839E-13
1135.45884348979  2.295922E-13
1136.90645799735  2.168052E-13
1138.35407250491  2.339382E-13
1139.80168701247  2.567995E-13
1141.24930152003  2.271383E-13
1142.69691602759  1.937213E-13
1144.14453053515  2.153062E-13
1145.59214504271  2.354327E-13
1147.03975955027  2.494395E-13
1148.48737405783  2.027144E-13
1149.93498856539  2.190743E-13
1151.38260307295  2.251440E-13
1152.83021758051  1.911311E-13
1154.27783208807  2.221893E-13
1155.72544659563  2.442783E-13
1157.17306110319  2.328873E-13
1158.62067561075  2.467274E-13
1160.06829011831  2.337126E-13
1161.51590462587  2.161941E-13
1162.96351913343  2.266563E-13
1164.41113364099  2.392557E-13
1165.85874814855  2.439976E-13
1167.30636265611  2.368641E-13
1168.75397716367  2.565629E-13
1170.20159167123  2.723878E-13
1171.64920617879  2.705421E-13
1173.09682068635  2.857064E-13
1174.54443519391  2.802292E-13
1175.99204970147  2.514097E-13
1177.43966420903  2.822628E-13
1178.88727871659  2.503336E-13
1180.33489322415  2.302321E-13
1181.78250773171  2.864772E-13
1183.23012223927  2.384012E-13
1184.67773674683  2.413162E-13
1186.12535125439  2.756175E-13
1187.57296576195  2.674931E-13
1189.02058026951  3.305995E-13
1190.46819477707  2.865550E-13
1191.91580928463  3.183858E-13
1193.36342379219  2.788497E-13
1194.81103829975  3.451713E-13
1196.25865280731  3.133410E-13
1197.70626731487  3.692973E-13
1199.15388182243  3.287825E-13
1200.60149632999  3.580967E-13
1202.04911083755  3.842284E-13
1203.49672534511  3.892158E-13
1204.94433985267  4.445291E-13
1206.39195436023  6.094050E-13
1207.83956886779  6.163162E-13
1209.28718337535  7.543897E-13
1210.7347978829  8.524947E-13
1212.18241239046  9.330263E-13
1213.63002689802  8.553885E-13
1215.07764140558  8.847012E-13
1216.52525591314  7.567471E-13
1217.9728704207  7.839817E-13
1219.42048492826  6.426353E-13
1220.86809943582  5.415240E-13
1222.31571394338  4.695590E-13
1223.76332845094  3.966662E-13
1225.2109429585  4.028823E-13
1226.65855746606  3.984664E-13
1228.10617197362  3.979439E-13
1229.55378648118  3.836773E-13
1231.00140098874  3.567798E-13
1232.4490154963  3.944293E-13
1233.89663000386  3.953738E-13
1235.34424451142  4.151524E-13
1236.79185901898  3.874482E-13
1238.23947352654  3.731116E-13
1239.6870880341  3.871703E-13
1241.13470254166  3.206033E-13
1242.58231704922  3.700052E-13
1244.02993155678  3.317249E-13
1245.47754606434  3.097113E-13
1246.9251605719  2.772992E-13
1248.37277507946  2.918157E-13
1249.82038958702  2.891851E-13
1251.26800409458  3.105009E-13
1252.71561860214  2.741897E-13
1254.1632331097  2.679384E-13
1255.61084761726  2.366861E-13
1257.05846212482  2.427305E-13
1258.50607663238  2.818536E-13
1259.95369113994  2.537752E-13
1261.4013056475  2.718900E-13
1262.84892015506  2.365972E-13
1264.29653466262  2.115690E-13
1265.74414917018  2.470512E-13
1267.19176367774  1.969290E-13
1268.6393781853  2.024126E-13
1270.08699269286  2.293676E-13
1271.53460720042  2.418328E-13
1272.98222170798  2.553941E-13
1274.42983621554  2.239902E-13
1275.8774507231  2.108152E-13
1277.32506523066  2.001145E-13
1278.77267973822  2.100603E-13
1280.22029424578  1.828325E-13
1281.66790875334  2.142483E-13
1283.1155232609  2.112818E-13
1284.56313776846  1.989627E-13
1286.01075227602  2.072860E-13
1287.45836678358  2.478900E-13
1288.90598129114  2.243677E-13
1290.3535957987  2.072728E-13
1291.80121030626  2.172167E-13
1293.24882481382  2.039688E-13
1294.69643932138  2.474465E-13
1296.14405382894  2.228542E-13
1297.5916683365  2.277556E-13
1299.03928284406  2.028274E-13
1300.48689735162  2.433804E-13
1301.93451185917  2.512428E-13
1303.38212636674  2.244606E-13
1304.82974087429  2.231582E-13
1306.27735538185  2.321729E-13
1307.72496988941  2.374221E-13
1309.17258439697  2.069929E-13
1310.62019890453  1.908792E-13
1312.06781341209  1.768866E-13
1313.51542791965  2.046766E-13
1314.96304242721  2.391012E-13
1316.41065693477  1.678611E-13
1317.85827144233  1.649059E-13
1319.30588594989  1.792154E-13
1320.75350045745  2.024604E-13
1322.20111496501  1.931789E-13
1323.64872947257  1.956972E-13
1325.09634398013  2.222550E-13
1326.54395848769  2.348311E-13
1327.99157299525  2.312510E-13
1329.43918750281  2.494163E-13
1330.88680201037  2.457135E-13
1332.33441651793  2.081956E-13
1333.78203102549  2.042229E-13
1335.22964553305  1.800096E-13
1336.67726004061  1.832466E-13
1338.12487454817  1.629247E-13
1339.57248905573  1.801828E-13
1341.02010356329  1.852257E-13
1342.46771807085  2.234002E-13
1343.91533257841  2.000419E-13
1345.36294708597  2.030677E-13
1346.81056159353  1.617001E-13
1348.25817610109  1.780473E-13
1349.70579060865  2.282877E-13
1351.15340511621  2.318843E-13
1352.60101962377  2.090859E-13
1354.04863413133  2.154145E-13
1355.49624863889  2.120346E-13
1356.94386314645  2.345078E-13
1358.39147765401  1.857770E-13
1359.83909216157  2.175126E-13
1361.28670666913  2.380391E-13
1362.73432117669  2.207821E-13
1364.18193568425  2.358833E-13
1365.62955019181  2.020537E-13
1367.07716469937  2.115976E-13
1368.52477920693  2.153786E-13
1369.97239371449  2.193419E-13
1371.42000822205  1.948795E-13
1372.86762272961  1.860105E-13
1374.31523723717  1.803561E-13
1375.76285174473  2.172612E-13
1377.21046625229  2.030009E-13
1378.65808075985  1.930486E-13
1380.10569526741  2.177545E-13
1381.55330977497  2.363849E-13
1383.00092428253  2.297357E-13
1384.44853879009  1.887068E-13
1385.89615329765  1.901753E-13
1387.34376780521  1.746543E-13
1388.79138231277  2.205472E-13
1390.23899682033  2.405956E-13
1391.68661132789  2.427345E-13
1393.13422583545  2.271375E-13
1394.581840343  2.420860E-13
1396.02945485057  2.177546E-13
1397.47706935812  2.128816E-13
1398.92468386568  1.986685E-13
1400.37229837324  2.300135E-13
1401.8199128808  2.273156E-13
1403.26752738836  2.051036E-13
1404.71514189592  2.068308E-13
1406.16275640348  2.036348E-13
1407.61037091104  2.136687E-13
1409.0579854186  2.039693E-13
1410.50559992616  1.991671E-13
1411.95321443372  1.995792E-13
1413.40082894128  1.846139E-13
1414.84844344884  2.081739E-13
1416.2960579564  2.088338E-13
1417.74367246396  1.904655E-13
1419.19128697152  1.941606E-13
1420.63890147908  1.938901E-13
1422.08651598664  1.939442E-13
1423.5341304942  1.679210E-13
1424.98174500176  1.729886E-13
1426.42935950932  1.822909E-13
1427.87697401688  1.800233E-13
1429.32458852444  1.747167E-13
1430.772203032  1.699977E-13
1432.21981753956  1.919401E-13
1433.66743204712  1.912514E-13
1435.11504655468  1.896834E-13
1436.56266106224  1.829833E-13
1438.0102755698  1.664834E-13
1439.45789007736  1.533224E-13
1440.90550458492  1.320520E-13
1442.35311909248  1.784496E-13
1443.80073360004  1.865202E-13
1445.2483481076  1.834239E-13
1446.69596261516  1.975527E-13
1448.14357712272  1.819776E-13
1449.59119163028  1.858307E-13
1451.03880613784  1.945095E-13
1452.4864206454  1.880246E-13
1453.93403515296  1.906316E-13
1455.38164966052  1.937701E-13
1456.82926416808  1.916262E-13
1458.27687867564  1.848639E-13
1459.7244931832  1.763539E-13
1461.17210769076  1.760744E-13
1462.61972219832  1.882351E-13
1464.06733670588  1.925735E-13
1465.51495121344  1.829513E-13
1466.962565721  1.712769E-13
1468.41018022856  1.580483E-13
1469.85779473612  1.696373E-13
1471.30540924368  1.812701E-13
1472.75302375124  1.829126E-13
1474.2006382588  1.783830E-13
1475.64825276636  1.877138E-13
1477.09586727392  1.867198E-13
1478.54348178148  1.739950E-13
1479.99109628904  1.800120E-13
1481.4387107966  2.005711E-13
1482.88632530416  1.927247E-13
1484.33393981172  1.783032E-13
1485.78155431928  1.960602E-13
1487.22916882683  2.000743E-13
1488.67678333439  1.785944E-13
1490.12439784195  1.811248E-13
1491.57201234951  1.667942E-13
1493.01962685707  1.784582E-13
1494.46724136463  1.721877E-13
1495.91485587219  1.609074E-13
1497.36247037975  1.812393E-13
1498.81008488731  1.899903E-13
1500.25769939487  1.853376E-13
1501.70531390243  1.908752E-13
1503.15292840999  1.927090E-13
1504.60054291755  1.946559E-13
1506.04815742511  1.767636E-13
1507.49577193267  1.835023E-13
1508.94338644023  1.890351E-13
1510.39100094779  1.931214E-13
1511.83861545535  1.840535E-13
1513.28622996291  1.659893E-13
1514.73384447047  1.885643E-13
1516.18145897803  2.148773E-13
1517.62907348559  2.114735E-13
1519.07668799315  1.933497E-13
1520.52430250071  1.874403E-13
1521.97191700827  1.846942E-13
1523.41953151583  1.991554E-13
1524.86714602339  2.143308E-13
1526.31476053095  2.245567E-13
1527.76237503851  2.339191E-13
1529.20998954607  2.195522E-13
1530.65760405363  2.291813E-13
1532.10521856119  2.332894E-13
1533.55283306875  2.380235E-13
1535.00044757631  2.585251E-13
1536.44806208387  2.706985E-13
1537.89567659143  2.848194E-13
1539.34329109899  3.026636E-13
1540.79090560655  3.680749E-13
1542.23852011411  3.850932E-13
1543.68613462167  3.876472E-13
1545.13374912923  3.917554E-13
1546.58136363679  3.816320E-13
1548.02897814435  3.609824E-13
1549.47659265191  3.583992E-13
1550.92420715947  3.425943E-13
1552.37182166703  3.261566E-13
1553.81943617459  3.062970E-13
1555.26705068215  2.687386E-13
1556.71466518971  2.633350E-13
1558.16227969727  2.504610E-13
1559.60989420483  2.399164E-13
1561.05750871239  2.220307E-13
1562.50512321995  2.198132E-13
1563.95273772751  2.210949E-13
1565.40035223507  2.136574E-13
1566.84796674263  2.145555E-13
1568.29558125019  2.045217E-13
1569.74319575775  1.920591E-13
1571.19081026531  1.929813E-13
1572.63842477287  1.985113E-13
1574.08603928043  2.070338E-13
1575.53365378799  2.007142E-13
1576.98126829555  1.919374E-13
1578.4288828031  2.022073E-13
1579.87649731066  2.056920E-13
1581.32411181822  1.912237E-13
1582.77172632578  1.795096E-13
1584.21934083334  1.800366E-13
1585.6669553409  1.875538E-13
1587.11456984846  1.860264E-13
1588.56218435602  1.817416E-13
1590.00979886358  1.848465E-13
1591.45741337114  1.852854E-13
1592.9050278787  1.676269E-13
1594.35264238626  1.645332E-13
1595.80025689382  1.714378E-13
1597.24787140138  1.683379E-13
1598.69548590894  1.706661E-13
1600.1431004165  1.823636E-13
1601.59071492406  1.804781E-13
1603.03832943162  1.785108E-13
1604.48594393918  1.722556E-13
1605.93355844674  1.735827E-13
1607.3811729543  1.774688E-13
1608.82878746186  1.812349E-13
1610.27640196942  1.839497E-13
1611.72401647698  1.797012E-13
1613.17163098454  1.839068E-13
1614.6192454921  1.819740E-13
1616.06685999966  1.752300E-13
1617.51447450722  1.791586E-13
1618.96208901478  1.857212E-13
1620.40970352234  1.830500E-13
1621.8573180299  1.859450E-13
1623.30493253746  1.773144E-13
1624.75254704502  1.870404E-13
1626.20016155258  1.857430E-13
1627.64777606014  1.801734E-13
1629.0953905677  1.865075E-13
1630.54300507526  1.971387E-13
1631.99061958282  2.024738E-13
1633.43823409038  1.901055E-13
1634.88584859794  1.787205E-13
1636.3334631055  1.793574E-13
1637.78107761306  1.827363E-13
1639.22869212062  1.797474E-13
1640.67630662818  1.739840E-13
1642.12392113574  1.696306E-13
1643.5715356433  1.820152E-13
1645.01915015086  1.777681E-13
1646.46676465842  1.755156E-13
1647.91437916598  1.702053E-13
1649.36199367354  1.796291E-13
1650.8096081811  1.861679E-13
1652.25722268866  1.867575E-13
1653.70483719622  1.685087E-13
1655.15245170378  1.692320E-13
1656.60006621134  1.685823E-13
1658.0476807189  1.720408E-13
1659.49529522646  1.770400E-13
1660.94290973402  1.707524E-13
1662.39052424158  1.679965E-13
1663.83813874914  1.540158E-13
1665.2857532567  1.664380E-13
1666.73336776426  1.668470E-13
1668.18098227181  1.668850E-13
1669.62859677938  1.653684E-13
1671.07621128693  1.674215E-13
1672.52382579449  1.623552E-13
1673.97144030205  1.568160E-13
1675.41905480961  1.577212E-13
1676.86666931717  1.552515E-13
1678.31428382473  1.516059E-13
1679.76189833229  1.453102E-13
1681.20951283985  1.507090E-13
1682.65712734741  1.525173E-13
1684.10474185497  1.605321E-13
1685.55235636253  1.584422E-13
1686.99997087009  1.615456E-13
1688.44758537765  1.590794E-13
1689.89519988521  1.636471E-13
1691.34281439277  1.641187E-13
1692.79042890033  1.660812E-13
1694.23804340789  1.569865E-13
1695.68565791545  1.705715E-13
1697.13327242301  1.783015E-13
1698.58088693057  1.704241E-13
1700.02850143813  1.609048E-13
1701.47611594569  1.601968E-13
1702.92373045325  1.525076E-13
1704.37134496081  1.619239E-13
1705.81895946837  1.681412E-13
1707.26657397593  1.637151E-13
1708.71418848349  1.538705E-13
1710.16180299105  0.
1711.60941749861  0.
1713.05703200617  0.
1714.50464651373  0.
1715.95226102129  0.
1717.39987552885  0.
1718.84749003641  0.
1720.29510454397  0.
1721.74271905153  0.
1723.19033355909  0.
1724.63794806665  0.
1726.08556257421  0.
1727.53317708177  0.
1728.98079158933  0.
1730.42840609689  0.
1731.87602060445  0.
1733.32363511201  0.
1734.77124961957  0.
1736.21886412713  0.
1737.66647863469  0.
1739.11409314225  0.
1740.56170764981  0.
1742.00932215737  0.
1743.45693666493  0.
1744.90455117249  0.
1746.35216568005  0.
1747.79978018761  0.
1749.24739469517  0.
1750.69500920273  0.
1752.14262371029  0.
1753.59023821785  0.
1755.03785272541  0.
1756.48546723297  0.
1757.93308174053  0.
1759.38069624809  0.
1760.82831075565  0.
1762.27592526321  0.
1763.72353977076  0.
1765.17115427832  0.
1766.61876878588  0.
1768.06638329344  0.
1769.513997801  0.
1770.96161230856  0.
1772.40922681612  0.
1773.85684132368  0.
1775.30445583124  0.
1776.7520703388  0.
1778.19968484636  0.
1779.64729935392  0.
1781.09491386148  0.
1782.54252836904  0.
1783.9901428766  0.
1785.43775738416  0.
1786.88537189172  0.
1788.33298639928  0.
1789.78060090684  0.
1791.2282154144  0.
1792.67582992196  0.
1794.12344442952  0.
1795.57105893708  0.
1797.01867344464  0.
1798.4662879522  0.
1799.91390245976  0.
1801.36151696732  0.
1802.80913147488  0.
1804.25674598244  0.
1805.70436049  0.
1807.15197499756  0.
1808.59958950512  0.
1810.04720401268  0.
1811.49481852024  0.
1812.9424330278  0.
1814.39004753536  0.
1815.83766204292  0.
1817.28527655048  0.
1818.73289105804  0.
1820.1805055656  0.
1821.62812007316  0.
1823.07573458072  0.
1824.52334908828  0.
1825.97096359584  0.
1827.4185781034  0.
1828.86619261096  0.
1830.31380711852  0.
1831.76142162608  0.
