906.735751295338  0.
908.183365802898  0.
909.630980310458  0.
911.078594818018  0.
912.526209325578  0.
913.973823833137  0.
915.421438340697  0.
916.869052848257  0.
918.316667355817  0.
919.764281863377  0.
921.211896370937  0.
922.659510878497  0.
924.107125386056  0.
925.554739893616  0.
927.002354401176  0.
928.449968908736  0.
929.897583416296  0.
931.345197923856  0.
932.792812431415  0.
934.240426938975  0.
935.688041446535  0.
937.135655954095  0.
938.583270461655  0.
940.030884969215  0.
941.478499476774  0.
942.926113984334  0.
944.373728491894  0.
945.821342999454  0.
947.268957507014  0.
948.716572014574  0.
950.164186522133  0.
951.611801029693  0.
953.059415537253  0.
954.507030044813  0.
955.954644552373  0.
957.402259059933  0.
958.849873567493  0.
960.297488075052  0.
961.745102582612  0.
963.192717090172  0.
964.640331597732  0.
966.087946105292  0.
967.535560612852  0.
968.983175120411  0.
970.430789627971  0.
971.878404135531  0.
973.326018643091  0.
974.773633150651  0.
976.221247658211  0.
977.668862165771  0.
979.11647667333  0.
980.56409118089  0.
982.01170568845  0.
983.45932019601  0.
984.90693470357  0.
986.35454921113  0.
987.802163718689  0.
989.249778226249  0.
990.697392733809  0.
992.145007241369  0.
993.592621748929  3.282279E-13
995.040236256489  4.737073E-13
996.487850764048  3.278473E-13
997.935465271608  3.636473E-13
999.383079779168  4.953102E-13
1000.83069428673  3.399356E-13
1002.27830879429  3.643243E-13
1003.72592330185  3.717997E-13
1005.17353780941  3.197774E-13
1006.62115231697  3.226024E-13
1008.06876682453  3.040991E-13
1009.51638133209  3.882495E-13
1010.96399583965  3.439154E-13
1012.41161034721  2.890921E-13
1013.85922485477  2.854236E-13
1015.30683936233  3.457424E-13
1016.75445386989  3.273622E-13
1018.20206837745  3.339172E-13
1019.64968288501  3.642919E-13
1021.09729739257  3.660959E-13
1022.54491190013  3.776109E-13
1023.99252640769  4.352629E-13
1025.44014091525  4.273373E-13
1026.8877554228  3.786314E-13
1028.33536993037  3.819342E-13
1029.78298443792  3.489696E-13
1031.23059894548  3.442625E-13
1032.67821345304  4.442848E-13
1034.1258279606  3.791735E-13
1035.57344246816  3.546731E-13
1037.02105697572  3.468152E-13
1038.46867148328  3.659606E-13
1039.91628599084  3.284102E-13
1041.3639004984  2.932098E-13
1042.81151500596  2.972352E-13
1044.25912951352  3.805130E-13
1045.70674402108  3.847969E-13
1047.15435852864  3.974129E-13
1048.6019730362  2.952183E-13
1050.04958754376  3.119847E-13
1051.49720205132  3.214996E-13
1052.94481655888  3.013673E-13
1054.39243106644  2.508500E-13
1055.840045574  2.868223E-13
1057.28766008156  2.153516E-13
1058.73527458912  2.546657E-13
1060.18288909668  2.617398E-13
1061.63050360424  2.755181E-13
1063.0781181118  2.761848E-13
1064.52573261936  2.754114E-13
1065.97334712692  2.911795E-13
1067.42096163448  2.924906E-13
1068.86857614204  2.590556E-13
1070.3161906496  2.902202E-13
1071.76380515716  2.501968E-13
1073.21141966472  2.926816E-13
1074.65903417228  2.622895E-13
1076.10664867984  2.795910E-13
1077.5542631874  2.832534E-13
1079.00187769496  2.462621E-13
1080.44949220252  2.750755E-13
1081.89710671008  2.379909E-13
1083.34472121764  2.660271E-13
1084.7923357252  2.388151E-13
1086.23995023276  2.181885E-13
1087.68756474032  2.402357E-13
1089.13517924788  2.386969E-13
1090.58279375544  2.215805E-13
1092.030408263  2.660609E-13
1093.47802277056  2.745921E-13
1094.92563727812  2.491427E-13
1096.37325178568  2.436694E-13
1097.82086629324  2.282035E-13
1099.2684808008  2.260077E-13
1100.71609530836  2.120031E-13
1102.16370981592  2.355738E-13
1103.61132432348  2.423246E-13
1105.05893883104  2.595113E-13
1106.5065533386  2.417640E-13
1107.95416784616  2.439461E-13
1109.40178235372  2.431738E-13
1110.84939686128  2.409499E-13
1112.29701136884  2.636425E-13
1113.7446258764  2.487893E-13
1115.19224038396  2.414146E-13
1116.63985489152  2.472525E-13
1118.08746939908  2.675788E-13
1119.53508390664  2.289485E-13
1120.98269841419  2.198944E-13
1122.43031292175  2.710264E-13
1123.87792742931  2.143517E-13
1125.32554193687  1.934734E-13
1126.77315644443  2.049957E-13
1128.22077095199  2.401436E-13
1129.66838545955  2.351098E-13
1131.11599996711  2.460682E-13
1132.56361447467  2.400268E-13
1134.01122898223  2.720579E-13
1135.45884348979  2.331814E-13
1136.90645799735  2.269572E-13
1138.35407250491  2.368093E-13
1139.80168701247  2.311892E-13
1141.24930152003  2.564673E-13
1142.69691602759  2.223550E-13
1144.14453053515  2.291007E-13
1145.59214504271  2.248298E-13
1147.03975955027  2.340140E-13
1148.48737405783  2.483707E-13
1149.93498856539  2.280397E-13
1151.38260307295  2.083232E-13
1152.83021758051  1.980150E-13
1154.27783208807  2.023225E-13
1155.72544659563  2.261379E-13
1157.17306110319  2.359377E-13
1158.62067561075  2.274682E-13
1160.06829011831  2.261884E-13
1161.51590462587  2.547934E-13
1162.96351913343  2.196535E-13
1164.41113364099  2.365370E-13
1165.85874814855  2.372040E-13
1167.30636265611  2.514745E-13
1168.75397716367  2.575985E-13
1170.20159167123  2.600917E-13
1171.64920617879  2.776263E-13
1173.09682068635  2.813916E-13
1174.54443519391  2.488617E-13
1175.99204970147  2.407405E-13
1177.43966420903  2.702856E-13
1178.88727871659  2.807588E-13
1180.33489322415  2.638396E-13
1181.78250773171  3.137776E-13
1183.23012223927  2.600290E-13
1184.67773674683  2.813662E-13
1186.12535125439  2.779495E-13
1187.57296576195  2.755778E-13
1189.02058026951  2.932843E-13
1190.46819477707  2.987323E-13
1191.91580928463  3.334970E-13
1193.36342379219  3.464583E-13
1194.81103829975  3.547269E-13
1196.25865280731  3.538917E-13
1197.70626731487  3.742573E-13
1199.15388182243  3.864669E-13
1200.60149632999  4.294387E-13
1202.04911083755  4.306693E-13
1203.49672534511  4.098058E-13
1204.94433985267  4.333813E-13
1206.39195436023  6.569792E-13
1207.83956886779  7.016238E-13
1209.28718337535  5.993264E-13
1210.7347978829  9.027071E-13
1212.18241239046  7.360969E-13
1213.63002689802  7.024757E-13
1215.07764140558  8.119698E-13
1216.52525591314  8.106041E-13
1217.9728704207  7.885688E-13
1219.42048492826  7.123680E-13
1220.86809943582  6.238089E-13
1222.31571394338  5.839970E-13
1223.76332845094  4.609744E-13
1225.2109429585  4.596191E-13
1226.65855746606  4.223411E-13
1228.10617197362  4.035569E-13
1229.55378648118  4.040374E-13
1231.00140098874  3.928905E-13
1232.4490154963  4.187363E-13
1233.89663000386  3.812230E-13
1235.34424451142  3.774234E-13
1236.79185901898  4.075044E-13
1238.23947352654  3.937711E-13
1239.6870880341  3.948738E-13
1241.13470254166  4.053161E-13
1242.58231704922  3.612880E-13
1244.02993155678  3.399414E-13
1245.47754606434  3.495877E-13
1246.9251605719  2.960859E-13
1248.37277507946  2.995808E-13
1249.82038958702  2.754549E-13
1251.26800409458  2.839742E-13
1252.71561860214  2.814154E-13
1254.1632331097  2.727692E-13
1255.61084761726  2.610384E-13
1257.05846212482  2.611074E-13
1258.50607663238  2.705523E-13
1259.95369113994  2.480613E-13
1261.4013056475  2.484523E-13
1262.84892015506  2.527819E-13
1264.29653466262  2.262135E-13
1265.74414917018  2.521698E-13
1267.19176367774  2.451002E-13
1268.6393781853  2.597130E-13
1270.08699269286  2.574396E-13
1271.53460720042  2.229154E-13
1272.98222170798  2.373455E-13
1274.42983621554  2.138812E-13
1275.8774507231  2.223159E-13
1277.32506523066  2.130128E-13
1278.77267973822  2.385784E-13
1280.22029424578  2.062151E-13
1281.66790875334  2.381805E-13
1283.1155232609  2.272359E-13
1284.56313776846  2.086448E-13
1286.01075227602  2.152308E-13
1287.45836678358  2.065929E-13
1288.90598129114  2.443551E-13
1290.3535957987  2.179544E-13
1291.80121030626  2.250789E-13
1293.24882481382  2.216885E-13
1294.69643932138  2.207241E-13
1296.14405382894  2.103647E-13
1297.5916683365  2.212344E-13
1299.03928284406  2.327046E-13
1300.48689735162  2.296473E-13
1301.93451185917  2.248848E-13
1303.38212636674  2.321170E-13
1304.82974087429  2.224409E-13
1306.27735538185  2.070276E-13
1307.72496988941  2.199608E-13
1309.17258439697  1.730228E-13
1310.62019890453  2.040193E-13
1312.06781341209  2.140643E-13
1313.51542791965  2.137763E-13
1314.96304242721  1.979906E-13
1316.41065693477  1.899234E-13
1317.85827144233  1.905891E-13
1319.30588594989  1.959204E-13
1320.75350045745  2.090332E-13
1322.20111496501  1.698736E-13
1323.64872947257  2.050756E-13
1325.09634398013  2.292095E-13
1326.54395848769  2.106330E-13
1327.99157299525  2.091382E-13
1329.43918750281  2.293805E-13
1330.88680201037  2.223540E-13
1332.33441651793  2.184061E-13
1333.78203102549  2.001064E-13
1335.22964553305  2.122563E-13
1336.67726004061  2.089250E-13
1338.12487454817  1.834390E-13
1339.57248905573  2.069884E-13
1341.02010356329  1.980962E-13
1342.46771807085  2.165218E-13
1343.91533257841  1.953284E-13
1345.36294708597  2.134424E-13
1346.81056159353  2.007171E-13
1348.25817610109  1.869755E-13
1349.70579060865  2.088043E-13
1351.15340511621  1.949163E-13
1352.60101962377  1.927716E-13
1354.04863413133  1.865333E-13
1355.49624863889  1.940376E-13
1356.94386314645  1.972132E-13
1358.39147765401  1.992002E-13
1359.83909216157  1.990892E-13
1361.28670666913  1.996965E-13
1362.73432117669  2.244634E-13
1364.18193568425  1.896945E-13
1365.62955019181  1.913973E-13
1367.07716469937  1.993772E-13
1368.52477920693  2.096161E-13
1369.97239371449  1.991758E-13
1371.42000822205  1.864233E-13
1372.86762272961  1.926991E-13
1374.31523723717  2.157870E-13
1375.76285174473  2.117328E-13
1377.21046625229  1.792116E-13
1378.65808075985  2.021481E-13
1380.10569526741  2.040566E-13
1381.55330977497  1.973158E-13
1383.00092428253  2.231645E-13
1384.44853879009  2.143714E-13
1385.89615329765  1.926614E-13
1387.34376780521  2.091708E-13
1388.79138231277  2.253820E-13
1390.23899682033  1.972358E-13
1391.68661132789  2.087624E-13
1393.13422583545  2.299172E-13
1394.581840343  2.478398E-13
1396.02945485057  2.442834E-13
1397.47706935812  2.422270E-13
1398.92468386568  2.413013E-13
1400.37229837324  2.630217E-13
1401.8199128808  2.603837E-13
1403.26752738836  2.496214E-13
1404.71514189592  2.438562E-13
1406.16275640348  2.494844E-13
1407.61037091104  2.194524E-13
1409.0579854186  2.195931E-13
1410.50559992616  2.353946E-13
1411.95321443372  2.316092E-13
1413.40082894128  2.293168E-13
1414.84844344884  2.161324E-13
1416.2960579564  2.200390E-13
1417.74367246396  1.967760E-13
1419.19128697152  1.982569E-13
1420.63890147908  1.982098E-13
1422.08651598664  1.994241E-13
1423.5341304942  1.874347E-13
1424.98174500176  1.848033E-13
1426.42935950932  1.750242E-13
1427.87697401688  1.703056E-13
1429.32458852444  1.878650E-13
1430.772203032  1.899448E-13
1432.21981753956  1.765389E-13
1433.66743204712  1.799740E-13
1435.11504655468  1.673013E-13
1436.56266106224  1.801114E-13
1438.0102755698  2.001554E-13
1439.45789007736  1.820996E-13
1440.90550458492  1.678966E-13
1442.35311909248  1.678460E-13
1443.80073360004  1.587609E-13
1445.2483481076  1.762208E-13
1446.69596261516  1.740381E-13
1448.14357712272  1.783655E-13
1449.59119163028  1.816278E-13
1451.03880613784  1.789540E-13
1452.4864206454  1.839436E-13
1453.93403515296  1.874729E-13
1455.38164966052  1.839155E-13
1456.82926416808  1.779819E-13
1458.27687867564  1.835470E-13
1459.7244931832  1.838902E-13
1461.17210769076  1.807199E-13
1462.61972219832  1.807732E-13
1464.06733670588  1.813396E-13
1465.51495121344  1.900542E-13
1466.962565721  1.981528E-13
1468.41018022856  1.875974E-13
1469.85779473612  1.956375E-13
1471.30540924368  1.767634E-13
1472.75302375124  1.649836E-13
1474.2006382588  1.671207E-13
1475.64825276636  1.798706E-13
1477.09586727392  1.804159E-13
1478.54348178148  1.844287E-13
1479.99109628904  1.872127E-13
1481.4387107966  1.860817E-13
1482.88632530416  1.796338E-13
1484.33393981172  1.860278E-13
1485.78155431928  1.792772E-13
1487.22916882683  1.778046E-13
1488.67678333439  1.747905E-13
1490.12439784195  1.838252E-13
1491.57201234951  1.872442E-13
1493.01962685707  1.822741E-13
1494.46724136463  1.759119E-13
1495.91485587219  1.872801E-13
1497.36247037975  1.836806E-13
1498.81008488731  1.848384E-13
1500.25769939487  1.901670E-13
1501.70531390243  1.788493E-13
1503.15292840999  1.764606E-13
1504.60054291755  1.846796E-13
1506.04815742511  1.768898E-13
1507.49577193267  1.971169E-13
1508.94338644023  1.861022E-13
1510.39100094779  1.930359E-13
1511.83861545535  1.960826E-13
1513.28622996291  1.932959E-13
1514.73384447047  1.846835E-13
1516.18145897803  2.064914E-13
1517.62907348559  2.100715E-13
1519.07668799315  2.229910E-13
1520.52430250071  2.172351E-13
1521.97191700827  2.232116E-13
1523.41953151583  2.330115E-13
1524.86714602339  2.384413E-13
1526.31476053095  2.255421E-13
1527.76237503851  2.281582E-13
1529.20998954607  2.365103E-13
1530.65760405363  2.404871E-13
1532.10521856119  2.524950E-13
1533.55283306875  2.632344E-13
1535.00044757631  2.577291E-13
1536.44806208387  2.938245E-13
1537.89567659143  3.317975E-13
1539.34329109899  3.245124E-13
1540.79090560655  3.404632E-13
1542.23852011411  3.549778E-13
1543.68613462167  3.758671E-13
1545.13374912923  4.099009E-13
1546.58136363679  4.040727E-13
1548.02897814435  4.022169E-13
1549.47659265191  3.706993E-13
1550.92420715947  3.600969E-13
1552.37182166703  3.324998E-13
1553.81943617459  3.121845E-13
1555.26705068215  2.788314E-13
1556.71466518971  2.674552E-13
1558.16227969727  2.508062E-13
1559.60989420483  2.371265E-13
1561.05750871239  2.263435E-13
1562.50512321995  2.232658E-13
1563.95273772751  2.215234E-13
1565.40035223507  2.247480E-13
1566.84796674263  1.961111E-13
1568.29558125019  1.943276E-13
1569.74319575775  1.897746E-13
1571.19081026531  1.913308E-13
1572.63842477287  1.979022E-13
1574.08603928043  1.945048E-13
1575.53365378799  1.960171E-13
1576.98126829555  1.999911E-13
1578.4288828031  1.929924E-13
1579.87649731066  1.818492E-13
1581.32411181822  1.850368E-13
1582.77172632578  1.898212E-13
1584.21934083334  1.809790E-13
1585.6669553409  1.750160E-13
1587.11456984846  1.817158E-13
1588.56218435602  1.806559E-13
1590.00979886358  1.884575E-13
1591.45741337114  1.907818E-13
1592.9050278787  1.884434E-13
1594.35264238626  1.771452E-13
1595.80025689382  1.728079E-13
1597.24787140138  1.648123E-13
1598.69548590894  1.573837E-13
1600.1431004165  1.683141E-13
1601.59071492406  1.617107E-13
1603.03832943162  1.657223E-13
1604.48594393918  1.764786E-13
1605.93355844674  1.781003E-13
1607.3811729543  1.875513E-13
1608.82878746186  1.724358E-13
1610.27640196942  1.679071E-13
1611.72401647698  1.762052E-13
1613.17163098454  1.828575E-13
1614.6192454921  1.934114E-13
1616.06685999966  1.921246E-13
1617.51447450722  2.001078E-13
1618.96208901478  2.057230E-13
1620.40970352234  1.946913E-13
1621.8573180299  1.913792E-13
1623.30493253746  1.848845E-13
1624.75254704502  1.814276E-13
1626.20016155258  1.787910E-13
1627.64777606014  1.739831E-13
1629.0953905677  1.752674E-13
1630.54300507526  1.805756E-13
1631.99061958282  1.849367E-13
1633.43823409038  1.854945E-13
1634.88584859794  1.860491E-13
1636.3334631055  1.907602E-13
1637.78107761306  1.855310E-13
1639.22869212062  1.730862E-13
1640.67630662818  1.778779E-13
1642.12392113574  1.848722E-13
1643.5715356433  1.823434E-13
1645.01915015086  1.820167E-13
1646.46676465842  1.755338E-13
1647.91437916598  1.745648E-13
1649.36199367354  1.722189E-13
1650.8096081811  1.724010E-13
1652.25722268866  1.752030E-13
1653.70483719622  1.644082E-13
1655.15245170378  1.673336E-13
1656.60006621134  1.756168E-13
1658.0476807189  1.711855E-13
1659.49529522646  1.782412E-13
1660.94290973402  1.713069E-13
1662.39052424158  1.754598E-13
1663.83813874914  1.778679E-13
1665.2857532567  1.753918E-13
1666.73336776426  1.770921E-13
1668.18098227181  1.742768E-13
1669.62859677938  1.657474E-13
1671.07621128693  1.690425E-13
1672.52382579449  1.609144E-13
1673.97144030205  1.600934E-13
1675.41905480961  1.626184E-13
1676.86666931717  1.601477E-13
1678.31428382473  1.608340E-13
1679.76189833229  1.520558E-13
1681.20951283985  1.485144E-13
1682.65712734741  1.520426E-13
1684.10474185497  1.577397E-13
1685.55235636253  1.548612E-13
1686.99997087009  1.513645E-13
1688.44758537765  1.458215E-13
1689.89519988521  1.459006E-13
1691.34281439277  1.455779E-13
1692.79042890033  1.527375E-13
1694.23804340789  1.518543E-13
1695.68565791545  1.508063E-13
1697.13327242301  1.606897E-13
1698.58088693057  1.560068E-13
1700.02850143813  1.469068E-13
1701.47611594569  1.507619E-13
1702.92373045325  1.505444E-13
1704.37134496081  1.528899E-13
1705.81895946837  1.520967E-13
1707.26657397593  1.533762E-13
1708.71418848349  1.572130E-13
1710.16180299105  0.
1711.60941749861  0.
1713.05703200617  0.
1714.50464651373  0.
1715.95226102129  0.
1717.39987552885  0.
1718.84749003641  0.
1720.29510454397  0.
1721.74271905153  0.
1723.19033355909  0.
1724.63794806665  0.
1726.08556257421  0.
1727.53317708177  0.
1728.98079158933  0.
1730.42840609689  0.
1731.87602060445  0.
1733.32363511201  0.
1734.77124961957  0.
1736.21886412713  0.
1737.66647863469  0.
1739.11409314225  0.
1740.56170764981  0.
1742.00932215737  0.
1743.45693666493  0.
1744.90455117249  0.
1746.35216568005  0.
1747.79978018761  0.
1749.24739469517  0.
1750.69500920273  0.
1752.14262371029  0.
1753.59023821785  0.
1755.03785272541  0.
1756.48546723297  0.
1757.93308174053  0.
1759.38069624809  0.
1760.82831075565  0.
1762.27592526321  0.
1763.72353977076  0.
1765.17115427832  0.
1766.61876878588  0.
1768.06638329344  0.
1769.513997801  0.
1770.96161230856  0.
1772.40922681612  0.
1773.85684132368  0.
1775.30445583124  0.
1776.7520703388  0.
1778.19968484636  0.
1779.64729935392  0.
1781.09491386148  0.
1782.54252836904  0.
1783.9901428766  0.
1785.43775738416  0.
1786.88537189172  0.
1788.33298639928  0.
1789.78060090684  0.
1791.2282154144  0.
1792.67582992196  0.
1794.12344442952  0.
1795.57105893708  0.
1797.01867344464  0.
1798.4662879522  0.
1799.91390245976  0.
1801.36151696732  0.
1802.80913147488  0.
1804.25674598244  0.
1805.70436049  0.
1807.15197499756  0.
1808.59958950512  0.
1810.04720401268  0.
1811.49481852024  0.
1812.9424330278  0.
1814.39004753536  0.
1815.83766204292  0.
1817.28527655048  0.
1818.73289105804  0.
1820.1805055656  0.
1821.62812007316  0.
1823.07573458072  0.
1824.52334908828  0.
1825.97096359584  0.
1827.4185781034  0.
1828.86619261096  0.
1830.31380711852  0.
1831.76142162608  0.
