906.735751295338  0.
908.183365802898  0.
909.630980310458  0.
911.078594818018  0.
912.526209325578  0.
913.973823833137  0.
915.421438340697  0.
916.869052848257  0.
918.316667355817  0.
919.764281863377  0.
921.211896370937  0.
922.659510878497  0.
924.107125386056  0.
925.554739893616  0.
927.002354401176  0.
928.449968908736  0.
929.897583416296  0.
931.345197923856  0.
932.792812431415  0.
934.240426938975  0.
935.688041446535  0.
937.135655954095  0.
938.583270461655  0.
940.030884969215  0.
941.478499476774  0.
942.926113984334  0.
944.373728491894  0.
945.821342999454  0.
947.268957507014  0.
948.716572014574  0.
950.164186522133  0.
951.611801029693  0.
953.059415537253  0.
954.507030044813  0.
955.954644552373  0.
957.402259059933  0.
958.849873567493  0.
960.297488075052  0.
961.745102582612  0.
963.192717090172  0.
964.640331597732  0.
966.087946105292  0.
967.535560612852  0.
968.983175120411  0.
970.430789627971  0.
971.878404135531  0.
973.326018643091  0.
974.773633150651  0.
976.221247658211  0.
977.668862165771  0.
979.11647667333  0.
980.56409118089  0.
982.01170568845  0.
983.45932019601  0.
984.90693470357  0.
986.35454921113  0.
987.802163718689  0.
989.249778226249  0.
990.697392733809  0.
992.145007241369  0.
993.592621748929  -5.059683E-15
995.040236256489  1.658176E-13
996.487850764048  4.193087E-13
997.935465271608  2.351379E-13
999.383079779168  4.136883E-13
1000.83069428673  2.364482E-13
1002.27830879429  4.517603E-13
1003.72592330185  3.289278E-13
1005.17353780941  3.487498E-13
1006.62115231697  4.157063E-13
1008.06876682453  3.072455E-13
1009.51638133209  3.773028E-13
1010.96399583965  3.673766E-13
1012.41161034721  4.297518E-13
1013.85922485477  2.938263E-13
1015.30683936233  3.575702E-13
1016.75445386989  3.065618E-13
1018.20206837745  4.142097E-13
1019.64968288501  3.169103E-13
1021.09729739257  4.972404E-13
1022.54491190013  4.236595E-13
1023.99252640769  3.815194E-13
1025.44014091525  4.772483E-13
1026.8877554228  4.487218E-13
1028.33536993037  4.272896E-13
1029.78298443792  4.985913E-13
1031.23059894548  5.322960E-13
1032.67821345304  4.681118E-13
1034.1258279606  3.414740E-13
1035.57344246816  4.236505E-13
1037.02105697572  3.623927E-13
1038.46867148328  4.185689E-13
1039.91628599084  3.387630E-13
1041.3639004984  3.429787E-13
1042.81151500596  4.061251E-13
1044.25912951352  3.762244E-13
1045.70674402108  7.186738E-13
1047.15435852864  5.014192E-13
1048.6019730362  5.153449E-13
1050.04958754376  4.747127E-13
1051.49720205132  6.523766E-13
1052.94481655888  4.286480E-13
1054.39243106644  4.956750E-13
1055.840045574  3.751581E-13
1057.28766008156  3.340474E-13
1058.73527458912  2.792276E-13
1060.18288909668  2.486728E-13
1061.63050360424  3.269919E-13
1063.0781181118  3.072280E-13
1064.52573261936  3.335806E-13
1065.97334712692  3.346351E-13
1067.42096163448  3.573966E-13
1068.86857614204  2.685654E-13
1070.3161906496  3.636011E-13
1071.76380515716  2.595764E-13
1073.21141966472  3.133827E-13
1074.65903417228  3.266689E-13
1076.10664867984  3.010781E-13
1077.5542631874  3.210623E-13
1079.00187769496  3.114422E-13
1080.44949220252  3.333067E-13
1081.89710671008  3.153686E-13
1083.34472121764  2.875165E-13
1084.7923357252  2.738804E-13
1086.23995023276  2.224214E-13
1087.68756474032  2.791163E-13
1089.13517924788  2.674210E-13
1090.58279375544  2.902939E-13
1092.030408263  3.045058E-13
1093.47802277056  3.018833E-13
1094.92563727812  3.005837E-13
1096.37325178568  2.407198E-13
1097.82086629324  2.478494E-13
1099.2684808008  2.871831E-13
1100.71609530836  2.278571E-13
1102.16370981592  2.376377E-13
1103.61132432348  2.969297E-13
1105.05893883104  2.756032E-13
1106.5065533386  2.662515E-13
1107.95416784616  2.676551E-13
1109.40178235372  2.916885E-13
1110.84939686128  2.882074E-13
1112.29701136884  2.403308E-13
1113.7446258764  2.563208E-13
1115.19224038396  2.586148E-13
1116.63985489152  3.189650E-13
1118.08746939908  2.949097E-13
1119.53508390664  2.446932E-13
1120.98269841419  2.449179E-13
1122.43031292175  2.390682E-13
1123.87792742931  2.213239E-13
1125.32554193687  2.561083E-13
1126.77315644443  2.290708E-13
1128.22077095199  2.838005E-13
1129.66838545955  2.383632E-13
1131.11599996711  2.620217E-13
1132.56361447467  2.636400E-13
1134.01122898223  3.102575E-13
1135.45884348979  2.391275E-13
1136.90645799735  2.149436E-13
1138.35407250491  2.387100E-13
1139.80168701247  2.813884E-13
1141.24930152003  2.527776E-13
1142.69691602759  2.564082E-13
1144.14453053515  2.405490E-13
1145.59214504271  2.371153E-13
1147.03975955027  2.708499E-13
1148.48737405783  2.510744E-13
1149.93498856539  2.790711E-13
1151.38260307295  2.575262E-13
1152.83021758051  1.922907E-13
1154.27783208807  2.417337E-13
1155.72544659563  2.467432E-13
1157.17306110319  2.453544E-13
1158.62067561075  3.036174E-13
1160.06829011831  2.880420E-13
1161.51590462587  2.731845E-13
1162.96351913343  2.929160E-13
1164.41113364099  2.452655E-13
1165.85874814855  2.712107E-13
1167.30636265611  2.896489E-13
1168.75397716367  3.210334E-13
1170.20159167123  2.748819E-13
1171.64920617879  2.460978E-13
1173.09682068635  3.194798E-13
1174.54443519391  2.632107E-13
1175.99204970147  2.830556E-13
1177.43966420903  2.855999E-13
1178.88727871659  2.863300E-13
1180.33489322415  2.757261E-13
1181.78250773171  3.024158E-13
1183.23012223927  3.200621E-13
1184.67773674683  3.433273E-13
1186.12535125439  3.172994E-13
1187.57296576195  3.168858E-13
1189.02058026951  3.354555E-13
1190.46819477707  3.198312E-13
1191.91580928463  3.152751E-13
1193.36342379219  3.234513E-13
1194.81103829975  3.805797E-13
1196.25865280731  3.728595E-13
1197.70626731487  3.722363E-13
1199.15388182243  3.593570E-13
1200.60149632999  3.632818E-13
1202.04911083755  3.938705E-13
1203.49672534511  4.057039E-13
1204.94433985267  4.165483E-13
1206.39195436023  5.672284E-13
1207.83956886779  6.418616E-13
1209.28718337535  6.688658E-13
1210.7347978829  7.937450E-13
1212.18241239046  8.199516E-13
1213.63002689802  8.394613E-13
1215.07764140558  9.924961E-13
1216.52525591314  9.368723E-13
1217.9728704207  8.107431E-13
1219.42048492826  7.875213E-13
1220.86809943582  6.540801E-13
1222.31571394338  5.318841E-13
1223.76332845094  4.467585E-13
1225.2109429585  4.404579E-13
1226.65855746606  4.426220E-13
1228.10617197362  4.295067E-13
1229.55378648118  4.427183E-13
1231.00140098874  3.794509E-13
1232.4490154963  4.156790E-13
1233.89663000386  4.060735E-13
1235.34424451142  4.491058E-13
1236.79185901898  3.660113E-13
1238.23947352654  3.751619E-13
1239.6870880341  4.266116E-13
1241.13470254166  3.778625E-13
1242.58231704922  4.823213E-13
1244.02993155678  3.858653E-13
1245.47754606434  3.633872E-13
1246.9251605719  3.651319E-13
1248.37277507946  3.387653E-13
1249.82038958702  2.944327E-13
1251.26800409458  3.292635E-13
1252.71561860214  2.803341E-13
1254.1632331097  3.064079E-13
1255.61084761726  2.977529E-13
1257.05846212482  3.156478E-13
1258.50607663238  3.230976E-13
1259.95369113994  2.480141E-13
1261.4013056475  2.782105E-13
1262.84892015506  2.568347E-13
1264.29653466262  2.783703E-13
1265.74414917018  2.888260E-13
1267.19176367774  2.672639E-13
1268.6393781853  2.337172E-13
1270.08699269286  2.493275E-13
1271.53460720042  2.672407E-13
1272.98222170798  2.640149E-13
1274.42983621554  2.231241E-13
1275.8774507231  2.327618E-13
1277.32506523066  2.871262E-13
1278.77267973822  2.808635E-13
1280.22029424578  2.103651E-13
1281.66790875334  2.400034E-13
1283.1155232609  2.222867E-13
1284.56313776846  2.264441E-13
1286.01075227602  2.372169E-13
1287.45836678358  2.338347E-13
1288.90598129114  2.323146E-13
1290.3535957987  2.060698E-13
1291.80121030626  2.406480E-13
1293.24882481382  2.148385E-13
1294.69643932138  2.442912E-13
1296.14405382894  2.431829E-13
1297.5916683365  2.394348E-13
1299.03928284406  2.253044E-13
1300.48689735162  2.479993E-13
1301.93451185917  2.369269E-13
1303.38212636674  2.248430E-13
1304.82974087429  2.873166E-13
1306.27735538185  2.532195E-13
1307.72496988941  2.086190E-13
1309.17258439697  2.423254E-13
1310.62019890453  2.226358E-13
1312.06781341209  2.218133E-13
1313.51542791965  2.131192E-13
1314.96304242721  2.433967E-13
1316.41065693477  2.059053E-13
1317.85827144233  2.105985E-13
1319.30588594989  2.420072E-13
1320.75350045745  2.229158E-13
1322.20111496501  2.155633E-13
1323.64872947257  2.161123E-13
1325.09634398013  2.388930E-13
1326.54395848769  2.406128E-13
1327.99157299525  2.210266E-13
1329.43918750281  2.818049E-13
1330.88680201037  2.581102E-13
1332.33441651793  2.626104E-13
1333.78203102549  2.264427E-13
1335.22964553305  2.313922E-13
1336.67726004061  2.161060E-13
1338.12487454817  2.121525E-13
1339.57248905573  2.164087E-13
1341.02010356329  2.574445E-13
1342.46771807085  2.238272E-13
1343.91533257841  2.195133E-13
1345.36294708597  2.335121E-13
1346.81056159353  2.386281E-13
1348.25817610109  2.153849E-13
1349.70579060865  2.477097E-13
1351.15340511621  2.394336E-13
1352.60101962377  1.909389E-13
1354.04863413133  2.282635E-13
1355.49624863889  2.083832E-13
1356.94386314645  2.606950E-13
1358.39147765401  2.311280E-13
1359.83909216157  2.080782E-13
1361.28670666913  2.124470E-13
1362.73432117669  2.364343E-13
1364.18193568425  2.301164E-13
1365.62955019181  1.988003E-13
1367.07716469937  1.983091E-13
1368.52477920693  2.090992E-13
1369.97239371449  2.127129E-13
1371.42000822205  2.245352E-13
1372.86762272961  2.153096E-13
1374.31523723717  2.187150E-13
1375.76285174473  2.368684E-13
1377.21046625229  2.227766E-13
1378.65808075985  2.371816E-13
1380.10569526741  2.224403E-13
1381.55330977497  2.044270E-13
1383.00092428253  1.990456E-13
1384.44853879009  2.193568E-13
1385.89615329765  2.122666E-13
1387.34376780521  2.138499E-13
1388.79138231277  2.430048E-13
1390.23899682033  2.289827E-13
1391.68661132789  2.775798E-13
1393.13422583545  3.076721E-13
1394.581840343  2.659071E-13
1396.02945485057  2.646793E-13
1397.47706935812  2.808105E-13
1398.92468386568  2.142473E-13
1400.37229837324  2.218538E-13
1401.8199128808  2.684864E-13
1403.26752738836  2.184348E-13
1404.71514189592  2.449185E-13
1406.16275640348  2.448694E-13
1407.61037091104  2.630300E-13
1409.0579854186  2.429522E-13
1410.50559992616  2.660837E-13
1411.95321443372  2.536524E-13
1413.40082894128  2.476170E-13
1414.84844344884  2.351566E-13
1416.2960579564  2.462840E-13
1417.74367246396  2.380097E-13
1419.19128697152  2.244647E-13
1420.63890147908  2.151839E-13
1422.08651598664  2.260189E-13
1423.5341304942  2.015813E-13
1424.98174500176  2.103759E-13
1426.42935950932  2.064291E-13
1427.87697401688  1.982109E-13
1429.32458852444  1.999673E-13
1430.772203032  1.739788E-13
1432.21981753956  1.842998E-13
1433.66743204712  1.985714E-13
1435.11504655468  2.371532E-13
1436.56266106224  2.077564E-13
1438.0102755698  2.309612E-13
1439.45789007736  2.235283E-13
1440.90550458492  2.001061E-13
1442.35311909248  2.064605E-13
1443.80073360004  2.093121E-13
1445.2483481076  2.302031E-13
1446.69596261516  1.929625E-13
1448.14357712272  1.942326E-13
1449.59119163028  2.336789E-13
1451.03880613784  2.331915E-13
1452.4864206454  1.964759E-13
1453.93403515296  2.088244E-13
1455.38164966052  2.050215E-13
1456.82926416808  2.068713E-13
1458.27687867564  2.162448E-13
1459.7244931832  2.155256E-13
1461.17210769076  1.964576E-13
1462.61972219832  2.000207E-13
1464.06733670588  2.114256E-13
1465.51495121344  1.995520E-13
1466.962565721  1.898895E-13
1468.41018022856  2.106220E-13
1469.85779473612  2.295254E-13
1471.30540924368  2.065234E-13
1472.75302375124  2.001604E-13
1474.2006382588  1.914751E-13
1475.64825276636  1.966152E-13
1477.09586727392  1.872925E-13
1478.54348178148  1.816453E-13
1479.99109628904  1.747829E-13
1481.4387107966  1.956293E-13
1482.88632530416  2.212039E-13
1484.33393981172  1.977886E-13
1485.78155431928  2.056825E-13
1487.22916882683  2.058289E-13
1488.67678333439  1.978940E-13
1490.12439784195  1.939852E-13
1491.57201234951  1.965219E-13
1493.01962685707  1.966952E-13
1494.46724136463  2.084903E-13
1495.91485587219  2.166283E-13
1497.36247037975  2.065563E-13
1498.81008488731  2.067103E-13
1500.25769939487  1.834432E-13
1501.70531390243  1.954475E-13
1503.15292840999  1.756963E-13
1504.60054291755  1.700280E-13
1506.04815742511  1.746708E-13
1507.49577193267  1.874873E-13
1508.94338644023  1.861678E-13
1510.39100094779  2.113258E-13
1511.83861545535  2.136931E-13
1513.28622996291  2.101094E-13
1514.73384447047  1.987586E-13
1516.18145897803  2.077361E-13
1517.62907348559  2.105473E-13
1519.07668799315  2.164501E-13
1520.52430250071  2.170342E-13
1521.97191700827  2.171777E-13
1523.41953151583  2.278796E-13
1524.86714602339  2.451098E-13
1526.31476053095  2.342731E-13
1527.76237503851  2.353097E-13
1529.20998954607  2.395430E-13
1530.65760405363  2.342220E-13
1532.10521856119  2.304297E-13
1533.55283306875  2.360071E-13
1535.00044757631  2.584666E-13
1536.44806208387  2.781013E-13
1537.89567659143  2.977326E-13
1539.34329109899  3.267986E-13
1540.79090560655  3.758347E-13
1542.23852011411  4.036580E-13
1543.68613462167  3.988469E-13
1545.13374912923  3.809367E-13
1546.58136363679  3.718226E-13
1548.02897814435  3.332575E-13
1549.47659265191  3.699172E-13
1550.92420715947  3.652534E-13
1552.37182166703  3.412763E-13
1553.81943617459  3.331664E-13
1555.26705068215  3.122203E-13
1556.71466518971  3.011680E-13
1558.16227969727  2.687898E-13
1559.60989420483  2.418772E-13
1561.05750871239  2.300173E-13
1562.50512321995  2.334280E-13
1563.95273772751  2.442769E-13
1565.40035223507  2.313763E-13
1566.84796674263  2.069210E-13
1568.29558125019  2.090937E-13
1569.74319575775  2.106025E-13
1571.19081026531  2.038937E-13
1572.63842477287  2.057984E-13
1574.08603928043  2.091006E-13
1575.53365378799  1.977516E-13
1576.98126829555  2.046642E-13
1578.4288828031  2.210930E-13
1579.87649731066  2.099544E-13
1581.32411181822  2.002056E-13
1582.77172632578  2.111373E-13
1584.21934083334  2.109036E-13
1585.6669553409  1.996319E-13
1587.11456984846  1.910642E-13
1588.56218435602  1.824236E-13
1590.00979886358  1.892219E-13
1591.45741337114  1.888116E-13
1592.9050278787  1.824608E-13
1594.35264238626  1.836836E-13
1595.80025689382  1.839132E-13
1597.24787140138  1.661975E-13
1598.69548590894  1.753370E-13
1600.1431004165  1.816460E-13
1601.59071492406  1.958751E-13
1603.03832943162  2.023450E-13
1604.48594393918  1.958204E-13
1605.93355844674  1.933485E-13
1607.3811729543  1.922614E-13
1608.82878746186  1.899839E-13
1610.27640196942  1.848019E-13
1611.72401647698  1.780619E-13
1613.17163098454  1.677040E-13
1614.6192454921  1.813593E-13
1616.06685999966  1.893848E-13
1617.51447450722  2.025507E-13
1618.96208901478  1.996925E-13
1620.40970352234  1.815147E-13
1621.8573180299  1.817705E-13
1623.30493253746  1.677878E-13
1624.75254704502  1.759682E-13
1626.20016155258  1.910060E-13
1627.64777606014  1.921884E-13
1629.0953905677  1.922842E-13
1630.54300507526  1.915303E-13
1631.99061958282  1.926666E-13
1633.43823409038  1.806306E-13
1634.88584859794  1.834637E-13
1636.3334631055  1.983114E-13
1637.78107761306  2.013998E-13
1639.22869212062  1.987854E-13
1640.67630662818  1.957412E-13
1642.12392113574  1.995603E-13
1643.5715356433  2.065635E-13
1645.01915015086  1.857825E-13
1646.46676465842  1.683614E-13
1647.91437916598  1.691832E-13
1649.36199367354  1.798888E-13
1650.8096081811  1.832258E-13
1652.25722268866  1.836196E-13
1653.70483719622  1.773406E-13
1655.15245170378  1.923687E-13
1656.60006621134  2.127395E-13
1658.0476807189  2.029132E-13
1659.49529522646  2.014933E-13
1660.94290973402  2.020420E-13
1662.39052424158  1.996492E-13
1663.83813874914  1.866084E-13
1665.2857532567  1.957823E-13
1666.73336776426  1.916634E-13
1668.18098227181  1.852366E-13
1669.62859677938  1.720544E-13
1671.07621128693  1.746788E-13
1672.52382579449  1.813882E-13
1673.97144030205  1.723092E-13
1675.41905480961  1.808272E-13
1676.86666931717  1.807959E-13
1678.31428382473  1.817729E-13
1679.76189833229  1.794984E-13
1681.20951283985  1.696012E-13
1682.65712734741  1.565643E-13
1684.10474185497  1.593222E-13
1685.55235636253  1.588864E-13
1686.99997087009  1.569954E-13
1688.44758537765  1.712924E-13
1689.89519988521  1.780239E-13
1691.34281439277  1.693374E-13
1692.79042890033  1.566662E-13
1694.23804340789  1.528574E-13
1695.68565791545  1.519366E-13
1697.13327242301  1.611522E-13
1698.58088693057  1.659125E-13
1700.02850143813  1.654309E-13
1701.47611594569  1.680149E-13
1702.92373045325  1.703897E-13
1704.37134496081  1.739623E-13
1705.81895946837  1.725093E-13
1707.26657397593  1.727838E-13
1708.71418848349  1.657583E-13
1710.16180299105  0.
1711.60941749861  0.
1713.05703200617  0.
1714.50464651373  0.
1715.95226102129  0.
1717.39987552885  0.
1718.84749003641  0.
1720.29510454397  0.
1721.74271905153  0.
1723.19033355909  0.
1724.63794806665  0.
1726.08556257421  0.
1727.53317708177  0.
1728.98079158933  0.
1730.42840609689  0.
1731.87602060445  0.
1733.32363511201  0.
1734.77124961957  0.
1736.21886412713  0.
1737.66647863469  0.
1739.11409314225  0.
1740.56170764981  0.
1742.00932215737  0.
1743.45693666493  0.
1744.90455117249  0.
1746.35216568005  0.
1747.79978018761  0.
1749.24739469517  0.
1750.69500920273  0.
1752.14262371029  0.
1753.59023821785  0.
1755.03785272541  0.
1756.48546723297  0.
1757.93308174053  0.
1759.38069624809  0.
1760.82831075565  0.
1762.27592526321  0.
1763.72353977076  0.
1765.17115427832  0.
1766.61876878588  0.
1768.06638329344  0.
1769.513997801  0.
1770.96161230856  0.
1772.40922681612  0.
1773.85684132368  0.
1775.30445583124  0.
1776.7520703388  0.
1778.19968484636  0.
1779.64729935392  0.
1781.09491386148  0.
1782.54252836904  0.
1783.9901428766  0.
1785.43775738416  0.
1786.88537189172  0.
1788.33298639928  0.
1789.78060090684  0.
1791.2282154144  0.
1792.67582992196  0.
1794.12344442952  0.
1795.57105893708  0.
1797.01867344464  0.
1798.4662879522  0.
1799.91390245976  0.
1801.36151696732  0.
1802.80913147488  0.
1804.25674598244  0.
1805.70436049  0.
1807.15197499756  0.
1808.59958950512  0.
1810.04720401268  0.
1811.49481852024  0.
1812.9424330278  0.
1814.39004753536  0.
1815.83766204292  0.
1817.28527655048  0.
1818.73289105804  0.
1820.1805055656  0.
1821.62812007316  0.
1823.07573458072  0.
1824.52334908828  0.
1825.97096359584  0.
1827.4185781034  0.
1828.86619261096  0.
1830.31380711852  0.
1831.76142162608  0.
