906.735751295338  0.
908.183365802898  0.
909.630980310458  0.
911.078594818018  0.
912.526209325578  0.
913.973823833137  0.
915.421438340697  0.
916.869052848257  0.
918.316667355817  0.
919.764281863377  0.
921.211896370937  0.
922.659510878497  0.
924.107125386056  0.
925.554739893616  0.
927.002354401176  0.
928.449968908736  0.
929.897583416296  0.
931.345197923856  0.
932.792812431415  0.
934.240426938975  0.
935.688041446535  0.
937.135655954095  0.
938.583270461655  0.
940.030884969215  0.
941.478499476774  0.
942.926113984334  0.
944.373728491894  0.
945.821342999454  0.
947.268957507014  0.
948.716572014574  0.
950.164186522133  0.
951.611801029693  0.
953.059415537253  0.
954.507030044813  0.
955.954644552373  0.
957.402259059933  0.
958.849873567493  0.
960.297488075052  0.
961.745102582612  0.
963.192717090172  0.
964.640331597732  0.
966.087946105292  0.
967.535560612852  0.
968.983175120411  0.
970.430789627971  0.
971.878404135531  0.
973.326018643091  0.
974.773633150651  0.
976.221247658211  0.
977.668862165771  0.
979.11647667333  0.
980.56409118089  0.
982.01170568845  0.
983.45932019601  0.
984.90693470357  0.
986.35454921113  0.
987.802163718689  0.
989.249778226249  0.
990.697392733809  0.
992.145007241369  0.
993.592621748929  4.604287E-13
995.040236256489  2.246816E-13
996.487850764048  4.192251E-13
997.935465271608  3.142673E-13
999.383079779168  3.375149E-13
1000.83069428673  3.068556E-13
1002.27830879429  2.303251E-13
1003.72592330185  3.925000E-13
1005.17353780941  4.135536E-13
1006.62115231697  2.896577E-13
1008.06876682453  3.705921E-13
1009.51638133209  4.482253E-13
1010.96399583965  3.955618E-13
1012.41161034721  4.012849E-13
1013.85922485477  3.643885E-13
1015.30683936233  2.906391E-13
1016.75445386989  4.162558E-13
1018.20206837745  3.080319E-13
1019.64968288501  3.921798E-13
1021.09729739257  3.817038E-13
1022.54491190013  2.956452E-13
1023.99252640769  3.946786E-13
1025.44014091525  3.773027E-13
1026.8877554228  4.683757E-13
1028.33536993037  3.561851E-13
1029.78298443792  4.249851E-13
1031.23059894548  3.996473E-13
1032.67821345304  3.819986E-13
1034.1258279606  3.906963E-13
1035.57344246816  4.790770E-13
1037.02105697572  4.175979E-13
1038.46867148328  3.180598E-13
1039.91628599084  3.535122E-13
1041.3639004984  2.857785E-13
1042.81151500596  3.228932E-13
1044.25912951352  4.653356E-13
1045.70674402108  4.177842E-13
1047.15435852864  6.657545E-13
1048.6019730362  5.297405E-13
1050.04958754376  5.117765E-13
1051.49720205132  4.975027E-13
1052.94481655888  5.534311E-13
1054.39243106644  4.789069E-13
1055.840045574  3.558796E-13
1057.28766008156  3.103681E-13
1058.73527458912  3.051702E-13
1060.18288909668  2.789976E-13
1061.63050360424  2.537622E-13
1063.0781181118  2.822558E-13
1064.52573261936  2.659503E-13
1065.97334712692  2.589773E-13
1067.42096163448  3.581263E-13
1068.86857614204  3.229499E-13
1070.3161906496  2.732710E-13
1071.76380515716  3.583331E-13
1073.21141966472  2.892345E-13
1074.65903417228  3.306971E-13
1076.10664867984  3.198164E-13
1077.5542631874  2.657240E-13
1079.00187769496  2.782704E-13
1080.44949220252  2.508055E-13
1081.89710671008  2.582802E-13
1083.34472121764  3.135544E-13
1084.7923357252  2.706880E-13
1086.23995023276  2.547514E-13
1087.68756474032  2.405805E-13
1089.13517924788  2.463820E-13
1090.58279375544  2.263207E-13
1092.030408263  2.420541E-13
1093.47802277056  2.785028E-13
1094.92563727812  2.618827E-13
1096.37325178568  2.576793E-13
1097.82086629324  2.202440E-13
1099.2684808008  2.824939E-13
1100.71609530836  2.561350E-13
1102.16370981592  2.326376E-13
1103.61132432348  2.411428E-13
1105.05893883104  2.951428E-13
1106.5065533386  2.814845E-13
1107.95416784616  2.370412E-13
1109.40178235372  2.781310E-13
1110.84939686128  2.704116E-13
1112.29701136884  2.528473E-13
1113.7446258764  2.630285E-13
1115.19224038396  2.619625E-13
1116.63985489152  2.600441E-13
1118.08746939908  2.659470E-13
1119.53508390664  2.568034E-13
1120.98269841419  2.681112E-13
1122.43031292175  2.644325E-13
1123.87792742931  2.586325E-13
1125.32554193687  2.463746E-13
1126.77315644443  2.435092E-13
1128.22077095199  2.250403E-13
1129.66838545955  2.963633E-13
1131.11599996711  2.172800E-13
1132.56361447467  2.975838E-13
1134.01122898223  2.335399E-13
1135.45884348979  2.767813E-13
1136.90645799735  2.124101E-13
1138.35407250491  2.082685E-13
1139.80168701247  2.508291E-13
1141.24930152003  2.201866E-13
1142.69691602759  2.543324E-13
1144.14453053515  2.123801E-13
1145.59214504271  2.807413E-13
1147.03975955027  2.054482E-13
1148.48737405783  3.095212E-13
1149.93498856539  2.317186E-13
1151.38260307295  2.489241E-13
1152.83021758051  2.310537E-13
1154.27783208807  1.958270E-13
1155.72544659563  2.344205E-13
1157.17306110319  2.306016E-13
1158.62067561075  2.225414E-13
1160.06829011831  2.768730E-13
1161.51590462587  2.378458E-13
1162.96351913343  2.505929E-13
1164.41113364099  2.559539E-13
1165.85874814855  2.480355E-13
1167.30636265611  2.643162E-13
1168.75397716367  2.843821E-13
1170.20159167123  2.800254E-13
1171.64920617879  2.487361E-13
1173.09682068635  2.793911E-13
1174.54443519391  3.186321E-13
1175.99204970147  2.496934E-13
1177.43966420903  2.671385E-13
1178.88727871659  2.785379E-13
1180.33489322415  3.378639E-13
1181.78250773171  2.876914E-13
1183.23012223927  2.748713E-13
1184.67773674683  2.999134E-13
1186.12535125439  2.832285E-13
1187.57296576195  3.180636E-13
1189.02058026951  3.174677E-13
1190.46819477707  3.222931E-13
1191.91580928463  2.737812E-13
1193.36342379219  4.008299E-13
1194.81103829975  3.232070E-13
1196.25865280731  3.961586E-13
1197.70626731487  3.433478E-13
1199.15388182243  3.417228E-13
1200.60149632999  4.075682E-13
1202.04911083755  4.249741E-13
1203.49672534511  4.231548E-13
1204.94433985267  4.325055E-13
1206.39195436023  5.242683E-13
1207.83956886779  6.886400E-13
1209.28718337535  7.111863E-13
1210.7347978829  7.637988E-13
1212.18241239046  8.384241E-13
1213.63002689802  9.329804E-13
1215.07764140558  7.979819E-13
1216.52525591314  7.815758E-13
1217.9728704207  8.499916E-13
1219.42048492826  6.881712E-13
1220.86809943582  6.087035E-13
1222.31571394338  5.495296E-13
1223.76332845094  4.531023E-13
1225.2109429585  4.119202E-13
1226.65855746606  4.145894E-13
1228.10617197362  4.477964E-13
1229.55378648118  3.789569E-13
1231.00140098874  3.746638E-13
1232.4490154963  4.321219E-13
1233.89663000386  3.910517E-13
1235.34424451142  4.267385E-13
1236.79185901898  3.877802E-13
1238.23947352654  4.207432E-13
1239.6870880341  3.481864E-13
1241.13470254166  4.071873E-13
1242.58231704922  4.034963E-13
1244.02993155678  3.688109E-13
1245.47754606434  3.744132E-13
1246.9251605719  3.080927E-13
1248.37277507946  3.043014E-13
1249.82038958702  3.216185E-13
1251.26800409458  3.016715E-13
1252.71561860214  3.096283E-13
1254.1632331097  3.095805E-13
1255.61084761726  2.544109E-13
1257.05846212482  2.838138E-13
1258.50607663238  2.930755E-13
1259.95369113994  2.670139E-13
1261.4013056475  2.753305E-13
1262.84892015506  2.679567E-13
1264.29653466262  2.379333E-13
1265.74414917018  2.915102E-13
1267.19176367774  2.427107E-13
1268.6393781853  2.508939E-13
1270.08699269286  2.669178E-13
1271.53460720042  2.677539E-13
1272.98222170798  2.444155E-13
1274.42983621554  2.181738E-13
1275.8774507231  2.071548E-13
1277.32506523066  2.230560E-13
1278.77267973822  2.273576E-13
1280.22029424578  2.246699E-13
1281.66790875334  2.494234E-13
1283.1155232609  2.396394E-13
1284.56313776846  1.996422E-13
1286.01075227602  2.225560E-13
1287.45836678358  2.063155E-13
1288.90598129114  2.192976E-13
1290.3535957987  2.180701E-13
1291.80121030626  2.479367E-13
1293.24882481382  2.373929E-13
1294.69643932138  2.464487E-13
1296.14405382894  2.304674E-13
1297.5916683365  2.107112E-13
1299.03928284406  2.242978E-13
1300.48689735162  2.444414E-13
1301.93451185917  2.350255E-13
1303.38212636674  2.408917E-13
1304.82974087429  2.439829E-13
1306.27735538185  2.172430E-13
1307.72496988941  2.056523E-13
1309.17258439697  2.362913E-13
1310.62019890453  2.314281E-13
1312.06781341209  2.173830E-13
1313.51542791965  2.168547E-13
1314.96304242721  2.403199E-13
1316.41065693477  2.140912E-13
1317.85827144233  1.918315E-13
1319.30588594989  2.342364E-13
1320.75350045745  2.154002E-13
1322.20111496501  2.038739E-13
1323.64872947257  2.312075E-13
1325.09634398013  2.156534E-13
1326.54395848769  2.073396E-13
1327.99157299525  2.195431E-13
1329.43918750281  2.630528E-13
1330.88680201037  2.112904E-13
1332.33441651793  2.294217E-13
1333.78203102549  2.199091E-13
1335.22964553305  2.289868E-13
1336.67726004061  1.782413E-13
1338.12487454817  2.074813E-13
1339.57248905573  2.011960E-13
1341.02010356329  2.239185E-13
1342.46771807085  2.078531E-13
1343.91533257841  2.308624E-13
1345.36294708597  2.116178E-13
1346.81056159353  2.037415E-13
1348.25817610109  1.986961E-13
1349.70579060865  2.075683E-13
1351.15340511621  2.379600E-13
1352.60101962377  2.005727E-13
1354.04863413133  1.998865E-13
1355.49624863889  2.118410E-13
1356.94386314645  2.364770E-13
1358.39147765401  2.209055E-13
1359.83909216157  2.031604E-13
1361.28670666913  2.046804E-13
1362.73432117669  2.099948E-13
1364.18193568425  2.178823E-13
1365.62955019181  2.223038E-13
1367.07716469937  2.245347E-13
1368.52477920693  2.130330E-13
1369.97239371449  2.198863E-13
1371.42000822205  2.174709E-13
1372.86762272961  2.003733E-13
1374.31523723717  2.191251E-13
1375.76285174473  2.172276E-13
1377.21046625229  2.184349E-13
1378.65808075985  2.101958E-13
1380.10569526741  2.229754E-13
1381.55330977497  2.553642E-13
1383.00092428253  2.207992E-13
1384.44853879009  2.181353E-13
1385.89615329765  1.983135E-13
1387.34376780521  2.141520E-13
1388.79138231277  2.243380E-13
1390.23899682033  2.290489E-13
1391.68661132789  2.437541E-13
1393.13422583545  2.575134E-13
1394.581840343  2.664090E-13
1396.02945485057  2.673314E-13
1397.47706935812  2.799662E-13
1398.92468386568  2.546310E-13
1400.37229837324  2.553683E-13
1401.8199128808  2.617496E-13
1403.26752738836  2.330399E-13
1404.71514189592  2.303129E-13
1406.16275640348  2.404664E-13
1407.61037091104  2.446264E-13
1409.0579854186  2.369808E-13
1410.50559992616  2.205156E-13
1411.95321443372  2.079018E-13
1413.40082894128  2.210178E-13
1414.84844344884  2.124538E-13
1416.2960579564  2.283514E-13
1417.74367246396  2.317341E-13
1419.19128697152  2.019296E-13
1420.63890147908  2.189299E-13
1422.08651598664  2.097528E-13
1423.5341304942  2.190378E-13
1424.98174500176  2.124444E-13
1426.42935950932  1.977587E-13
1427.87697401688  1.905227E-13
1429.32458852444  2.179474E-13
1430.772203032  1.997996E-13
1432.21981753956  1.981189E-13
1433.66743204712  2.241203E-13
1435.11504655468  2.060247E-13
1436.56266106224  1.876970E-13
1438.0102755698  2.091070E-13
1439.45789007736  2.083495E-13
1440.90550458492  2.083093E-13
1442.35311909248  1.862690E-13
1443.80073360004  1.712074E-13
1445.2483481076  1.850508E-13
1446.69596261516  2.002097E-13
1448.14357712272  2.052282E-13
1449.59119163028  1.941601E-13
1451.03880613784  1.917482E-13
1452.4864206454  1.829385E-13
1453.93403515296  2.043571E-13
1455.38164966052  2.070205E-13
1456.82926416808  2.034483E-13
1458.27687867564  1.833199E-13
1459.7244931832  1.855845E-13
1461.17210769076  2.064817E-13
1462.61972219832  1.892266E-13
1464.06733670588  1.824257E-13
1465.51495121344  1.754173E-13
1466.962565721  1.775991E-13
1468.41018022856  1.816623E-13
1469.85779473612  1.801980E-13
1471.30540924368  1.786609E-13
1472.75302375124  1.915864E-13
1474.2006382588  1.935356E-13
1475.64825276636  2.025761E-13
1477.09586727392  1.890840E-13
1478.54348178148  1.885982E-13
1479.99109628904  1.806196E-13
1481.4387107966  1.957313E-13
1482.88632530416  1.958532E-13
1484.33393981172  2.065389E-13
1485.78155431928  2.000545E-13
1487.22916882683  1.973854E-13
1488.67678333439  1.801259E-13
1490.12439784195  1.761992E-13
1491.57201234951  1.712319E-13
1493.01962685707  1.761563E-13
1494.46724136463  1.737871E-13
1495.91485587219  1.793312E-13
1497.36247037975  1.835354E-13
1498.81008488731  1.833453E-13
1500.25769939487  2.037752E-13
1501.70531390243  2.011522E-13
1503.15292840999  1.719294E-13
1504.60054291755  1.729483E-13
1506.04815742511  1.754026E-13
1507.49577193267  1.833143E-13
1508.94338644023  2.004656E-13
1510.39100094779  2.057191E-13
1511.83861545535  2.054814E-13
1513.28622996291  1.869684E-13
1514.73384447047  1.901955E-13
1516.18145897803  1.942102E-13
1517.62907348559  2.128407E-13
1519.07668799315  2.160514E-13
1520.52430250071  2.107860E-13
1521.97191700827  2.344830E-13
1523.41953151583  2.248798E-13
1524.86714602339  2.303493E-13
1526.31476053095  2.244761E-13
1527.76237503851  2.401510E-13
1529.20998954607  2.245394E-13
1530.65760405363  2.293949E-13
1532.10521856119  2.368329E-13
1533.55283306875  2.523117E-13
1535.00044757631  2.753187E-13
1536.44806208387  2.850337E-13
1537.89567659143  2.851181E-13
1539.34329109899  3.131954E-13
1540.79090560655  3.134752E-13
1542.23852011411  3.391480E-13
1543.68613462167  3.534247E-13
1545.13374912923  3.587133E-13
1546.58136363679  3.903266E-13
1548.02897814435  3.846755E-13
1549.47659265191  3.326648E-13
1550.92420715947  3.534233E-13
1552.37182166703  3.266280E-13
1553.81943617459  3.134491E-13
1555.26705068215  2.981106E-13
1556.71466518971  2.733229E-13
1558.16227969727  2.548420E-13
1559.60989420483  2.464122E-13
1561.05750871239  2.258654E-13
1562.50512321995  2.135526E-13
1563.95273772751  2.356806E-13
1565.40035223507  2.224645E-13
1566.84796674263  2.081671E-13
1568.29558125019  1.983746E-13
1569.74319575775  2.005781E-13
1571.19081026531  1.994214E-13
1572.63842477287  2.124031E-13
1574.08603928043  2.099946E-13
1575.53365378799  2.087307E-13
1576.98126829555  2.103447E-13
1578.4288828031  2.230076E-13
1579.87649731066  2.059898E-13
1581.32411181822  1.841472E-13
1582.77172632578  1.756265E-13
1584.21934083334  1.912847E-13
1585.6669553409  1.942977E-13
1587.11456984846  1.959314E-13
1588.56218435602  1.938684E-13
1590.00979886358  1.869009E-13
1591.45741337114  2.006496E-13
1592.9050278787  1.985941E-13
1594.35264238626  1.855255E-13
1595.80025689382  1.893911E-13
1597.24787140138  1.840832E-13
1598.69548590894  1.835741E-13
1600.1431004165  1.761783E-13
1601.59071492406  1.763059E-13
1603.03832943162  1.806644E-13
1604.48594393918  1.774563E-13
1605.93355844674  1.764469E-13
1607.3811729543  1.892208E-13
1608.82878746186  1.804068E-13
1610.27640196942  1.728492E-13
1611.72401647698  1.693566E-13
1613.17163098454  1.749694E-13
1614.6192454921  1.905065E-13
1616.06685999966  1.940342E-13
1617.51447450722  1.892909E-13
1618.96208901478  1.847901E-13
1620.40970352234  1.857984E-13
1621.8573180299  1.961152E-13
1623.30493253746  2.020986E-13
1624.75254704502  2.026973E-13
1626.20016155258  1.949002E-13
1627.64777606014  1.888406E-13
1629.0953905677  1.922993E-13
1630.54300507526  1.897634E-13
1631.99061958282  1.983861E-13
1633.43823409038  1.936231E-13
1634.88584859794  1.962902E-13
1636.3334631055  1.988355E-13
1637.78107761306  1.990610E-13
1639.22869212062  1.854887E-13
1640.67630662818  1.854484E-13
1642.12392113574  1.849508E-13
1643.5715356433  1.945563E-13
1645.01915015086  1.902761E-13
1646.46676465842  1.910963E-13
1647.91437916598  1.929243E-13
1649.36199367354  1.949305E-13
1650.8096081811  1.950578E-13
1652.25722268866  1.966147E-13
1653.70483719622  1.971585E-13
1655.15245170378  1.942188E-13
1656.60006621134  1.986177E-13
1658.0476807189  2.004093E-13
1659.49529522646  2.044155E-13
1660.94290973402  2.026365E-13
1662.39052424158  2.008745E-13
1663.83813874914  1.929715E-13
1665.2857532567  1.855598E-13
1666.73336776426  1.773615E-13
1668.18098227181  1.812033E-13
1669.62859677938  1.759264E-13
1671.07621128693  1.745959E-13
1672.52382579449  1.801339E-13
1673.97144030205  1.804038E-13
1675.41905480961  1.834478E-13
1676.86666931717  1.827007E-13
1678.31428382473  1.805174E-13
1679.76189833229  1.798318E-13
1681.20951283985  1.717890E-13
1682.65712734741  1.649638E-13
1684.10474185497  1.712812E-13
1685.55235636253  1.647362E-13
1686.99997087009  1.605079E-13
1688.44758537765  1.682559E-13
1689.89519988521  1.772296E-13
1691.34281439277  1.758511E-13
1692.79042890033  1.660696E-13
1694.23804340789  1.636860E-13
1695.68565791545  1.619031E-13
1697.13327242301  1.621725E-13
1698.58088693057  1.641666E-13
1700.02850143813  1.651143E-13
1701.47611594569  1.645744E-13
1702.92373045325  1.617021E-13
1704.37134496081  1.692563E-13
1705.81895946837  1.629666E-13
1707.26657397593  1.563755E-13
1708.71418848349  1.510033E-13
1710.16180299105  0.
1711.60941749861  0.
1713.05703200617  0.
1714.50464651373  0.
1715.95226102129  0.
1717.39987552885  0.
1718.84749003641  0.
1720.29510454397  0.
1721.74271905153  0.
1723.19033355909  0.
1724.63794806665  0.
1726.08556257421  0.
1727.53317708177  0.
1728.98079158933  0.
1730.42840609689  0.
1731.87602060445  0.
1733.32363511201  0.
1734.77124961957  0.
1736.21886412713  0.
1737.66647863469  0.
1739.11409314225  0.
1740.56170764981  0.
1742.00932215737  0.
1743.45693666493  0.
1744.90455117249  0.
1746.35216568005  0.
1747.79978018761  0.
1749.24739469517  0.
1750.69500920273  0.
1752.14262371029  0.
1753.59023821785  0.
1755.03785272541  0.
1756.48546723297  0.
1757.93308174053  0.
1759.38069624809  0.
1760.82831075565  0.
1762.27592526321  0.
1763.72353977076  0.
1765.17115427832  0.
1766.61876878588  0.
1768.06638329344  0.
1769.513997801  0.
1770.96161230856  0.
1772.40922681612  0.
1773.85684132368  0.
1775.30445583124  0.
1776.7520703388  0.
1778.19968484636  0.
1779.64729935392  0.
1781.09491386148  0.
1782.54252836904  0.
1783.9901428766  0.
1785.43775738416  0.
1786.88537189172  0.
1788.33298639928  0.
1789.78060090684  0.
1791.2282154144  0.
1792.67582992196  0.
1794.12344442952  0.
1795.57105893708  0.
1797.01867344464  0.
1798.4662879522  0.
1799.91390245976  0.
1801.36151696732  0.
1802.80913147488  0.
1804.25674598244  0.
1805.70436049  0.
1807.15197499756  0.
1808.59958950512  0.
1810.04720401268  0.
1811.49481852024  0.
1812.9424330278  0.
1814.39004753536  0.
1815.83766204292  0.
1817.28527655048  0.
1818.73289105804  0.
1820.1805055656  0.
1821.62812007316  0.
1823.07573458072  0.
1824.52334908828  0.
1825.97096359584  0.
1827.4185781034  0.
1828.86619261096  0.
1830.31380711852  0.
1831.76142162608  0.
