906.735751295338  0.
908.183365802898  0.
909.630980310458  0.
911.078594818018  0.
912.526209325578  0.
913.973823833137  0.
915.421438340697  0.
916.869052848257  0.
918.316667355817  0.
919.764281863377  0.
921.211896370937  0.
922.659510878497  0.
924.107125386056  0.
925.554739893616  0.
927.002354401176  0.
928.449968908736  0.
929.897583416296  0.
931.345197923856  0.
932.792812431415  0.
934.240426938975  0.
935.688041446535  0.
937.135655954095  0.
938.583270461655  0.
940.030884969215  0.
941.478499476774  0.
942.926113984334  0.
944.373728491894  0.
945.821342999454  0.
947.268957507014  0.
948.716572014574  0.
950.164186522133  0.
951.611801029693  0.
953.059415537253  0.
954.507030044813  0.
955.954644552373  0.
957.402259059933  0.
958.849873567493  0.
960.297488075052  0.
961.745102582612  0.
963.192717090172  0.
964.640331597732  0.
966.087946105292  0.
967.535560612852  0.
968.983175120411  0.
970.430789627971  0.
971.878404135531  0.
973.326018643091  0.
974.773633150651  0.
976.221247658211  0.
977.668862165771  0.
979.11647667333  0.
980.56409118089  0.
982.01170568845  0.
983.45932019601  0.
984.90693470357  0.
986.35454921113  0.
987.802163718689  0.
989.249778226249  0.
990.697392733809  0.
992.145007241369  0.
993.592621748929  3.458320E-13
995.040236256489  3.640724E-13
996.487850764048  4.896053E-13
997.935465271608  4.278391E-13
999.383079779168  3.345957E-13
1000.83069428673  3.763349E-13
1002.27830879429  3.070329E-13
1003.72592330185  3.792518E-13
1005.17353780941  4.137081E-13
1006.62115231697  3.204049E-13
1008.06876682453  3.485427E-13
1009.51638133209  3.109186E-13
1010.96399583965  3.779708E-13
1012.41161034721  4.060419E-13
1013.85922485477  3.459851E-13
1015.30683936233  3.184531E-13
1016.75445386989  3.445131E-13
1018.20206837745  4.413326E-13
1019.64968288501  3.527224E-13
1021.09729739257  3.625318E-13
1022.54491190013  4.040067E-13
1023.99252640769  4.521807E-13
1025.44014091525  4.109006E-13
1026.8877554228  4.472271E-13
1028.33536993037  4.469787E-13
1029.78298443792  4.559807E-13
1031.23059894548  5.090602E-13
1032.67821345304  4.524708E-13
1034.1258279606  4.524642E-13
1035.57344246816  3.692595E-13
1037.02105697572  4.295857E-13
1038.46867148328  4.142959E-13
1039.91628599084  4.123799E-13
1041.3639004984  3.864455E-13
1042.81151500596  3.725762E-13
1044.25912951352  4.378972E-13
1045.70674402108  6.264372E-13
1047.15435852864  5.619889E-13
1048.6019730362  5.058694E-13
1050.04958754376  3.679321E-13
1051.49720205132  3.564596E-13
1052.94481655888  3.281073E-13
1054.39243106644  3.658909E-13
1055.840045574  2.946015E-13
1057.28766008156  2.718688E-13
1058.73527458912  2.963633E-13
1060.18288909668  3.688624E-13
1061.63050360424  3.594919E-13
1063.0781181118  3.628100E-13
1064.52573261936  3.431285E-13
1065.97334712692  3.678417E-13
1067.42096163448  3.776921E-13
1068.86857614204  3.209986E-13
1070.3161906496  3.116145E-13
1071.76380515716  3.198666E-13
1073.21141966472  3.464343E-13
1074.65903417228  3.704781E-13
1076.10664867984  3.448006E-13
1077.5542631874  3.375427E-13
1079.00187769496  3.473472E-13
1080.44949220252  3.275446E-13
1081.89710671008  3.032871E-13
1083.34472121764  2.614795E-13
1084.7923357252  2.688506E-13
1086.23995023276  3.072661E-13
1087.68756474032  3.046386E-13
1089.13517924788  2.640779E-13
1090.58279375544  2.894519E-13
1092.030408263  2.763807E-13
1093.47802277056  2.934419E-13
1094.92563727812  2.833051E-13
1096.37325178568  3.043229E-13
1097.82086629324  3.289453E-13
1099.2684808008  3.347670E-13
1100.71609530836  3.232814E-13
1102.16370981592  2.834997E-13
1103.61132432348  2.890778E-13
1105.05893883104  2.894442E-13
1106.5065533386  3.185402E-13
1107.95416784616  2.984729E-13
1109.40178235372  3.185871E-13
1110.84939686128  2.952293E-13
1112.29701136884  3.037619E-13
1113.7446258764  3.049942E-13
1115.19224038396  3.882318E-13
1116.63985489152  3.394314E-13
1118.08746939908  3.423404E-13
1119.53508390664  2.815500E-13
1120.98269841419  2.767923E-13
1122.43031292175  2.738761E-13
1123.87792742931  3.034065E-13
1125.32554193687  2.659904E-13
1126.77315644443  2.539685E-13
1128.22077095199  2.664496E-13
1129.66838545955  2.555746E-13
1131.11599996711  3.246156E-13
1132.56361447467  2.920914E-13
1134.01122898223  2.623655E-13
1135.45884348979  2.704356E-13
1136.90645799735  3.054612E-13
1138.35407250491  3.113718E-13
1139.80168701247  2.723979E-13
1141.24930152003  2.566266E-13
1142.69691602759  2.591097E-13
1144.14453053515  3.060273E-13
1145.59214504271  3.124114E-13
1147.03975955027  2.760695E-13
1148.48737405783  3.261093E-13
1149.93498856539  2.736518E-13
1151.38260307295  2.858423E-13
1152.83021758051  2.511397E-13
1154.27783208807  2.299898E-13
1155.72544659563  2.468116E-13
1157.17306110319  3.046538E-13
1158.62067561075  2.716679E-13
1160.06829011831  2.699073E-13
1161.51590462587  2.745714E-13
1162.96351913343  3.012907E-13
1164.41113364099  2.851130E-13
1165.85874814855  2.988170E-13
1167.30636265611  3.269676E-13
1168.75397716367  2.817882E-13
1170.20159167123  3.412125E-13
1171.64920617879  3.025210E-13
1173.09682068635  3.663299E-13
1174.54443519391  3.138921E-13
1175.99204970147  3.026297E-13
1177.43966420903  3.404709E-13
1178.88727871659  3.337755E-13
1180.33489322415  3.340314E-13
1181.78250773171  3.360069E-13
1183.23012223927  3.020348E-13
1184.67773674683  3.238307E-13
1186.12535125439  2.728811E-13
1187.57296576195  3.177200E-13
1189.02058026951  3.228234E-13
1190.46819477707  3.659022E-13
1191.91580928463  3.644967E-13
1193.36342379219  3.798009E-13
1194.81103829975  3.453790E-13
1196.25865280731  3.738304E-13
1197.70626731487  4.250709E-13
1199.15388182243  4.361719E-13
1200.60149632999  4.305207E-13
1202.04911083755  4.062001E-13
1203.49672534511  4.194473E-13
1204.94433985267  5.044778E-13
1206.39195436023  4.992317E-13
1207.83956886779  6.059606E-13
1209.28718337535  6.240427E-13
1210.7347978829  6.721662E-13
1212.18241239046  8.371738E-13
1213.63002689802  8.437003E-13
1215.07764140558  1.147001E-12
1216.52525591314  9.277215E-13
1217.9728704207  1.026736E-12
1219.42048492826  1.013580E-12
1220.86809943582  8.205658E-13
1222.31571394338  7.373686E-13
1223.76332845094  5.947618E-13
1225.2109429585  5.237413E-13
1226.65855746606  5.340518E-13
1228.10617197362  4.525911E-13
1229.55378648118  4.637318E-13
1231.00140098874  4.265422E-13
1232.4490154963  4.293521E-13
1233.89663000386  4.416935E-13
1235.34424451142  4.210452E-13
1236.79185901898  4.521462E-13
1238.23947352654  4.866262E-13
1239.6870880341  4.614124E-13
1241.13470254166  4.841130E-13
1242.58231704922  4.693671E-13
1244.02993155678  4.802299E-13
1245.47754606434  4.250414E-13
1246.9251605719  3.414221E-13
1248.37277507946  3.549301E-13
1249.82038958702  3.901549E-13
1251.26800409458  3.472355E-13
1252.71561860214  3.337458E-13
1254.1632331097  3.018449E-13
1255.61084761726  3.326631E-13
1257.05846212482  3.350217E-13
1258.50607663238  3.746794E-13
1259.95369113994  3.267097E-13
1261.4013056475  3.111651E-13
1262.84892015506  3.034878E-13
1264.29653466262  3.055998E-13
1265.74414917018  2.855968E-13
1267.19176367774  3.033215E-13
1268.6393781853  3.308553E-13
1270.08699269286  3.206998E-13
1271.53460720042  2.658225E-13
1272.98222170798  2.891435E-13
1274.42983621554  2.657671E-13
1275.8774507231  2.870156E-13
1277.32506523066  2.911855E-13
1278.77267973822  2.637000E-13
1280.22029424578  2.692404E-13
1281.66790875334  2.534045E-13
1283.1155232609  2.270862E-13
1284.56313776846  2.370563E-13
1286.01075227602  2.447691E-13
1287.45836678358  2.566431E-13
1288.90598129114  2.504303E-13
1290.3535957987  2.466252E-13
1291.80121030626  2.860308E-13
1293.24882481382  2.515690E-13
1294.69643932138  2.294621E-13
1296.14405382894  2.821481E-13
1297.5916683365  2.852389E-13
1299.03928284406  2.677008E-13
1300.48689735162  2.701795E-13
1301.93451185917  2.718848E-13
1303.38212636674  2.955705E-13
1304.82974087429  2.720957E-13
1306.27735538185  2.939331E-13
1307.72496988941  2.778335E-13
1309.17258439697  2.507307E-13
1310.62019890453  2.482790E-13
1312.06781341209  2.497515E-13
1313.51542791965  2.354680E-13
1314.96304242721  2.595839E-13
1316.41065693477  2.388434E-13
1317.85827144233  2.228209E-13
1319.30588594989  2.054037E-13
1320.75350045745  1.815437E-13
1322.20111496501  1.867038E-13
1323.64872947257  2.392612E-13
1325.09634398013  2.325455E-13
1326.54395848769  2.550115E-13
1327.99157299525  2.316445E-13
1329.43918750281  2.401601E-13
1330.88680201037  2.507827E-13
1332.33441651793  2.574417E-13
1333.78203102549  2.421100E-13
1335.22964553305  2.577705E-13
1336.67726004061  2.247302E-13
1338.12487454817  2.223256E-13
1339.57248905573  1.877991E-13
1341.02010356329  2.336355E-13
1342.46771807085  2.321633E-13
1343.91533257841  2.329791E-13
1345.36294708597  2.364940E-13
1346.81056159353  2.239410E-13
1348.25817610109  2.201355E-13
1349.70579060865  2.384745E-13
1351.15340511621  2.494927E-13
1352.60101962377  2.057953E-13
1354.04863413133  1.946538E-13
1355.49624863889  2.140975E-13
1356.94386314645  2.566637E-13
1358.39147765401  2.657995E-13
1359.83909216157  2.464579E-13
1361.28670666913  2.554915E-13
1362.73432117669  2.532130E-13
1364.18193568425  2.522298E-13
1365.62955019181  2.504236E-13
1367.07716469937  2.547897E-13
1368.52477920693  2.561067E-13
1369.97239371449  2.521701E-13
1371.42000822205  2.211756E-13
1372.86762272961  2.272886E-13
1374.31523723717  2.293735E-13
1375.76285174473  2.427892E-13
1377.21046625229  2.361894E-13
1378.65808075985  2.547088E-13
1380.10569526741  2.739103E-13
1381.55330977497  2.390687E-13
1383.00092428253  2.517994E-13
1384.44853879009  2.496568E-13
1385.89615329765  2.019700E-13
1387.34376780521  2.401603E-13
1388.79138231277  2.626396E-13
1390.23899682033  2.587609E-13
1391.68661132789  2.281844E-13
1393.13422583545  2.732016E-13
1394.581840343  2.469416E-13
1396.02945485057  2.738937E-13
1397.47706935812  2.888899E-13
1398.92468386568  2.874574E-13
1400.37229837324  3.022910E-13
1401.8199128808  3.211168E-13
1403.26752738836  2.654082E-13
1404.71514189592  2.608512E-13
1406.16275640348  2.583683E-13
1407.61037091104  2.562593E-13
1409.0579854186  2.447653E-13
1410.50559992616  2.311662E-13
1411.95321443372  2.349694E-13
1413.40082894128  2.389323E-13
1414.84844344884  2.532493E-13
1416.2960579564  2.416114E-13
1417.74367246396  2.415504E-13
1419.19128697152  2.473264E-13
1420.63890147908  2.363687E-13
1422.08651598664  2.180865E-13
1423.5341304942  2.104981E-13
1424.98174500176  2.318590E-13
1426.42935950932  2.540035E-13
1427.87697401688  2.347978E-13
1429.32458852444  2.188042E-13
1430.772203032  1.981316E-13
1432.21981753956  2.211905E-13
1433.66743204712  2.367251E-13
1435.11504655468  2.399639E-13
1436.56266106224  2.204776E-13
1438.0102755698  2.351722E-13
1439.45789007736  2.096177E-13
1440.90550458492  2.183033E-13
1442.35311909248  1.995615E-13
1443.80073360004  2.225234E-13
1445.2483481076  1.991607E-13
1446.69596261516  1.974209E-13
1448.14357712272  1.959862E-13
1449.59119163028  1.776668E-13
1451.03880613784  1.925870E-13
1452.4864206454  1.938009E-13
1453.93403515296  2.081038E-13
1455.38164966052  2.200179E-13
1456.82926416808  2.140790E-13
1458.27687867564  2.257965E-13
1459.7244931832  2.301586E-13
1461.17210769076  2.198355E-13
1462.61972219832  2.060254E-13
1464.06733670588  1.948253E-13
1465.51495121344  2.011215E-13
1466.962565721  2.343607E-13
1468.41018022856  2.234939E-13
1469.85779473612  2.087924E-13
1471.30540924368  2.216742E-13
1472.75302375124  2.154082E-13
1474.2006382588  2.189270E-13
1475.64825276636  2.110130E-13
1477.09586727392  2.109471E-13
1478.54348178148  2.246486E-13
1479.99109628904  2.202558E-13
1481.4387107966  2.087502E-13
1482.88632530416  2.202677E-13
1484.33393981172  2.148804E-13
1485.78155431928  2.054089E-13
1487.22916882683  2.067758E-13
1488.67678333439  1.939181E-13
1490.12439784195  2.130726E-13
1491.57201234951  2.074662E-13
1493.01962685707  2.095498E-13
1494.46724136463  2.048713E-13
1495.91485587219  2.032385E-13
1497.36247037975  2.175978E-13
1498.81008488731  2.384948E-13
1500.25769939487  2.144566E-13
1501.70531390243  2.213010E-13
1503.15292840999  2.067940E-13
1504.60054291755  2.010234E-13
1506.04815742511  2.248256E-13
1507.49577193267  2.273547E-13
1508.94338644023  2.421697E-13
1510.39100094779  2.428692E-13
1511.83861545535  2.428267E-13
1513.28622996291  2.255652E-13
1514.73384447047  2.217302E-13
1516.18145897803  2.465828E-13
1517.62907348559  2.404728E-13
1519.07668799315  2.368031E-13
1520.52430250071  2.470459E-13
1521.97191700827  2.720268E-13
1523.41953151583  2.701624E-13
1524.86714602339  2.374649E-13
1526.31476053095  2.467251E-13
1527.76237503851  2.419836E-13
1529.20998954607  2.400539E-13
1530.65760405363  2.471971E-13
1532.10521856119  2.596450E-13
1533.55283306875  2.611311E-13
1535.00044757631  2.615141E-13
1536.44806208387  2.683982E-13
1537.89567659143  2.990228E-13
1539.34329109899  3.332208E-13
1540.79090560655  3.440784E-13
1542.23852011411  3.526071E-13
1543.68613462167  3.791286E-13
1545.13374912923  4.054693E-13
1546.58136363679  4.025215E-13
1548.02897814435  3.586606E-13
1549.47659265191  3.450206E-13
1550.92420715947  3.496006E-13
1552.37182166703  3.663123E-13
1553.81943617459  3.583246E-13
1555.26705068215  3.495447E-13
1556.71466518971  3.125940E-13
1558.16227969727  3.074190E-13
1559.60989420483  3.094352E-13
1561.05750871239  2.736990E-13
1562.50512321995  2.754868E-13
1563.95273772751  2.707380E-13
1565.40035223507  2.568147E-13
1566.84796674263  2.387415E-13
1568.29558125019  2.395122E-13
1569.74319575775  2.446450E-13
1571.19081026531  2.372739E-13
1572.63842477287  2.209010E-13
1574.08603928043  2.134421E-13
1575.53365378799  2.131961E-13
1576.98126829555  2.106528E-13
1578.4288828031  2.318268E-13
1579.87649731066  2.298145E-13
1581.32411181822  2.232197E-13
1582.77172632578  2.142273E-13
1584.21934083334  2.084478E-13
1585.6669553409  2.082078E-13
1587.11456984846  1.939619E-13
1588.56218435602  1.894923E-13
1590.00979886358  1.949839E-13
1591.45741337114  2.013259E-13
1592.9050278787  2.073097E-13
1594.35264238626  1.993585E-13
1595.80025689382  2.078780E-13
1597.24787140138  2.115964E-13
1598.69548590894  2.036910E-13
1600.1431004165  2.000249E-13
1601.59071492406  2.054572E-13
1603.03832943162  2.143935E-13
1604.48594393918  2.094207E-13
1605.93355844674  2.125770E-13
1607.3811729543  2.060825E-13
1608.82878746186  2.019923E-13
1610.27640196942  1.912365E-13
1611.72401647698  1.837581E-13
1613.17163098454  1.968542E-13
1614.6192454921  1.950596E-13
1616.06685999966  1.993603E-13
1617.51447450722  1.967375E-13
1618.96208901478  1.929954E-13
1620.40970352234  2.009388E-13
1621.8573180299  2.016530E-13
1623.30493253746  1.976643E-13
1624.75254704502  1.987914E-13
1626.20016155258  1.921817E-13
1627.64777606014  1.902083E-13
1629.0953905677  2.015789E-13
1630.54300507526  2.137468E-13
1631.99061958282  2.134520E-13
1633.43823409038  2.033342E-13
1634.88584859794  2.057325E-13
1636.3334631055  2.172388E-13
1637.78107761306  2.222303E-13
1639.22869212062  2.268624E-13
1640.67630662818  2.227937E-13
1642.12392113574  2.141792E-13
1643.5715356433  2.180969E-13
1645.01915015086  2.025981E-13
1646.46676465842  1.867304E-13
1647.91437916598  1.858347E-13
1649.36199367354  1.977328E-13
1650.8096081811  2.043479E-13
1652.25722268866  2.032202E-13
1653.70483719622  1.920203E-13
1655.15245170378  1.935632E-13
1656.60006621134  2.030779E-13
1658.0476807189  2.094697E-13
1659.49529522646  2.094637E-13
1660.94290973402  2.081639E-13
1662.39052424158  2.343323E-13
1663.83813874914  2.316100E-13
1665.2857532567  2.165843E-13
1666.73336776426  2.118384E-13
1668.18098227181  2.035240E-13
1669.62859677938  1.941043E-13
1671.07621128693  1.878228E-13
1672.52382579449  1.941631E-13
1673.97144030205  1.928589E-13
1675.41905480961  1.951553E-13
1676.86666931717  1.928737E-13
1678.31428382473  1.986186E-13
1679.76189833229  1.933512E-13
1681.20951283985  1.928642E-13
1682.65712734741  1.886358E-13
1684.10474185497  1.911405E-13
1685.55235636253  1.850201E-13
1686.99997087009  1.912921E-13
1688.44758537765  2.037641E-13
1689.89519988521  2.078947E-13
1691.34281439277  1.999267E-13
1692.79042890033  2.008776E-13
1694.23804340789  1.938915E-13
1695.68565791545  1.987228E-13
1697.13327242301  2.067265E-13
1698.58088693057  2.082469E-13
1700.02850143813  2.041210E-13
1701.47611594569  2.017527E-13
1702.92373045325  2.007169E-13
1704.37134496081  1.962615E-13
1705.81895946837  1.889438E-13
1707.26657397593  1.890818E-13
1708.71418848349  1.925532E-13
1710.16180299105  0.
1711.60941749861  0.
1713.05703200617  0.
1714.50464651373  0.
1715.95226102129  0.
1717.39987552885  0.
1718.84749003641  0.
1720.29510454397  0.
1721.74271905153  0.
1723.19033355909  0.
1724.63794806665  0.
1726.08556257421  0.
1727.53317708177  0.
1728.98079158933  0.
1730.42840609689  0.
1731.87602060445  0.
1733.32363511201  0.
1734.77124961957  0.
1736.21886412713  0.
1737.66647863469  0.
1739.11409314225  0.
1740.56170764981  0.
1742.00932215737  0.
1743.45693666493  0.
1744.90455117249  0.
1746.35216568005  0.
1747.79978018761  0.
1749.24739469517  0.
1750.69500920273  0.
1752.14262371029  0.
1753.59023821785  0.
1755.03785272541  0.
1756.48546723297  0.
1757.93308174053  0.
1759.38069624809  0.
1760.82831075565  0.
1762.27592526321  0.
1763.72353977076  0.
1765.17115427832  0.
1766.61876878588  0.
1768.06638329344  0.
1769.513997801  0.
1770.96161230856  0.
1772.40922681612  0.
1773.85684132368  0.
1775.30445583124  0.
1776.7520703388  0.
1778.19968484636  0.
1779.64729935392  0.
1781.09491386148  0.
1782.54252836904  0.
1783.9901428766  0.
1785.43775738416  0.
1786.88537189172  0.
1788.33298639928  0.
1789.78060090684  0.
1791.2282154144  0.
1792.67582992196  0.
1794.12344442952  0.
1795.57105893708  0.
1797.01867344464  0.
1798.4662879522  0.
1799.91390245976  0.
1801.36151696732  0.
1802.80913147488  0.
1804.25674598244  0.
1805.70436049  0.
1807.15197499756  0.
1808.59958950512  0.
1810.04720401268  0.
1811.49481852024  0.
1812.9424330278  0.
1814.39004753536  0.
1815.83766204292  0.
1817.28527655048  0.
1818.73289105804  0.
1820.1805055656  0.
1821.62812007316  0.
1823.07573458072  0.
1824.52334908828  0.
1825.97096359584  0.
1827.4185781034  0.
1828.86619261096  0.
1830.31380711852  0.
1831.76142162608  0.
