906.735751295338  0.
908.183365802898  0.
909.630980310458  0.
911.078594818018  0.
912.526209325578  0.
913.973823833137  0.
915.421438340697  0.
916.869052848257  0.
918.316667355817  0.
919.764281863377  0.
921.211896370937  0.
922.659510878497  0.
924.107125386056  0.
925.554739893616  0.
927.002354401176  0.
928.449968908736  0.
929.897583416296  0.
931.345197923856  0.
932.792812431415  0.
934.240426938975  0.
935.688041446535  0.
937.135655954095  0.
938.583270461655  0.
940.030884969215  0.
941.478499476774  0.
942.926113984334  0.
944.373728491894  0.
945.821342999454  0.
947.268957507014  0.
948.716572014574  0.
950.164186522133  0.
951.611801029693  0.
953.059415537253  0.
954.507030044813  0.
955.954644552373  0.
957.402259059933  0.
958.849873567493  0.
960.297488075052  0.
961.745102582612  0.
963.192717090172  0.
964.640331597732  0.
966.087946105292  0.
967.535560612852  0.
968.983175120411  0.
970.430789627971  0.
971.878404135531  0.
973.326018643091  0.
974.773633150651  0.
976.221247658211  0.
977.668862165771  0.
979.11647667333  0.
980.56409118089  0.
982.01170568845  0.
983.45932019601  0.
984.90693470357  0.
986.35454921113  0.
987.802163718689  0.
989.249778226249  0.
990.697392733809  0.
992.145007241369  0.
993.592621748929  5.276608E-13
995.040236256489  3.669498E-13
996.487850764048  3.822578E-13
997.935465271608  4.547106E-13
999.383079779168  4.881610E-13
1000.83069428673  4.712757E-13
1002.27830879429  4.903121E-13
1003.72592330185  4.097837E-13
1005.17353780941  5.179614E-13
1006.62115231697  4.119613E-13
1008.06876682453  3.895328E-13
1009.51638133209  4.618565E-13
1010.96399583965  4.982543E-13
1012.41161034721  4.433293E-13
1013.85922485477  4.458115E-13
1015.30683936233  4.577065E-13
1016.75445386989  4.416351E-13
1018.20206837745  4.603857E-13
1019.64968288501  4.618779E-13
1021.09729739257  4.592235E-13
1022.54491190013  4.490912E-13
1023.99252640769  4.603463E-13
1025.44014091525  4.592320E-13
1026.8877554228  4.186191E-13
1028.33536993037  4.605818E-13
1029.78298443792  4.684742E-13
1031.23059894548  5.172710E-13
1032.67821345304  6.705166E-13
1034.1258279606  4.854572E-13
1035.57344246816  4.118085E-13
1037.02105697572  4.043350E-13
1038.46867148328  4.669000E-13
1039.91628599084  4.066789E-13
1041.3639004984  3.813746E-13
1042.81151500596  3.684396E-13
1044.25912951352  4.448289E-13
1045.70674402108  4.835231E-13
1047.15435852864  5.046500E-13
1048.6019730362  3.891031E-13
1050.04958754376  3.325956E-13
1051.49720205132  4.298920E-13
1052.94481655888  4.979871E-13
1054.39243106644  3.948473E-13
1055.840045574  3.275739E-13
1057.28766008156  3.329627E-13
1058.73527458912  3.262580E-13
1060.18288909668  3.378057E-13
1061.63050360424  3.628453E-13
1063.0781181118  3.773871E-13
1064.52573261936  3.892944E-13
1065.97334712692  3.427986E-13
1067.42096163448  3.993417E-13
1068.86857614204  3.240424E-13
1070.3161906496  3.441626E-13
1071.76380515716  3.582057E-13
1073.21141966472  3.232215E-13
1074.65903417228  3.458675E-13
1076.10664867984  3.245721E-13
1077.5542631874  3.387799E-13
1079.00187769496  3.608438E-13
1080.44949220252  3.101905E-13
1081.89710671008  3.382253E-13
1083.34472121764  3.146383E-13
1084.7923357252  2.982955E-13
1086.23995023276  3.344511E-13
1087.68756474032  3.461545E-13
1089.13517924788  2.642498E-13
1090.58279375544  2.853024E-13
1092.030408263  3.137105E-13
1093.47802277056  2.983540E-13
1094.92563727812  3.317768E-13
1096.37325178568  3.040253E-13
1097.82086629324  3.183782E-13
1099.2684808008  2.956405E-13
1100.71609530836  2.946630E-13
1102.16370981592  3.527270E-13
1103.61132432348  3.113123E-13
1105.05893883104  3.500657E-13
1106.5065533386  3.309018E-13
1107.95416784616  3.103746E-13
1109.40178235372  3.417061E-13
1110.84939686128  3.191842E-13
1112.29701136884  3.020027E-13
1113.7446258764  3.019760E-13
1115.19224038396  2.715012E-13
1116.63985489152  2.903521E-13
1118.08746939908  3.323446E-13
1119.53508390664  2.936698E-13
1120.98269841419  3.162140E-13
1122.43031292175  2.830134E-13
1123.87792742931  2.889592E-13
1125.32554193687  2.406672E-13
1126.77315644443  2.516082E-13
1128.22077095199  3.292636E-13
1129.66838545955  3.186280E-13
1131.11599996711  3.432730E-13
1132.56361447467  3.339840E-13
1134.01122898223  2.906442E-13
1135.45884348979  3.153043E-13
1136.90645799735  3.164221E-13
1138.35407250491  3.111399E-13
1139.80168701247  2.922911E-13
1141.24930152003  3.508018E-13
1142.69691602759  3.066462E-13
1144.14453053515  2.488530E-13
1145.59214504271  2.608371E-13
1147.03975955027  2.876939E-13
1148.48737405783  3.750882E-13
1149.93498856539  2.863284E-13
1151.38260307295  2.721336E-13
1152.83021758051  2.500577E-13
1154.27783208807  2.756169E-13
1155.72544659563  3.115590E-13
1157.17306110319  2.966887E-13
1158.62067561075  3.035180E-13
1160.06829011831  3.026025E-13
1161.51590462587  3.021818E-13
1162.96351913343  3.418830E-13
1164.41113364099  3.474629E-13
1165.85874814855  2.952475E-13
1167.30636265611  3.140890E-13
1168.75397716367  2.859164E-13
1170.20159167123  3.514246E-13
1171.64920617879  3.252926E-13
1173.09682068635  3.547801E-13
1174.54443519391  3.368343E-13
1175.99204970147  3.165982E-13
1177.43966420903  3.763944E-13
1178.88727871659  3.469344E-13
1180.33489322415  3.581522E-13
1181.78250773171  3.174437E-13
1183.23012223927  3.216464E-13
1184.67773674683  3.635237E-13
1186.12535125439  3.379550E-13
1187.57296576195  3.937688E-13
1189.02058026951  3.463481E-13
1190.46819477707  3.772068E-13
1191.91580928463  4.224236E-13
1193.36342379219  3.934380E-13
1194.81103829975  4.001590E-13
1196.25865280731  4.119929E-13
1197.70626731487  4.157791E-13
1199.15388182243  4.248939E-13
1200.60149632999  4.936580E-13
1202.04911083755  4.976912E-13
1203.49672534511  4.414727E-13
1204.94433985267  5.262800E-13
1206.39195436023  5.865590E-13
1207.83956886779  6.864759E-13
1209.28718337535  7.587481E-13
1210.7347978829  6.802565E-13
1212.18241239046  9.335960E-13
1213.63002689802  9.784971E-13
1215.07764140558  1.136235E-12
1216.52525591314  1.025697E-12
1217.9728704207  8.396649E-13
1219.42048492826  8.599522E-13
1220.86809943582  7.077151E-13
1222.31571394338  6.528940E-13
1223.76332845094  5.048139E-13
1225.2109429585  5.204688E-13
1226.65855746606  5.155284E-13
1228.10617197362  4.801435E-13
1229.55378648118  4.441480E-13
1231.00140098874  4.696866E-13
1232.4490154963  4.425385E-13
1233.89663000386  4.693611E-13
1235.34424451142  3.987750E-13
1236.79185901898  4.347435E-13
1238.23947352654  4.908628E-13
1239.6870880341  5.291231E-13
1241.13470254166  4.752250E-13
1242.58231704922  4.080370E-13
1244.02993155678  4.407498E-13
1245.47754606434  3.860583E-13
1246.9251605719  3.857631E-13
1248.37277507946  3.418685E-13
1249.82038958702  3.579479E-13
1251.26800409458  3.642073E-13
1252.71561860214  3.851440E-13
1254.1632331097  3.059326E-13
1255.61084761726  2.904144E-13
1257.05846212482  3.041746E-13
1258.50607663238  3.413366E-13
1259.95369113994  3.421839E-13
1261.4013056475  3.206931E-13
1262.84892015506  2.859164E-13
1264.29653466262  2.817014E-13
1265.74414917018  2.769387E-13
1267.19176367774  2.835210E-13
1268.6393781853  2.971082E-13
1270.08699269286  2.894509E-13
1271.53460720042  3.048331E-13
1272.98222170798  3.035228E-13
1274.42983621554  2.641454E-13
1275.8774507231  2.776736E-13
1277.32506523066  2.831549E-13
1278.77267973822  2.450613E-13
1280.22029424578  2.711183E-13
1281.66790875334  2.474485E-13
1283.1155232609  2.347038E-13
1284.56313776846  2.380722E-13
1286.01075227602  2.668224E-13
1287.45836678358  2.750905E-13
1288.90598129114  2.898765E-13
1290.3535957987  2.562902E-13
1291.80121030626  2.497435E-13
1293.24882481382  2.597055E-13
1294.69643932138  2.399778E-13
1296.14405382894  3.001779E-13
1297.5916683365  2.979017E-13
1299.03928284406  2.851062E-13
1300.48689735162  2.916813E-13
1301.93451185917  2.694668E-13
1303.38212636674  2.804870E-13
1304.82974087429  2.747477E-13
1306.27735538185  2.403948E-13
1307.72496988941  2.258952E-13
1309.17258439697  2.085691E-13
1310.62019890453  2.539032E-13
1312.06781341209  2.596090E-13
1313.51542791965  2.522210E-13
1314.96304242721  2.600691E-13
1316.41065693477  2.398576E-13
1317.85827144233  2.173978E-13
1319.30588594989  2.273450E-13
1320.75350045745  2.553400E-13
1322.20111496501  2.470113E-13
1323.64872947257  2.480357E-13
1325.09634398013  2.492795E-13
1326.54395848769  2.517738E-13
1327.99157299525  2.519580E-13
1329.43918750281  2.790565E-13
1330.88680201037  2.586211E-13
1332.33441651793  2.648300E-13
1333.78203102549  2.353601E-13
1335.22964553305  2.364761E-13
1336.67726004061  2.464702E-13
1338.12487454817  2.449328E-13
1339.57248905573  2.496305E-13
1341.02010356329  2.744306E-13
1342.46771807085  2.364490E-13
1343.91533257841  2.461819E-13
1345.36294708597  2.309093E-13
1346.81056159353  2.624414E-13
1348.25817610109  2.480900E-13
1349.70579060865  2.356191E-13
1351.15340511621  2.411469E-13
1352.60101962377  2.435911E-13
1354.04863413133  2.657679E-13
1355.49624863889  2.291563E-13
1356.94386314645  2.235293E-13
1358.39147765401  2.444252E-13
1359.83909216157  2.429645E-13
1361.28670666913  2.268906E-13
1362.73432117669  2.509952E-13
1364.18193568425  2.675682E-13
1365.62955019181  2.394385E-13
1367.07716469937  2.612066E-13
1368.52477920693  2.625654E-13
1369.97239371449  2.541747E-13
1371.42000822205  2.502368E-13
1372.86762272961  2.356525E-13
1374.31523723717  2.317505E-13
1375.76285174473  2.371558E-13
1377.21046625229  2.359521E-13
1378.65808075985  2.423878E-13
1380.10569526741  2.566143E-13
1381.55330977497  2.704443E-13
1383.00092428253  2.485149E-13
1384.44853879009  2.552678E-13
1385.89615329765  2.408547E-13
1387.34376780521  2.508382E-13
1388.79138231277  2.674373E-13
1390.23899682033  2.588676E-13
1391.68661132789  2.726887E-13
1393.13422583545  2.823036E-13
1394.581840343  2.772479E-13
1396.02945485057  3.125082E-13
1397.47706935812  3.187756E-13
1398.92468386568  3.129039E-13
1400.37229837324  3.063981E-13
1401.8199128808  2.805439E-13
1403.26752738836  2.520738E-13
1404.71514189592  2.619136E-13
1406.16275640348  2.540450E-13
1407.61037091104  2.763062E-13
1409.0579854186  2.726231E-13
1410.50559992616  2.730243E-13
1411.95321443372  2.605522E-13
1413.40082894128  2.386378E-13
1414.84844344884  2.677558E-13
1416.2960579564  2.762996E-13
1417.74367246396  2.588889E-13
1419.19128697152  2.708710E-13
1420.63890147908  2.272167E-13
1422.08651598664  2.300943E-13
1423.5341304942  2.244483E-13
1424.98174500176  2.183411E-13
1426.42935950932  2.463413E-13
1427.87697401688  2.212083E-13
1429.32458852444  2.351300E-13
1430.772203032  2.077878E-13
1432.21981753956  2.179409E-13
1433.66743204712  2.266119E-13
1435.11504655468  2.009889E-13
1436.56266106224  2.234877E-13
1438.0102755698  2.372231E-13
1439.45789007736  2.270726E-13
1440.90550458492  2.307522E-13
1442.35311909248  1.987238E-13
1443.80073360004  1.996369E-13
1445.2483481076  2.115193E-13
1446.69596261516  2.214816E-13
1448.14357712272  2.155470E-13
1449.59119163028  2.007571E-13
1451.03880613784  2.172165E-13
1452.4864206454  2.068755E-13
1453.93403515296  2.236632E-13
1455.38164966052  2.274156E-13
1456.82926416808  2.139106E-13
1458.27687867564  2.162741E-13
1459.7244931832  2.107157E-13
1461.17210769076  2.102554E-13
1462.61972219832  2.115879E-13
1464.06733670588  2.034551E-13
1465.51495121344  2.181262E-13
1466.962565721  2.234280E-13
1468.41018022856  2.181698E-13
1469.85779473612  2.303985E-13
1471.30540924368  2.239659E-13
1472.75302375124  2.084836E-13
1474.2006382588  2.079287E-13
1475.64825276636  2.081090E-13
1477.09586727392  2.200422E-13
1478.54348178148  2.192167E-13
1479.99109628904  2.027827E-13
1481.4387107966  2.252648E-13
1482.88632530416  2.180578E-13
1484.33393981172  2.410556E-13
1485.78155431928  2.186374E-13
1487.22916882683  2.052585E-13
1488.67678333439  1.962906E-13
1490.12439784195  2.042932E-13
1491.57201234951  2.009123E-13
1493.01962685707  1.991640E-13
1494.46724136463  1.988699E-13
1495.91485587219  1.955693E-13
1497.36247037975  2.117888E-13
1498.81008488731  2.256173E-13
1500.25769939487  2.212287E-13
1501.70531390243  2.218809E-13
1503.15292840999  1.881496E-13
1504.60054291755  1.908020E-13
1506.04815742511  1.922508E-13
1507.49577193267  2.202431E-13
1508.94338644023  2.090690E-13
1510.39100094779  2.133811E-13
1511.83861545535  2.216413E-13
1513.28622996291  2.250301E-13
1514.73384447047  2.201563E-13
1516.18145897803  2.356067E-13
1517.62907348559  2.244888E-13
1519.07668799315  2.200240E-13
1520.52430250071  2.250413E-13
1521.97191700827  2.274938E-13
1523.41953151583  2.358005E-13
1524.86714602339  2.363409E-13
1526.31476053095  2.450664E-13
1527.76237503851  2.392466E-13
1529.20998954607  2.436551E-13
1530.65760405363  2.460861E-13
1532.10521856119  2.705751E-13
1533.55283306875  2.753835E-13
1535.00044757631  2.906533E-13
1536.44806208387  3.123677E-13
1537.89567659143  3.510797E-13
1539.34329109899  3.558398E-13
1540.79090560655  3.850400E-13
1542.23852011411  3.919284E-13
1543.68613462167  4.047767E-13
1545.13374912923  4.304781E-13
1546.58136363679  4.308585E-13
1548.02897814435  3.727964E-13
1549.47659265191  4.162577E-13
1550.92420715947  3.613743E-13
1552.37182166703  3.422133E-13
1553.81943617459  3.176090E-13
1555.26705068215  3.182983E-13
1556.71466518971  3.091558E-13
1558.16227969727  2.816279E-13
1559.60989420483  2.619690E-13
1561.05750871239  2.555127E-13
1562.50512321995  2.591728E-13
1563.95273772751  2.636999E-13
1565.40035223507  2.566391E-13
1566.84796674263  2.350529E-13
1568.29558125019  2.426659E-13
1569.74319575775  2.334498E-13
1571.19081026531  2.256907E-13
1572.63842477287  2.264417E-13
1574.08603928043  2.206917E-13
1575.53365378799  2.334394E-13
1576.98126829555  2.329006E-13
1578.4288828031  2.326967E-13
1579.87649731066  2.314095E-13
1581.32411181822  2.085128E-13
1582.77172632578  2.093184E-13
1584.21934083334  2.156245E-13
1585.6669553409  2.190865E-13
1587.11456984846  2.133365E-13
1588.56218435602  2.058110E-13
1590.00979886358  2.034767E-13
1591.45741337114  2.089380E-13
1592.9050278787  2.038366E-13
1594.35264238626  2.076246E-13
1595.80025689382  2.055396E-13
1597.24787140138  1.933274E-13
1598.69548590894  1.988638E-13
1600.1431004165  1.969569E-13
1601.59071492406  1.942781E-13
1603.03832943162  1.972800E-13
1604.48594393918  1.953167E-13
1605.93355844674  2.067529E-13
1607.3811729543  2.082736E-13
1608.82878746186  2.012363E-13
1610.27640196942  2.024250E-13
1611.72401647698  1.991388E-13
1613.17163098454  2.016862E-13
1614.6192454921  2.002685E-13
1616.06685999966  2.077745E-13
1617.51447450722  2.142402E-13
1618.96208901478  1.935011E-13
1620.40970352234  2.038641E-13
1621.8573180299  2.033395E-13
1623.30493253746  2.073375E-13
1624.75254704502  2.074415E-13
1626.20016155258  1.949070E-13
1627.64777606014  2.044777E-13
1629.0953905677  2.009565E-13
1630.54300507526  2.052150E-13
1631.99061958282  2.169920E-13
1633.43823409038  2.141151E-13
1634.88584859794  2.141604E-13
1636.3334631055  2.268452E-13
1637.78107761306  2.105734E-13
1639.22869212062  2.107910E-13
1640.67630662818  2.077347E-13
1642.12392113574  2.094475E-13
1643.5715356433  2.037003E-13
1645.01915015086  2.034004E-13
1646.46676465842  2.079433E-13
1647.91437916598  1.991748E-13
1649.36199367354  1.983413E-13
1650.8096081811  2.022422E-13
1652.25722268866  1.971438E-13
1653.70483719622  1.968120E-13
1655.15245170378  2.022839E-13
1656.60006621134  2.103413E-13
1658.0476807189  2.061311E-13
1659.49529522646  2.082728E-13
1660.94290973402  2.048112E-13
1662.39052424158  2.067869E-13
1663.83813874914  1.998991E-13
1665.2857532567  2.041299E-13
1666.73336776426  2.060394E-13
1668.18098227181  2.037092E-13
1669.62859677938  1.931882E-13
1671.07621128693  1.838273E-13
1672.52382579449  1.790628E-13
1673.97144030205  1.825068E-13
1675.41905480961  1.846957E-13
1676.86666931717  1.767635E-13
1678.31428382473  1.822118E-13
1679.76189833229  1.732465E-13
1681.20951283985  1.736949E-13
1682.65712734741  1.777363E-13
1684.10474185497  1.903047E-13
1685.55235636253  1.828845E-13
1686.99997087009  1.854832E-13
1688.44758537765  1.852515E-13
1689.89519988521  1.779900E-13
1691.34281439277  1.691493E-13
1692.79042890033  1.694040E-13
1694.23804340789  1.671608E-13
1695.68565791545  1.754612E-13
1697.13327242301  1.811570E-13
1698.58088693057  1.846812E-13
1700.02850143813  1.878531E-13
1701.47611594569  1.825225E-13
1702.92373045325  1.821664E-13
1704.37134496081  1.772137E-13
1705.81895946837  1.766297E-13
1707.26657397593  1.819236E-13
1708.71418848349  1.847734E-13
1710.16180299105  0.
1711.60941749861  0.
1713.05703200617  0.
1714.50464651373  0.
1715.95226102129  0.
1717.39987552885  0.
1718.84749003641  0.
1720.29510454397  0.
1721.74271905153  0.
1723.19033355909  0.
1724.63794806665  0.
1726.08556257421  0.
1727.53317708177  0.
1728.98079158933  0.
1730.42840609689  0.
1731.87602060445  0.
1733.32363511201  0.
1734.77124961957  0.
1736.21886412713  0.
1737.66647863469  0.
1739.11409314225  0.
1740.56170764981  0.
1742.00932215737  0.
1743.45693666493  0.
1744.90455117249  0.
1746.35216568005  0.
1747.79978018761  0.
1749.24739469517  0.
1750.69500920273  0.
1752.14262371029  0.
1753.59023821785  0.
1755.03785272541  0.
1756.48546723297  0.
1757.93308174053  0.
1759.38069624809  0.
1760.82831075565  0.
1762.27592526321  0.
1763.72353977076  0.
1765.17115427832  0.
1766.61876878588  0.
1768.06638329344  0.
1769.513997801  0.
1770.96161230856  0.
1772.40922681612  0.
1773.85684132368  0.
1775.30445583124  0.
1776.7520703388  0.
1778.19968484636  0.
1779.64729935392  0.
1781.09491386148  0.
1782.54252836904  0.
1783.9901428766  0.
1785.43775738416  0.
1786.88537189172  0.
1788.33298639928  0.
1789.78060090684  0.
1791.2282154144  0.
1792.67582992196  0.
1794.12344442952  0.
1795.57105893708  0.
1797.01867344464  0.
1798.4662879522  0.
1799.91390245976  0.
1801.36151696732  0.
1802.80913147488  0.
1804.25674598244  0.
1805.70436049  0.
1807.15197499756  0.
1808.59958950512  0.
1810.04720401268  0.
1811.49481852024  0.
1812.9424330278  0.
1814.39004753536  0.
1815.83766204292  0.
1817.28527655048  0.
1818.73289105804  0.
1820.1805055656  0.
1821.62812007316  0.
1823.07573458072  0.
1824.52334908828  0.
1825.97096359584  0.
1827.4185781034  0.
1828.86619261096  0.
1830.31380711852  0.
1831.76142162608  0.
