906.735751295338  0.
908.183365802898  0.
909.630980310458  0.
911.078594818018  0.
912.526209325578  0.
913.973823833137  0.
915.421438340697  0.
916.869052848257  0.
918.316667355817  0.
919.764281863377  0.
921.211896370937  0.
922.659510878497  0.
924.107125386056  0.
925.554739893616  0.
927.002354401176  0.
928.449968908736  0.
929.897583416296  0.
931.345197923856  0.
932.792812431415  0.
934.240426938975  0.
935.688041446535  0.
937.135655954095  0.
938.583270461655  0.
940.030884969215  0.
941.478499476774  0.
942.926113984334  0.
944.373728491894  0.
945.821342999454  0.
947.268957507014  0.
948.716572014574  0.
950.164186522133  0.
951.611801029693  0.
953.059415537253  0.
954.507030044813  0.
955.954644552373  0.
957.402259059933  0.
958.849873567493  0.
960.297488075052  0.
961.745102582612  0.
963.192717090172  0.
964.640331597732  0.
966.087946105292  0.
967.535560612852  0.
968.983175120411  0.
970.430789627971  0.
971.878404135531  0.
973.326018643091  0.
974.773633150651  0.
976.221247658211  0.
977.668862165771  0.
979.11647667333  0.
980.56409118089  0.
982.01170568845  0.
983.45932019601  0.
984.90693470357  0.
986.35454921113  0.
987.802163718689  0.
989.249778226249  0.
990.697392733809  0.
992.145007241369  0.
993.592621748929  4.720456E-13
995.040236256489  5.390667E-13
996.487850764048  5.212870E-13
997.935465271608  3.744451E-13
999.383079779168  2.718834E-13
1000.83069428673  2.949544E-13
1002.27830879429  1.885591E-13
1003.72592330185  3.561954E-13
1005.17353780941  4.361640E-13
1006.62115231697  4.135469E-13
1008.06876682453  4.715207E-13
1009.51638133209  4.418842E-13
1010.96399583965  4.904610E-13
1012.41161034721  4.923374E-13
1013.85922485477  4.700523E-13
1015.30683936233  5.105852E-13
1016.75445386989  4.702534E-13
1018.20206837745  5.067681E-13
1019.64968288501  4.078535E-13
1021.09729739257  4.213595E-13
1022.54491190013  4.331548E-13
1023.99252640769  4.592993E-13
1025.44014091525  4.241199E-13
1026.8877554228  4.297293E-13
1028.33536993037  4.669282E-13
1029.78298443792  5.240224E-13
1031.23059894548  5.704400E-13
1032.67821345304  5.530983E-13
1034.1258279606  4.885082E-13
1035.57344246816  3.992275E-13
1037.02105697572  4.020332E-13
1038.46867148328  4.136731E-13
1039.91628599084  4.167837E-13
1041.3639004984  3.840000E-13
1042.81151500596  3.577043E-13
1044.25912951352  3.995340E-13
1045.70674402108  4.332237E-13
1047.15435852864  4.825941E-13
1048.6019730362  4.984386E-13
1050.04958754376  5.034809E-13
1051.49720205132  4.881796E-13
1052.94481655888  4.802884E-13
1054.39243106644  4.374975E-13
1055.840045574  3.440443E-13
1057.28766008156  3.576758E-13
1058.73527458912  3.471288E-13
1060.18288909668  3.745526E-13
1061.63050360424  3.836304E-13
1063.0781181118  3.944041E-13
1064.52573261936  3.803015E-13
1065.97334712692  4.114980E-13
1067.42096163448  4.174868E-13
1068.86857614204  3.959408E-13
1070.3161906496  3.428660E-13
1071.76380515716  3.390168E-13
1073.21141966472  3.195870E-13
1074.65903417228  3.964706E-13
1076.10664867984  3.720412E-13
1077.5542631874  3.469000E-13
1079.00187769496  3.438148E-13
1080.44949220252  3.456419E-13
1081.89710671008  3.621570E-13
1083.34472121764  3.270653E-13
1084.7923357252  2.998470E-13
1086.23995023276  3.142625E-13
1087.68756474032  2.911974E-13
1089.13517924788  2.986413E-13
1090.58279375544  2.724710E-13
1092.030408263  3.380391E-13
1093.47802277056  3.139688E-13
1094.92563727812  2.818313E-13
1096.37325178568  3.307751E-13
1097.82086629324  3.265654E-13
1099.2684808008  3.169976E-13
1100.71609530836  3.316963E-13
1102.16370981592  3.591759E-13
1103.61132432348  3.425164E-13
1105.05893883104  3.305734E-13
1106.5065533386  3.061873E-13
1107.95416784616  3.053666E-13
1109.40178235372  3.132507E-13
1110.84939686128  3.281722E-13
1112.29701136884  3.127508E-13
1113.7446258764  2.982630E-13
1115.19224038396  2.862632E-13
1116.63985489152  2.866664E-13
1118.08746939908  3.017102E-13
1119.53508390664  2.694147E-13
1120.98269841419  3.048893E-13
1122.43031292175  2.974539E-13
1123.87792742931  2.858818E-13
1125.32554193687  2.829303E-13
1126.77315644443  2.966687E-13
1128.22077095199  3.136629E-13
1129.66838545955  3.794327E-13
1131.11599996711  3.706800E-13
1132.56361447467  3.154436E-13
1134.01122898223  2.821478E-13
1135.45884348979  2.935171E-13
1136.90645799735  2.838062E-13
1138.35407250491  2.859096E-13
1139.80168701247  2.986072E-13
1141.24930152003  3.242541E-13
1142.69691602759  2.864669E-13
1144.14453053515  3.820857E-13
1145.59214504271  3.334915E-13
1147.03975955027  3.406612E-13
1148.48737405783  3.003804E-13
1149.93498856539  3.149340E-13
1151.38260307295  2.834304E-13
1152.83021758051  2.811101E-13
1154.27783208807  2.686554E-13
1155.72544659563  3.031288E-13
1157.17306110319  3.164273E-13
1158.62067561075  3.260913E-13
1160.06829011831  3.080504E-13
1161.51590462587  2.937273E-13
1162.96351913343  3.121383E-13
1164.41113364099  3.132090E-13
1165.85874814855  3.680827E-13
1167.30636265611  3.327414E-13
1168.75397716367  3.411403E-13
1170.20159167123  3.989492E-13
1171.64920617879  4.145701E-13
1173.09682068635  3.643096E-13
1174.54443519391  3.370519E-13
1175.99204970147  3.494704E-13
1177.43966420903  3.808187E-13
1178.88727871659  3.282529E-13
1180.33489322415  3.272716E-13
1181.78250773171  3.357014E-13
1183.23012223927  3.664683E-13
1184.67773674683  3.586791E-13
1186.12535125439  3.418846E-13
1187.57296576195  3.773719E-13
1189.02058026951  3.358516E-13
1190.46819477707  3.749078E-13
1191.91580928463  3.957817E-13
1193.36342379219  4.136470E-13
1194.81103829975  4.336871E-13
1196.25865280731  4.569431E-13
1197.70626731487  4.635369E-13
1199.15388182243  4.813930E-13
1200.60149632999  4.713259E-13
1202.04911083755  4.237451E-13
1203.49672534511  4.668740E-13
1204.94433985267  5.501923E-13
1206.39195436023  6.329290E-13
1207.83956886779  7.299076E-13
1209.28718337535  7.551432E-13
1210.7347978829  7.783573E-13
1212.18241239046  8.902172E-13
1213.63002689802  9.631258E-13
1215.07764140558  1.040277E-12
1216.52525591314  9.563495E-13
1217.9728704207  9.346275E-13
1219.42048492826  7.975590E-13
1220.86809943582  7.308038E-13
1222.31571394338  5.974782E-13
1223.76332845094  5.030782E-13
1225.2109429585  5.884348E-13
1226.65855746606  5.633345E-13
1228.10617197362  4.790470E-13
1229.55378648118  4.737942E-13
1231.00140098874  5.030144E-13
1232.4490154963  4.895901E-13
1233.89663000386  4.631021E-13
1235.34424451142  4.588110E-13
1236.79185901898  4.661982E-13
1238.23947352654  4.885908E-13
1239.6870880341  5.218117E-13
1241.13470254166  4.625129E-13
1242.58231704922  4.209274E-13
1244.02993155678  4.324559E-13
1245.47754606434  3.631263E-13
1246.9251605719  3.959133E-13
1248.37277507946  3.949939E-13
1249.82038958702  3.751757E-13
1251.26800409458  3.626017E-13
1252.71561860214  3.731238E-13
1254.1632331097  3.466847E-13
1255.61084761726  3.106787E-13
1257.05846212482  3.414063E-13
1258.50607663238  3.437759E-13
1259.95369113994  3.076040E-13
1261.4013056475  3.257589E-13
1262.84892015506  3.381346E-13
1264.29653466262  3.024558E-13
1265.74414917018  2.956476E-13
1267.19176367774  3.202379E-13
1268.6393781853  3.055167E-13
1270.08699269286  2.955621E-13
1271.53460720042  2.616982E-13
1272.98222170798  2.749199E-13
1274.42983621554  2.819210E-13
1275.8774507231  2.988908E-13
1277.32506523066  2.881925E-13
1278.77267973822  2.852499E-13
1280.22029424578  2.763874E-13
1281.66790875334  2.846800E-13
1283.1155232609  2.732768E-13
1284.56313776846  2.407236E-13
1286.01075227602  2.403847E-13
1287.45836678358  2.566578E-13
1288.90598129114  2.730709E-13
1290.3535957987  2.648947E-13
1291.80121030626  2.581399E-13
1293.24882481382  3.063705E-13
1294.69643932138  3.220715E-13
1296.14405382894  3.051784E-13
1297.5916683365  2.837732E-13
1299.03928284406  2.720739E-13
1300.48689735162  2.854896E-13
1301.93451185917  2.905337E-13
1303.38212636674  2.479967E-13
1304.82974087429  2.379635E-13
1306.27735538185  2.363087E-13
1307.72496988941  2.561500E-13
1309.17258439697  2.618774E-13
1310.62019890453  2.917471E-13
1312.06781341209  3.085540E-13
1313.51542791965  2.882773E-13
1314.96304242721  3.079407E-13
1316.41065693477  2.503719E-13
1317.85827144233  2.056162E-13
1319.30588594989  1.933421E-13
1320.75350045745  2.213407E-13
1322.20111496501  2.580190E-13
1323.64872947257  2.823707E-13
1325.09634398013  3.011320E-13
1326.54395848769  2.782972E-13
1327.99157299525  2.567408E-13
1329.43918750281  2.588734E-13
1330.88680201037  2.522470E-13
1332.33441651793  2.607357E-13
1333.78203102549  2.488381E-13
1335.22964553305  2.523106E-13
1336.67726004061  2.227451E-13
1338.12487454817  2.327808E-13
1339.57248905573  2.709653E-13
1341.02010356329  2.796079E-13
1342.46771807085  2.793688E-13
1343.91533257841  2.596690E-13
1345.36294708597  2.407204E-13
1346.81056159353  2.606274E-13
1348.25817610109  2.611123E-13
1349.70579060865  2.598084E-13
1351.15340511621  3.283632E-13
1352.60101962377  2.902663E-13
1354.04863413133  2.277910E-13
1355.49624863889  2.364402E-13
1356.94386314645  2.451768E-13
1358.39147765401  2.414623E-13
1359.83909216157  2.440322E-13
1361.28670666913  2.745957E-13
1362.73432117669  2.642652E-13
1364.18193568425  2.489841E-13
1365.62955019181  2.512253E-13
1367.07716469937  2.563616E-13
1368.52477920693  2.752054E-13
1369.97239371449  2.651177E-13
1371.42000822205  2.393573E-13
1372.86762272961  2.247332E-13
1374.31523723717  2.484141E-13
1375.76285174473  2.376103E-13
1377.21046625229  2.383230E-13
1378.65808075985  2.590922E-13
1380.10569526741  2.629718E-13
1381.55330977497  2.453338E-13
1383.00092428253  2.537948E-13
1384.44853879009  2.601325E-13
1385.89615329765  2.441405E-13
1387.34376780521  2.873393E-13
1388.79138231277  2.704513E-13
1390.23899682033  2.542395E-13
1391.68661132789  2.390773E-13
1393.13422583545  2.803342E-13
1394.581840343  2.945506E-13
1396.02945485057  3.136487E-13
1397.47706935812  2.919994E-13
1398.92468386568  2.665744E-13
1400.37229837324  2.640066E-13
1401.8199128808  2.843657E-13
1403.26752738836  2.918697E-13
1404.71514189592  3.040975E-13
1406.16275640348  2.906356E-13
1407.61037091104  2.508309E-13
1409.0579854186  2.695351E-13
1410.50559992616  2.405521E-13
1411.95321443372  2.678731E-13
1413.40082894128  2.701090E-13
1414.84844344884  2.313242E-13
1416.2960579564  2.292021E-13
1417.74367246396  2.400276E-13
1419.19128697152  2.285264E-13
1420.63890147908  2.422915E-13
1422.08651598664  2.396585E-13
1423.5341304942  2.478785E-13
1424.98174500176  2.928712E-13
1426.42935950932  2.656553E-13
1427.87697401688  2.407229E-13
1429.32458852444  2.508150E-13
1430.772203032  2.210473E-13
1432.21981753956  2.698827E-13
1433.66743204712  2.587383E-13
1435.11504655468  2.291899E-13
1436.56266106224  2.335959E-13
1438.0102755698  2.454295E-13
1439.45789007736  2.447662E-13
1440.90550458492  2.221070E-13
1442.35311909248  2.073561E-13
1443.80073360004  2.296778E-13
1445.2483481076  2.302305E-13
1446.69596261516  2.501231E-13
1448.14357712272  2.382338E-13
1449.59119163028  2.177121E-13
1451.03880613784  2.508394E-13
1452.4864206454  2.694890E-13
1453.93403515296  2.469797E-13
1455.38164966052  2.562361E-13
1456.82926416808  2.480255E-13
1458.27687867564  2.193059E-13
1459.7244931832  2.266052E-13
1461.17210769076  2.284523E-13
1462.61972219832  2.355650E-13
1464.06733670588  2.322234E-13
1465.51495121344  2.234007E-13
1466.962565721  2.180152E-13
1468.41018022856  2.173354E-13
1469.85779473612  2.132177E-13
1471.30540924368  2.153705E-13
1472.75302375124  2.127290E-13
1474.2006382588  2.270008E-13
1475.64825276636  2.304546E-13
1477.09586727392  2.364135E-13
1478.54348178148  2.604299E-13
1479.99109628904  2.385273E-13
1481.4387107966  2.154989E-13
1482.88632530416  2.428166E-13
1484.33393981172  2.401884E-13
1485.78155431928  2.392502E-13
1487.22916882683  2.172765E-13
1488.67678333439  2.178888E-13
1490.12439784195  2.213554E-13
1491.57201234951  2.253463E-13
1493.01962685707  2.192692E-13
1494.46724136463  2.088295E-13
1495.91485587219  2.048927E-13
1497.36247037975  2.172645E-13
1498.81008488731  2.396928E-13
1500.25769939487  2.411888E-13
1501.70531390243  2.473950E-13
1503.15292840999  2.198591E-13
1504.60054291755  2.222257E-13
1506.04815742511  2.283856E-13
1507.49577193267  2.064136E-13
1508.94338644023  2.287121E-13
1510.39100094779  2.472023E-13
1511.83861545535  2.583055E-13
1513.28622996291  2.590937E-13
1514.73384447047  2.462311E-13
1516.18145897803  2.681025E-13
1517.62907348559  2.521827E-13
1519.07668799315  2.596910E-13
1520.52430250071  2.699260E-13
1521.97191700827  2.589554E-13
1523.41953151583  2.654924E-13
1524.86714602339  2.754479E-13
1526.31476053095  2.599247E-13
1527.76237503851  2.617310E-13
1529.20998954607  2.488398E-13
1530.65760405363  2.915043E-13
1532.10521856119  3.075934E-13
1533.55283306875  3.049224E-13
1535.00044757631  3.438917E-13
1536.44806208387  3.605501E-13
1537.89567659143  3.562422E-13
1539.34329109899  4.015287E-13
1540.79090560655  4.203977E-13
1542.23852011411  4.009130E-13
1543.68613462167  4.145244E-13
1545.13374912923  4.718008E-13
1546.58136363679  4.653822E-13
1548.02897814435  4.344876E-13
1549.47659265191  4.153614E-13
1550.92420715947  3.925652E-13
1552.37182166703  3.532266E-13
1553.81943617459  3.405532E-13
1555.26705068215  3.502753E-13
1556.71466518971  3.254102E-13
1558.16227969727  3.121837E-13
1559.60989420483  3.006920E-13
1561.05750871239  2.936977E-13
1562.50512321995  2.861637E-13
1563.95273772751  2.835948E-13
1565.40035223507  2.798174E-13
1566.84796674263  2.709056E-13
1568.29558125019  2.687985E-13
1569.74319575775  2.679571E-13
1571.19081026531  2.753435E-13
1572.63842477287  2.905090E-13
1574.08603928043  2.528575E-13
1575.53365378799  2.475320E-13
1576.98126829555  2.305106E-13
1578.4288828031  2.497145E-13
1579.87649731066  2.451194E-13
1581.32411181822  2.410937E-13
1582.77172632578  2.567044E-13
1584.21934083334  2.559238E-13
1585.6669553409  2.349388E-13
1587.11456984846  2.246695E-13
1588.56218435602  2.458672E-13
1590.00979886358  2.328257E-13
1591.45741337114  2.213550E-13
1592.9050278787  2.316421E-13
1594.35264238626  2.282835E-13
1595.80025689382  2.339593E-13
1597.24787140138  2.228811E-13
1598.69548590894  2.304647E-13
1600.1431004165  2.228193E-13
1601.59071492406  1.988860E-13
1603.03832943162  2.079093E-13
1604.48594393918  2.089491E-13
1605.93355844674  2.167715E-13
1607.3811729543  2.212014E-13
1608.82878746186  2.190485E-13
1610.27640196942  2.211657E-13
1611.72401647698  2.190711E-13
1613.17163098454  2.220974E-13
1614.6192454921  2.187734E-13
1616.06685999966  2.276527E-13
1617.51447450722  2.217399E-13
1618.96208901478  2.238655E-13
1620.40970352234  2.291546E-13
1621.8573180299  2.213784E-13
1623.30493253746  2.186053E-13
1624.75254704502  2.196331E-13
1626.20016155258  2.189781E-13
1627.64777606014  2.223113E-13
1629.0953905677  2.242504E-13
1630.54300507526  2.310379E-13
1631.99061958282  2.372598E-13
1633.43823409038  2.454339E-13
1634.88584859794  2.451721E-13
1636.3334631055  2.293029E-13
1637.78107761306  2.305715E-13
1639.22869212062  2.241392E-13
1640.67630662818  2.167844E-13
1642.12392113574  2.142108E-13
1643.5715356433  2.152582E-13
1645.01915015086  2.262997E-13
1646.46676465842  2.341088E-13
1647.91437916598  2.233574E-13
1649.36199367354  2.186946E-13
1650.8096081811  2.190494E-13
1652.25722268866  2.273853E-13
1653.70483719622  2.211135E-13
1655.15245170378  2.158893E-13
1656.60006621134  2.189761E-13
1658.0476807189  2.161367E-13
1659.49529522646  2.184430E-13
1660.94290973402  2.238486E-13
1662.39052424158  2.228156E-13
1663.83813874914  2.232748E-13
1665.2857532567  2.178463E-13
1666.73336776426  2.164981E-13
1668.18098227181  2.177520E-13
1669.62859677938  2.095336E-13
1671.07621128693  2.132207E-13
1672.52382579449  2.172405E-13
1673.97144030205  1.959446E-13
1675.41905480961  1.893781E-13
1676.86666931717  1.953312E-13
1678.31428382473  2.004661E-13
1679.76189833229  2.057676E-13
1681.20951283985  1.989317E-13
1682.65712734741  1.960171E-13
1684.10474185497  1.997271E-13
1685.55235636253  1.970135E-13
1686.99997087009  2.038406E-13
1688.44758537765  2.064833E-13
1689.89519988521  2.090156E-13
1691.34281439277  1.983837E-13
1692.79042890033  1.833506E-13
1694.23804340789  1.763525E-13
1695.68565791545  1.808116E-13
1697.13327242301  1.953298E-13
1698.58088693057  1.991284E-13
1700.02850143813  1.927910E-13
1701.47611594569  1.961274E-13
1702.92373045325  2.053156E-13
1704.37134496081  2.135824E-13
1705.81895946837  2.098824E-13
1707.26657397593  2.022477E-13
1708.71418848349  1.996867E-13
1710.16180299105  0.
1711.60941749861  0.
1713.05703200617  0.
1714.50464651373  0.
1715.95226102129  0.
1717.39987552885  0.
1718.84749003641  0.
1720.29510454397  0.
1721.74271905153  0.
1723.19033355909  0.
1724.63794806665  0.
1726.08556257421  0.
1727.53317708177  0.
1728.98079158933  0.
1730.42840609689  0.
1731.87602060445  0.
1733.32363511201  0.
1734.77124961957  0.
1736.21886412713  0.
1737.66647863469  0.
1739.11409314225  0.
1740.56170764981  0.
1742.00932215737  0.
1743.45693666493  0.
1744.90455117249  0.
1746.35216568005  0.
1747.79978018761  0.
1749.24739469517  0.
1750.69500920273  0.
1752.14262371029  0.
1753.59023821785  0.
1755.03785272541  0.
1756.48546723297  0.
1757.93308174053  0.
1759.38069624809  0.
1760.82831075565  0.
1762.27592526321  0.
1763.72353977076  0.
1765.17115427832  0.
1766.61876878588  0.
1768.06638329344  0.
1769.513997801  0.
1770.96161230856  0.
1772.40922681612  0.
1773.85684132368  0.
1775.30445583124  0.
1776.7520703388  0.
1778.19968484636  0.
1779.64729935392  0.
1781.09491386148  0.
1782.54252836904  0.
1783.9901428766  0.
1785.43775738416  0.
1786.88537189172  0.
1788.33298639928  0.
1789.78060090684  0.
1791.2282154144  0.
1792.67582992196  0.
1794.12344442952  0.
1795.57105893708  0.
1797.01867344464  0.
1798.4662879522  0.
1799.91390245976  0.
1801.36151696732  0.
1802.80913147488  0.
1804.25674598244  0.
1805.70436049  0.
1807.15197499756  0.
1808.59958950512  0.
1810.04720401268  0.
1811.49481852024  0.
1812.9424330278  0.
1814.39004753536  0.
1815.83766204292  0.
1817.28527655048  0.
1818.73289105804  0.
1820.1805055656  0.
1821.62812007316  0.
1823.07573458072  0.
1824.52334908828  0.
1825.97096359584  0.
1827.4185781034  0.
1828.86619261096  0.
1830.31380711852  0.
1831.76142162608  0.
