906.735751295338  0.
908.183365802898  0.
909.630980310458  0.
911.078594818018  0.
912.526209325578  0.
913.973823833137  0.
915.421438340697  0.
916.869052848257  0.
918.316667355817  0.
919.764281863377  0.
921.211896370937  0.
922.659510878497  0.
924.107125386056  0.
925.554739893616  0.
927.002354401176  0.
928.449968908736  0.
929.897583416296  0.
931.345197923856  0.
932.792812431415  0.
934.240426938975  0.
935.688041446535  0.
937.135655954095  0.
938.583270461655  0.
940.030884969215  0.
941.478499476774  0.
942.926113984334  0.
944.373728491894  0.
945.821342999454  0.
947.268957507014  0.
948.716572014574  0.
950.164186522133  0.
951.611801029693  0.
953.059415537253  0.
954.507030044813  0.
955.954644552373  0.
957.402259059933  0.
958.849873567493  0.
960.297488075052  0.
961.745102582612  0.
963.192717090172  0.
964.640331597732  0.
966.087946105292  0.
967.535560612852  0.
968.983175120411  0.
970.430789627971  0.
971.878404135531  0.
973.326018643091  0.
974.773633150651  0.
976.221247658211  0.
977.668862165771  0.
979.11647667333  0.
980.56409118089  0.
982.01170568845  0.
983.45932019601  0.
984.90693470357  0.
986.35454921113  0.
987.802163718689  0.
989.249778226249  0.
990.697392733809  0.
992.145007241369  0.
993.592621748929  4.449487E-13
995.040236256489  3.627956E-13
996.487850764048  4.744147E-13
997.935465271608  4.515003E-13
999.383079779168  4.723819E-13
1000.83069428673  3.748401E-13
1002.27830879429  3.789193E-13
1003.72592330185  4.496685E-13
1005.17353780941  5.061749E-13
1006.62115231697  3.960060E-13
1008.06876682453  3.907179E-13
1009.51638133209  4.682791E-13
1010.96399583965  4.675604E-13
1012.41161034721  4.141571E-13
1013.85922485477  4.351446E-13
1015.30683936233  4.120230E-13
1016.75445386989  4.288734E-13
1018.20206837745  4.835785E-13
1019.64968288501  4.235024E-13
1021.09729739257  4.107482E-13
1022.54491190013  4.520069E-13
1023.99252640769  4.963608E-13
1025.44014091525  4.785308E-13
1026.8877554228  4.957323E-13
1028.33536993037  4.314193E-13
1029.78298443792  4.379409E-13
1031.23059894548  4.298572E-13
1032.67821345304  5.165841E-13
1034.1258279606  4.401723E-13
1035.57344246816  4.723071E-13
1037.02105697572  3.902696E-13
1038.46867148328  4.896575E-13
1039.91628599084  4.436035E-13
1041.3639004984  4.180720E-13
1042.81151500596  3.826594E-13
1044.25912951352  5.022314E-13
1045.70674402108  5.963412E-13
1047.15435852864  5.954469E-13
1048.6019730362  5.810843E-13
1050.04958754376  3.084534E-13
1051.49720205132  3.549198E-13
1052.94481655888  4.161227E-13
1054.39243106644  3.744450E-13
1055.840045574  2.900004E-13
1057.28766008156  3.116417E-13
1058.73527458912  3.384030E-13
1060.18288909668  3.402977E-13
1061.63050360424  3.527124E-13
1063.0781181118  3.565946E-13
1064.52573261936  3.864736E-13
1065.97334712692  3.347145E-13
1067.42096163448  4.142170E-13
1068.86857614204  3.278183E-13
1070.3161906496  3.369355E-13
1071.76380515716  3.566603E-13
1073.21141966472  3.128344E-13
1074.65903417228  3.773915E-13
1076.10664867984  3.630693E-13
1077.5542631874  3.741877E-13
1079.00187769496  3.077214E-13
1080.44949220252  3.387896E-13
1081.89710671008  3.424218E-13
1083.34472121764  3.113315E-13
1084.7923357252  3.108876E-13
1086.23995023276  3.322435E-13
1087.68756474032  3.123947E-13
1089.13517924788  3.350743E-13
1090.58279375544  2.967712E-13
1092.030408263  3.381579E-13
1093.47802277056  3.188152E-13
1094.92563727812  3.039726E-13
1096.37325178568  3.429640E-13
1097.82086629324  3.178567E-13
1099.2684808008  3.031246E-13
1100.71609530836  3.203010E-13
1102.16370981592  3.689406E-13
1103.61132432348  2.951216E-13
1105.05893883104  3.065877E-13
1106.5065533386  2.996516E-13
1107.95416784616  3.242679E-13
1109.40178235372  3.337660E-13
1110.84939686128  3.033115E-13
1112.29701136884  3.411741E-13
1113.7446258764  3.382807E-13
1115.19224038396  3.501762E-13
1116.63985489152  3.395096E-13
1118.08746939908  3.613461E-13
1119.53508390664  3.111245E-13
1120.98269841419  3.431499E-13
1122.43031292175  3.009260E-13
1123.87792742931  3.421205E-13
1125.32554193687  2.721543E-13
1126.77315644443  2.795564E-13
1128.22077095199  3.054890E-13
1129.66838545955  3.780497E-13
1131.11599996711  3.475067E-13
1132.56361447467  3.365810E-13
1134.01122898223  2.969018E-13
1135.45884348979  3.101522E-13
1136.90645799735  3.497545E-13
1138.35407250491  3.509942E-13
1139.80168701247  3.107798E-13
1141.24930152003  3.267442E-13
1142.69691602759  3.069763E-13
1144.14453053515  3.113473E-13
1145.59214504271  3.169093E-13
1147.03975955027  3.420411E-13
1148.48737405783  3.693766E-13
1149.93498856539  3.558212E-13
1151.38260307295  3.248622E-13
1152.83021758051  2.779532E-13
1154.27783208807  2.924378E-13
1155.72544659563  3.291065E-13
1157.17306110319  3.390158E-13
1158.62067561075  2.845415E-13
1160.06829011831  3.148877E-13
1161.51590462587  3.232338E-13
1162.96351913343  3.090694E-13
1164.41113364099  3.474693E-13
1165.85874814855  3.009371E-13
1167.30636265611  3.247088E-13
1168.75397716367  3.132767E-13
1170.20159167123  3.869909E-13
1171.64920617879  3.577125E-13
1173.09682068635  3.247499E-13
1174.54443519391  3.210270E-13
1175.99204970147  3.244283E-13
1177.43966420903  3.586055E-13
1178.88727871659  3.293410E-13
1180.33489322415  3.601248E-13
1181.78250773171  3.885720E-13
1183.23012223927  3.572258E-13
1184.67773674683  3.376252E-13
1186.12535125439  3.196683E-13
1187.57296576195  3.835833E-13
1189.02058026951  3.646575E-13
1190.46819477707  3.992292E-13
1191.91580928463  4.052407E-13
1193.36342379219  4.278389E-13
1194.81103829975  4.358606E-13
1196.25865280731  4.157112E-13
1197.70626731487  4.472940E-13
1199.15388182243  5.078220E-13
1200.60149632999  5.134757E-13
1202.04911083755  5.141934E-13
1203.49672534511  5.122652E-13
1204.94433985267  5.356082E-13
1206.39195436023  5.612489E-13
1207.83956886779  6.763086E-13
1209.28718337535  6.720987E-13
1210.7347978829  7.671046E-13
1212.18241239046  8.839818E-13
1213.63002689802  9.299354E-13
1215.07764140558  8.155535E-13
1216.52525591314  9.836942E-13
1217.9728704207  1.024752E-12
1219.42048492826  8.528725E-13
1220.86809943582  7.773876E-13
1222.31571394338  6.714814E-13
1223.76332845094  7.009240E-13
1225.2109429585  5.873993E-13
1226.65855746606  5.608819E-13
1228.10617197362  4.492625E-13
1229.55378648118  4.924183E-13
1231.00140098874  4.737686E-13
1232.4490154963  4.332935E-13
1233.89663000386  4.965134E-13
1235.34424451142  4.547181E-13
1236.79185901898  4.405003E-13
1238.23947352654  4.834985E-13
1239.6870880341  5.025489E-13
1241.13470254166  4.958969E-13
1242.58231704922  4.266025E-13
1244.02993155678  4.312665E-13
1245.47754606434  3.813755E-13
1246.9251605719  3.792581E-13
1248.37277507946  3.659570E-13
1249.82038958702  4.058771E-13
1251.26800409458  3.808059E-13
1252.71561860214  3.971473E-13
1254.1632331097  3.436791E-13
1255.61084761726  3.252407E-13
1257.05846212482  3.395743E-13
1258.50607663238  3.561907E-13
1259.95369113994  4.097924E-13
1261.4013056475  3.390756E-13
1262.84892015506  3.128489E-13
1264.29653466262  3.170922E-13
1265.74414917018  3.071103E-13
1267.19176367774  3.207830E-13
1268.6393781853  2.976145E-13
1270.08699269286  3.151146E-13
1271.53460720042  2.927926E-13
1272.98222170798  2.921343E-13
1274.42983621554  2.839297E-13
1275.8774507231  2.685425E-13
1277.32506523066  2.932894E-13
1278.77267973822  2.802212E-13
1280.22029424578  3.076725E-13
1281.66790875334  2.917560E-13
1283.1155232609  2.754652E-13
1284.56313776846  2.733613E-13
1286.01075227602  2.823300E-13
1287.45836678358  3.121470E-13
1288.90598129114  3.012050E-13
1290.3535957987  3.028618E-13
1291.80121030626  2.927688E-13
1293.24882481382  2.935043E-13
1294.69643932138  2.840538E-13
1296.14405382894  3.206300E-13
1297.5916683365  2.664780E-13
1299.03928284406  2.863510E-13
1300.48689735162  3.090296E-13
1301.93451185917  2.940339E-13
1303.38212636674  2.756033E-13
1304.82974087429  2.842099E-13
1306.27735538185  2.692245E-13
1307.72496988941  2.649338E-13
1309.17258439697  2.753337E-13
1310.62019890453  2.739655E-13
1312.06781341209  2.664617E-13
1313.51542791965  2.442985E-13
1314.96304242721  2.645002E-13
1316.41065693477  2.598117E-13
1317.85827144233  2.396010E-13
1319.30588594989  2.268633E-13
1320.75350045745  2.385607E-13
1322.20111496501  2.525116E-13
1323.64872947257  2.669979E-13
1325.09634398013  2.441043E-13
1326.54395848769  2.548306E-13
1327.99157299525  2.349442E-13
1329.43918750281  2.826622E-13
1330.88680201037  2.576502E-13
1332.33441651793  2.852758E-13
1333.78203102549  2.779046E-13
1335.22964553305  2.784055E-13
1336.67726004061  2.643801E-13
1338.12487454817  2.424404E-13
1339.57248905573  2.369740E-13
1341.02010356329  2.750076E-13
1342.46771807085  2.520661E-13
1343.91533257841  2.512612E-13
1345.36294708597  2.433006E-13
1346.81056159353  2.773166E-13
1348.25817610109  2.596401E-13
1349.70579060865  2.427490E-13
1351.15340511621  2.819115E-13
1352.60101962377  2.727687E-13
1354.04863413133  2.883655E-13
1355.49624863889  2.728637E-13
1356.94386314645  2.643219E-13
1358.39147765401  3.034354E-13
1359.83909216157  2.901560E-13
1361.28670666913  2.629980E-13
1362.73432117669  2.591475E-13
1364.18193568425  2.763974E-13
1365.62955019181  2.381531E-13
1367.07716469937  2.555083E-13
1368.52477920693  2.540959E-13
1369.97239371449  2.611823E-13
1371.42000822205  2.466133E-13
1372.86762272961  2.498515E-13
1374.31523723717  2.407008E-13
1375.76285174473  2.506318E-13
1377.21046625229  2.588720E-13
1378.65808075985  2.583956E-13
1380.10569526741  2.624715E-13
1381.55330977497  2.857992E-13
1383.00092428253  2.541856E-13
1384.44853879009  2.755130E-13
1385.89615329765  2.494421E-13
1387.34376780521  2.835217E-13
1388.79138231277  3.087493E-13
1390.23899682033  2.830092E-13
1391.68661132789  2.585209E-13
1393.13422583545  2.898601E-13
1394.581840343  2.907179E-13
1396.02945485057  2.901812E-13
1397.47706935812  2.884840E-13
1398.92468386568  2.883129E-13
1400.37229837324  3.147106E-13
1401.8199128808  3.281777E-13
1403.26752738836  2.680806E-13
1404.71514189592  2.635127E-13
1406.16275640348  2.804192E-13
1407.61037091104  2.869537E-13
1409.0579854186  2.756531E-13
1410.50559992616  2.671898E-13
1411.95321443372  2.576671E-13
1413.40082894128  2.399894E-13
1414.84844344884  2.694129E-13
1416.2960579564  2.575359E-13
1417.74367246396  2.426661E-13
1419.19128697152  2.393650E-13
1420.63890147908  2.589495E-13
1422.08651598664  2.601307E-13
1423.5341304942  2.380168E-13
1424.98174500176  2.330352E-13
1426.42935950932  2.461822E-13
1427.87697401688  2.342206E-13
1429.32458852444  2.270447E-13
1430.772203032  2.445898E-13
1432.21981753956  2.863123E-13
1433.66743204712  2.597683E-13
1435.11504655468  2.410537E-13
1436.56266106224  2.246629E-13
1438.0102755698  2.491099E-13
1439.45789007736  2.227635E-13
1440.90550458492  2.233816E-13
1442.35311909248  2.049079E-13
1443.80073360004  2.138086E-13
1445.2483481076  2.041914E-13
1446.69596261516  2.167723E-13
1448.14357712272  2.171725E-13
1449.59119163028  2.178085E-13
1451.03880613784  2.265985E-13
1452.4864206454  2.387773E-13
1453.93403515296  2.489579E-13
1455.38164966052  2.377010E-13
1456.82926416808  2.241899E-13
1458.27687867564  2.184578E-13
1459.7244931832  2.225680E-13
1461.17210769076  2.142871E-13
1462.61972219832  2.145421E-13
1464.06733670588  2.246052E-13
1465.51495121344  2.207347E-13
1466.962565721  2.375594E-13
1468.41018022856  2.126128E-13
1469.85779473612  2.126811E-13
1471.30540924368  2.106326E-13
1472.75302375124  2.127452E-13
1474.2006382588  2.237258E-13
1475.64825276636  2.385717E-13
1477.09586727392  2.311038E-13
1478.54348178148  2.187954E-13
1479.99109628904  2.344134E-13
1481.4387107966  2.284526E-13
1482.88632530416  2.239610E-13
1484.33393981172  2.277128E-13
1485.78155431928  2.251930E-13
1487.22916882683  2.271444E-13
1488.67678333439  2.143341E-13
1490.12439784195  2.151899E-13
1491.57201234951  1.975859E-13
1493.01962685707  2.094720E-13
1494.46724136463  2.266643E-13
1495.91485587219  2.302833E-13
1497.36247037975  2.369846E-13
1498.81008488731  2.350742E-13
1500.25769939487  2.266748E-13
1501.70531390243  2.246606E-13
1503.15292840999  2.220445E-13
1504.60054291755  2.170954E-13
1506.04815742511  2.228464E-13
1507.49577193267  2.265207E-13
1508.94338644023  2.258217E-13
1510.39100094779  2.511114E-13
1511.83861545535  2.356661E-13
1513.28622996291  2.422224E-13
1514.73384447047  2.289486E-13
1516.18145897803  2.454893E-13
1517.62907348559  2.485446E-13
1519.07668799315  2.415395E-13
1520.52430250071  2.365818E-13
1521.97191700827  2.539120E-13
1523.41953151583  2.632244E-13
1524.86714602339  2.534816E-13
1526.31476053095  2.693718E-13
1527.76237503851  2.615902E-13
1529.20998954607  2.482362E-13
1530.65760405363  2.535486E-13
1532.10521856119  2.845398E-13
1533.55283306875  2.951670E-13
1535.00044757631  3.007337E-13
1536.44806208387  3.012988E-13
1537.89567659143  3.360762E-13
1539.34329109899  3.369896E-13
1540.79090560655  4.053821E-13
1542.23852011411  4.083338E-13
1543.68613462167  4.073381E-13
1545.13374912923  4.237468E-13
1546.58136363679  4.389114E-13
1548.02897814435  4.377148E-13
1549.47659265191  4.173702E-13
1550.92420715947  4.212195E-13
1552.37182166703  3.884086E-13
1553.81943617459  3.915881E-13
1555.26705068215  3.528868E-13
1556.71466518971  3.176673E-13
1558.16227969727  3.064425E-13
1559.60989420483  2.870217E-13
1561.05750871239  2.770624E-13
1562.50512321995  2.727158E-13
1563.95273772751  2.664962E-13
1565.40035223507  2.701373E-13
1566.84796674263  2.585531E-13
1568.29558125019  2.619645E-13
1569.74319575775  2.463337E-13
1571.19081026531  2.366358E-13
1572.63842477287  2.450883E-13
1574.08603928043  2.456557E-13
1575.53365378799  2.449465E-13
1576.98126829555  2.370350E-13
1578.4288828031  2.384199E-13
1579.87649731066  2.352895E-13
1581.32411181822  2.295474E-13
1582.77172632578  2.173547E-13
1584.21934083334  2.265602E-13
1585.6669553409  2.272553E-13
1587.11456984846  2.235964E-13
1588.56218435602  2.321214E-13
1590.00979886358  2.254191E-13
1591.45741337114  2.347042E-13
1592.9050278787  2.304168E-13
1594.35264238626  2.197537E-13
1595.80025689382  2.297633E-13
1597.24787140138  2.249686E-13
1598.69548590894  2.262957E-13
1600.1431004165  2.184606E-13
1601.59071492406  2.179833E-13
1603.03832943162  2.151210E-13
1604.48594393918  2.080507E-13
1605.93355844674  2.114713E-13
1607.3811729543  2.144933E-13
1608.82878746186  2.145815E-13
1610.27640196942  2.077565E-13
1611.72401647698  2.246112E-13
1613.17163098454  2.225925E-13
1614.6192454921  2.142684E-13
1616.06685999966  2.105310E-13
1617.51447450722  2.204119E-13
1618.96208901478  2.099422E-13
1620.40970352234  2.201650E-13
1621.8573180299  2.080037E-13
1623.30493253746  2.229008E-13
1624.75254704502  2.232321E-13
1626.20016155258  2.199820E-13
1627.64777606014  2.273438E-13
1629.0953905677  2.158551E-13
1630.54300507526  2.185757E-13
1631.99061958282  2.249029E-13
1633.43823409038  2.210425E-13
1634.88584859794  2.278227E-13
1636.3334631055  2.197208E-13
1637.78107761306  2.105774E-13
1639.22869212062  2.163398E-13
1640.67630662818  2.243765E-13
1642.12392113574  2.294831E-13
1643.5715356433  2.164940E-13
1645.01915015086  2.207716E-13
1646.46676465842  2.147199E-13
1647.91437916598  2.109336E-13
1649.36199367354  2.190445E-13
1650.8096081811  2.180723E-13
1652.25722268866  2.150247E-13
1653.70483719622  2.024298E-13
1655.15245170378  1.909226E-13
1656.60006621134  2.066730E-13
1658.0476807189  2.031625E-13
1659.49529522646  2.113028E-13
1660.94290973402  2.120422E-13
1662.39052424158  2.097167E-13
1663.83813874914  2.192942E-13
1665.2857532567  2.154988E-13
1666.73336776426  2.196579E-13
1668.18098227181  2.247572E-13
1669.62859677938  2.089504E-13
1671.07621128693  2.120444E-13
1672.52382579449  2.098995E-13
1673.97144030205  2.003349E-13
1675.41905480961  2.076718E-13
1676.86666931717  2.074993E-13
1678.31428382473  2.087482E-13
1679.76189833229  2.058600E-13
1681.20951283985  1.935157E-13
1682.65712734741  1.902517E-13
1684.10474185497  1.941189E-13
1685.55235636253  1.903869E-13
1686.99997087009  1.991266E-13
1688.44758537765  1.927627E-13
1689.89519988521  1.868456E-13
1691.34281439277  1.828046E-13
1692.79042890033  1.795976E-13
1694.23804340789  1.809112E-13
1695.68565791545  1.811357E-13
1697.13327242301  1.904841E-13
1698.58088693057  1.910425E-13
1700.02850143813  1.808843E-13
1701.47611594569  1.813041E-13
1702.92373045325  1.859469E-13
1704.37134496081  1.865791E-13
1705.81895946837  1.916396E-13
1707.26657397593  1.871123E-13
1708.71418848349  1.930091E-13
1710.16180299105  0.
1711.60941749861  0.
1713.05703200617  0.
1714.50464651373  0.
1715.95226102129  0.
1717.39987552885  0.
1718.84749003641  0.
1720.29510454397  0.
1721.74271905153  0.
1723.19033355909  0.
1724.63794806665  0.
1726.08556257421  0.
1727.53317708177  0.
1728.98079158933  0.
1730.42840609689  0.
1731.87602060445  0.
1733.32363511201  0.
1734.77124961957  0.
1736.21886412713  0.
1737.66647863469  0.
1739.11409314225  0.
1740.56170764981  0.
1742.00932215737  0.
1743.45693666493  0.
1744.90455117249  0.
1746.35216568005  0.
1747.79978018761  0.
1749.24739469517  0.
1750.69500920273  0.
1752.14262371029  0.
1753.59023821785  0.
1755.03785272541  0.
1756.48546723297  0.
1757.93308174053  0.
1759.38069624809  0.
1760.82831075565  0.
1762.27592526321  0.
1763.72353977076  0.
1765.17115427832  0.
1766.61876878588  0.
1768.06638329344  0.
1769.513997801  0.
1770.96161230856  0.
1772.40922681612  0.
1773.85684132368  0.
1775.30445583124  0.
1776.7520703388  0.
1778.19968484636  0.
1779.64729935392  0.
1781.09491386148  0.
1782.54252836904  0.
1783.9901428766  0.
1785.43775738416  0.
1786.88537189172  0.
1788.33298639928  0.
1789.78060090684  0.
1791.2282154144  0.
1792.67582992196  0.
1794.12344442952  0.
1795.57105893708  0.
1797.01867344464  0.
1798.4662879522  0.
1799.91390245976  0.
1801.36151696732  0.
1802.80913147488  0.
1804.25674598244  0.
1805.70436049  0.
1807.15197499756  0.
1808.59958950512  0.
1810.04720401268  0.
1811.49481852024  0.
1812.9424330278  0.
1814.39004753536  0.
1815.83766204292  0.
1817.28527655048  0.
1818.73289105804  0.
1820.1805055656  0.
1821.62812007316  0.
1823.07573458072  0.
1824.52334908828  0.
1825.97096359584  0.
1827.4185781034  0.
1828.86619261096  0.
1830.31380711852  0.
1831.76142162608  0.
