906.735751295338  0.
908.183365802898  0.
909.630980310458  0.
911.078594818018  0.
912.526209325578  0.
913.973823833137  0.
915.421438340697  0.
916.869052848257  0.
918.316667355817  0.
919.764281863377  0.
921.211896370937  0.
922.659510878497  0.
924.107125386056  0.
925.554739893616  0.
927.002354401176  0.
928.449968908736  0.
929.897583416296  0.
931.345197923856  0.
932.792812431415  0.
934.240426938975  0.
935.688041446535  0.
937.135655954095  0.
938.583270461655  0.
940.030884969215  0.
941.478499476774  0.
942.926113984334  0.
944.373728491894  0.
945.821342999454  0.
947.268957507014  0.
948.716572014574  0.
950.164186522133  0.
951.611801029693  0.
953.059415537253  0.
954.507030044813  0.
955.954644552373  0.
957.402259059933  0.
958.849873567493  0.
960.297488075052  0.
961.745102582612  0.
963.192717090172  0.
964.640331597732  0.
966.087946105292  0.
967.535560612852  0.
968.983175120411  0.
970.430789627971  0.
971.878404135531  0.
973.326018643091  0.
974.773633150651  0.
976.221247658211  0.
977.668862165771  0.
979.11647667333  0.
980.56409118089  0.
982.01170568845  0.
983.45932019601  0.
984.90693470357  0.
986.35454921113  0.
987.802163718689  0.
989.249778226249  0.
990.697392733809  0.
992.145007241369  0.
993.592621748929  4.666466E-13
995.040236256489  4.484575E-13
996.487850764048  4.330263E-13
997.935465271608  3.447312E-13
999.383079779168  3.827176E-13
1000.83069428673  1.927807E-13
1002.27830879429  3.325172E-13
1003.72592330185  1.781653E-13
1005.17353780941  2.598285E-13
1006.62115231697  2.518002E-13
1008.06876682453  3.521387E-13
1009.51638133209  2.929248E-13
1010.96399583965  3.341111E-13
1012.41161034721  3.755445E-13
1013.85922485477  3.077914E-13
1015.30683936233  4.057093E-13
1016.75445386989  2.453452E-13
1018.20206837745  2.116045E-13
1019.64968288501  3.072968E-13
1021.09729739257  3.517659E-13
1022.54491190013  3.591277E-13
1023.99252640769  2.773170E-13
1025.44014091525  3.132456E-13
1026.8877554228  3.541756E-13
1028.33536993037  8.640915E-14
1029.78298443792  2.139422E-13
1031.23059894548  5.761673E-13
1032.67821345304  4.413892E-13
1034.1258279606  3.482444E-13
1035.57344246816  3.077719E-13
1037.02105697572  2.669179E-13
1038.46867148328  2.741022E-13
1039.91628599084  3.537153E-13
1041.3639004984  2.768155E-13
1042.81151500596  2.625877E-13
1044.25912951352  3.064767E-13
1045.70674402108  5.843155E-13
1047.15435852864  4.727813E-13
1048.6019730362  4.502170E-13
1050.04958754376  4.118032E-13
1051.49720205132  5.025529E-13
1052.94481655888  4.482559E-13
1054.39243106644  3.982546E-13
1055.840045574  2.615809E-13
1057.28766008156  2.651030E-13
1058.73527458912  2.496947E-13
1060.18288909668  2.594720E-13
1061.63050360424  2.530262E-13
1063.0781181118  2.350660E-13
1064.52573261936  2.446793E-13
1065.97334712692  2.574106E-13
1067.42096163448  2.070566E-13
1068.86857614204  2.774901E-13
1070.3161906496  2.372852E-13
1071.76380515716  2.588127E-13
1073.21141966472  3.041137E-13
1074.65903417228  2.438943E-13
1076.10664867984  2.358469E-13
1077.5542631874  2.610730E-13
1079.00187769496  2.652478E-13
1080.44949220252  2.267457E-13
1081.89710671008  2.913573E-13
1083.34472121764  2.578736E-13
1084.7923357252  2.274161E-13
1086.23995023276  1.772040E-13
1087.68756474032  1.490046E-13
1089.13517924788  2.402091E-13
1090.58279375544  2.457941E-13
1092.030408263  2.608371E-13
1093.47802277056  2.258318E-13
1094.92563727812  2.236426E-13
1096.37325178568  2.250018E-13
1097.82086629324  2.128097E-13
1099.2684808008  2.356141E-13
1100.71609530836  2.161209E-13
1102.16370981592  2.489360E-13
1103.61132432348  2.188773E-13
1105.05893883104  2.563850E-13
1106.5065533386  2.647040E-13
1107.95416784616  2.061644E-13
1109.40178235372  2.058181E-13
1110.84939686128  1.986773E-13
1112.29701136884  2.211718E-13
1113.7446258764  2.201837E-13
1115.19224038396  2.063769E-13
1116.63985489152  2.182596E-13
1118.08746939908  2.036074E-13
1119.53508390664  1.921688E-13
1120.98269841419  2.471221E-13
1122.43031292175  2.246979E-13
1123.87792742931  2.156141E-13
1125.32554193687  2.083263E-13
1126.77315644443  1.823014E-13
1128.22077095199  1.731129E-13
1129.66838545955  2.268007E-13
1131.11599996711  1.890179E-13
1132.56361447467  1.904944E-13
1134.01122898223  2.309853E-13
1135.45884348979  1.909291E-13
1136.90645799735  2.416426E-13
1138.35407250491  2.277354E-13
1139.80168701247  2.473558E-13
1141.24930152003  2.085619E-13
1142.69691602759  1.854115E-13
1144.14453053515  1.953958E-13
1145.59214504271  1.960623E-13
1147.03975955027  2.174212E-13
1148.48737405783  1.959775E-13
1149.93498856539  1.851587E-13
1151.38260307295  1.577048E-13
1152.83021758051  1.799400E-13
1154.27783208807  1.934403E-13
1155.72544659563  1.932740E-13
1157.17306110319  1.906260E-13
1158.62067561075  2.296890E-13
1160.06829011831  2.025543E-13
1161.51590462587  2.185536E-13
1162.96351913343  2.115533E-13
1164.41113364099  2.216467E-13
1165.85874814855  2.315644E-13
1167.30636265611  2.594919E-13
1168.75397716367  2.426711E-13
1170.20159167123  2.335281E-13
1171.64920617879  2.085498E-13
1173.09682068635  2.488657E-13
1174.54443519391  2.535934E-13
1175.99204970147  2.916349E-13
1177.43966420903  2.786808E-13
1178.88727871659  2.146688E-13
1180.33489322415  2.540811E-13
1181.78250773171  2.710189E-13
1183.23012223927  2.600042E-13
1184.67773674683  2.513425E-13
1186.12535125439  2.527379E-13
1187.57296576195  3.049907E-13
1189.02058026951  3.294756E-13
1190.46819477707  3.024850E-13
1191.91580928463  3.136284E-13
1193.36342379219  3.391636E-13
1194.81103829975  3.168309E-13
1196.25865280731  3.320752E-13
1197.70626731487  4.177041E-13
1199.15388182243  3.769586E-13
1200.60149632999  3.596314E-13
1202.04911083755  4.156742E-13
1203.49672534511  4.461027E-13
1204.94433985267  5.330161E-13
1206.39195436023  6.771974E-13
1207.83956886779  6.582320E-13
1209.28718337535  7.720911E-13
1210.7347978829  8.946900E-13
1212.18241239046  9.243120E-13
1213.63002689802  9.347382E-13
1215.07764140558  1.000443E-12
1216.52525591314  9.466839E-13
1217.9728704207  7.811962E-13
1219.42048492826  7.214451E-13
1220.86809943582  6.866352E-13
1222.31571394338  5.179837E-13
1223.76332845094  5.011841E-13
1225.2109429585  4.334404E-13
1226.65855746606  4.213119E-13
1228.10617197362  3.628827E-13
1229.55378648118  3.664198E-13
1231.00140098874  4.244065E-13
1232.4490154963  3.786437E-13
1233.89663000386  4.613262E-13
1235.34424451142  4.007339E-13
1236.79185901898  4.284376E-13
1238.23947352654  3.832546E-13
1239.6870880341  3.415988E-13
1241.13470254166  3.722871E-13
1242.58231704922  3.775412E-13
1244.02993155678  3.603963E-13
1245.47754606434  3.031859E-13
1246.9251605719  2.856734E-13
1248.37277507946  1.846197E-13
1249.82038958702  2.617345E-13
1251.26800409458  2.828419E-13
1252.71561860214  2.651742E-13
1254.1632331097  2.834190E-13
1255.61084761726  2.568106E-13
1257.05846212482  2.454118E-13
1258.50607663238  2.448976E-13
1259.95369113994  2.289983E-13
1261.4013056475  2.470828E-13
1262.84892015506  2.130420E-13
1264.29653466262  2.530908E-13
1265.74414917018  2.128228E-13
1267.19176367774  2.601907E-13
1268.6393781853  2.718314E-13
1270.08699269286  2.912229E-13
1271.53460720042  2.333709E-13
1272.98222170798  2.163452E-13
1274.42983621554  2.153624E-13
1275.8774507231  2.210232E-13
1277.32506523066  2.505640E-13
1278.77267973822  2.490489E-13
1280.22029424578  2.275823E-13
1281.66790875334  2.315843E-13
1283.1155232609  2.226486E-13
1284.56313776846  2.130021E-13
1286.01075227602  2.540286E-13
1287.45836678358  1.794919E-13
1288.90598129114  2.483547E-13
1290.3535957987  1.854505E-13
1291.80121030626  2.148430E-13
1293.24882481382  2.360651E-13
1294.69643932138  2.406602E-13
1296.14405382894  2.421170E-13
1297.5916683365  2.414204E-13
1299.03928284406  2.540861E-13
1300.48689735162  1.752617E-13
1301.93451185917  2.273793E-13
1303.38212636674  2.612027E-13
1304.82974087429  2.010652E-13
1306.27735538185  2.082352E-13
1307.72496988941  2.409093E-13
1309.17258439697  1.929060E-13
1310.62019890453  1.845135E-13
1312.06781341209  1.992177E-13
1313.51542791965  2.397310E-13
1314.96304242721  2.529099E-13
1316.41065693477  1.941785E-13
1317.85827144233  1.716210E-13
1319.30588594989  1.767874E-13
1320.75350045745  1.596420E-13
1322.20111496501  2.238767E-13
1323.64872947257  1.905017E-13
1325.09634398013  2.228568E-13
1326.54395848769  1.956750E-13
1327.99157299525  2.292675E-13
1329.43918750281  2.461047E-13
1330.88680201037  2.662503E-13
1332.33441651793  2.538685E-13
1333.78203102549  1.814699E-13
1335.22964553305  1.812909E-13
1336.67726004061  1.547089E-13
1338.12487454817  2.235209E-13
1339.57248905573  2.177805E-13
1341.02010356329  2.631838E-13
1342.46771807085  2.074816E-13
1343.91533257841  2.059433E-13
1345.36294708597  2.236669E-13
1346.81056159353  2.133955E-13
1348.25817610109  2.174763E-13
1349.70579060865  2.388784E-13
1351.15340511621  1.882188E-13
1352.60101962377  2.686025E-13
1354.04863413133  2.127165E-13
1355.49624863889  2.059332E-13
1356.94386314645  1.932109E-13
1358.39147765401  2.211652E-13
1359.83909216157  2.150084E-13
1361.28670666913  2.278215E-13
1362.73432117669  1.779377E-13
1364.18193568425  2.356372E-13
1365.62955019181  1.927808E-13
1367.07716469937  1.956429E-13
1368.52477920693  2.154974E-13
1369.97239371449  2.284423E-13
1371.42000822205  2.148394E-13
1372.86762272961  1.644268E-13
1374.31523723717  1.853973E-13
1375.76285174473  2.435860E-13
1377.21046625229  2.287975E-13
1378.65808075985  2.686810E-13
1380.10569526741  1.887750E-13
1381.55330977497  2.270843E-13
1383.00092428253  2.658692E-13
1384.44853879009  2.381370E-13
1385.89615329765  2.160032E-13
1387.34376780521  2.887385E-13
1388.79138231277  2.940538E-13
1390.23899682033  2.269944E-13
1391.68661132789  2.613904E-13
1393.13422583545  3.196655E-13
1394.581840343  2.993843E-13
1396.02945485057  2.490543E-13
1397.47706935812  3.079223E-13
1398.92468386568  3.204673E-13
1400.37229837324  3.006796E-13
1401.8199128808  2.460257E-13
1403.26752738836  2.244084E-13
1404.71514189592  1.707916E-13
1406.16275640348  2.248646E-13
1407.61037091104  2.257008E-13
1409.0579854186  2.571079E-13
1410.50559992616  2.248599E-13
1411.95321443372  2.409005E-13
1413.40082894128  2.288660E-13
1414.84844344884  2.137526E-13
1416.2960579564  1.992003E-13
1417.74367246396  1.931676E-13
1419.19128697152  1.586112E-13
1420.63890147908  1.792733E-13
1422.08651598664  2.420943E-13
1423.5341304942  1.823328E-13
1424.98174500176  1.796083E-13
1426.42935950932  2.060162E-13
1427.87697401688  2.238228E-13
1429.32458852444  2.380273E-13
1430.772203032  2.286057E-13
1432.21981753956  2.100690E-13
1433.66743204712  2.009636E-13
1435.11504655468  1.980636E-13
1436.56266106224  1.607735E-13
1438.0102755698  1.644783E-13
1439.45789007736  2.031647E-13
1440.90550458492  1.687615E-13
1442.35311909248  1.444459E-13
1443.80073360004  1.920215E-13
1445.2483481076  2.276564E-13
1446.69596261516  1.857914E-13
1448.14357712272  1.899998E-13
1449.59119163028  2.025059E-13
1451.03880613784  1.998592E-13
1452.4864206454  1.718895E-13
1453.93403515296  1.972579E-13
1455.38164966052  1.710052E-13
1456.82926416808  1.724399E-13
1458.27687867564  1.967008E-13
1459.7244931832  2.087965E-13
1461.17210769076  1.836730E-13
1462.61972219832  2.090252E-13
1464.06733670588  2.097538E-13
1465.51495121344  2.413709E-13
1466.962565721  2.164888E-13
1468.41018022856  1.984127E-13
1469.85779473612  2.091417E-13
1471.30540924368  1.968092E-13
1472.75302375124  1.817612E-13
1474.2006382588  1.752075E-13
1475.64825276636  1.803841E-13
1477.09586727392  1.978980E-13
1478.54348178148  1.997643E-13
1479.99109628904  1.929618E-13
1481.4387107966  2.080701E-13
1482.88632530416  1.953110E-13
1484.33393981172  1.793654E-13
1485.78155431928  1.709560E-13
1487.22916882683  1.906843E-13
1488.67678333439  1.652530E-13
1490.12439784195  1.826190E-13
1491.57201234951  1.876775E-13
1493.01962685707  1.962769E-13
1494.46724136463  1.809284E-13
1495.91485587219  2.040952E-13
1497.36247037975  2.061440E-13
1498.81008488731  1.932305E-13
1500.25769939487  2.156103E-13
1501.70531390243  1.882472E-13
1503.15292840999  2.146160E-13
1504.60054291755  2.194460E-13
1506.04815742511  2.230923E-13
1507.49577193267  2.181554E-13
1508.94338644023  1.878962E-13
1510.39100094779  1.975991E-13
1511.83861545535  2.050533E-13
1513.28622996291  2.372843E-13
1514.73384447047  2.324525E-13
1516.18145897803  2.280079E-13
1517.62907348559  2.210162E-13
1519.07668799315  2.412504E-13
1520.52430250071  2.695642E-13
1521.97191700827  2.504598E-13
1523.41953151583  2.288715E-13
1524.86714602339  2.467561E-13
1526.31476053095  2.639788E-13
1527.76237503851  2.522592E-13
1529.20998954607  2.513979E-13
1530.65760405363  2.852673E-13
1532.10521856119  2.929030E-13
1533.55283306875  3.016319E-13
1535.00044757631  3.036498E-13
1536.44806208387  3.090004E-13
1537.89567659143  3.101927E-13
1539.34329109899  3.385738E-13
1540.79090560655  3.339209E-13
1542.23852011411  3.416880E-13
1543.68613462167  2.639458E-13
1545.13374912923  4.311261E-13
1546.58136363679  4.497405E-13
1548.02897814435  4.305458E-13
1549.47659265191  3.923725E-13
1550.92420715947  3.602025E-13
1552.37182166703  3.379292E-13
1553.81943617459  3.371898E-13
1555.26705068215  3.268230E-13
1556.71466518971  2.734013E-13
1558.16227969727  2.625699E-13
1559.60989420483  2.404228E-13
1561.05750871239  2.347081E-13
1562.50512321995  2.191240E-13
1563.95273772751  2.159463E-13
1565.40035223507  2.164493E-13
1566.84796674263  2.174833E-13
1568.29558125019  2.155543E-13
1569.74319575775  2.019540E-13
1571.19081026531  2.068196E-13
1572.63842477287  2.081219E-13
1574.08603928043  2.193116E-13
1575.53365378799  2.007122E-13
1576.98126829555  1.972013E-13
1578.4288828031  2.105399E-13
1579.87649731066  2.026217E-13
1581.32411181822  2.085001E-13
1582.77172632578  1.828605E-13
1584.21934083334  1.796459E-13
1585.6669553409  1.860851E-13
1587.11456984846  1.716791E-13
1588.56218435602  1.766221E-13
1590.00979886358  1.773090E-13
1591.45741337114  1.929829E-13
1592.9050278787  2.086782E-13
1594.35264238626  1.941835E-13
1595.80025689382  1.884388E-13
1597.24787140138  1.987566E-13
1598.69548590894  1.810446E-13
1600.1431004165  1.720259E-13
1601.59071492406  1.638055E-13
1603.03832943162  1.697520E-13
1604.48594393918  1.732377E-13
1605.93355844674  1.735602E-13
1607.3811729543  1.748349E-13
1608.82878746186  1.856931E-13
1610.27640196942  1.897463E-13
1611.72401647698  1.845600E-13
1613.17163098454  1.802265E-13
1614.6192454921  1.724334E-13
1616.06685999966  1.888529E-13
1617.51447450722  1.935819E-13
1618.96208901478  1.850424E-13
1620.40970352234  1.674763E-13
1621.8573180299  1.722176E-13
1623.30493253746  1.854404E-13
1624.75254704502  1.886261E-13
1626.20016155258  1.789941E-13
1627.64777606014  1.897201E-13
1629.0953905677  2.034416E-13
1630.54300507526  1.939266E-13
1631.99061958282  1.907306E-13
1633.43823409038  1.849072E-13
1634.88584859794  1.853319E-13
1636.3334631055  1.890615E-13
1637.78107761306  2.020923E-13
1639.22869212062  2.201163E-13
1640.67630662818  2.203255E-13
1642.12392113574  2.193583E-13
1643.5715356433  2.003190E-13
1645.01915015086  2.077322E-13
1646.46676465842  2.195801E-13
1647.91437916598  2.117987E-13
1649.36199367354  1.953843E-13
1650.8096081811  1.919633E-13
1652.25722268866  1.846846E-13
1653.70483719622  1.849284E-13
1655.15245170378  1.846284E-13
1656.60006621134  1.855771E-13
1658.0476807189  1.924330E-13
1659.49529522646  1.893618E-13
1660.94290973402  2.002934E-13
1662.39052424158  1.865077E-13
1663.83813874914  1.723117E-13
1665.2857532567  1.775705E-13
1666.73336776426  1.882291E-13
1668.18098227181  1.776273E-13
1669.62859677938  1.796401E-13
1671.07621128693  1.861009E-13
1672.52382579449  1.808382E-13
1673.97144030205  1.669534E-13
1675.41905480961  1.752366E-13
1676.86666931717  1.748214E-13
1678.31428382473  1.745170E-13
1679.76189833229  1.627658E-13
1681.20951283985  1.654474E-13
1682.65712734741  1.650376E-13
1684.10474185497  1.613589E-13
1685.55235636253  1.606406E-13
1686.99997087009  1.707332E-13
1688.44758537765  1.723996E-13
1689.89519988521  1.717249E-13
1691.34281439277  1.795704E-13
1692.79042890033  1.804319E-13
1694.23804340789  1.804750E-13
1695.68565791545  1.794274E-13
1697.13327242301  1.669385E-13
1698.58088693057  1.636680E-13
1700.02850143813  1.601794E-13
1701.47611594569  1.704091E-13
1702.92373045325  1.663938E-13
1704.37134496081  1.583953E-13
1705.81895946837  1.599708E-13
1707.26657397593  1.680985E-13
1708.71418848349  1.709141E-13
1710.16180299105  0.
1711.60941749861  0.
1713.05703200617  0.
1714.50464651373  0.
1715.95226102129  0.
1717.39987552885  0.
1718.84749003641  0.
1720.29510454397  0.
1721.74271905153  0.
1723.19033355909  0.
1724.63794806665  0.
1726.08556257421  0.
1727.53317708177  0.
1728.98079158933  0.
1730.42840609689  0.
1731.87602060445  0.
1733.32363511201  0.
1734.77124961957  0.
1736.21886412713  0.
1737.66647863469  0.
1739.11409314225  0.
1740.56170764981  0.
1742.00932215737  0.
1743.45693666493  0.
1744.90455117249  0.
1746.35216568005  0.
1747.79978018761  0.
1749.24739469517  0.
1750.69500920273  0.
1752.14262371029  0.
1753.59023821785  0.
1755.03785272541  0.
1756.48546723297  0.
1757.93308174053  0.
1759.38069624809  0.
1760.82831075565  0.
1762.27592526321  0.
1763.72353977076  0.
1765.17115427832  0.
1766.61876878588  0.
1768.06638329344  0.
1769.513997801  0.
1770.96161230856  0.
1772.40922681612  0.
1773.85684132368  0.
1775.30445583124  0.
1776.7520703388  0.
1778.19968484636  0.
1779.64729935392  0.
1781.09491386148  0.
1782.54252836904  0.
1783.9901428766  0.
1785.43775738416  0.
1786.88537189172  0.
1788.33298639928  0.
1789.78060090684  0.
1791.2282154144  0.
1792.67582992196  0.
1794.12344442952  0.
1795.57105893708  0.
1797.01867344464  0.
1798.4662879522  0.
1799.91390245976  0.
1801.36151696732  0.
1802.80913147488  0.
1804.25674598244  0.
1805.70436049  0.
1807.15197499756  0.
1808.59958950512  0.
1810.04720401268  0.
1811.49481852024  0.
1812.9424330278  0.
1814.39004753536  0.
1815.83766204292  0.
1817.28527655048  0.
1818.73289105804  0.
1820.1805055656  0.
1821.62812007316  0.
1823.07573458072  0.
1824.52334908828  0.
1825.97096359584  0.
1827.4185781034  0.
1828.86619261096  0.
1830.31380711852  0.
1831.76142162608  0.
