906.735751295338  0.
908.183365802898  0.
909.630980310458  0.
911.078594818018  0.
912.526209325578  0.
913.973823833137  0.
915.421438340697  0.
916.869052848257  0.
918.316667355817  0.
919.764281863377  0.
921.211896370937  0.
922.659510878497  0.
924.107125386056  0.
925.554739893616  0.
927.002354401176  0.
928.449968908736  0.
929.897583416296  0.
931.345197923856  0.
932.792812431415  0.
934.240426938975  0.
935.688041446535  0.
937.135655954095  0.
938.583270461655  0.
940.030884969215  0.
941.478499476774  0.
942.926113984334  0.
944.373728491894  0.
945.821342999454  0.
947.268957507014  0.
948.716572014574  0.
950.164186522133  0.
951.611801029693  0.
953.059415537253  0.
954.507030044813  0.
955.954644552373  0.
957.402259059933  0.
958.849873567493  0.
960.297488075052  0.
961.745102582612  0.
963.192717090172  0.
964.640331597732  0.
966.087946105292  0.
967.535560612852  0.
968.983175120411  0.
970.430789627971  0.
971.878404135531  0.
973.326018643091  0.
974.773633150651  0.
976.221247658211  0.
977.668862165771  0.
979.11647667333  0.
980.56409118089  0.
982.01170568845  0.
983.45932019601  0.
984.90693470357  0.
986.35454921113  0.
987.802163718689  0.
989.249778226249  0.
990.697392733809  0.
992.145007241369  0.
993.592621748929  8.028435E-13
995.040236256489  4.183516E-13
996.487850764048  4.015743E-13
997.935465271608  3.786786E-13
999.383079779168  2.091987E-13
1000.83069428673  4.620954E-13
1002.27830879429  5.642209E-13
1003.72592330185  3.890925E-13
1005.17353780941  3.000990E-13
1006.62115231697  3.397150E-13
1008.06876682453  4.012540E-13
1009.51638133209  5.528055E-13
1010.96399583965  4.985256E-13
1012.41161034721  4.356975E-13
1013.85922485477  4.570603E-13
1015.30683936233  4.692295E-13
1016.75445386989  4.379659E-13
1018.20206837745  3.996988E-13
1019.64968288501  3.916747E-13
1021.09729739257  4.139670E-13
1022.54491190013  4.943295E-13
1023.99252640769  4.544279E-13
1025.44014091525  4.628445E-13
1026.8877554228  5.440708E-13
1028.33536993037  3.954433E-13
1029.78298443792  3.861312E-13
1031.23059894548  4.465313E-13
1032.67821345304  5.195162E-13
1034.1258279606  4.566203E-13
1035.57344246816  4.845114E-13
1037.02105697572  3.999119E-13
1038.46867148328  4.019481E-13
1039.91628599084  4.661925E-13
1041.3639004984  4.668317E-13
1042.81151500596  4.501826E-13
1044.25912951352  4.979252E-13
1045.70674402108  6.765583E-13
1047.15435852864  7.936270E-13
1048.6019730362  6.994787E-13
1050.04958754376  6.367258E-13
1051.49720205132  6.382708E-13
1052.94481655888  7.623982E-13
1054.39243106644  5.516138E-13
1055.840045574  4.348624E-13
1057.28766008156  3.498453E-13
1058.73527458912  3.245969E-13
1060.18288909668  3.340023E-13
1061.63050360424  3.651996E-13
1063.0781181118  3.804122E-13
1064.52573261936  4.492968E-13
1065.97334712692  3.550109E-13
1067.42096163448  3.641111E-13
1068.86857614204  3.238969E-13
1070.3161906496  3.214183E-13
1071.76380515716  3.008978E-13
1073.21141966472  3.383176E-13
1074.65903417228  3.323871E-13
1076.10664867984  3.452997E-13
1077.5542631874  3.387078E-13
1079.00187769496  3.658641E-13
1080.44949220252  2.841375E-13
1081.89710671008  2.911696E-13
1083.34472121764  2.933197E-13
1084.7923357252  3.111002E-13
1086.23995023276  3.623384E-13
1087.68756474032  3.145150E-13
1089.13517924788  2.932947E-13
1090.58279375544  3.522286E-13
1092.030408263  3.162676E-13
1093.47802277056  3.077240E-13
1094.92563727812  2.946841E-13
1096.37325178568  2.918252E-13
1097.82086629324  3.111829E-13
1099.2684808008  2.951733E-13
1100.71609530836  3.134974E-13
1102.16370981592  3.404048E-13
1103.61132432348  3.011769E-13
1105.05893883104  2.923432E-13
1106.5065533386  3.202910E-13
1107.95416784616  2.952914E-13
1109.40178235372  2.931954E-13
1110.84939686128  3.270729E-13
1112.29701136884  3.040226E-13
1113.7446258764  3.278078E-13
1115.19224038396  3.235975E-13
1116.63985489152  3.151038E-13
1118.08746939908  3.300249E-13
1119.53508390664  2.492317E-13
1120.98269841419  2.882613E-13
1122.43031292175  3.090728E-13
1123.87792742931  2.474361E-13
1125.32554193687  2.293941E-13
1126.77315644443  2.470454E-13
1128.22077095199  2.970056E-13
1129.66838545955  3.260508E-13
1131.11599996711  3.326661E-13
1132.56361447467  3.142465E-13
1134.01122898223  2.977248E-13
1135.45884348979  2.917122E-13
1136.90645799735  3.266385E-13
1138.35407250491  3.009696E-13
1139.80168701247  2.964795E-13
1141.24930152003  3.056268E-13
1142.69691602759  2.767302E-13
1144.14453053515  2.803976E-13
1145.59214504271  2.941164E-13
1147.03975955027  3.193002E-13
1148.48737405783  3.175975E-13
1149.93498856539  2.912155E-13
1151.38260307295  3.039020E-13
1152.83021758051  3.032647E-13
1154.27783208807  2.805279E-13
1155.72544659563  2.676503E-13
1157.17306110319  2.409587E-13
1158.62067561075  3.170056E-13
1160.06829011831  2.821533E-13
1161.51590462587  2.461186E-13
1162.96351913343  3.245006E-13
1164.41113364099  2.820569E-13
1165.85874814855  2.807147E-13
1167.30636265611  2.602467E-13
1168.75397716367  3.191481E-13
1170.20159167123  3.726392E-13
1171.64920617879  3.217090E-13
1173.09682068635  2.698482E-13
1174.54443519391  3.877532E-13
1175.99204970147  3.489878E-13
1177.43966420903  3.259991E-13
1178.88727871659  3.123077E-13
1180.33489322415  3.476145E-13
1181.78250773171  3.494564E-13
1183.23012223927  3.708373E-13
1184.67773674683  3.312254E-13
1186.12535125439  3.469755E-13
1187.57296576195  4.093281E-13
1189.02058026951  3.834578E-13
1190.46819477707  4.098026E-13
1191.91580928463  4.120564E-13
1193.36342379219  4.099759E-13
1194.81103829975  4.367688E-13
1196.25865280731  4.274477E-13
1197.70626731487  4.271780E-13
1199.15388182243  4.981317E-13
1200.60149632999  3.959707E-13
1202.04911083755  4.591840E-13
1203.49672534511  4.550117E-13
1204.94433985267  4.738752E-13
1206.39195436023  4.811829E-13
1207.83956886779  6.178023E-13
1209.28718337535  6.737316E-13
1210.7347978829  8.321439E-13
1212.18241239046  7.687125E-13
1213.63002689802  8.338260E-13
1215.07764140558  8.989095E-13
1216.52525591314  1.039663E-12
1217.9728704207  9.444024E-13
1219.42048492826  8.492476E-13
1220.86809943582  7.647877E-13
1222.31571394338  7.146233E-13
1223.76332845094  6.616006E-13
1225.2109429585  4.988113E-13
1226.65855746606  5.275000E-13
1228.10617197362  4.733821E-13
1229.55378648118  4.013255E-13
1231.00140098874  4.502348E-13
1232.4490154963  4.966222E-13
1233.89663000386  5.165770E-13
1235.34424451142  5.069849E-13
1236.79185901898  4.752207E-13
1238.23947352654  4.983012E-13
1239.6870880341  4.701715E-13
1241.13470254166  4.782102E-13
1242.58231704922  4.714758E-13
1244.02993155678  4.444389E-13
1245.47754606434  4.228820E-13
1246.9251605719  3.768715E-13
1248.37277507946  4.356901E-13
1249.82038958702  3.802833E-13
1251.26800409458  3.410451E-13
1252.71561860214  4.028076E-13
1254.1632331097  3.603921E-13
1255.61084761726  3.706063E-13
1257.05846212482  3.260896E-13
1258.50607663238  3.994699E-13
1259.95369113994  3.778474E-13
1261.4013056475  3.095304E-13
1262.84892015506  3.316137E-13
1264.29653466262  2.740909E-13
1265.74414917018  3.108660E-13
1267.19176367774  2.391641E-13
1268.6393781853  2.729124E-13
1270.08699269286  2.634275E-13
1271.53460720042  2.797868E-13
1272.98222170798  2.966985E-13
1274.42983621554  3.372199E-13
1275.8774507231  2.902880E-13
1277.32506523066  3.211369E-13
1278.77267973822  3.144801E-13
1280.22029424578  3.145552E-13
1281.66790875334  2.519100E-13
1283.1155232609  2.336615E-13
1284.56313776846  2.322869E-13
1286.01075227602  2.181451E-13
1287.45836678358  2.503177E-13
1288.90598129114  2.656759E-13
1290.3535957987  2.593846E-13
1291.80121030626  2.643150E-13
1293.24882481382  3.016645E-13
1294.69643932138  2.251207E-13
1296.14405382894  3.006675E-13
1297.5916683365  2.478508E-13
1299.03928284406  2.673936E-13
1300.48689735162  2.591218E-13
1301.93451185917  3.110394E-13
1303.38212636674  2.659824E-13
1304.82974087429  2.398325E-13
1306.27735538185  2.781705E-13
1307.72496988941  3.048527E-13
1309.17258439697  2.637823E-13
1310.62019890453  2.519856E-13
1312.06781341209  2.509099E-13
1313.51542791965  2.425172E-13
1314.96304242721  2.342135E-13
1316.41065693477  2.443352E-13
1317.85827144233  2.373517E-13
1319.30588594989  2.121708E-13
1320.75350045745  2.492334E-13
1322.20111496501  2.640360E-13
1323.64872947257  2.665083E-13
1325.09634398013  2.254178E-13
1326.54395848769  2.580844E-13
1327.99157299525  2.855086E-13
1329.43918750281  2.546635E-13
1330.88680201037  3.078949E-13
1332.33441651793  2.740827E-13
1333.78203102549  2.720053E-13
1335.22964553305  2.744070E-13
1336.67726004061  2.311396E-13
1338.12487454817  2.583519E-13
1339.57248905573  2.353479E-13
1341.02010356329  1.989793E-13
1342.46771807085  2.345144E-13
1343.91533257841  2.288332E-13
1345.36294708597  2.102535E-13
1346.81056159353  2.468314E-13
1348.25817610109  2.437404E-13
1349.70579060865  2.831384E-13
1351.15340511621  2.782768E-13
1352.60101962377  2.230438E-13
1354.04863413133  2.470957E-13
1355.49624863889  2.998666E-13
1356.94386314645  2.406587E-13
1358.39147765401  2.691289E-13
1359.83909216157  2.531893E-13
1361.28670666913  2.805040E-13
1362.73432117669  2.634281E-13
1364.18193568425  2.638284E-13
1365.62955019181  2.660434E-13
1367.07716469937  2.713704E-13
1368.52477920693  2.730446E-13
1369.97239371449  3.387708E-13
1371.42000822205  2.441260E-13
1372.86762272961  2.430803E-13
1374.31523723717  2.823137E-13
1375.76285174473  2.788235E-13
1377.21046625229  2.430257E-13
1378.65808075985  2.873149E-13
1380.10569526741  2.212864E-13
1381.55330977497  2.259770E-13
1383.00092428253  2.493398E-13
1384.44853879009  2.593943E-13
1385.89615329765  2.378425E-13
1387.34376780521  2.666126E-13
1388.79138231277  2.734325E-13
1390.23899682033  2.778379E-13
1391.68661132789  2.478723E-13
1393.13422583545  2.526372E-13
1394.581840343  2.478050E-13
1396.02945485057  2.913904E-13
1397.47706935812  2.742593E-13
1398.92468386568  2.449775E-13
1400.37229837324  2.411770E-13
1401.8199128808  2.949434E-13
1403.26752738836  2.844646E-13
1404.71514189592  2.899591E-13
1406.16275640348  2.911895E-13
1407.61037091104  3.154655E-13
1409.0579854186  2.931839E-13
1410.50559992616  2.774620E-13
1411.95321443372  2.692216E-13
1413.40082894128  2.628754E-13
1414.84844344884  2.835115E-13
1416.2960579564  2.326679E-13
1417.74367246396  2.477897E-13
1419.19128697152  2.734050E-13
1420.63890147908  3.066127E-13
1422.08651598664  2.745220E-13
1423.5341304942  2.413534E-13
1424.98174500176  2.484421E-13
1426.42935950932  2.500584E-13
1427.87697401688  2.498020E-13
1429.32458852444  2.386486E-13
1430.772203032  2.541465E-13
1432.21981753956  2.469222E-13
1433.66743204712  2.499607E-13
1435.11504655468  2.382027E-13
1436.56266106224  2.403043E-13
1438.0102755698  2.143646E-13
1439.45789007736  2.457419E-13
1440.90550458492  2.180904E-13
1442.35311909248  1.986121E-13
1443.80073360004  2.219217E-13
1445.2483481076  2.124631E-13
1446.69596261516  2.279858E-13
1448.14357712272  2.159641E-13
1449.59119163028  1.925992E-13
1451.03880613784  2.201811E-13
1452.4864206454  2.366998E-13
1453.93403515296  2.299766E-13
1455.38164966052  2.326071E-13
1456.82926416808  2.170263E-13
1458.27687867564  2.258144E-13
1459.7244931832  2.375338E-13
1461.17210769076  2.042504E-13
1462.61972219832  2.135654E-13
1464.06733670588  2.155311E-13
1465.51495121344  2.076093E-13
1466.962565721  2.342672E-13
1468.41018022856  2.219278E-13
1469.85779473612  2.061870E-13
1471.30540924368  1.743350E-13
1472.75302375124  2.046089E-13
1474.2006382588  2.044474E-13
1475.64825276636  2.241779E-13
1477.09586727392  2.109996E-13
1478.54348178148  2.047125E-13
1479.99109628904  2.210550E-13
1481.4387107966  2.409543E-13
1482.88632530416  2.068244E-13
1484.33393981172  1.963294E-13
1485.78155431928  2.151874E-13
1487.22916882683  2.087956E-13
1488.67678333439  2.004879E-13
1490.12439784195  2.148283E-13
1491.57201234951  1.849253E-13
1493.01962685707  2.348993E-13
1494.46724136463  2.192897E-13
1495.91485587219  2.212341E-13
1497.36247037975  2.187814E-13
1498.81008488731  2.205394E-13
1500.25769939487  2.317560E-13
1501.70531390243  2.233944E-13
1503.15292840999  2.063436E-13
1504.60054291755  2.137978E-13
1506.04815742511  2.354621E-13
1507.49577193267  2.295660E-13
1508.94338644023  2.567596E-13
1510.39100094779  2.315684E-13
1511.83861545535  2.054776E-13
1513.28622996291  2.055269E-13
1514.73384447047  2.382714E-13
1516.18145897803  2.465078E-13
1517.62907348559  2.106342E-13
1519.07668799315  2.121627E-13
1520.52430250071  2.425042E-13
1521.97191700827  2.504549E-13
1523.41953151583  2.415273E-13
1524.86714602339  2.239527E-13
1526.31476053095  2.670046E-13
1527.76237503851  2.847853E-13
1529.20998954607  2.747190E-13
1530.65760405363  2.732838E-13
1532.10521856119  3.004592E-13
1533.55283306875  2.983004E-13
1535.00044757631  3.123567E-13
1536.44806208387  3.344539E-13
1537.89567659143  3.559908E-13
1539.34329109899  3.902193E-13
1540.79090560655  3.752717E-13
1542.23852011411  3.831639E-13
1543.68613462167  3.781436E-13
1545.13374912923  4.117967E-13
1546.58136363679  4.389920E-13
1548.02897814435  4.317469E-13
1549.47659265191  4.111633E-13
1550.92420715947  3.886509E-13
1552.37182166703  4.018661E-13
1553.81943617459  3.644743E-13
1555.26705068215  3.544812E-13
1556.71466518971  3.191915E-13
1558.16227969727  2.959835E-13
1559.60989420483  3.018518E-13
1561.05750871239  2.972534E-13
1562.50512321995  2.795320E-13
1563.95273772751  2.665499E-13
1565.40035223507  2.364438E-13
1566.84796674263  2.599286E-13
1568.29558125019  2.518875E-13
1569.74319575775  2.531699E-13
1571.19081026531  2.338025E-13
1572.63842477287  2.221387E-13
1574.08603928043  2.312756E-13
1575.53365378799  2.448639E-13
1576.98126829555  2.353623E-13
1578.4288828031  2.431328E-13
1579.87649731066  2.339707E-13
1581.32411181822  2.445107E-13
1582.77172632578  2.740750E-13
1584.21934083334  2.402231E-13
1585.6669553409  2.444710E-13
1587.11456984846  2.358095E-13
1588.56218435602  2.392992E-13
1590.00979886358  2.332593E-13
1591.45741337114  2.170200E-13
1592.9050278787  2.108326E-13
1594.35264238626  2.067736E-13
1595.80025689382  2.096145E-13
1597.24787140138  2.070111E-13
1598.69548590894  2.016496E-13
1600.1431004165  2.007720E-13
1601.59071492406  2.050599E-13
1603.03832943162  2.102310E-13
1604.48594393918  2.084601E-13
1605.93355844674  2.084877E-13
1607.3811729543  2.113777E-13
1608.82878746186  2.048934E-13
1610.27640196942  2.064999E-13
1611.72401647698  2.155543E-13
1613.17163098454  2.276640E-13
1614.6192454921  2.141097E-13
1616.06685999966  2.183463E-13
1617.51447450722  2.119438E-13
1618.96208901478  2.120642E-13
1620.40970352234  2.047175E-13
1621.8573180299  2.238452E-13
1623.30493253746  2.281025E-13
1624.75254704502  2.277655E-13
1626.20016155258  2.291873E-13
1627.64777606014  2.241740E-13
1629.0953905677  2.163780E-13
1630.54300507526  2.187840E-13
1631.99061958282  2.101613E-13
1633.43823409038  2.061843E-13
1634.88584859794  2.043063E-13
1636.3334631055  2.122711E-13
1637.78107761306  2.182530E-13
1639.22869212062  2.396638E-13
1640.67630662818  2.327566E-13
1642.12392113574  2.156134E-13
1643.5715356433  2.219765E-13
1645.01915015086  2.162958E-13
1646.46676465842  2.092596E-13
1647.91437916598  2.247748E-13
1649.36199367354  2.343916E-13
1650.8096081811  2.198782E-13
1652.25722268866  2.042287E-13
1653.70483719622  2.079999E-13
1655.15245170378  2.194438E-13
1656.60006621134  2.221423E-13
1658.0476807189  2.280979E-13
1659.49529522646  2.264960E-13
1660.94290973402  2.286100E-13
1662.39052424158  1.899473E-13
1663.83813874914  2.275458E-13
1665.2857532567  1.917820E-13
1666.73336776426  2.201713E-13
1668.18098227181  2.236077E-13
1669.62859677938  2.030657E-13
1671.07621128693  2.004508E-13
1672.52382579449  1.995488E-13
1673.97144030205  1.974029E-13
1675.41905480961  1.935601E-13
1676.86666931717  1.934159E-13
1678.31428382473  2.019730E-13
1679.76189833229  1.960226E-13
1681.20951283985  2.096613E-13
1682.65712734741  2.066000E-13
1684.10474185497  1.904523E-13
1685.55235636253  2.028973E-13
1686.99997087009  1.988925E-13
1688.44758537765  1.805557E-13
1689.89519988521  1.694403E-13
1691.34281439277  1.709313E-13
1692.79042890033  1.784123E-13
1694.23804340789  1.801089E-13
1695.68565791545  1.770627E-13
1697.13327242301  1.920502E-13
1698.58088693057  1.971935E-13
1700.02850143813  1.947086E-13
1701.47611594569  1.972180E-13
1702.92373045325  2.009794E-13
1704.37134496081  1.972716E-13
1705.81895946837  2.002949E-13
1707.26657397593  1.882033E-13
1708.71418848349  1.877755E-13
1710.16180299105  0.
1711.60941749861  0.
1713.05703200617  0.
1714.50464651373  0.
1715.95226102129  0.
1717.39987552885  0.
1718.84749003641  0.
1720.29510454397  0.
1721.74271905153  0.
1723.19033355909  0.
1724.63794806665  0.
1726.08556257421  0.
1727.53317708177  0.
1728.98079158933  0.
1730.42840609689  0.
1731.87602060445  0.
1733.32363511201  0.
1734.77124961957  0.
1736.21886412713  0.
1737.66647863469  0.
1739.11409314225  0.
1740.56170764981  0.
1742.00932215737  0.
1743.45693666493  0.
1744.90455117249  0.
1746.35216568005  0.
1747.79978018761  0.
1749.24739469517  0.
1750.69500920273  0.
1752.14262371029  0.
1753.59023821785  0.
1755.03785272541  0.
1756.48546723297  0.
1757.93308174053  0.
1759.38069624809  0.
1760.82831075565  0.
1762.27592526321  0.
1763.72353977076  0.
1765.17115427832  0.
1766.61876878588  0.
1768.06638329344  0.
1769.513997801  0.
1770.96161230856  0.
1772.40922681612  0.
1773.85684132368  0.
1775.30445583124  0.
1776.7520703388  0.
1778.19968484636  0.
1779.64729935392  0.
1781.09491386148  0.
1782.54252836904  0.
1783.9901428766  0.
1785.43775738416  0.
1786.88537189172  0.
1788.33298639928  0.
1789.78060090684  0.
1791.2282154144  0.
1792.67582992196  0.
1794.12344442952  0.
1795.57105893708  0.
1797.01867344464  0.
1798.4662879522  0.
1799.91390245976  0.
1801.36151696732  0.
1802.80913147488  0.
1804.25674598244  0.
1805.70436049  0.
1807.15197499756  0.
1808.59958950512  0.
1810.04720401268  0.
1811.49481852024  0.
1812.9424330278  0.
1814.39004753536  0.
1815.83766204292  0.
1817.28527655048  0.
1818.73289105804  0.
1820.1805055656  0.
1821.62812007316  0.
1823.07573458072  0.
1824.52334908828  0.
1825.97096359584  0.
1827.4185781034  0.
1828.86619261096  0.
1830.31380711852  0.
1831.76142162608  0.
