906.735751295338  0.
908.183365802898  0.
909.630980310458  0.
911.078594818018  0.
912.526209325578  0.
913.973823833137  0.
915.421438340697  0.
916.869052848257  0.
918.316667355817  0.
919.764281863377  0.
921.211896370937  0.
922.659510878497  0.
924.107125386056  0.
925.554739893616  0.
927.002354401176  0.
928.449968908736  0.
929.897583416296  0.
931.345197923856  0.
932.792812431415  0.
934.240426938975  0.
935.688041446535  0.
937.135655954095  0.
938.583270461655  0.
940.030884969215  0.
941.478499476774  0.
942.926113984334  0.
944.373728491894  0.
945.821342999454  0.
947.268957507014  0.
948.716572014574  0.
950.164186522133  0.
951.611801029693  0.
953.059415537253  0.
954.507030044813  0.
955.954644552373  0.
957.402259059933  0.
958.849873567493  0.
960.297488075052  0.
961.745102582612  0.
963.192717090172  0.
964.640331597732  0.
966.087946105292  0.
967.535560612852  0.
968.983175120411  0.
970.430789627971  0.
971.878404135531  0.
973.326018643091  0.
974.773633150651  0.
976.221247658211  0.
977.668862165771  0.
979.11647667333  0.
980.56409118089  0.
982.01170568845  0.
983.45932019601  0.
984.90693470357  0.
986.35454921113  0.
987.802163718689  0.
989.249778226249  0.
990.697392733809  0.
992.145007241369  0.
993.592621748929  5.406963E-13
995.040236256489  4.463704E-13
996.487850764048  7.168951E-13
997.935465271608  6.644331E-13
999.383079779168  3.388284E-13
1000.83069428673  3.911431E-13
1002.27830879429  5.297892E-13
1003.72592330185  5.390269E-13
1005.17353780941  5.057566E-13
1006.62115231697  4.799386E-13
1008.06876682453  2.431410E-13
1009.51638133209  1.989325E-13
1010.96399583965  3.675314E-13
1012.41161034721  5.834967E-13
1013.85922485477  5.141196E-13
1015.30683936233  5.752454E-13
1016.75445386989  5.512361E-13
1018.20206837745  4.412847E-13
1019.64968288501  4.518657E-13
1021.09729739257  5.391393E-13
1022.54491190013  4.375836E-13
1023.99252640769  4.857321E-13
1025.44014091525  5.039482E-13
1026.8877554228  5.360708E-13
1028.33536993037  3.630314E-13
1029.78298443792  5.032284E-13
1031.23059894548  5.150724E-13
1032.67821345304  5.538498E-13
1034.1258279606  5.552341E-13
1035.57344246816  4.642228E-13
1037.02105697572  4.399762E-13
1038.46867148328  3.952715E-13
1039.91628599084  4.712092E-13
1041.3639004984  3.872186E-13
1042.81151500596  3.944524E-13
1044.25912951352  4.378311E-13
1045.70674402108  5.529619E-13
1047.15435852864  5.223187E-13
1048.6019730362  4.822040E-13
1050.04958754376  4.975299E-13
1051.49720205132  5.669307E-13
1052.94481655888  5.004844E-13
1054.39243106644  4.129999E-13
1055.840045574  3.124270E-13
1057.28766008156  3.163160E-13
1058.73527458912  3.173577E-13
1060.18288909668  3.793847E-13
1061.63050360424  3.398159E-13
1063.0781181118  3.199145E-13
1064.52573261936  3.085472E-13
1065.97334712692  3.680928E-13
1067.42096163448  3.251889E-13
1068.86857614204  3.777665E-13
1070.3161906496  3.167207E-13
1071.76380515716  2.929267E-13
1073.21141966472  3.099735E-13
1074.65903417228  3.561587E-13
1076.10664867984  3.255424E-13
1077.5542631874  3.067567E-13
1079.00187769496  2.934824E-13
1080.44949220252  2.868151E-13
1081.89710671008  2.889213E-13
1083.34472121764  2.972769E-13
1084.7923357252  3.402500E-13
1086.23995023276  3.205877E-13
1087.68756474032  3.082452E-13
1089.13517924788  2.561573E-13
1090.58279375544  2.754477E-13
1092.030408263  3.434543E-13
1093.47802277056  3.152966E-13
1094.92563727812  2.801997E-13
1096.37325178568  2.782009E-13
1097.82086629324  3.219202E-13
1099.2684808008  3.209716E-13
1100.71609530836  2.792936E-13
1102.16370981592  2.754050E-13
1103.61132432348  3.069335E-13
1105.05893883104  2.518678E-13
1106.5065533386  2.647000E-13
1107.95416784616  2.874453E-13
1109.40178235372  3.281054E-13
1110.84939686128  3.424926E-13
1112.29701136884  3.299787E-13
1113.7446258764  2.792670E-13
1115.19224038396  2.517890E-13
1116.63985489152  2.877100E-13
1118.08746939908  3.126010E-13
1119.53508390664  3.011391E-13
1120.98269841419  3.010801E-13
1122.43031292175  2.778752E-13
1123.87792742931  2.658914E-13
1125.32554193687  2.331839E-13
1126.77315644443  2.070681E-13
1128.22077095199  2.399555E-13
1129.66838545955  2.865214E-13
1131.11599996711  3.125529E-13
1132.56361447467  2.838362E-13
1134.01122898223  2.621710E-13
1135.45884348979  2.850378E-13
1136.90645799735  2.630230E-13
1138.35407250491  2.513249E-13
1139.80168701247  2.630554E-13
1141.24930152003  2.852385E-13
1142.69691602759  2.971657E-13
1144.14453053515  2.533274E-13
1145.59214504271  3.081138E-13
1147.03975955027  2.944123E-13
1148.48737405783  3.060029E-13
1149.93498856539  2.677519E-13
1151.38260307295  2.546009E-13
1152.83021758051  2.190977E-13
1154.27783208807  2.823242E-13
1155.72544659563  3.024540E-13
1157.17306110319  2.971352E-13
1158.62067561075  2.947757E-13
1160.06829011831  2.823436E-13
1161.51590462587  2.899765E-13
1162.96351913343  3.599559E-13
1164.41113364099  2.996761E-13
1165.85874814855  3.147017E-13
1167.30636265611  3.193012E-13
1168.75397716367  3.080708E-13
1170.20159167123  2.709286E-13
1171.64920617879  2.856848E-13
1173.09682068635  3.085999E-13
1174.54443519391  2.952637E-13
1175.99204970147  3.747223E-13
1177.43966420903  3.156592E-13
1178.88727871659  3.094253E-13
1180.33489322415  3.171805E-13
1181.78250773171  2.954434E-13
1183.23012223927  3.289011E-13
1184.67773674683  2.856602E-13
1186.12535125439  3.107811E-13
1187.57296576195  3.837257E-13
1189.02058026951  3.481975E-13
1190.46819477707  3.351736E-13
1191.91580928463  4.069620E-13
1193.36342379219  3.603580E-13
1194.81103829975  4.048933E-13
1196.25865280731  3.815722E-13
1197.70626731487  3.693751E-13
1199.15388182243  3.492858E-13
1200.60149632999  4.042163E-13
1202.04911083755  4.566885E-13
1203.49672534511  4.642105E-13
1204.94433985267  3.989248E-13
1206.39195436023  5.225838E-13
1207.83956886779  5.941427E-13
1209.28718337535  6.137864E-13
1210.7347978829  7.003614E-13
1212.18241239046  8.544436E-13
1213.63002689802  1.025950E-12
1215.07764140558  1.025735E-12
1216.52525591314  1.108509E-12
1217.9728704207  9.481914E-13
1219.42048492826  7.547789E-13
1220.86809943582  7.258701E-13
1222.31571394338  6.285505E-13
1223.76332845094  5.994309E-13
1225.2109429585  5.188116E-13
1226.65855746606  5.893723E-13
1228.10617197362  4.912817E-13
1229.55378648118  4.752170E-13
1231.00140098874  4.500579E-13
1232.4490154963  4.268179E-13
1233.89663000386  4.287413E-13
1235.34424451142  4.710346E-13
1236.79185901898  4.614662E-13
1238.23947352654  5.039369E-13
1239.6870880341  4.563000E-13
1241.13470254166  4.522589E-13
1242.58231704922  4.038280E-13
1244.02993155678  4.114654E-13
1245.47754606434  3.927899E-13
1246.9251605719  3.602227E-13
1248.37277507946  3.526110E-13
1249.82038958702  3.915047E-13
1251.26800409458  3.989772E-13
1252.71561860214  4.368624E-13
1254.1632331097  3.788004E-13
1255.61084761726  3.017801E-13
1257.05846212482  3.060021E-13
1258.50607663238  3.287315E-13
1259.95369113994  3.656101E-13
1261.4013056475  3.076684E-13
1262.84892015506  2.711364E-13
1264.29653466262  3.657000E-13
1265.74414917018  3.199239E-13
1267.19176367774  2.809698E-13
1268.6393781853  2.467634E-13
1270.08699269286  2.967614E-13
1271.53460720042  2.986646E-13
1272.98222170798  2.558159E-13
1274.42983621554  3.005349E-13
1275.8774507231  2.586290E-13
1277.32506523066  2.474744E-13
1278.77267973822  2.911382E-13
1280.22029424578  2.499463E-13
1281.66790875334  2.303467E-13
1283.1155232609  2.893394E-13
1284.56313776846  2.940550E-13
1286.01075227602  2.407293E-13
1287.45836678358  2.181806E-13
1288.90598129114  2.918776E-13
1290.3535957987  2.460962E-13
1291.80121030626  2.880022E-13
1293.24882481382  2.314456E-13
1294.69643932138  2.710122E-13
1296.14405382894  2.753198E-13
1297.5916683365  2.512729E-13
1299.03928284406  2.910405E-13
1300.48689735162  2.967357E-13
1301.93451185917  3.480706E-13
1303.38212636674  2.609286E-13
1304.82974087429  3.075056E-13
1306.27735538185  2.956065E-13
1307.72496988941  2.869287E-13
1309.17258439697  2.459886E-13
1310.62019890453  2.532746E-13
1312.06781341209  2.501458E-13
1313.51542791965  2.862016E-13
1314.96304242721  2.647558E-13
1316.41065693477  2.416217E-13
1317.85827144233  1.927796E-13
1319.30588594989  2.383323E-13
1320.75350045745  2.240866E-13
1322.20111496501  2.423663E-13
1323.64872947257  2.745929E-13
1325.09634398013  3.315489E-13
1326.54395848769  2.881622E-13
1327.99157299525  2.122693E-13
1329.43918750281  2.214402E-13
1330.88680201037  2.725386E-13
1332.33441651793  2.873444E-13
1333.78203102549  2.811443E-13
1335.22964553305  2.662915E-13
1336.67726004061  2.153395E-13
1338.12487454817  2.273021E-13
1339.57248905573  1.917301E-13
1341.02010356329  2.545840E-13
1342.46771807085  3.183712E-13
1343.91533257841  1.684945E-13
1345.36294708597  2.508083E-13
1346.81056159353  2.457790E-13
1348.25817610109  2.868444E-13
1349.70579060865  2.983945E-13
1351.15340511621  2.281463E-13
1352.60101962377  2.575471E-13
1354.04863413133  2.575385E-13
1355.49624863889  2.883113E-13
1356.94386314645  2.336474E-13
1358.39147765401  2.419775E-13
1359.83909216157  2.911425E-13
1361.28670666913  2.438827E-13
1362.73432117669  2.315184E-13
1364.18193568425  2.726327E-13
1365.62955019181  1.948657E-13
1367.07716469937  2.745727E-13
1368.52477920693  2.510848E-13
1369.97239371449  2.628006E-13
1371.42000822205  2.778919E-13
1372.86762272961  2.542722E-13
1374.31523723717  2.869594E-13
1375.76285174473  2.881099E-13
1377.21046625229  2.284307E-13
1378.65808075985  2.099205E-13
1380.10569526741  2.298928E-13
1381.55330977497  2.643814E-13
1383.00092428253  3.074797E-13
1384.44853879009  2.350788E-13
1385.89615329765  2.734779E-13
1387.34376780521  3.170407E-13
1388.79138231277  2.863976E-13
1390.23899682033  2.706076E-13
1391.68661132789  2.682267E-13
1393.13422583545  2.362260E-13
1394.581840343  2.579683E-13
1396.02945485057  3.123163E-13
1397.47706935812  2.993412E-13
1398.92468386568  2.462075E-13
1400.37229837324  2.300630E-13
1401.8199128808  3.060612E-13
1403.26752738836  3.083708E-13
1404.71514189592  2.833545E-13
1406.16275640348  3.167012E-13
1407.61037091104  2.427007E-13
1409.0579854186  2.546582E-13
1410.50559992616  3.184950E-13
1411.95321443372  2.567141E-13
1413.40082894128  2.750120E-13
1414.84844344884  2.529281E-13
1416.2960579564  2.288199E-13
1417.74367246396  2.203071E-13
1419.19128697152  1.981653E-13
1420.63890147908  2.755020E-13
1422.08651598664  2.570312E-13
1423.5341304942  2.633539E-13
1424.98174500176  2.387122E-13
1426.42935950932  2.170184E-13
1427.87697401688  2.691474E-13
1429.32458852444  2.406330E-13
1430.772203032  2.507400E-13
1432.21981753956  2.243731E-13
1433.66743204712  2.124405E-13
1435.11504655468  2.413857E-13
1436.56266106224  1.860232E-13
1438.0102755698  1.891334E-13
1439.45789007736  2.709155E-13
1440.90550458492  2.674189E-13
1442.35311909248  1.681918E-13
1443.80073360004  2.474261E-13
1445.2483481076  2.091646E-13
1446.69596261516  2.125264E-13
1448.14357712272  2.202818E-13
1449.59119163028  1.565696E-13
1451.03880613784  2.018913E-13
1452.4864206454  2.031919E-13
1453.93403515296  2.092685E-13
1455.38164966052  2.232014E-13
1456.82926416808  2.113722E-13
1458.27687867564  1.913803E-13
1459.7244931832  2.323523E-13
1461.17210769076  2.143197E-13
1462.61972219832  2.077020E-13
1464.06733670588  1.876959E-13
1465.51495121344  2.074441E-13
1466.962565721  2.052034E-13
1468.41018022856  2.112645E-13
1469.85779473612  1.863230E-13
1471.30540924368  2.153965E-13
1472.75302375124  2.149560E-13
1474.2006382588  2.356059E-13
1475.64825276636  2.381794E-13
1477.09586727392  1.977752E-13
1478.54348178148  1.786665E-13
1479.99109628904  2.019647E-13
1481.4387107966  2.369845E-13
1482.88632530416  2.545066E-13
1484.33393981172  2.562291E-13
1485.78155431928  2.050201E-13
1487.22916882683  1.965554E-13
1488.67678333439  2.112295E-13
1490.12439784195  2.021632E-13
1491.57201234951  2.177045E-13
1493.01962685707  2.063152E-13
1494.46724136463  2.246810E-13
1495.91485587219  2.357436E-13
1497.36247037975  2.241544E-13
1498.81008488731  2.310438E-13
1500.25769939487  2.119723E-13
1501.70531390243  2.529493E-13
1503.15292840999  2.215191E-13
1504.60054291755  2.333267E-13
1506.04815742511  2.577063E-13
1507.49577193267  2.637755E-13
1508.94338644023  2.910067E-13
1510.39100094779  2.418790E-13
1511.83861545535  1.979516E-13
1513.28622996291  1.869981E-13
1514.73384447047  2.273377E-13
1516.18145897803  2.518129E-13
1517.62907348559  2.405970E-13
1519.07668799315  2.111961E-13
1520.52430250071  2.468280E-13
1521.97191700827  2.258850E-13
1523.41953151583  2.442749E-13
1524.86714602339  2.424890E-13
1526.31476053095  2.268845E-13
1527.76237503851  2.404878E-13
1529.20998954607  2.722741E-13
1530.65760405363  2.607091E-13
1532.10521856119  2.754967E-13
1533.55283306875  2.627650E-13
1535.00044757631  2.742215E-13
1536.44806208387  3.256285E-13
1537.89567659143  3.818341E-13
1539.34329109899  3.753698E-13
1540.79090560655  4.315063E-13
1542.23852011411  4.501849E-13
1543.68613462167  4.483866E-13
1545.13374912923  4.463164E-13
1546.58136363679  4.306949E-13
1548.02897814435  4.322919E-13
1549.47659265191  4.356677E-13
1550.92420715947  4.276346E-13
1552.37182166703  3.966028E-13
1553.81943617459  3.419532E-13
1555.26705068215  3.601462E-13
1556.71466518971  3.337775E-13
1558.16227969727  2.938551E-13
1559.60989420483  2.930025E-13
1561.05750871239  3.064955E-13
1562.50512321995  2.776592E-13
1563.95273772751  2.634059E-13
1565.40035223507  2.578915E-13
1566.84796674263  2.563504E-13
1568.29558125019  2.651998E-13
1569.74319575775  2.657686E-13
1571.19081026531  2.628467E-13
1572.63842477287  2.616710E-13
1574.08603928043  2.680641E-13
1575.53365378799  2.479126E-13
1576.98126829555  2.443851E-13
1578.4288828031  2.434051E-13
1579.87649731066  2.339630E-13
1581.32411181822  2.523263E-13
1582.77172632578  2.607809E-13
1584.21934083334  2.578665E-13
1585.6669553409  2.751154E-13
1587.11456984846  2.439683E-13
1588.56218435602  2.351124E-13
1590.00979886358  2.283358E-13
1591.45741337114  2.277139E-13
1592.9050278787  2.474155E-13
1594.35264238626  2.212291E-13
1595.80025689382  2.355186E-13
1597.24787140138  2.169827E-13
1598.69548590894  2.049049E-13
1600.1431004165  2.257312E-13
1601.59071492406  2.263486E-13
1603.03832943162  2.146772E-13
1604.48594393918  2.179764E-13
1605.93355844674  2.346819E-13
1607.3811729543  2.139092E-13
1608.82878746186  1.885075E-13
1610.27640196942  2.009117E-13
1611.72401647698  1.813902E-13
1613.17163098454  1.791939E-13
1614.6192454921  1.828595E-13
1616.06685999966  2.036387E-13
1617.51447450722  2.285662E-13
1618.96208901478  2.241095E-13
1620.40970352234  2.130397E-13
1621.8573180299  2.271556E-13
1623.30493253746  1.984380E-13
1624.75254704502  1.966525E-13
1626.20016155258  1.922815E-13
1627.64777606014  1.935884E-13
1629.0953905677  2.001352E-13
1630.54300507526  2.073992E-13
1631.99061958282  2.061478E-13
1633.43823409038  2.065053E-13
1634.88584859794  2.086405E-13
1636.3334631055  2.166479E-13
1637.78107761306  2.206437E-13
1639.22869212062  2.208295E-13
1640.67630662818  2.162014E-13
1642.12392113574  2.123304E-13
1643.5715356433  2.079420E-13
1645.01915015086  2.047672E-13
1646.46676465842  2.107437E-13
1647.91437916598  2.140544E-13
1649.36199367354  2.035117E-13
1650.8096081811  2.224979E-13
1652.25722268866  2.004975E-13
1653.70483719622  1.923384E-13
1655.15245170378  2.039380E-13
1656.60006621134  2.176204E-13
1658.0476807189  2.122661E-13
1659.49529522646  1.997013E-13
1660.94290973402  1.300524E-13
1662.39052424158  1.202269E-13
1663.83813874914  1.681742E-13
1665.2857532567  1.835114E-13
1666.73336776426  2.114839E-13
1668.18098227181  2.053643E-13
1669.62859677938  2.006796E-13
1671.07621128693  2.135766E-13
1672.52382579449  2.114765E-13
1673.97144030205  1.979549E-13
1675.41905480961  1.904688E-13
1676.86666931717  1.903489E-13
1678.31428382473  1.948906E-13
1679.76189833229  1.765979E-13
1681.20951283985  1.915527E-13
1682.65712734741  2.021318E-13
1684.10474185497  2.025180E-13
1685.55235636253  1.948925E-13
1686.99997087009  1.880141E-13
1688.44758537765  1.846639E-13
1689.89519988521  1.814408E-13
1691.34281439277  1.897895E-13
1692.79042890033  2.006430E-13
1694.23804340789  2.002087E-13
1695.68565791545  2.034996E-13
1697.13327242301  2.031416E-13
1698.58088693057  1.842363E-13
1700.02850143813  1.939134E-13
1701.47611594569  2.018737E-13
1702.92373045325  1.917087E-13
1704.37134496081  1.770249E-13
1705.81895946837  1.695630E-13
1707.26657397593  1.712025E-13
1708.71418848349  1.740762E-13
1710.16180299105  0.
1711.60941749861  0.
1713.05703200617  0.
1714.50464651373  0.
1715.95226102129  0.
1717.39987552885  0.
1718.84749003641  0.
1720.29510454397  0.
1721.74271905153  0.
1723.19033355909  0.
1724.63794806665  0.
1726.08556257421  0.
1727.53317708177  0.
1728.98079158933  0.
1730.42840609689  0.
1731.87602060445  0.
1733.32363511201  0.
1734.77124961957  0.
1736.21886412713  0.
1737.66647863469  0.
1739.11409314225  0.
1740.56170764981  0.
1742.00932215737  0.
1743.45693666493  0.
1744.90455117249  0.
1746.35216568005  0.
1747.79978018761  0.
1749.24739469517  0.
1750.69500920273  0.
1752.14262371029  0.
1753.59023821785  0.
1755.03785272541  0.
1756.48546723297  0.
1757.93308174053  0.
1759.38069624809  0.
1760.82831075565  0.
1762.27592526321  0.
1763.72353977076  0.
1765.17115427832  0.
1766.61876878588  0.
1768.06638329344  0.
1769.513997801  0.
1770.96161230856  0.
1772.40922681612  0.
1773.85684132368  0.
1775.30445583124  0.
1776.7520703388  0.
1778.19968484636  0.
1779.64729935392  0.
1781.09491386148  0.
1782.54252836904  0.
1783.9901428766  0.
1785.43775738416  0.
1786.88537189172  0.
1788.33298639928  0.
1789.78060090684  0.
1791.2282154144  0.
1792.67582992196  0.
1794.12344442952  0.
1795.57105893708  0.
1797.01867344464  0.
1798.4662879522  0.
1799.91390245976  0.
1801.36151696732  0.
1802.80913147488  0.
1804.25674598244  0.
1805.70436049  0.
1807.15197499756  0.
1808.59958950512  0.
1810.04720401268  0.
1811.49481852024  0.
1812.9424330278  0.
1814.39004753536  0.
1815.83766204292  0.
1817.28527655048  0.
1818.73289105804  0.
1820.1805055656  0.
1821.62812007316  0.
1823.07573458072  0.
1824.52334908828  0.
1825.97096359584  0.
1827.4185781034  0.
1828.86619261096  0.
1830.31380711852  0.
1831.76142162608  0.
