906.735751295338  0.
908.183365802898  0.
909.630980310458  0.
911.078594818018  0.
912.526209325578  0.
913.973823833137  0.
915.421438340697  0.
916.869052848257  0.
918.316667355817  0.
919.764281863377  0.
921.211896370937  0.
922.659510878497  0.
924.107125386056  0.
925.554739893616  0.
927.002354401176  0.
928.449968908736  0.
929.897583416296  0.
931.345197923856  0.
932.792812431415  0.
934.240426938975  0.
935.688041446535  0.
937.135655954095  0.
938.583270461655  0.
940.030884969215  0.
941.478499476774  0.
942.926113984334  0.
944.373728491894  0.
945.821342999454  0.
947.268957507014  0.
948.716572014574  0.
950.164186522133  0.
951.611801029693  0.
953.059415537253  0.
954.507030044813  0.
955.954644552373  0.
957.402259059933  0.
958.849873567493  0.
960.297488075052  0.
961.745102582612  0.
963.192717090172  0.
964.640331597732  0.
966.087946105292  0.
967.535560612852  0.
968.983175120411  0.
970.430789627971  0.
971.878404135531  0.
973.326018643091  0.
974.773633150651  0.
976.221247658211  0.
977.668862165771  0.
979.11647667333  0.
980.56409118089  0.
982.01170568845  0.
983.45932019601  0.
984.90693470357  0.
986.35454921113  0.
987.802163718689  0.
989.249778226249  0.
990.697392733809  0.
992.145007241369  0.
993.592621748929  3.019557E-13
995.040236256489  1.334570E-13
996.487850764048  2.942848E-13
997.935465271608  1.684601E-13
999.383079779168  2.311995E-13
1000.83069428673  3.478791E-13
1002.27830879429  2.517771E-13
1003.72592330185  2.936130E-13
1005.17353780941  3.804316E-13
1006.62115231697  2.632671E-13
1008.06876682453  3.249675E-13
1009.51638133209  3.520130E-13
1010.96399583965  1.935711E-13
1012.41161034721  2.451864E-13
1013.85922485477  2.885383E-13
1015.30683936233  2.281893E-13
1016.75445386989  2.484179E-13
1018.20206837745  3.083926E-13
1019.64968288501  3.143538E-13
1021.09729739257  3.715796E-13
1022.54491190013  3.244486E-13
1023.99252640769  3.485476E-13
1025.44014091525  4.026720E-13
1026.8877554228  4.096223E-13
1028.33536993037  3.788768E-13
1029.78298443792  3.860776E-13
1031.23059894548  5.064277E-13
1032.67821345304  4.191885E-13
1034.1258279606  4.249873E-13
1035.57344246816  3.915138E-13
1037.02105697572  3.767455E-13
1038.46867148328  3.508317E-13
1039.91628599084  3.576926E-13
1041.3639004984  3.183424E-13
1042.81151500596  3.250957E-13
1044.25912951352  3.982350E-13
1045.70674402108  4.844800E-13
1047.15435852864  5.059688E-13
1048.6019730362  5.236311E-13
1050.04958754376  4.252941E-13
1051.49720205132  4.150928E-13
1052.94481655888  3.603142E-13
1054.39243106644  3.017225E-13
1055.840045574  2.856498E-13
1057.28766008156  2.217878E-13
1058.73527458912  2.187491E-13
1060.18288909668  2.377839E-13
1061.63050360424  2.590238E-13
1063.0781181118  2.634140E-13
1064.52573261936  2.537066E-13
1065.97334712692  2.569657E-13
1067.42096163448  2.873107E-13
1068.86857614204  2.422413E-13
1070.3161906496  2.478712E-13
1071.76380515716  2.671929E-13
1073.21141966472  2.559242E-13
1074.65903417228  3.029015E-13
1076.10664867984  2.802537E-13
1077.5542631874  2.853882E-13
1079.00187769496  2.551323E-13
1080.44949220252  2.240899E-13
1081.89710671008  2.177976E-13
1083.34472121764  2.420314E-13
1084.7923357252  2.372569E-13
1086.23995023276  2.646467E-13
1087.68756474032  2.231352E-13
1089.13517924788  1.903927E-13
1090.58279375544  2.471217E-13
1092.030408263  2.188063E-13
1093.47802277056  2.253461E-13
1094.92563727812  2.040433E-13
1096.37325178568  1.865789E-13
1097.82086629324  2.277904E-13
1099.2684808008  2.393657E-13
1100.71609530836  1.987753E-13
1102.16370981592  1.716725E-13
1103.61132432348  1.833536E-13
1105.05893883104  1.875556E-13
1106.5065533386  2.108743E-13
1107.95416784616  2.088264E-13
1109.40178235372  2.453745E-13
1110.84939686128  2.063651E-13
1112.29701136884  2.196489E-13
1113.7446258764  2.370680E-13
1115.19224038396  2.322099E-13
1116.63985489152  2.575720E-13
1118.08746939908  2.507772E-13
1119.53508390664  2.084215E-13
1120.98269841419  2.756193E-13
1122.43031292175  2.184206E-13
1123.87792742931  2.258629E-13
1125.32554193687  2.051234E-13
1126.77315644443  1.832548E-13
1128.22077095199  2.030158E-13
1129.66838545955  2.478608E-13
1131.11599996711  2.120243E-13
1132.56361447467  1.975519E-13
1134.01122898223  1.998078E-13
1135.45884348979  1.985938E-13
1136.90645799735  2.066265E-13
1138.35407250491  1.977108E-13
1139.80168701247  2.041493E-13
1141.24930152003  2.125784E-13
1142.69691602759  2.237059E-13
1144.14453053515  2.054783E-13
1145.59214504271  2.442748E-13
1147.03975955027  2.413427E-13
1148.48737405783  2.227870E-13
1149.93498856539  2.002157E-13
1151.38260307295  1.797980E-13
1152.83021758051  1.700408E-13
1154.27783208807  1.876922E-13
1155.72544659563  2.191156E-13
1157.17306110319  1.938900E-13
1158.62067561075  1.826869E-13
1160.06829011831  2.063989E-13
1161.51590462587  2.089009E-13
1162.96351913343  2.383398E-13
1164.41113364099  2.319308E-13
1165.85874814855  2.173656E-13
1167.30636265611  2.366742E-13
1168.75397716367  2.397411E-13
1170.20159167123  2.802247E-13
1171.64920617879  2.282198E-13
1173.09682068635  2.287252E-13
1174.54443519391  2.445815E-13
1175.99204970147  2.472918E-13
1177.43966420903  2.331088E-13
1178.88727871659  2.395782E-13
1180.33489322415  2.525878E-13
1181.78250773171  2.315689E-13
1183.23012223927  2.136299E-13
1184.67773674683  2.069158E-13
1186.12535125439  2.480504E-13
1187.57296576195  2.909739E-13
1189.02058026951  2.323844E-13
1190.46819477707  2.603919E-13
1191.91580928463  2.867566E-13
1193.36342379219  2.822537E-13
1194.81103829975  2.753829E-13
1196.25865280731  3.144546E-13
1197.70626731487  2.936362E-13
1199.15388182243  3.215891E-13
1200.60149632999  3.445605E-13
1202.04911083755  3.451214E-13
1203.49672534511  3.481147E-13
1204.94433985267  4.042296E-13
1206.39195436023  5.040584E-13
1207.83956886779  6.024492E-13
1209.28718337535  6.407942E-13
1210.7347978829  7.331337E-13
1212.18241239046  8.930787E-13
1213.63002689802  9.382937E-13
1215.07764140558  8.660487E-13
1216.52525591314  8.842360E-13
1217.9728704207  9.797140E-13
1219.42048492826  8.386925E-13
1220.86809943582  7.173033E-13
1222.31571394338  6.163439E-13
1223.76332845094  4.561591E-13
1225.2109429585  4.024047E-13
1226.65855746606  4.072587E-13
1228.10617197362  3.697465E-13
1229.55378648118  3.404540E-13
1231.00140098874  3.482302E-13
1232.4490154963  3.532502E-13
1233.89663000386  3.542332E-13
1235.34424451142  3.559211E-13
1236.79185901898  3.326644E-13
1238.23947352654  3.818160E-13
1239.6870880341  3.394465E-13
1241.13470254166  3.328948E-13
1242.58231704922  3.299210E-13
1244.02993155678  3.724668E-13
1245.47754606434  2.859997E-13
1246.9251605719  2.634754E-13
1248.37277507946  2.770114E-13
1249.82038958702  2.970368E-13
1251.26800409458  2.653393E-13
1252.71561860214  2.390782E-13
1254.1632331097  2.591006E-13
1255.61084761726  2.501580E-13
1257.05846212482  2.183615E-13
1258.50607663238  2.622370E-13
1259.95369113994  2.515117E-13
1261.4013056475  2.341215E-13
1262.84892015506  2.499823E-13
1264.29653466262  2.424200E-13
1265.74414917018  2.369334E-13
1267.19176367774  2.215894E-13
1268.6393781853  2.087989E-13
1270.08699269286  1.893189E-13
1271.53460720042  2.030089E-13
1272.98222170798  1.956155E-13
1274.42983621554  1.724001E-13
1275.8774507231  1.764879E-13
1277.32506523066  1.919159E-13
1278.77267973822  1.859087E-13
1280.22029424578  2.015304E-13
1281.66790875334  1.904114E-13
1283.1155232609  1.912891E-13
1284.56313776846  2.075702E-13
1286.01075227602  2.018250E-13
1287.45836678358  1.880372E-13
1288.90598129114  1.855824E-13
1290.3535957987  1.774660E-13
1291.80121030626  1.843044E-13
1293.24882481382  2.070625E-13
1294.69643932138  1.894807E-13
1296.14405382894  1.983718E-13
1297.5916683365  2.157289E-13
1299.03928284406  2.352859E-13
1300.48689735162  2.194072E-13
1301.93451185917  2.294778E-13
1303.38212636674  2.018760E-13
1304.82974087429  2.092366E-13
1306.27735538185  2.071936E-13
1307.72496988941  2.131748E-13
1309.17258439697  1.739188E-13
1310.62019890453  1.692815E-13
1312.06781341209  2.126534E-13
1313.51542791965  1.891456E-13
1314.96304242721  2.158735E-13
1316.41065693477  2.372213E-13
1317.85827144233  2.318648E-13
1319.30588594989  1.855197E-13
1320.75350045745  1.892839E-13
1322.20111496501  1.817264E-13
1323.64872947257  2.014084E-13
1325.09634398013  1.977089E-13
1326.54395848769  1.923384E-13
1327.99157299525  1.871112E-13
1329.43918750281  1.890799E-13
1330.88680201037  1.944999E-13
1332.33441651793  2.042637E-13
1333.78203102549  2.246156E-13
1335.22964553305  2.224250E-13
1336.67726004061  1.811436E-13
1338.12487454817  1.702195E-13
1339.57248905573  1.375091E-13
1341.02010356329  1.950828E-13
1342.46771807085  1.908040E-13
1343.91533257841  1.910150E-13
1345.36294708597  2.044126E-13
1346.81056159353  1.933292E-13
1348.25817610109  1.874920E-13
1349.70579060865  1.940932E-13
1351.15340511621  1.946654E-13
1352.60101962377  1.609260E-13
1354.04863413133  1.868301E-13
1355.49624863889  2.098147E-13
1356.94386314645  1.696416E-13
1358.39147765401  1.894289E-13
1359.83909216157  1.758442E-13
1361.28670666913  2.038580E-13
1362.73432117669  2.299071E-13
1364.18193568425  1.984208E-13
1365.62955019181  1.746712E-13
1367.07716469937  1.810251E-13
1368.52477920693  2.125872E-13
1369.97239371449  1.816289E-13
1371.42000822205  1.364803E-13
1372.86762272961  1.572105E-13
1374.31523723717  1.763411E-13
1375.76285174473  2.085782E-13
1377.21046625229  2.122785E-13
1378.65808075985  2.010353E-13
1380.10569526741  1.907034E-13
1381.55330977497  1.836095E-13
1383.00092428253  1.661292E-13
1384.44853879009  1.839074E-13
1385.89615329765  1.761386E-13
1387.34376780521  1.869601E-13
1388.79138231277  2.001473E-13
1390.23899682033  1.906863E-13
1391.68661132789  1.833948E-13
1393.13422583545  2.035229E-13
1394.581840343  2.258585E-13
1396.02945485057  2.515209E-13
1397.47706935812  2.352508E-13
1398.92468386568  2.350288E-13
1400.37229837324  2.534258E-13
1401.8199128808  2.588352E-13
1403.26752738836  2.124640E-13
1404.71514189592  2.084682E-13
1406.16275640348  2.040268E-13
1407.61037091104  2.026104E-13
1409.0579854186  2.038454E-13
1410.50559992616  1.878569E-13
1411.95321443372  2.053979E-13
1413.40082894128  1.713636E-13
1414.84844344884  1.805422E-13
1416.2960579564  1.587392E-13
1417.74367246396  1.744974E-13
1419.19128697152  2.010582E-13
1420.63890147908  2.023897E-13
1422.08651598664  1.764606E-13
1423.5341304942  1.636779E-13
1424.98174500176  1.713551E-13
1426.42935950932  1.899702E-13
1427.87697401688  2.013775E-13
1429.32458852444  2.148059E-13
1430.772203032  1.965291E-13
1432.21981753956  1.780841E-13
1433.66743204712  1.768712E-13
1435.11504655468  1.707761E-13
1436.56266106224  1.639795E-13
1438.0102755698  1.937863E-13
1439.45789007736  1.740876E-13
1440.90550458492  1.647864E-13
1442.35311909248  1.419949E-13
1443.80073360004  1.497235E-13
1445.2483481076  1.442764E-13
1446.69596261516  1.563471E-13
1448.14357712272  1.439385E-13
1449.59119163028  1.691233E-13
1451.03880613784  1.728778E-13
1452.4864206454  1.580776E-13
1453.93403515296  1.293737E-13
1455.38164966052  1.514608E-13
1456.82926416808  1.631131E-13
1458.27687867564  1.750403E-13
1459.7244931832  1.741690E-13
1461.17210769076  1.557526E-13
1462.61972219832  1.543907E-13
1464.06733670588  1.684849E-13
1465.51495121344  1.528091E-13
1466.962565721  1.508071E-13
1468.41018022856  1.434951E-13
1469.85779473612  1.461689E-13
1471.30540924368  1.631368E-13
1472.75302375124  1.525005E-13
1474.2006382588  1.437246E-13
1475.64825276636  1.536561E-13
1477.09586727392  1.556616E-13
1478.54348178148  1.654726E-13
1479.99109628904  1.517452E-13
1481.4387107966  1.607860E-13
1482.88632530416  1.885553E-13
1484.33393981172  1.664609E-13
1485.78155431928  1.672042E-13
1487.22916882683  1.677835E-13
1488.67678333439  1.529088E-13
1490.12439784195  1.520416E-13
1491.57201234951  1.463040E-13
1493.01962685707  1.579298E-13
1494.46724136463  1.524345E-13
1495.91485587219  1.392974E-13
1497.36247037975  1.493037E-13
1498.81008488731  1.704234E-13
1500.25769939487  1.543915E-13
1501.70531390243  1.629860E-13
1503.15292840999  1.567040E-13
1504.60054291755  1.467464E-13
1506.04815742511  1.462389E-13
1507.49577193267  1.488817E-13
1508.94338644023  1.719883E-13
1510.39100094779  1.725366E-13
1511.83861545535  1.689467E-13
1513.28622996291  1.727519E-13
1514.73384447047  1.826029E-13
1516.18145897803  1.850275E-13
1517.62907348559  1.806672E-13
1519.07668799315  1.677450E-13
1520.52430250071  1.613845E-13
1521.97191700827  1.746932E-13
1523.41953151583  1.619652E-13
1524.86714602339  1.932947E-13
1526.31476053095  2.074656E-13
1527.76237503851  1.958536E-13
1529.20998954607  1.788195E-13
1530.65760405363  1.850217E-13
1532.10521856119  2.133838E-13
1533.55283306875  2.433556E-13
1535.00044757631  2.479839E-13
1536.44806208387  2.480867E-13
1537.89567659143  2.741984E-13
1539.34329109899  2.845720E-13
1540.79090560655  3.379171E-13
1542.23852011411  3.177726E-13
1543.68613462167  3.529114E-13
1545.13374912923  3.869196E-13
1546.58136363679  3.741188E-13
1548.02897814435  2.899008E-13
1549.47659265191  3.245282E-13
1550.92420715947  3.387270E-13
1552.37182166703  3.245249E-13
1553.81943617459  3.073305E-13
1555.26705068215  2.965496E-13
1556.71466518971  2.774558E-13
1558.16227969727  2.414796E-13
1559.60989420483  2.241050E-13
1561.05750871239  2.051603E-13
1562.50512321995  1.985277E-13
1563.95273772751  2.079172E-13
1565.40035223507  2.123901E-13
1566.84796674263  2.066194E-13
1568.29558125019  2.060843E-13
1569.74319575775  2.063035E-13
1571.19081026531  2.060984E-13
1572.63842477287  1.968695E-13
1574.08603928043  1.822636E-13
1575.53365378799  1.686645E-13
1576.98126829555  1.580328E-13
1578.4288828031  1.698771E-13
1579.87649731066  1.816894E-13
1581.32411181822  1.846066E-13
1582.77172632578  1.896836E-13
1584.21934083334  1.740998E-13
1585.6669553409  1.826304E-13
1587.11456984846  1.622125E-13
1588.56218435602  1.541117E-13
1590.00979886358  1.532494E-13
1591.45741337114  1.601735E-13
1592.9050278787  1.635967E-13
1594.35264238626  1.625100E-13
1595.80025689382  1.772094E-13
1597.24787140138  1.737854E-13
1598.69548590894  1.676699E-13
1600.1431004165  1.682072E-13
1601.59071492406  1.673367E-13
1603.03832943162  1.687380E-13
1604.48594393918  1.602349E-13
1605.93355844674  1.553066E-13
1607.3811729543  1.596411E-13
1608.82878746186  1.623099E-13
1610.27640196942  1.697501E-13
1611.72401647698  1.577277E-13
1613.17163098454  1.606925E-13
1614.6192454921  1.553319E-13
1616.06685999966  1.714093E-13
1617.51447450722  1.776255E-13
1618.96208901478  1.925567E-13
1620.40970352234  1.818613E-13
1621.8573180299  1.665580E-13
1623.30493253746  1.669351E-13
1624.75254704502  1.672155E-13
1626.20016155258  1.641626E-13
1627.64777606014  1.739199E-13
1629.0953905677  1.737438E-13
1630.54300507526  1.788016E-13
1631.99061958282  1.788427E-13
1633.43823409038  1.661609E-13
1634.88584859794  1.595317E-13
1636.3334631055  1.619532E-13
1637.78107761306  1.675190E-13
1639.22869212062  1.668611E-13
1640.67630662818  1.661740E-13
1642.12392113574  1.679774E-13
1643.5715356433  1.785447E-13
1645.01915015086  1.710994E-13
1646.46676465842  1.652621E-13
1647.91437916598  1.586112E-13
1649.36199367354  1.520845E-13
1650.8096081811  1.505882E-13
1652.25722268866  1.511544E-13
1653.70483719622  1.517537E-13
1655.15245170378  1.530831E-13
1656.60006621134  1.586088E-13
1658.0476807189  1.486165E-13
1659.49529522646  1.531141E-13
1660.94290973402  1.393809E-13
1662.39052424158  1.468856E-13
1663.83813874914  1.418380E-13
1665.2857532567  1.506510E-13
1666.73336776426  1.634344E-13
1668.18098227181  1.638119E-13
1669.62859677938  1.545376E-13
1671.07621128693  1.578137E-13
1672.52382579449  1.681956E-13
1673.97144030205  1.682859E-13
1675.41905480961  1.621771E-13
1676.86666931717  1.483275E-13
1678.31428382473  1.507435E-13
1679.76189833229  1.425019E-13
1681.20951283985  1.417693E-13
1682.65712734741  1.454059E-13
1684.10474185497  1.514997E-13
1685.55235636253  1.472368E-13
1686.99997087009  1.563857E-13
1688.44758537765  1.622954E-13
1689.89519988521  1.652782E-13
1691.34281439277  1.550279E-13
1692.79042890033  1.467369E-13
1694.23804340789  1.398781E-13
1695.68565791545  1.310819E-13
1697.13327242301  1.386086E-13
1698.58088693057  1.434788E-13
1700.02850143813  1.413262E-13
1701.47611594569  1.467109E-13
1702.92373045325  1.477292E-13
1704.37134496081  1.492237E-13
1705.81895946837  1.456590E-13
1707.26657397593  1.421834E-13
1708.71418848349  1.511513E-13
1710.16180299105  0.
1711.60941749861  0.
1713.05703200617  0.
1714.50464651373  0.
1715.95226102129  0.
1717.39987552885  0.
1718.84749003641  0.
1720.29510454397  0.
1721.74271905153  0.
1723.19033355909  0.
1724.63794806665  0.
1726.08556257421  0.
1727.53317708177  0.
1728.98079158933  0.
1730.42840609689  0.
1731.87602060445  0.
1733.32363511201  0.
1734.77124961957  0.
1736.21886412713  0.
1737.66647863469  0.
1739.11409314225  0.
1740.56170764981  0.
1742.00932215737  0.
1743.45693666493  0.
1744.90455117249  0.
1746.35216568005  0.
1747.79978018761  0.
1749.24739469517  0.
1750.69500920273  0.
1752.14262371029  0.
1753.59023821785  0.
1755.03785272541  0.
1756.48546723297  0.
1757.93308174053  0.
1759.38069624809  0.
1760.82831075565  0.
1762.27592526321  0.
1763.72353977076  0.
1765.17115427832  0.
1766.61876878588  0.
1768.06638329344  0.
1769.513997801  0.
1770.96161230856  0.
1772.40922681612  0.
1773.85684132368  0.
1775.30445583124  0.
1776.7520703388  0.
1778.19968484636  0.
1779.64729935392  0.
1781.09491386148  0.
1782.54252836904  0.
1783.9901428766  0.
1785.43775738416  0.
1786.88537189172  0.
1788.33298639928  0.
1789.78060090684  0.
1791.2282154144  0.
1792.67582992196  0.
1794.12344442952  0.
1795.57105893708  0.
1797.01867344464  0.
1798.4662879522  0.
1799.91390245976  0.
1801.36151696732  0.
1802.80913147488  0.
1804.25674598244  0.
1805.70436049  0.
1807.15197499756  0.
1808.59958950512  0.
1810.04720401268  0.
1811.49481852024  0.
1812.9424330278  0.
1814.39004753536  0.
1815.83766204292  0.
1817.28527655048  0.
1818.73289105804  0.
1820.1805055656  0.
1821.62812007316  0.
1823.07573458072  0.
1824.52334908828  0.
1825.97096359584  0.
1827.4185781034  0.
1828.86619261096  0.
1830.31380711852  0.
1831.76142162608  0.
