906.735751295338  0.
908.183365802898  0.
909.630980310458  0.
911.078594818018  0.
912.526209325578  0.
913.973823833137  0.
915.421438340697  0.
916.869052848257  0.
918.316667355817  0.
919.764281863377  0.
921.211896370937  0.
922.659510878497  0.
924.107125386056  0.
925.554739893616  0.
927.002354401176  0.
928.449968908736  0.
929.897583416296  0.
931.345197923856  0.
932.792812431415  0.
934.240426938975  0.
935.688041446535  0.
937.135655954095  0.
938.583270461655  0.
940.030884969215  0.
941.478499476774  0.
942.926113984334  0.
944.373728491894  0.
945.821342999454  0.
947.268957507014  0.
948.716572014574  0.
950.164186522133  0.
951.611801029693  0.
953.059415537253  0.
954.507030044813  0.
955.954644552373  0.
957.402259059933  0.
958.849873567493  0.
960.297488075052  0.
961.745102582612  0.
963.192717090172  0.
964.640331597732  0.
966.087946105292  0.
967.535560612852  0.
968.983175120411  0.
970.430789627971  0.
971.878404135531  0.
973.326018643091  0.
974.773633150651  0.
976.221247658211  0.
977.668862165771  0.
979.11647667333  0.
980.56409118089  0.
982.01170568845  0.
983.45932019601  0.
984.90693470357  0.
986.35454921113  0.
987.802163718689  0.
989.249778226249  0.
990.697392733809  0.
992.145007241369  0.
993.592621748929  4.569598E-13
995.040236256489  2.249235E-13
996.487850764048  2.809139E-13
997.935465271608  2.763978E-13
999.383079779168  3.237118E-13
1000.83069428673  3.482711E-13
1002.27830879429  3.415246E-13
1003.72592330185  3.433785E-13
1005.17353780941  3.275636E-13
1006.62115231697  2.715788E-13
1008.06876682453  2.892213E-13
1009.51638133209  3.467103E-13
1010.96399583965  3.259249E-13
1012.41161034721  3.251862E-13
1013.85922485477  3.313118E-13
1015.30683936233  2.920318E-13
1016.75445386989  2.890641E-13
1018.20206837745  2.982074E-13
1019.64968288501  2.550983E-13
1021.09729739257  3.063022E-13
1022.54491190013  3.460925E-13
1023.99252640769  3.987214E-13
1025.44014091525  4.028604E-13
1026.8877554228  3.853118E-13
1028.33536993037  3.453665E-13
1029.78298443792  3.643954E-13
1031.23059894548  3.709639E-13
1032.67821345304  4.639821E-13
1034.1258279606  3.741885E-13
1035.57344246816  3.259256E-13
1037.02105697572  3.168178E-13
1038.46867148328  3.393515E-13
1039.91628599084  3.524839E-13
1041.3639004984  3.393620E-13
1042.81151500596  3.479805E-13
1044.25912951352  4.050656E-13
1045.70674402108  4.620492E-13
1047.15435852864  5.259982E-13
1048.6019730362  4.640574E-13
1050.04958754376  3.774443E-13
1051.49720205132  3.177412E-13
1052.94481655888  3.567615E-13
1054.39243106644  2.669145E-13
1055.840045574  2.154848E-13
1057.28766008156  2.477081E-13
1058.73527458912  2.106065E-13
1060.18288909668  2.573925E-13
1061.63050360424  2.362117E-13
1063.0781181118  2.318528E-13
1064.52573261936  2.784923E-13
1065.97334712692  2.330993E-13
1067.42096163448  3.107507E-13
1068.86857614204  2.390338E-13
1070.3161906496  2.542247E-13
1071.76380515716  2.557256E-13
1073.21141966472  2.254625E-13
1074.65903417228  2.760794E-13
1076.10664867984  2.732604E-13
1077.5542631874  2.808259E-13
1079.00187769496  3.142963E-13
1080.44949220252  2.356744E-13
1081.89710671008  2.384972E-13
1083.34472121764  2.325447E-13
1084.7923357252  2.120134E-13
1086.23995023276  2.307741E-13
1087.68756474032  2.034822E-13
1089.13517924788  1.834883E-13
1090.58279375544  2.050064E-13
1092.030408263  2.229300E-13
1093.47802277056  2.236855E-13
1094.92563727812  2.250219E-13
1096.37325178568  2.045778E-13
1097.82086629324  2.268860E-13
1099.2684808008  2.246661E-13
1100.71609530836  2.289306E-13
1102.16370981592  1.843535E-13
1103.61132432348  1.858203E-13
1105.05893883104  2.031580E-13
1106.5065533386  1.989708E-13
1107.95416784616  2.196918E-13
1109.40178235372  2.278689E-13
1110.84939686128  2.204951E-13
1112.29701136884  2.082695E-13
1113.7446258764  2.084352E-13
1115.19224038396  2.513455E-13
1116.63985489152  2.298862E-13
1118.08746939908  2.566829E-13
1119.53508390664  2.021991E-13
1120.98269841419  2.198476E-13
1122.43031292175  1.967902E-13
1123.87792742931  2.089564E-13
1125.32554193687  1.776354E-13
1126.77315644443  1.796028E-13
1128.22077095199  2.263761E-13
1129.66838545955  2.088848E-13
1131.11599996711  2.217084E-13
1132.56361447467  2.193557E-13
1134.01122898223  2.018298E-13
1135.45884348979  2.176980E-13
1136.90645799735  2.121919E-13
1138.35407250491  1.929126E-13
1139.80168701247  1.991325E-13
1141.24930152003  2.011395E-13
1142.69691602759  2.123043E-13
1144.14453053515  2.275156E-13
1145.59214504271  2.082835E-13
1147.03975955027  2.129651E-13
1148.48737405783  2.373329E-13
1149.93498856539  2.063780E-13
1151.38260307295  2.029709E-13
1152.83021758051  1.529452E-13
1154.27783208807  1.678710E-13
1155.72544659563  1.878207E-13
1157.17306110319  2.275166E-13
1158.62067561075  2.080274E-13
1160.06829011831  2.177136E-13
1161.51590462587  1.974867E-13
1162.96351913343  2.208210E-13
1164.41113364099  2.430123E-13
1165.85874814855  2.062699E-13
1167.30636265611  2.170638E-13
1168.75397716367  1.892647E-13
1170.20159167123  2.468179E-13
1171.64920617879  1.864482E-13
1173.09682068635  2.600827E-13
1174.54443519391  2.218343E-13
1175.99204970147  2.180991E-13
1177.43966420903  2.383352E-13
1178.88727871659  2.469126E-13
1180.33489322415  2.572645E-13
1181.78250773171  2.396038E-13
1183.23012223927  2.485635E-13
1184.67773674683  2.699278E-13
1186.12535125439  2.407275E-13
1187.57296576195  3.069921E-13
1189.02058026951  2.331075E-13
1190.46819477707  2.732715E-13
1191.91580928463  2.906983E-13
1193.36342379219  3.261297E-13
1194.81103829975  2.866470E-13
1196.25865280731  3.176871E-13
1197.70626731487  3.166577E-13
1199.15388182243  3.344460E-13
1200.60149632999  3.589933E-13
1202.04911083755  4.007975E-13
1203.49672534511  3.791914E-13
1204.94433985267  3.943676E-13
1206.39195436023  4.409138E-13
1207.83956886779  5.305380E-13
1209.28718337535  6.008783E-13
1210.7347978829  6.860928E-13
1212.18241239046  7.855100E-13
1213.63002689802  8.314426E-13
1215.07764140558  7.710634E-13
1216.52525591314  9.458646E-13
1217.9728704207  9.121692E-13
1219.42048492826  9.123044E-13
1220.86809943582  6.965387E-13
1222.31571394338  6.022680E-13
1223.76332845094  4.972113E-13
1225.2109429585  4.851156E-13
1226.65855746606  4.515262E-13
1228.10617197362  4.078951E-13
1229.55378648118  3.450180E-13
1231.00140098874  3.819787E-13
1232.4490154963  3.699692E-13
1233.89663000386  3.409235E-13
1235.34424451142  3.456381E-13
1236.79185901898  3.445394E-13
1238.23947352654  3.758346E-13
1239.6870880341  4.239019E-13
1241.13470254166  3.874388E-13
1242.58231704922  3.452341E-13
1244.02993155678  3.695101E-13
1245.47754606434  3.023234E-13
1246.9251605719  2.974407E-13
1248.37277507946  2.832232E-13
1249.82038958702  2.686378E-13
1251.26800409458  2.801811E-13
1252.71561860214  2.642035E-13
1254.1632331097  2.626118E-13
1255.61084761726  2.485556E-13
1257.05846212482  2.336187E-13
1258.50607663238  2.499966E-13
1259.95369113994  2.503367E-13
1261.4013056475  2.186747E-13
1262.84892015506  2.346501E-13
1264.29653466262  2.290010E-13
1265.74414917018  2.145901E-13
1267.19176367774  2.200156E-13
1268.6393781853  2.077810E-13
1270.08699269286  2.166323E-13
1271.53460720042  1.981264E-13
1272.98222170798  1.697420E-13
1274.42983621554  1.960914E-13
1275.8774507231  1.822330E-13
1277.32506523066  1.943698E-13
1278.77267973822  1.816418E-13
1280.22029424578  2.021276E-13
1281.66790875334  2.064331E-13
1283.1155232609  1.886257E-13
1284.56313776846  1.764309E-13
1286.01075227602  1.861117E-13
1287.45836678358  1.880983E-13
1288.90598129114  2.037661E-13
1290.3535957987  1.982109E-13
1291.80121030626  1.886801E-13
1293.24882481382  1.959072E-13
1294.69643932138  1.908516E-13
1296.14405382894  2.122311E-13
1297.5916683365  1.868464E-13
1299.03928284406  1.962155E-13
1300.48689735162  1.989176E-13
1301.93451185917  1.965992E-13
1303.38212636674  1.955789E-13
1304.82974087429  2.100446E-13
1306.27735538185  2.058401E-13
1307.72496988941  1.907095E-13
1309.17258439697  1.787601E-13
1310.62019890453  1.828158E-13
1312.06781341209  2.024862E-13
1313.51542791965  1.921728E-13
1314.96304242721  1.966633E-13
1316.41065693477  2.134067E-13
1317.85827144233  2.083779E-13
1319.30588594989  1.765333E-13
1320.75350045745  1.884940E-13
1322.20111496501  1.834977E-13
1323.64872947257  2.007778E-13
1325.09634398013  1.807829E-13
1326.54395848769  1.725777E-13
1327.99157299525  1.831000E-13
1329.43918750281  1.953183E-13
1330.88680201037  1.782740E-13
1332.33441651793  2.069138E-13
1333.78203102549  1.957270E-13
1335.22964553305  1.918605E-13
1336.67726004061  1.635545E-13
1338.12487454817  1.812549E-13
1339.57248905573  1.699511E-13
1341.02010356329  1.760940E-13
1342.46771807085  1.898708E-13
1343.91533257841  1.740737E-13
1345.36294708597  1.943717E-13
1346.81056159353  1.876690E-13
1348.25817610109  1.876603E-13
1349.70579060865  1.824220E-13
1351.15340511621  2.254079E-13
1352.60101962377  1.758395E-13
1354.04863413133  1.824032E-13
1355.49624863889  2.013478E-13
1356.94386314645  1.565528E-13
1358.39147765401  1.678696E-13
1359.83909216157  1.841729E-13
1361.28670666913  1.727712E-13
1362.73432117669  1.842065E-13
1364.18193568425  1.871993E-13
1365.62955019181  1.730443E-13
1367.07716469937  1.940947E-13
1368.52477920693  2.110029E-13
1369.97239371449  1.943821E-13
1371.42000822205  1.872149E-13
1372.86762272961  1.981122E-13
1374.31523723717  1.868983E-13
1375.76285174473  2.080872E-13
1377.21046625229  1.965461E-13
1378.65808075985  1.709428E-13
1380.10569526741  1.759692E-13
1381.55330977497  1.969495E-13
1383.00092428253  1.525399E-13
1384.44853879009  1.685189E-13
1385.89615329765  1.769419E-13
1387.34376780521  1.900299E-13
1388.79138231277  2.064944E-13
1390.23899682033  2.087907E-13
1391.68661132789  1.833945E-13
1393.13422583545  1.901367E-13
1394.581840343  2.094218E-13
1396.02945485057  2.114286E-13
1397.47706935812  2.403531E-13
1398.92468386568  2.380911E-13
1400.37229837324  2.181101E-13
1401.8199128808  2.307593E-13
1403.26752738836  2.074119E-13
1404.71514189592  1.975814E-13
1406.16275640348  2.079813E-13
1407.61037091104  1.998501E-13
1409.0579854186  1.986915E-13
1410.50559992616  2.051214E-13
1411.95321443372  2.038508E-13
1413.40082894128  1.924504E-13
1414.84844344884  1.913914E-13
1416.2960579564  1.914038E-13
1417.74367246396  1.765184E-13
1419.19128697152  1.702089E-13
1420.63890147908  1.656628E-13
1422.08651598664  1.750423E-13
1423.5341304942  1.749801E-13
1424.98174500176  1.763264E-13
1426.42935950932  1.972197E-13
1427.87697401688  1.896368E-13
1429.32458852444  1.732360E-13
1430.772203032  1.681380E-13
1432.21981753956  1.778408E-13
1433.66743204712  1.815210E-13
1435.11504655468  1.836324E-13
1436.56266106224  1.810540E-13
1438.0102755698  1.987661E-13
1439.45789007736  1.855241E-13
1440.90550458492  1.647207E-13
1442.35311909248  1.524475E-13
1443.80073360004  1.518527E-13
1445.2483481076  1.693300E-13
1446.69596261516  1.675384E-13
1448.14357712272  1.485951E-13
1449.59119163028  1.418006E-13
1451.03880613784  1.549203E-13
1452.4864206454  1.622427E-13
1453.93403515296  1.582771E-13
1455.38164966052  1.687218E-13
1456.82926416808  1.479697E-13
1458.27687867564  1.528451E-13
1459.7244931832  1.567956E-13
1461.17210769076  1.647952E-13
1462.61972219832  1.567257E-13
1464.06733670588  1.595235E-13
1465.51495121344  1.495460E-13
1466.962565721  1.488227E-13
1468.41018022856  1.525069E-13
1469.85779473612  1.596190E-13
1471.30540924368  1.370275E-13
1472.75302375124  1.421022E-13
1474.2006382588  1.563671E-13
1475.64825276636  1.527007E-13
1477.09586727392  1.498014E-13
1478.54348178148  1.482762E-13
1479.99109628904  1.405496E-13
1481.4387107966  1.583927E-13
1482.88632530416  1.588448E-13
1484.33393981172  1.469376E-13
1485.78155431928  1.670114E-13
1487.22916882683  1.691854E-13
1488.67678333439  1.451766E-13
1490.12439784195  1.455520E-13
1491.57201234951  1.430200E-13
1493.01962685707  1.546374E-13
1494.46724136463  1.579102E-13
1495.91485587219  1.612049E-13
1497.36247037975  1.546481E-13
1498.81008488731  1.660405E-13
1500.25769939487  1.625930E-13
1501.70531390243  1.611840E-13
1503.15292840999  1.517865E-13
1504.60054291755  1.449983E-13
1506.04815742511  1.523046E-13
1507.49577193267  1.470321E-13
1508.94338644023  1.553654E-13
1510.39100094779  1.586699E-13
1511.83861545535  1.593363E-13
1513.28622996291  1.476934E-13
1514.73384447047  1.708489E-13
1516.18145897803  1.735684E-13
1517.62907348559  1.736465E-13
1519.07668799315  1.831837E-13
1520.52430250071  1.727951E-13
1521.97191700827  1.715327E-13
1523.41953151583  2.101006E-13
1524.86714602339  1.989385E-13
1526.31476053095  2.036198E-13
1527.76237503851  2.069012E-13
1529.20998954607  2.135729E-13
1530.65760405363  2.147761E-13
1532.10521856119  2.270227E-13
1533.55283306875  2.314032E-13
1535.00044757631  2.547187E-13
1536.44806208387  2.602962E-13
1537.89567659143  2.799064E-13
1539.34329109899  2.992487E-13
1540.79090560655  3.083266E-13
1542.23852011411  3.358160E-13
1543.68613462167  3.393629E-13
1545.13374912923  3.459508E-13
1546.58136363679  3.953944E-13
1548.02897814435  3.911739E-13
1549.47659265191  3.722140E-13
1550.92420715947  3.526406E-13
1552.37182166703  3.298716E-13
1553.81943617459  3.257494E-13
1555.26705068215  2.826492E-13
1556.71466518971  2.678838E-13
1558.16227969727  2.512336E-13
1559.60989420483  2.233288E-13
1561.05750871239  2.076865E-13
1562.50512321995  2.015182E-13
1563.95273772751  2.030447E-13
1565.40035223507  1.882739E-13
1566.84796674263  1.928273E-13
1568.29558125019  2.070529E-13
1569.74319575775  1.823007E-13
1571.19081026531  1.737327E-13
1572.63842477287  1.847669E-13
1574.08603928043  1.615806E-13
1575.53365378799  1.689478E-13
1576.98126829555  1.712715E-13
1578.4288828031  1.784705E-13
1579.87649731066  1.750988E-13
1581.32411181822  1.577977E-13
1582.77172632578  1.608031E-13
1584.21934083334  1.618155E-13
1585.6669553409  1.528418E-13
1587.11456984846  1.558207E-13
1588.56218435602  1.605343E-13
1590.00979886358  1.596827E-13
1591.45741337114  1.735526E-13
1592.9050278787  1.667033E-13
1594.35264238626  1.613295E-13
1595.80025689382  1.562415E-13
1597.24787140138  1.610632E-13
1598.69548590894  1.629259E-13
1600.1431004165  1.485609E-13
1601.59071492406  1.451781E-13
1603.03832943162  1.493667E-13
1604.48594393918  1.461017E-13
1605.93355844674  1.501461E-13
1607.3811729543  1.550431E-13
1608.82878746186  1.636566E-13
1610.27640196942  1.479957E-13
1611.72401647698  1.430005E-13
1613.17163098454  1.536246E-13
1614.6192454921  1.507858E-13
1616.06685999966  1.546520E-13
1617.51447450722  1.619539E-13
1618.96208901478  1.550504E-13
1620.40970352234  1.584539E-13
1621.8573180299  1.670531E-13
1623.30493253746  1.690663E-13
1624.75254704502  1.750268E-13
1626.20016155258  1.649150E-13
1627.64777606014  1.703429E-13
1629.0953905677  1.723270E-13
1630.54300507526  1.742405E-13
1631.99061958282  1.697578E-13
1633.43823409038  1.629307E-13
1634.88584859794  1.656464E-13
1636.3334631055  1.755734E-13
1637.78107761306  1.701523E-13
1639.22869212062  1.620845E-13
1640.67630662818  1.683983E-13
1642.12392113574  1.635978E-13
1643.5715356433  1.600128E-13
1645.01915015086  1.606351E-13
1646.46676465842  1.607848E-13
1647.91437916598  1.473776E-13
1649.36199367354  1.459838E-13
1650.8096081811  1.442549E-13
1652.25722268866  1.465781E-13
1653.70483719622  1.443906E-13
1655.15245170378  1.483583E-13
1656.60006621134  1.613881E-13
1658.0476807189  1.526111E-13
1659.49529522646  1.500580E-13
1660.94290973402  1.474081E-13
1662.39052424158  1.572899E-13
1663.83813874914  1.447686E-13
1665.2857532567  1.443986E-13
1666.73336776426  1.503274E-13
1668.18098227181  1.516330E-13
1669.62859677938  1.442886E-13
1671.07621128693  1.414131E-13
1672.52382579449  1.470123E-13
1673.97144030205  1.432231E-13
1675.41905480961  1.429502E-13
1676.86666931717  1.457631E-13
1678.31428382473  1.490644E-13
1679.76189833229  1.371668E-13
1681.20951283985  1.293992E-13
1682.65712734741  1.324608E-13
1684.10474185497  1.407101E-13
1685.55235636253  1.310781E-13
1686.99997087009  1.378852E-13
1688.44758537765  1.401005E-13
1689.89519988521  1.385365E-13
1691.34281439277  1.319687E-13
1692.79042890033  1.324304E-13
1694.23804340789  1.315510E-13
1695.68565791545  1.270744E-13
1697.13327242301  1.248100E-13
1698.58088693057  1.262251E-13
1700.02850143813  1.315765E-13
1701.47611594569  1.329476E-13
1702.92373045325  1.333648E-13
1704.37134496081  1.357072E-13
1705.81895946837  1.347946E-13
1707.26657397593  1.355577E-13
1708.71418848349  1.341920E-13
1710.16180299105  0.
1711.60941749861  0.
1713.05703200617  0.
1714.50464651373  0.
1715.95226102129  0.
1717.39987552885  0.
1718.84749003641  0.
1720.29510454397  0.
1721.74271905153  0.
1723.19033355909  0.
1724.63794806665  0.
1726.08556257421  0.
1727.53317708177  0.
1728.98079158933  0.
1730.42840609689  0.
1731.87602060445  0.
1733.32363511201  0.
1734.77124961957  0.
1736.21886412713  0.
1737.66647863469  0.
1739.11409314225  0.
1740.56170764981  0.
1742.00932215737  0.
1743.45693666493  0.
1744.90455117249  0.
1746.35216568005  0.
1747.79978018761  0.
1749.24739469517  0.
1750.69500920273  0.
1752.14262371029  0.
1753.59023821785  0.
1755.03785272541  0.
1756.48546723297  0.
1757.93308174053  0.
1759.38069624809  0.
1760.82831075565  0.
1762.27592526321  0.
1763.72353977076  0.
1765.17115427832  0.
1766.61876878588  0.
1768.06638329344  0.
1769.513997801  0.
1770.96161230856  0.
1772.40922681612  0.
1773.85684132368  0.
1775.30445583124  0.
1776.7520703388  0.
1778.19968484636  0.
1779.64729935392  0.
1781.09491386148  0.
1782.54252836904  0.
1783.9901428766  0.
1785.43775738416  0.
1786.88537189172  0.
1788.33298639928  0.
1789.78060090684  0.
1791.2282154144  0.
1792.67582992196  0.
1794.12344442952  0.
1795.57105893708  0.
1797.01867344464  0.
1798.4662879522  0.
1799.91390245976  0.
1801.36151696732  0.
1802.80913147488  0.
1804.25674598244  0.
1805.70436049  0.
1807.15197499756  0.
1808.59958950512  0.
1810.04720401268  0.
1811.49481852024  0.
1812.9424330278  0.
1814.39004753536  0.
1815.83766204292  0.
1817.28527655048  0.
1818.73289105804  0.
1820.1805055656  0.
1821.62812007316  0.
1823.07573458072  0.
1824.52334908828  0.
1825.97096359584  0.
1827.4185781034  0.
1828.86619261096  0.
1830.31380711852  0.
1831.76142162608  0.
