906.735751295338  0.
908.183365802898  0.
909.630980310458  0.
911.078594818018  0.
912.526209325578  0.
913.973823833137  0.
915.421438340697  0.
916.869052848257  0.
918.316667355817  0.
919.764281863377  0.
921.211896370937  0.
922.659510878497  0.
924.107125386056  0.
925.554739893616  0.
927.002354401176  0.
928.449968908736  0.
929.897583416296  0.
931.345197923856  0.
932.792812431415  0.
934.240426938975  0.
935.688041446535  0.
937.135655954095  0.
938.583270461655  0.
940.030884969215  0.
941.478499476774  0.
942.926113984334  0.
944.373728491894  0.
945.821342999454  0.
947.268957507014  0.
948.716572014574  0.
950.164186522133  0.
951.611801029693  0.
953.059415537253  0.
954.507030044813  0.
955.954644552373  0.
957.402259059933  0.
958.849873567493  0.
960.297488075052  0.
961.745102582612  0.
963.192717090172  0.
964.640331597732  0.
966.087946105292  0.
967.535560612852  0.
968.983175120411  0.
970.430789627971  0.
971.878404135531  0.
973.326018643091  0.
974.773633150651  0.
976.221247658211  0.
977.668862165771  0.
979.11647667333  0.
980.56409118089  0.
982.01170568845  0.
983.45932019601  0.
984.90693470357  0.
986.35454921113  0.
987.802163718689  0.
989.249778226249  0.
990.697392733809  0.
992.145007241369  0.
993.592621748929  3.504472E-13
995.040236256489  -9.226668E-14
996.487850764048  4.466469E-13
997.935465271608  1.469994E-13
999.383079779168  3.975284E-13
1000.83069428673  3.350225E-13
1002.27830879429  3.295774E-13
1003.72592330185  3.259313E-13
1005.17353780941  3.037925E-13
1006.62115231697  2.053984E-13
1008.06876682453  3.474246E-13
1009.51638133209  2.705532E-13
1010.96399583965  2.846988E-13
1012.41161034721  3.193800E-13
1013.85922485477  3.841663E-13
1015.30683936233  2.856779E-13
1016.75445386989  3.952470E-13
1018.20206837745  3.144171E-13
1019.64968288501  3.525552E-13
1021.09729739257  3.720679E-13
1022.54491190013  2.833649E-13
1023.99252640769  4.134629E-13
1025.44014091525  3.073713E-13
1026.8877554228  4.181662E-13
1028.33536993037  2.857534E-13
1029.78298443792  4.181567E-13
1031.23059894548  3.997511E-13
1032.67821345304  3.376357E-13
1034.1258279606  3.026790E-13
1035.57344246816  3.050415E-13
1037.02105697572  2.652347E-13
1038.46867148328  4.230529E-13
1039.91628599084  4.473544E-13
1041.3639004984  2.981420E-13
1042.81151500596  2.800165E-13
1044.25912951352  3.092813E-13
1045.70674402108  4.179671E-13
1047.15435852864  5.836165E-13
1048.6019730362  4.670644E-13
1050.04958754376  3.735548E-13
1051.49720205132  4.839633E-13
1052.94481655888  4.762039E-13
1054.39243106644  4.672041E-13
1055.840045574  3.898678E-13
1057.28766008156  3.456442E-13
1058.73527458912  2.335496E-13
1060.18288909668  2.769538E-13
1061.63050360424  2.940936E-13
1063.0781181118  2.841309E-13
1064.52573261936  2.481807E-13
1065.97334712692  2.667116E-13
1067.42096163448  3.176392E-13
1068.86857614204  2.173334E-13
1070.3161906496  3.046322E-13
1071.76380515716  2.871702E-13
1073.21141966472  2.184889E-13
1074.65903417228  3.030578E-13
1076.10664867984  2.295455E-13
1077.5542631874  2.539721E-13
1079.00187769496  2.359485E-13
1080.44949220252  2.374456E-13
1081.89710671008  2.719017E-13
1083.34472121764  2.699911E-13
1084.7923357252  2.394852E-13
1086.23995023276  1.905634E-13
1087.68756474032  2.300327E-13
1089.13517924788  2.104968E-13
1090.58279375544  2.626011E-13
1092.030408263  2.005217E-13
1093.47802277056  2.332174E-13
1094.92563727812  2.592107E-13
1096.37325178568  1.968401E-13
1097.82086629324  2.447286E-13
1099.2684808008  2.617578E-13
1100.71609530836  2.111950E-13
1102.16370981592  1.711540E-13
1103.61132432348  2.987743E-13
1105.05893883104  2.155980E-13
1106.5065533386  2.369668E-13
1107.95416784616  2.534683E-13
1109.40178235372  2.600091E-13
1110.84939686128  2.662602E-13
1112.29701136884  2.221224E-13
1113.7446258764  2.328361E-13
1115.19224038396  2.242157E-13
1116.63985489152  2.621841E-13
1118.08746939908  2.166312E-13
1119.53508390664  2.137937E-13
1120.98269841419  2.115711E-13
1122.43031292175  2.031003E-13
1123.87792742931  2.070924E-13
1125.32554193687  2.324885E-13
1126.77315644443  2.139350E-13
1128.22077095199  2.543316E-13
1129.66838545955  2.356503E-13
1131.11599996711  2.473636E-13
1132.56361447467  2.688521E-13
1134.01122898223  2.522608E-13
1135.45884348979  2.274190E-13
1136.90645799735  2.228207E-13
1138.35407250491  2.301882E-13
1139.80168701247  2.042332E-13
1141.24930152003  2.061424E-13
1142.69691602759  2.816033E-13
1144.14453053515  1.739711E-13
1145.59214504271  1.950888E-13
1147.03975955027  2.159365E-13
1148.48737405783  2.861897E-13
1149.93498856539  1.860148E-13
1151.38260307295  2.218207E-13
1152.83021758051  2.045662E-13
1154.27783208807  2.043829E-13
1155.72544659563  2.375165E-13
1157.17306110319  2.023482E-13
1158.62067561075  2.202025E-13
1160.06829011831  2.613089E-13
1161.51590462587  2.214867E-13
1162.96351913343  2.638375E-13
1164.41113364099  2.156211E-13
1165.85874814855  2.128629E-13
1167.30636265611  2.602183E-13
1168.75397716367  2.564544E-13
1170.20159167123  2.596561E-13
1171.64920617879  2.188428E-13
1173.09682068635  2.416330E-13
1174.54443519391  2.819556E-13
1175.99204970147  2.569744E-13
1177.43966420903  2.242617E-13
1178.88727871659  2.419922E-13
1180.33489322415  2.608226E-13
1181.78250773171  2.419600E-13
1183.23012223927  2.487241E-13
1184.67773674683  2.319163E-13
1186.12535125439  2.536200E-13
1187.57296576195  3.000177E-13
1189.02058026951  2.389426E-13
1190.46819477707  3.032996E-13
1191.91580928463  2.803418E-13
1193.36342379219  3.784280E-13
1194.81103829975  3.254595E-13
1196.25865280731  3.646009E-13
1197.70626731487  3.616392E-13
1199.15388182243  3.940063E-13
1200.60149632999  3.753365E-13
1202.04911083755  4.289888E-13
1203.49672534511  4.420206E-13
1204.94433985267  4.810009E-13
1206.39195436023  5.507292E-13
1207.83956886779  6.860969E-13
1209.28718337535  7.076510E-13
1210.7347978829  8.903036E-13
1212.18241239046  9.138349E-13
1213.63002689802  9.371148E-13
1215.07764140558  8.989336E-13
1216.52525591314  8.507339E-13
1217.9728704207  8.163255E-13
1219.42048492826  7.029194E-13
1220.86809943582  5.549817E-13
1222.31571394338  4.777639E-13
1223.76332845094  4.743388E-13
1225.2109429585  3.451704E-13
1226.65855746606  4.053160E-13
1228.10617197362  4.065722E-13
1229.55378648118  3.536008E-13
1231.00140098874  3.614369E-13
1232.4490154963  3.788035E-13
1233.89663000386  3.584249E-13
1235.34424451142  3.959553E-13
1236.79185901898  3.778216E-13
1238.23947352654  4.128286E-13
1239.6870880341  3.330609E-13
1241.13470254166  3.937517E-13
1242.58231704922  3.274534E-13
1244.02993155678  3.760466E-13
1245.47754606434  3.090882E-13
1246.9251605719  3.095244E-13
1248.37277507946  2.946147E-13
1249.82038958702  3.262793E-13
1251.26800409458  2.653499E-13
1252.71561860214  2.369022E-13
1254.1632331097  2.760935E-13
1255.61084761726  2.668193E-13
1257.05846212482  2.609894E-13
1258.50607663238  2.611047E-13
1259.95369113994  2.261339E-13
1261.4013056475  2.371143E-13
1262.84892015506  1.931879E-13
1264.29653466262  2.071585E-13
1265.74414917018  2.431901E-13
1267.19176367774  2.576573E-13
1268.6393781853  2.235574E-13
1270.08699269286  1.998414E-13
1271.53460720042  2.103118E-13
1272.98222170798  2.333711E-13
1274.42983621554  2.203367E-13
1275.8774507231  1.769252E-13
1277.32506523066  2.220396E-13
1278.77267973822  2.420380E-13
1280.22029424578  1.927916E-13
1281.66790875334  1.966683E-13
1283.1155232609  2.237529E-13
1284.56313776846  2.168961E-13
1286.01075227602  1.977584E-13
1287.45836678358  1.849877E-13
1288.90598129114  2.309358E-13
1290.3535957987  2.083188E-13
1291.80121030626  2.403559E-13
1293.24882481382  2.170087E-13
1294.69643932138  2.090961E-13
1296.14405382894  2.115246E-13
1297.5916683365  2.168292E-13
1299.03928284406  2.111235E-13
1300.48689735162  2.409402E-13
1301.93451185917  2.172267E-13
1303.38212636674  2.209648E-13
1304.82974087429  2.400630E-13
1306.27735538185  2.083174E-13
1307.72496988941  1.957315E-13
1309.17258439697  2.053881E-13
1310.62019890453  1.493628E-13
1312.06781341209  1.919908E-13
1313.51542791965  2.168825E-13
1314.96304242721  2.083874E-13
1316.41065693477  1.973636E-13
1317.85827144233  1.620292E-13
1319.30588594989  1.932341E-13
1320.75350045745  1.491231E-13
1322.20111496501  1.813349E-13
1323.64872947257  1.841831E-13
1325.09634398013  1.958542E-13
1326.54395848769  1.698160E-13
1327.99157299525  1.518436E-13
1329.43918750281  2.176117E-13
1330.88680201037  1.950902E-13
1332.33441651793  2.098236E-13
1333.78203102549  2.072085E-13
1335.22964553305  1.844800E-13
1336.67726004061  1.688164E-13
1338.12487454817  2.063311E-13
1339.57248905573  1.938677E-13
1341.02010356329  2.078347E-13
1342.46771807085  1.699511E-13
1343.91533257841  2.053337E-13
1345.36294708597  2.106205E-13
1346.81056159353  2.328155E-13
1348.25817610109  1.822790E-13
1349.70579060865  1.874451E-13
1351.15340511621  1.989776E-13
1352.60101962377  1.839451E-13
1354.04863413133  1.781166E-13
1355.49624863889  1.644078E-13
1356.94386314645  2.137114E-13
1358.39147765401  2.248879E-13
1359.83909216157  2.201891E-13
1361.28670666913  2.066984E-13
1362.73432117669  2.283406E-13
1364.18193568425  2.124564E-13
1365.62955019181  1.976102E-13
1367.07716469937  2.211355E-13
1368.52477920693  2.338335E-13
1369.97239371449  1.986191E-13
1371.42000822205  1.843558E-13
1372.86762272961  1.936026E-13
1374.31523723717  1.627958E-13
1375.76285174473  1.762183E-13
1377.21046625229  1.966704E-13
1378.65808075985  2.015220E-13
1380.10569526741  2.029476E-13
1381.55330977497  2.036429E-13
1383.00092428253  1.847505E-13
1384.44853879009  2.004606E-13
1385.89615329765  1.908899E-13
1387.34376780521  1.938949E-13
1388.79138231277  2.232783E-13
1390.23899682033  2.492549E-13
1391.68661132789  2.140193E-13
1393.13422583545  2.464461E-13
1394.581840343  2.240194E-13
1396.02945485057  1.900131E-13
1397.47706935812  2.291466E-13
1398.92468386568  2.004230E-13
1400.37229837324  2.042065E-13
1401.8199128808  2.195497E-13
1403.26752738836  2.027504E-13
1404.71514189592  2.084236E-13
1406.16275640348  1.776493E-13
1407.61037091104  1.968967E-13
1409.0579854186  2.050202E-13
1410.50559992616  2.025254E-13
1411.95321443372  2.157056E-13
1413.40082894128  2.272719E-13
1414.84844344884  2.097778E-13
1416.2960579564  1.833857E-13
1417.74367246396  2.030925E-13
1419.19128697152  1.818306E-13
1420.63890147908  1.638949E-13
1422.08651598664  1.930715E-13
1423.5341304942  1.905275E-13
1424.98174500176  1.808028E-13
1426.42935950932  1.658933E-13
1427.87697401688  1.499310E-13
1429.32458852444  1.626234E-13
1430.772203032  1.928910E-13
1432.21981753956  2.073921E-13
1433.66743204712  2.049182E-13
1435.11504655468  2.120281E-13
1436.56266106224  1.867600E-13
1438.0102755698  1.889893E-13
1439.45789007736  1.953989E-13
1440.90550458492  1.596585E-13
1442.35311909248  1.771592E-13
1443.80073360004  1.856774E-13
1445.2483481076  1.751121E-13
1446.69596261516  1.796906E-13
1448.14357712272  1.708693E-13
1449.59119163028  1.582446E-13
1451.03880613784  1.669768E-13
1452.4864206454  1.734568E-13
1453.93403515296  1.711393E-13
1455.38164966052  1.798766E-13
1456.82926416808  1.930944E-13
1458.27687867564  1.613183E-13
1459.7244931832  1.882907E-13
1461.17210769076  1.789580E-13
1462.61972219832  1.499230E-13
1464.06733670588  1.630881E-13
1465.51495121344  1.817942E-13
1466.962565721  1.730330E-13
1468.41018022856  1.667356E-13
1469.85779473612  1.766059E-13
1471.30540924368  1.623256E-13
1472.75302375124  1.655993E-13
1474.2006382588  1.710796E-13
1475.64825276636  1.903322E-13
1477.09586727392  1.720541E-13
1478.54348178148  1.663328E-13
1479.99109628904  1.547344E-13
1481.4387107966  1.712861E-13
1482.88632530416  1.942009E-13
1484.33393981172  1.601794E-13
1485.78155431928  1.655155E-13
1487.22916882683  1.651886E-13
1488.67678333439  1.478738E-13
1490.12439784195  1.705846E-13
1491.57201234951  1.891949E-13
1493.01962685707  1.940562E-13
1494.46724136463  1.803491E-13
1495.91485587219  1.686175E-13
1497.36247037975  1.882310E-13
1498.81008488731  1.794581E-13
1500.25769939487  1.793124E-13
1501.70531390243  1.850388E-13
1503.15292840999  1.625004E-13
1504.60054291755  1.819555E-13
1506.04815742511  1.671583E-13
1507.49577193267  1.798915E-13
1508.94338644023  1.775288E-13
1510.39100094779  1.741287E-13
1511.83861545535  1.705195E-13
1513.28622996291  1.810658E-13
1514.73384447047  1.929113E-13
1516.18145897803  1.961014E-13
1517.62907348559  1.843558E-13
1519.07668799315  2.129435E-13
1520.52430250071  2.110868E-13
1521.97191700827  1.911427E-13
1523.41953151583  1.971391E-13
1524.86714602339  2.162214E-13
1526.31476053095  2.186428E-13
1527.76237503851  2.276150E-13
1529.20998954607  2.398885E-13
1530.65760405363  2.381993E-13
1532.10521856119  2.270444E-13
1533.55283306875  2.577806E-13
1535.00044757631  2.727738E-13
1536.44806208387  2.736842E-13
1537.89567659143  2.922087E-13
1539.34329109899  3.052361E-13
1540.79090560655  3.381373E-13
1542.23852011411  3.462012E-13
1543.68613462167  3.680504E-13
1545.13374912923  3.577993E-13
1546.58136363679  3.948694E-13
1548.02897814435  3.651909E-13
1549.47659265191  3.320173E-13
1550.92420715947  3.327678E-13
1552.37182166703  3.236774E-13
1553.81943617459  3.094121E-13
1555.26705068215  2.883847E-13
1556.71466518971  2.621817E-13
1558.16227969727  2.411366E-13
1559.60989420483  2.346020E-13
1561.05750871239  2.257919E-13
1562.50512321995  2.152823E-13
1563.95273772751  2.145025E-13
1565.40035223507  1.963416E-13
1566.84796674263  1.936794E-13
1568.29558125019  1.900121E-13
1569.74319575775  1.903771E-13
1571.19081026531  1.749072E-13
1572.63842477287  1.969411E-13
1574.08603928043  1.978569E-13
1575.53365378799  1.955048E-13
1576.98126829555  1.886849E-13
1578.4288828031  1.775684E-13
1579.87649731066  1.867996E-13
1581.32411181822  1.882110E-13
1582.77172632578  1.727892E-13
1584.21934083334  1.602059E-13
1585.6669553409  1.759352E-13
1587.11456984846  1.751000E-13
1588.56218435602  1.634602E-13
1590.00979886358  1.739410E-13
1591.45741337114  1.657907E-13
1592.9050278787  1.623917E-13
1594.35264238626  1.552242E-13
1595.80025689382  1.543806E-13
1597.24787140138  1.482914E-13
1598.69548590894  1.515213E-13
1600.1431004165  1.516240E-13
1601.59071492406  1.690356E-13
1603.03832943162  1.665155E-13
1604.48594393918  1.612842E-13
1605.93355844674  1.651965E-13
1607.3811729543  1.773312E-13
1608.82878746186  1.828988E-13
1610.27640196942  1.735443E-13
1611.72401647698  1.651225E-13
1613.17163098454  1.586389E-13
1614.6192454921  1.645294E-13
1616.06685999966  1.663695E-13
1617.51447450722  1.610484E-13
1618.96208901478  1.574487E-13
1620.40970352234  1.557603E-13
1621.8573180299  1.612048E-13
1623.30493253746  1.694316E-13
1624.75254704502  1.650779E-13
1626.20016155258  1.633082E-13
1627.64777606014  1.756893E-13
1629.0953905677  1.748412E-13
1630.54300507526  1.697786E-13
1631.99061958282  1.728586E-13
1633.43823409038  1.796075E-13
1634.88584859794  1.746269E-13
1636.3334631055  1.741662E-13
1637.78107761306  1.720993E-13
1639.22869212062  1.738427E-13
1640.67630662818  1.764511E-13
1642.12392113574  1.766283E-13
1643.5715356433  1.692705E-13
1645.01915015086  1.535635E-13
1646.46676465842  1.479944E-13
1647.91437916598  1.387802E-13
1649.36199367354  1.486721E-13
1650.8096081811  1.645115E-13
1652.25722268866  1.647963E-13
1653.70483719622  1.616817E-13
1655.15245170378  1.519542E-13
1656.60006621134  1.584461E-13
1658.0476807189  1.716620E-13
1659.49529522646  1.775138E-13
1660.94290973402  1.786788E-13
1662.39052424158  1.764387E-13
1663.83813874914  1.780988E-13
1665.2857532567  1.843664E-13
1666.73336776426  1.763682E-13
1668.18098227181  1.720359E-13
1669.62859677938  1.674939E-13
1671.07621128693  1.586551E-13
1672.52382579449  1.562099E-13
1673.97144030205  1.517601E-13
1675.41905480961  1.540801E-13
1676.86666931717  1.534730E-13
1678.31428382473  1.465751E-13
1679.76189833229  1.531195E-13
1681.20951283985  1.559850E-13
1682.65712734741  1.486083E-13
1684.10474185497  1.512253E-13
1685.55235636253  1.487433E-13
1686.99997087009  1.509462E-13
1688.44758537765  1.580165E-13
1689.89519988521  1.643828E-13
1691.34281439277  1.753086E-13
1692.79042890033  1.592190E-13
1694.23804340789  1.390898E-13
1695.68565791545  1.334507E-13
1697.13327242301  1.347693E-13
1698.58088693057  1.412841E-13
1700.02850143813  1.316312E-13
1701.47611594569  1.280381E-13
1702.92373045325  1.345863E-13
1704.37134496081  1.386715E-13
1705.81895946837  1.393698E-13
1707.26657397593  1.466500E-13
1708.71418848349  1.509563E-13
1710.16180299105  0.
1711.60941749861  0.
1713.05703200617  0.
1714.50464651373  0.
1715.95226102129  0.
1717.39987552885  0.
1718.84749003641  0.
1720.29510454397  0.
1721.74271905153  0.
1723.19033355909  0.
1724.63794806665  0.
1726.08556257421  0.
1727.53317708177  0.
1728.98079158933  0.
1730.42840609689  0.
1731.87602060445  0.
1733.32363511201  0.
1734.77124961957  0.
1736.21886412713  0.
1737.66647863469  0.
1739.11409314225  0.
1740.56170764981  0.
1742.00932215737  0.
1743.45693666493  0.
1744.90455117249  0.
1746.35216568005  0.
1747.79978018761  0.
1749.24739469517  0.
1750.69500920273  0.
1752.14262371029  0.
1753.59023821785  0.
1755.03785272541  0.
1756.48546723297  0.
1757.93308174053  0.
1759.38069624809  0.
1760.82831075565  0.
1762.27592526321  0.
1763.72353977076  0.
1765.17115427832  0.
1766.61876878588  0.
1768.06638329344  0.
1769.513997801  0.
1770.96161230856  0.
1772.40922681612  0.
1773.85684132368  0.
1775.30445583124  0.
1776.7520703388  0.
1778.19968484636  0.
1779.64729935392  0.
1781.09491386148  0.
1782.54252836904  0.
1783.9901428766  0.
1785.43775738416  0.
1786.88537189172  0.
1788.33298639928  0.
1789.78060090684  0.
1791.2282154144  0.
1792.67582992196  0.
1794.12344442952  0.
1795.57105893708  0.
1797.01867344464  0.
1798.4662879522  0.
1799.91390245976  0.
1801.36151696732  0.
1802.80913147488  0.
1804.25674598244  0.
1805.70436049  0.
1807.15197499756  0.
1808.59958950512  0.
1810.04720401268  0.
1811.49481852024  0.
1812.9424330278  0.
1814.39004753536  0.
1815.83766204292  0.
1817.28527655048  0.
1818.73289105804  0.
1820.1805055656  0.
1821.62812007316  0.
1823.07573458072  0.
1824.52334908828  0.
1825.97096359584  0.
1827.4185781034  0.
1828.86619261096  0.
1830.31380711852  0.
1831.76142162608  0.
