906.735751295338  0.
908.183365802898  0.
909.630980310458  0.
911.078594818018  0.
912.526209325578  0.
913.973823833137  0.
915.421438340697  0.
916.869052848257  0.
918.316667355817  0.
919.764281863377  0.
921.211896370937  0.
922.659510878497  0.
924.107125386056  0.
925.554739893616  0.
927.002354401176  0.
928.449968908736  0.
929.897583416296  0.
931.345197923856  0.
932.792812431415  0.
934.240426938975  0.
935.688041446535  0.
937.135655954095  0.
938.583270461655  0.
940.030884969215  0.
941.478499476774  0.
942.926113984334  0.
944.373728491894  0.
945.821342999454  0.
947.268957507014  0.
948.716572014574  0.
950.164186522133  0.
951.611801029693  0.
953.059415537253  0.
954.507030044813  0.
955.954644552373  0.
957.402259059933  0.
958.849873567493  0.
960.297488075052  0.
961.745102582612  0.
963.192717090172  0.
964.640331597732  0.
966.087946105292  0.
967.535560612852  0.
968.983175120411  0.
970.430789627971  0.
971.878404135531  0.
973.326018643091  0.
974.773633150651  0.
976.221247658211  0.
977.668862165771  0.
979.11647667333  0.
980.56409118089  0.
982.01170568845  0.
983.45932019601  0.
984.90693470357  0.
986.35454921113  0.
987.802163718689  0.
989.249778226249  0.
990.697392733809  0.
992.145007241369  0.
993.592621748929  -2.709960E-15
995.040236256489  1.039582E-13
996.487850764048  4.425214E-13
997.935465271608  1.378185E-13
999.383079779168  2.085299E-13
1000.83069428673  1.868338E-13
1002.27830879429  3.362926E-13
1003.72592330185  2.762480E-13
1005.17353780941  2.026587E-13
1006.62115231697  2.144970E-13
1008.06876682453  2.366551E-13
1009.51638133209  3.563034E-13
1010.96399583965  3.983432E-13
1012.41161034721  3.348033E-13
1013.85922485477  2.290736E-13
1015.30683936233  2.200070E-13
1016.75445386989  2.486764E-13
1018.20206837745  3.456901E-13
1019.64968288501  2.405685E-13
1021.09729739257  3.386584E-13
1022.54491190013  3.132476E-13
1023.99252640769  3.520757E-13
1025.44014091525  3.249242E-13
1026.8877554228  4.233754E-13
1028.33536993037  3.532147E-13
1029.78298443792  3.481547E-13
1031.23059894548  3.940737E-13
1032.67821345304  2.793733E-13
1034.1258279606  3.704606E-13
1035.57344246816  3.696429E-13
1037.02105697572  3.907620E-13
1038.46867148328  4.458420E-13
1039.91628599084  4.465506E-13
1041.3639004984  3.485291E-13
1042.81151500596  3.631291E-13
1044.25912951352  3.417069E-13
1045.70674402108  6.224085E-13
1047.15435852864  5.910562E-13
1048.6019730362  6.071640E-13
1050.04958754376  3.889566E-13
1051.49720205132  5.874844E-13
1052.94481655888  6.091398E-13
1054.39243106644  4.882003E-13
1055.840045574  4.103454E-13
1057.28766008156  4.039979E-13
1058.73527458912  2.479086E-13
1060.18288909668  2.775144E-13
1061.63050360424  3.223071E-13
1063.0781181118  3.009968E-13
1064.52573261936  2.893138E-13
1065.97334712692  2.932444E-13
1067.42096163448  3.534308E-13
1068.86857614204  2.502023E-13
1070.3161906496  2.963570E-13
1071.76380515716  3.027023E-13
1073.21141966472  2.696010E-13
1074.65903417228  3.254182E-13
1076.10664867984  2.453097E-13
1077.5542631874  2.987867E-13
1079.00187769496  2.713425E-13
1080.44949220252  2.643755E-13
1081.89710671008  2.485023E-13
1083.34472121764  2.561292E-13
1084.7923357252  2.751019E-13
1086.23995023276  2.324525E-13
1087.68756474032  2.632083E-13
1089.13517924788  2.157398E-13
1090.58279375544  2.578653E-13
1092.030408263  2.452121E-13
1093.47802277056  2.661908E-13
1094.92563727812  2.708183E-13
1096.37325178568  2.159693E-13
1097.82086629324  2.691548E-13
1099.2684808008  2.768196E-13
1100.71609530836  1.972278E-13
1102.16370981592  1.819768E-13
1103.61132432348  2.575665E-13
1105.05893883104  2.186239E-13
1106.5065533386  2.204923E-13
1107.95416784616  2.718790E-13
1109.40178235372  2.946447E-13
1110.84939686128  2.498662E-13
1112.29701136884  2.142892E-13
1113.7446258764  2.249697E-13
1115.19224038396  2.201375E-13
1116.63985489152  2.738832E-13
1118.08746939908  2.156783E-13
1119.53508390664  2.009734E-13
1120.98269841419  2.046999E-13
1122.43031292175  2.070269E-13
1123.87792742931  2.003637E-13
1125.32554193687  2.174428E-13
1126.77315644443  2.100435E-13
1128.22077095199  2.530561E-13
1129.66838545955  2.251721E-13
1131.11599996711  2.417666E-13
1132.56361447467  2.162109E-13
1134.01122898223  2.484522E-13
1135.45884348979  1.964736E-13
1136.90645799735  2.038464E-13
1138.35407250491  2.061157E-13
1139.80168701247  2.573733E-13
1141.24930152003  2.183313E-13
1142.69691602759  2.507656E-13
1144.14453053515  1.883248E-13
1145.59214504271  2.119083E-13
1147.03975955027  2.225463E-13
1148.48737405783  2.224606E-13
1149.93498856539  2.248124E-13
1151.38260307295  2.196548E-13
1152.83021758051  1.866928E-13
1154.27783208807  1.821150E-13
1155.72544659563  2.150263E-13
1157.17306110319  1.965110E-13
1158.62067561075  2.225256E-13
1160.06829011831  2.458169E-13
1161.51590462587  2.089605E-13
1162.96351913343  2.581372E-13
1164.41113364099  2.293892E-13
1165.85874814855  2.544183E-13
1167.30636265611  2.415300E-13
1168.75397716367  2.691044E-13
1170.20159167123  2.398521E-13
1171.64920617879  2.384423E-13
1173.09682068635  2.734454E-13
1174.54443519391  2.558996E-13
1175.99204970147  2.382616E-13
1177.43966420903  2.837115E-13
1178.88727871659  2.630078E-13
1180.33489322415  2.317682E-13
1181.78250773171  2.453821E-13
1183.23012223927  2.778845E-13
1184.67773674683  2.733700E-13
1186.12535125439  2.852327E-13
1187.57296576195  2.731142E-13
1189.02058026951  2.793074E-13
1190.46819477707  3.080545E-13
1191.91580928463  3.092354E-13
1193.36342379219  3.510053E-13
1194.81103829975  3.624555E-13
1196.25865280731  4.010431E-13
1197.70626731487  3.764216E-13
1199.15388182243  3.562727E-13
1200.60149632999  4.087806E-13
1202.04911083755  4.340960E-13
1203.49672534511  4.610190E-13
1204.94433985267  4.451133E-13
1206.39195436023  5.591220E-13
1207.83956886779  6.871753E-13
1209.28718337535  6.395079E-13
1210.7347978829  8.751335E-13
1212.18241239046  8.515829E-13
1213.63002689802  9.408969E-13
1215.07764140558  7.663234E-13
1216.52525591314  9.246217E-13
1217.9728704207  8.035896E-13
1219.42048492826  6.758870E-13
1220.86809943582  5.887012E-13
1222.31571394338  5.258654E-13
1223.76332845094  4.864372E-13
1225.2109429585  4.141418E-13
1226.65855746606  4.196332E-13
1228.10617197362  3.875546E-13
1229.55378648118  4.005997E-13
1231.00140098874  3.927536E-13
1232.4490154963  4.050627E-13
1233.89663000386  3.661629E-13
1235.34424451142  3.832120E-13
1236.79185901898  3.131036E-13
1238.23947352654  3.378158E-13
1239.6870880341  3.452353E-13
1241.13470254166  3.135629E-13
1242.58231704922  3.580037E-13
1244.02993155678  3.519553E-13
1245.47754606434  3.283648E-13
1246.9251605719  2.912549E-13
1248.37277507946  2.786471E-13
1249.82038958702  2.990819E-13
1251.26800409458  2.852937E-13
1252.71561860214  2.444536E-13
1254.1632331097  2.907118E-13
1255.61084761726  2.712018E-13
1257.05846212482  2.691636E-13
1258.50607663238  2.943424E-13
1259.95369113994  2.360939E-13
1261.4013056475  2.786305E-13
1262.84892015506  2.182840E-13
1264.29653466262  1.996750E-13
1265.74414917018  2.388188E-13
1267.19176367774  2.432699E-13
1268.6393781853  2.114209E-13
1270.08699269286  2.210093E-13
1271.53460720042  2.452725E-13
1272.98222170798  2.578707E-13
1274.42983621554  2.382117E-13
1275.8774507231  2.063557E-13
1277.32506523066  2.361667E-13
1278.77267973822  2.270143E-13
1280.22029424578  2.176533E-13
1281.66790875334  2.350738E-13
1283.1155232609  2.378936E-13
1284.56313776846  2.092075E-13
1286.01075227602  1.861140E-13
1287.45836678358  1.776063E-13
1288.90598129114  2.102950E-13
1290.3535957987  1.827781E-13
1291.80121030626  1.968794E-13
1293.24882481382  1.866882E-13
1294.69643932138  2.376278E-13
1296.14405382894  2.105669E-13
1297.5916683365  2.300255E-13
1299.03928284406  1.916240E-13
1300.48689735162  2.440585E-13
1301.93451185917  2.451918E-13
1303.38212636674  2.037609E-13
1304.82974087429  1.940394E-13
1306.27735538185  2.073249E-13
1307.72496988941  1.968261E-13
1309.17258439697  1.998718E-13
1310.62019890453  1.652707E-13
1312.06781341209  1.810732E-13
1313.51542791965  1.924397E-13
1314.96304242721  2.044110E-13
1316.41065693477  1.808817E-13
1317.85827144233  1.715318E-13
1319.30588594989  1.965768E-13
1320.75350045745  1.740380E-13
1322.20111496501  1.574340E-13
1323.64872947257  1.580465E-13
1325.09634398013  2.064058E-13
1326.54395848769  2.050823E-13
1327.99157299525  2.082700E-13
1329.43918750281  2.106734E-13
1330.88680201037  1.805217E-13
1332.33441651793  1.896039E-13
1333.78203102549  2.033345E-13
1335.22964553305  2.192819E-13
1336.67726004061  1.806602E-13
1338.12487454817  1.927069E-13
1339.57248905573  1.790240E-13
1341.02010356329  2.194385E-13
1342.46771807085  1.897710E-13
1343.91533257841  1.719902E-13
1345.36294708597  1.817006E-13
1346.81056159353  2.096715E-13
1348.25817610109  1.862916E-13
1349.70579060865  2.007865E-13
1351.15340511621  2.315824E-13
1352.60101962377  1.668006E-13
1354.04863413133  1.893339E-13
1355.49624863889  1.560799E-13
1356.94386314645  1.944916E-13
1358.39147765401  1.874795E-13
1359.83909216157  1.857329E-13
1361.28670666913  2.183377E-13
1362.73432117669  2.378882E-13
1364.18193568425  2.320845E-13
1365.62955019181  1.943736E-13
1367.07716469937  2.117758E-13
1368.52477920693  2.151099E-13
1369.97239371449  1.907022E-13
1371.42000822205  2.144626E-13
1372.86762272961  2.099715E-13
1374.31523723717  1.605057E-13
1375.76285174473  2.255960E-13
1377.21046625229  2.326315E-13
1378.65808075985  2.000233E-13
1380.10569526741  2.049175E-13
1381.55330977497  2.117549E-13
1383.00092428253  1.859471E-13
1384.44853879009  1.921403E-13
1385.89615329765  1.950549E-13
1387.34376780521  1.991460E-13
1388.79138231277  2.235970E-13
1390.23899682033  1.985362E-13
1391.68661132789  2.319177E-13
1393.13422583545  2.584034E-13
1394.581840343  2.390495E-13
1396.02945485057  2.501717E-13
1397.47706935812  2.313053E-13
1398.92468386568  1.566992E-13
1400.37229837324  2.132352E-13
1401.8199128808  2.320463E-13
1403.26752738836  2.048253E-13
1404.71514189592  2.079536E-13
1406.16275640348  1.809052E-13
1407.61037091104  2.154873E-13
1409.0579854186  1.923467E-13
1410.50559992616  1.958564E-13
1411.95321443372  1.951768E-13
1413.40082894128  1.827981E-13
1414.84844344884  1.846481E-13
1416.2960579564  2.096279E-13
1417.74367246396  2.171097E-13
1419.19128697152  1.820780E-13
1420.63890147908  1.794946E-13
1422.08651598664  1.895063E-13
1423.5341304942  1.649501E-13
1424.98174500176  1.624624E-13
1426.42935950932  1.767694E-13
1427.87697401688  1.815547E-13
1429.32458852444  1.781302E-13
1430.772203032  1.783616E-13
1432.21981753956  2.083489E-13
1433.66743204712  1.980230E-13
1435.11504655468  1.780947E-13
1436.56266106224  1.731385E-13
1438.0102755698  1.990033E-13
1439.45789007736  1.936014E-13
1440.90550458492  1.549377E-13
1442.35311909248  1.710604E-13
1443.80073360004  1.786416E-13
1445.2483481076  1.921445E-13
1446.69596261516  1.887814E-13
1448.14357712272  1.754298E-13
1449.59119163028  1.875823E-13
1451.03880613784  1.828697E-13
1452.4864206454  1.866247E-13
1453.93403515296  1.543545E-13
1455.38164966052  1.513561E-13
1456.82926416808  1.794214E-13
1458.27687867564  1.672624E-13
1459.7244931832  1.496194E-13
1461.17210769076  1.619063E-13
1462.61972219832  1.844224E-13
1464.06733670588  1.944208E-13
1465.51495121344  1.747854E-13
1466.962565721  1.660846E-13
1468.41018022856  1.609855E-13
1469.85779473612  1.638062E-13
1471.30540924368  1.572151E-13
1472.75302375124  1.515608E-13
1474.2006382588  1.737220E-13
1475.64825276636  1.759902E-13
1477.09586727392  1.655642E-13
1478.54348178148  1.482506E-13
1479.99109628904  1.665297E-13
1481.4387107966  1.802519E-13
1482.88632530416  2.038823E-13
1484.33393981172  1.828470E-13
1485.78155431928  1.814545E-13
1487.22916882683  1.809981E-13
1488.67678333439  1.631726E-13
1490.12439784195  1.737443E-13
1491.57201234951  1.648895E-13
1493.01962685707  1.780106E-13
1494.46724136463  1.517353E-13
1495.91485587219  1.459847E-13
1497.36247037975  1.632762E-13
1498.81008488731  1.865498E-13
1500.25769939487  1.781552E-13
1501.70531390243  1.868624E-13
1503.15292840999  1.899696E-13
1504.60054291755  1.909390E-13
1506.04815742511  1.725911E-13
1507.49577193267  1.765515E-13
1508.94338644023  1.783755E-13
1510.39100094779  2.197640E-13
1511.83861545535  2.061441E-13
1513.28622996291  1.719165E-13
1514.73384447047  1.798711E-13
1516.18145897803  1.895907E-13
1517.62907348559  1.999973E-13
1519.07668799315  2.070681E-13
1520.52430250071  2.023873E-13
1521.97191700827  1.960069E-13
1523.41953151583  2.041008E-13
1524.86714602339  1.976584E-13
1526.31476053095  2.182739E-13
1527.76237503851  2.311038E-13
1529.20998954607  2.210669E-13
1530.65760405363  2.209217E-13
1532.10521856119  2.283332E-13
1533.55283306875  2.510429E-13
1535.00044757631  2.667196E-13
1536.44806208387  2.625628E-13
1537.89567659143  2.940234E-13
1539.34329109899  3.157860E-13
1540.79090560655  3.525560E-13
1542.23852011411  3.568873E-13
1543.68613462167  3.783755E-13
1545.13374912923  3.841787E-13
1546.58136363679  3.875417E-13
1548.02897814435  3.592515E-13
1549.47659265191  3.089115E-13
1550.92420715947  3.259382E-13
1552.37182166703  3.216482E-13
1553.81943617459  3.414358E-13
1555.26705068215  2.984977E-13
1556.71466518971  2.707362E-13
1558.16227969727  2.396690E-13
1559.60989420483  2.211374E-13
1561.05750871239  2.309012E-13
1562.50512321995  2.138300E-13
1563.95273772751  2.104675E-13
1565.40035223507  2.156971E-13
1566.84796674263  2.104665E-13
1568.29558125019  2.211421E-13
1569.74319575775  2.147181E-13
1571.19081026531  1.947939E-13
1572.63842477287  2.002154E-13
1574.08603928043  2.029248E-13
1575.53365378799  1.941265E-13
1576.98126829555  1.965491E-13
1578.4288828031  2.061512E-13
1579.87649731066  1.959904E-13
1581.32411181822  1.825490E-13
1582.77172632578  1.865601E-13
1584.21934083334  1.938723E-13
1585.6669553409  1.843334E-13
1587.11456984846  1.731598E-13
1588.56218435602  1.765361E-13
1590.00979886358  1.770261E-13
1591.45741337114  1.801885E-13
1592.9050278787  1.909630E-13
1594.35264238626  1.785064E-13
1595.80025689382  1.728850E-13
1597.24787140138  1.504450E-13
1598.69548590894  1.542733E-13
1600.1431004165  1.567911E-13
1601.59071492406  1.590776E-13
1603.03832943162  1.609860E-13
1604.48594393918  1.685062E-13
1605.93355844674  1.703392E-13
1607.3811729543  1.771032E-13
1608.82878746186  1.794236E-13
1610.27640196942  1.656634E-13
1611.72401647698  1.579777E-13
1613.17163098454  1.549011E-13
1614.6192454921  1.727478E-13
1616.06685999966  1.841759E-13
1617.51447450722  1.883734E-13
1618.96208901478  1.935759E-13
1620.40970352234  1.822369E-13
1621.8573180299  1.757853E-13
1623.30493253746  1.646845E-13
1624.75254704502  1.662676E-13
1626.20016155258  1.701764E-13
1627.64777606014  1.694473E-13
1629.0953905677  1.768357E-13
1630.54300507526  1.828583E-13
1631.99061958282  1.895521E-13
1633.43823409038  1.759110E-13
1634.88584859794  1.653017E-13
1636.3334631055  1.745020E-13
1637.78107761306  1.761960E-13
1639.22869212062  1.797881E-13
1640.67630662818  1.911310E-13
1642.12392113574  1.869091E-13
1643.5715356433  1.806061E-13
1645.01915015086  1.675064E-13
1646.46676465842  1.740490E-13
1647.91437916598  1.636405E-13
1649.36199367354  1.703221E-13
1650.8096081811  1.734249E-13
1652.25722268866  1.687117E-13
1653.70483719622  1.591376E-13
1655.15245170378  1.560049E-13
1656.60006621134  1.568063E-13
1658.0476807189  1.628961E-13
1659.49529522646  1.722905E-13
1660.94290973402  1.773535E-13
1662.39052424158  1.817080E-13
1663.83813874914  1.730044E-13
1665.2857532567  1.765683E-13
1666.73336776426  1.718393E-13
1668.18098227181  1.698228E-13
1669.62859677938  1.613664E-13
1671.07621128693  1.583652E-13
1672.52382579449  1.646127E-13
1673.97144030205  1.663963E-13
1675.41905480961  1.636042E-13
1676.86666931717  1.574649E-13
1678.31428382473  1.518936E-13
1679.76189833229  1.473437E-13
1681.20951283985  1.454525E-13
1682.65712734741  1.417008E-13
1684.10474185497  1.491407E-13
1685.55235636253  1.469931E-13
1686.99997087009  1.428885E-13
1688.44758537765  1.444809E-13
1689.89519988521  1.461557E-13
1691.34281439277  1.510016E-13
1692.79042890033  1.437595E-13
1694.23804340789  1.386412E-13
1695.68565791545  1.350516E-13
1697.13327242301  1.409150E-13
1698.58088693057  1.417856E-13
1700.02850143813  1.326949E-13
1701.47611594569  1.368737E-13
1702.92373045325  1.407582E-13
1704.37134496081  1.409342E-13
1705.81895946837  1.482370E-13
1707.26657397593  1.508910E-13
1708.71418848349  1.505700E-13
1710.16180299105  0.
1711.60941749861  0.
1713.05703200617  0.
1714.50464651373  0.
1715.95226102129  0.
1717.39987552885  0.
1718.84749003641  0.
1720.29510454397  0.
1721.74271905153  0.
1723.19033355909  0.
1724.63794806665  0.
1726.08556257421  0.
1727.53317708177  0.
1728.98079158933  0.
1730.42840609689  0.
1731.87602060445  0.
1733.32363511201  0.
1734.77124961957  0.
1736.21886412713  0.
1737.66647863469  0.
1739.11409314225  0.
1740.56170764981  0.
1742.00932215737  0.
1743.45693666493  0.
1744.90455117249  0.
1746.35216568005  0.
1747.79978018761  0.
1749.24739469517  0.
1750.69500920273  0.
1752.14262371029  0.
1753.59023821785  0.
1755.03785272541  0.
1756.48546723297  0.
1757.93308174053  0.
1759.38069624809  0.
1760.82831075565  0.
1762.27592526321  0.
1763.72353977076  0.
1765.17115427832  0.
1766.61876878588  0.
1768.06638329344  0.
1769.513997801  0.
1770.96161230856  0.
1772.40922681612  0.
1773.85684132368  0.
1775.30445583124  0.
1776.7520703388  0.
1778.19968484636  0.
1779.64729935392  0.
1781.09491386148  0.
1782.54252836904  0.
1783.9901428766  0.
1785.43775738416  0.
1786.88537189172  0.
1788.33298639928  0.
1789.78060090684  0.
1791.2282154144  0.
1792.67582992196  0.
1794.12344442952  0.
1795.57105893708  0.
1797.01867344464  0.
1798.4662879522  0.
1799.91390245976  0.
1801.36151696732  0.
1802.80913147488  0.
1804.25674598244  0.
1805.70436049  0.
1807.15197499756  0.
1808.59958950512  0.
1810.04720401268  0.
1811.49481852024  0.
1812.9424330278  0.
1814.39004753536  0.
1815.83766204292  0.
1817.28527655048  0.
1818.73289105804  0.
1820.1805055656  0.
1821.62812007316  0.
1823.07573458072  0.
1824.52334908828  0.
1825.97096359584  0.
1827.4185781034  0.
1828.86619261096  0.
1830.31380711852  0.
1831.76142162608  0.
