906.735751295338  0.
908.183365802898  0.
909.630980310458  0.
911.078594818018  0.
912.526209325578  0.
913.973823833137  0.
915.421438340697  0.
916.869052848257  0.
918.316667355817  0.
919.764281863377  0.
921.211896370937  0.
922.659510878497  0.
924.107125386056  0.
925.554739893616  0.
927.002354401176  0.
928.449968908736  0.
929.897583416296  0.
931.345197923856  0.
932.792812431415  0.
934.240426938975  0.
935.688041446535  0.
937.135655954095  0.
938.583270461655  0.
940.030884969215  0.
941.478499476774  0.
942.926113984334  0.
944.373728491894  0.
945.821342999454  0.
947.268957507014  0.
948.716572014574  0.
950.164186522133  0.
951.611801029693  0.
953.059415537253  0.
954.507030044813  0.
955.954644552373  0.
957.402259059933  0.
958.849873567493  0.
960.297488075052  0.
961.745102582612  0.
963.192717090172  0.
964.640331597732  0.
966.087946105292  0.
967.535560612852  0.
968.983175120411  0.
970.430789627971  0.
971.878404135531  0.
973.326018643091  0.
974.773633150651  0.
976.221247658211  0.
977.668862165771  0.
979.11647667333  0.
980.56409118089  0.
982.01170568845  0.
983.45932019601  0.
984.90693470357  0.
986.35454921113  0.
987.802163718689  0.
989.249778226249  0.
990.697392733809  0.
992.145007241369  0.
993.592621748929  3.138522E-13
995.040236256489  5.377509E-13
996.487850764048  3.938637E-13
997.935465271608  4.136442E-13
999.383079779168  2.460427E-13
1000.83069428673  2.650823E-13
1002.27830879429  3.223834E-13
1003.72592330185  2.566999E-13
1005.17353780941  3.279258E-13
1006.62115231697  3.006233E-13
1008.06876682453  2.574356E-13
1009.51638133209  3.502120E-13
1010.96399583965  3.337026E-13
1012.41161034721  4.143555E-13
1013.85922485477  3.391714E-13
1015.30683936233  3.849142E-13
1016.75445386989  3.559872E-13
1018.20206837745  3.151982E-13
1019.64968288501  3.211457E-13
1021.09729739257  2.942177E-13
1022.54491190013  3.182379E-13
1023.99252640769  4.034199E-13
1025.44014091525  3.730693E-13
1026.8877554228  3.763747E-13
1028.33536993037  4.338712E-13
1029.78298443792  3.786761E-13
1031.23059894548  3.805774E-13
1032.67821345304  2.735152E-13
1034.1258279606  3.774396E-13
1035.57344246816  3.846684E-13
1037.02105697572  3.434447E-13
1038.46867148328  2.944658E-13
1039.91628599084  3.454136E-13
1041.3639004984  3.222614E-13
1042.81151500596  3.600143E-13
1044.25912951352  4.178432E-13
1045.70674402108  4.970521E-13
1047.15435852864  4.869235E-13
1048.6019730362  4.953905E-13
1050.04958754376  5.099717E-13
1051.49720205132  4.477456E-13
1052.94481655888  4.193278E-13
1054.39243106644  3.288102E-13
1055.840045574  3.044345E-13
1057.28766008156  2.507869E-13
1058.73527458912  2.586653E-13
1060.18288909668  2.780733E-13
1061.63050360424  2.897160E-13
1063.0781181118  3.004159E-13
1064.52573261936  3.068451E-13
1065.97334712692  2.981652E-13
1067.42096163448  2.594571E-13
1068.86857614204  2.656648E-13
1070.3161906496  2.501159E-13
1071.76380515716  2.561551E-13
1073.21141966472  2.810247E-13
1074.65903417228  2.442137E-13
1076.10664867984  3.071057E-13
1077.5542631874  2.765512E-13
1079.00187769496  2.610095E-13
1080.44949220252  2.651979E-13
1081.89710671008  2.202188E-13
1083.34472121764  2.153849E-13
1084.7923357252  2.356160E-13
1086.23995023276  2.562190E-13
1087.68756474032  2.620969E-13
1089.13517924788  2.249674E-13
1090.58279375544  1.963590E-13
1092.030408263  2.338189E-13
1093.47802277056  2.409172E-13
1094.92563727812  2.042927E-13
1096.37325178568  2.593131E-13
1097.82086629324  2.824553E-13
1099.2684808008  2.373030E-13
1100.71609530836  2.157154E-13
1102.16370981592  2.261640E-13
1103.61132432348  2.348792E-13
1105.05893883104  2.341455E-13
1106.5065533386  2.451328E-13
1107.95416784616  2.163006E-13
1109.40178235372  2.321364E-13
1110.84939686128  2.617397E-13
1112.29701136884  2.305667E-13
1113.7446258764  2.420412E-13
1115.19224038396  2.572517E-13
1116.63985489152  2.459903E-13
1118.08746939908  2.322341E-13
1119.53508390664  2.186506E-13
1120.98269841419  2.117622E-13
1122.43031292175  2.297364E-13
1123.87792742931  2.083387E-13
1125.32554193687  2.013503E-13
1126.77315644443  1.976959E-13
1128.22077095199  2.666051E-13
1129.66838545955  2.293508E-13
1131.11599996711  2.429475E-13
1132.56361447467  2.413914E-13
1134.01122898223  2.168647E-13
1135.45884348979  1.955034E-13
1136.90645799735  2.257113E-13
1138.35407250491  2.092380E-13
1139.80168701247  2.172756E-13
1141.24930152003  2.089947E-13
1142.69691602759  1.968583E-13
1144.14453053515  1.980188E-13
1145.59214504271  2.152948E-13
1147.03975955027  2.311383E-13
1148.48737405783  2.801372E-13
1149.93498856539  2.480125E-13
1151.38260307295  2.284098E-13
1152.83021758051  1.900885E-13
1154.27783208807  2.121893E-13
1155.72544659563  2.252029E-13
1157.17306110319  2.504257E-13
1158.62067561075  2.444214E-13
1160.06829011831  2.215240E-13
1161.51590462587  2.533491E-13
1162.96351913343  2.459994E-13
1164.41113364099  2.333999E-13
1165.85874814855  2.286330E-13
1167.30636265611  2.664642E-13
1168.75397716367  2.699110E-13
1170.20159167123  2.393244E-13
1171.64920617879  2.477022E-13
1173.09682068635  2.373253E-13
1174.54443519391  2.485855E-13
1175.99204970147  2.347632E-13
1177.43966420903  2.118026E-13
1178.88727871659  2.496051E-13
1180.33489322415  2.358608E-13
1181.78250773171  2.535885E-13
1183.23012223927  2.487891E-13
1184.67773674683  2.552090E-13
1186.12535125439  2.881437E-13
1187.57296576195  2.807778E-13
1189.02058026951  2.748936E-13
1190.46819477707  2.656494E-13
1191.91580928463  2.857693E-13
1193.36342379219  3.163061E-13
1194.81103829975  3.649444E-13
1196.25865280731  3.200415E-13
1197.70626731487  3.512489E-13
1199.15388182243  3.726105E-13
1200.60149632999  4.133609E-13
1202.04911083755  3.727566E-13
1203.49672534511  3.795916E-13
1204.94433985267  4.122995E-13
1206.39195436023  5.288174E-13
1207.83956886779  5.945219E-13
1209.28718337535  7.648090E-13
1210.7347978829  7.366662E-13
1212.18241239046  8.478878E-13
1213.63002689802  8.714020E-13
1215.07764140558  1.081980E-12
1216.52525591314  8.924130E-13
1217.9728704207  8.211068E-13
1219.42048492826  7.244727E-13
1220.86809943582  5.924965E-13
1222.31571394338  5.680798E-13
1223.76332845094  4.869523E-13
1225.2109429585  4.152691E-13
1226.65855746606  4.360202E-13
1228.10617197362  3.980595E-13
1229.55378648118  3.909283E-13
1231.00140098874  3.803865E-13
1232.4490154963  3.851924E-13
1233.89663000386  3.932383E-13
1235.34424451142  3.698210E-13
1236.79185901898  3.772999E-13
1238.23947352654  4.194141E-13
1239.6870880341  3.636855E-13
1241.13470254166  3.820735E-13
1242.58231704922  3.485825E-13
1244.02993155678  3.564781E-13
1245.47754606434  3.908165E-13
1246.9251605719  3.407879E-13
1248.37277507946  2.833336E-13
1249.82038958702  2.608795E-13
1251.26800409458  2.840637E-13
1252.71561860214  2.666392E-13
1254.1632331097  2.527016E-13
1255.61084761726  2.379764E-13
1257.05846212482  2.568305E-13
1258.50607663238  2.778259E-13
1259.95369113994  2.771962E-13
1261.4013056475  2.413813E-13
1262.84892015506  2.591932E-13
1264.29653466262  2.356855E-13
1265.74414917018  2.295749E-13
1267.19176367774  2.108661E-13
1268.6393781853  2.225688E-13
1270.08699269286  2.205121E-13
1271.53460720042  2.385823E-13
1272.98222170798  2.597156E-13
1274.42983621554  2.257197E-13
1275.8774507231  2.378275E-13
1277.32506523066  2.282786E-13
1278.77267973822  2.316552E-13
1280.22029424578  1.972813E-13
1281.66790875334  2.436872E-13
1283.1155232609  1.991888E-13
1284.56313776846  2.003994E-13
1286.01075227602  1.990794E-13
1287.45836678358  2.126876E-13
1288.90598129114  1.928990E-13
1290.3535957987  1.984755E-13
1291.80121030626  2.187311E-13
1293.24882481382  1.755182E-13
1294.69643932138  1.937715E-13
1296.14405382894  2.097715E-13
1297.5916683365  2.137956E-13
1299.03928284406  2.190296E-13
1300.48689735162  2.373778E-13
1301.93451185917  2.183924E-13
1303.38212636674  2.400174E-13
1304.82974087429  2.363941E-13
1306.27735538185  2.152323E-13
1307.72496988941  2.201357E-13
1309.17258439697  2.046313E-13
1310.62019890453  1.709337E-13
1312.06781341209  1.854293E-13
1313.51542791965  1.912151E-13
1314.96304242721  1.942953E-13
1316.41065693477  2.090459E-13
1317.85827144233  1.908549E-13
1319.30588594989  1.518785E-13
1320.75350045745  1.968994E-13
1322.20111496501  2.046491E-13
1323.64872947257  2.122994E-13
1325.09634398013  1.800056E-13
1326.54395848769  1.745050E-13
1327.99157299525  1.700684E-13
1329.43918750281  1.717984E-13
1330.88680201037  2.172004E-13
1332.33441651793  2.049047E-13
1333.78203102549  2.090200E-13
1335.22964553305  1.728318E-13
1336.67726004061  2.051527E-13
1338.12487454817  1.757467E-13
1339.57248905573  2.061633E-13
1341.02010356329  1.859418E-13
1342.46771807085  1.881384E-13
1343.91533257841  2.139523E-13
1345.36294708597  2.201708E-13
1346.81056159353  1.952994E-13
1348.25817610109  1.881598E-13
1349.70579060865  1.962237E-13
1351.15340511621  1.764920E-13
1352.60101962377  1.654984E-13
1354.04863413133  1.751246E-13
1355.49624863889  1.824378E-13
1356.94386314645  2.173630E-13
1358.39147765401  1.667815E-13
1359.83909216157  1.644707E-13
1361.28670666913  1.668911E-13
1362.73432117669  1.913459E-13
1364.18193568425  1.873765E-13
1365.62955019181  2.007174E-13
1367.07716469937  1.817044E-13
1368.52477920693  2.047593E-13
1369.97239371449  1.824892E-13
1371.42000822205  1.961175E-13
1372.86762272961  1.859664E-13
1374.31523723717  2.027245E-13
1375.76285174473  2.245587E-13
1377.21046625229  2.132069E-13
1378.65808075985  1.853391E-13
1380.10569526741  1.808253E-13
1381.55330977497  1.912819E-13
1383.00092428253  1.680250E-13
1384.44853879009  2.411020E-13
1385.89615329765  2.233946E-13
1387.34376780521  2.060080E-13
1388.79138231277  1.700613E-13
1390.23899682033  1.880699E-13
1391.68661132789  1.988657E-13
1393.13422583545  2.174192E-13
1394.581840343  2.046847E-13
1396.02945485057  2.060019E-13
1397.47706935812  1.887355E-13
1398.92468386568  2.036467E-13
1400.37229837324  2.125658E-13
1401.8199128808  2.467747E-13
1403.26752738836  2.245582E-13
1404.71514189592  2.192088E-13
1406.16275640348  2.124380E-13
1407.61037091104  2.146926E-13
1409.0579854186  2.104042E-13
1410.50559992616  1.946014E-13
1411.95321443372  1.953172E-13
1413.40082894128  2.050113E-13
1414.84844344884  2.331511E-13
1416.2960579564  2.099575E-13
1417.74367246396  2.198725E-13
1419.19128697152  2.632312E-13
1420.63890147908  2.158771E-13
1422.08651598664  1.830339E-13
1423.5341304942  1.734193E-13
1424.98174500176  1.591741E-13
1426.42935950932  1.461492E-13
1427.87697401688  1.501399E-13
1429.32458852444  1.752130E-13
1430.772203032  2.025877E-13
1432.21981753956  1.792771E-13
1433.66743204712  1.654702E-13
1435.11504655468  1.895906E-13
1436.56266106224  1.752741E-13
1438.0102755698  1.836177E-13
1439.45789007736  1.574693E-13
1440.90550458492  1.573322E-13
1442.35311909248  1.471909E-13
1443.80073360004  1.569747E-13
1445.2483481076  1.804295E-13
1446.69596261516  1.661654E-13
1448.14357712272  1.571131E-13
1449.59119163028  1.728907E-13
1451.03880613784  1.792011E-13
1452.4864206454  1.653472E-13
1453.93403515296  1.720517E-13
1455.38164966052  2.082770E-13
1456.82926416808  2.160230E-13
1458.27687867564  1.846328E-13
1459.7244931832  1.738181E-13
1461.17210769076  1.568374E-13
1462.61972219832  1.836238E-13
1464.06733670588  1.738939E-13
1465.51495121344  1.696060E-13
1466.962565721  1.827461E-13
1468.41018022856  1.765821E-13
1469.85779473612  1.725760E-13
1471.30540924368  1.691179E-13
1472.75302375124  1.636182E-13
1474.2006382588  1.569661E-13
1475.64825276636  1.453812E-13
1477.09586727392  1.556420E-13
1478.54348178148  1.350369E-13
1479.99109628904  1.638541E-13
1481.4387107966  1.866887E-13
1482.88632530416  1.669965E-13
1484.33393981172  1.580491E-13
1485.78155431928  1.534946E-13
1487.22916882683  1.564133E-13
1488.67678333439  1.505884E-13
1490.12439784195  1.736425E-13
1491.57201234951  1.779571E-13
1493.01962685707  1.744127E-13
1494.46724136463  1.620922E-13
1495.91485587219  1.738085E-13
1497.36247037975  1.737942E-13
1498.81008488731  1.635795E-13
1500.25769939487  1.563642E-13
1501.70531390243  1.470864E-13
1503.15292840999  1.524347E-13
1504.60054291755  1.608245E-13
1506.04815742511  1.524992E-13
1507.49577193267  1.638492E-13
1508.94338644023  1.718679E-13
1510.39100094779  1.796699E-13
1511.83861545535  1.705767E-13
1513.28622996291  1.852825E-13
1514.73384447047  1.917900E-13
1516.18145897803  1.972791E-13
1517.62907348559  2.075731E-13
1519.07668799315  2.071753E-13
1520.52430250071  1.879882E-13
1521.97191700827  2.051155E-13
1523.41953151583  2.276718E-13
1524.86714602339  2.162011E-13
1526.31476053095  2.219510E-13
1527.76237503851  2.295351E-13
1529.20998954607  2.338849E-13
1530.65760405363  2.444317E-13
1532.10521856119  2.293308E-13
1533.55283306875  2.458311E-13
1535.00044757631  2.778321E-13
1536.44806208387  2.967279E-13
1537.89567659143  3.178681E-13
1539.34329109899  3.314478E-13
1540.79090560655  3.373640E-13
1542.23852011411  3.367548E-13
1543.68613462167  3.382624E-13
1545.13374912923  3.537968E-13
1546.58136363679  3.744132E-13
1548.02897814435  3.246844E-13
1549.47659265191  3.324950E-13
1550.92420715947  3.263605E-13
1552.37182166703  3.410442E-13
1553.81943617459  3.311036E-13
1555.26705068215  2.880493E-13
1556.71466518971  2.893066E-13
1558.16227969727  2.689858E-13
1559.60989420483  2.495298E-13
1561.05750871239  2.258753E-13
1562.50512321995  2.088437E-13
1563.95273772751  2.032133E-13
1565.40035223507  2.182966E-13
1566.84796674263  2.028075E-13
1568.29558125019  1.868849E-13
1569.74319575775  1.969879E-13
1571.19081026531  1.960870E-13
1572.63842477287  2.007261E-13
1574.08603928043  1.875317E-13
1575.53365378799  1.769566E-13
1576.98126829555  1.827949E-13
1578.4288828031  1.929630E-13
1579.87649731066  1.863971E-13
1581.32411181822  1.740921E-13
1582.77172632578  1.720415E-13
1584.21934083334  1.869590E-13
1585.6669553409  1.806701E-13
1587.11456984846  1.716634E-13
1588.56218435602  1.772823E-13
1590.00979886358  1.765955E-13
1591.45741337114  1.712825E-13
1592.9050278787  1.703175E-13
1594.35264238626  1.732478E-13
1595.80025689382  1.695116E-13
1597.24787140138  1.556864E-13
1598.69548590894  1.544799E-13
1600.1431004165  1.558130E-13
1601.59071492406  1.624180E-13
1603.03832943162  1.707857E-13
1604.48594393918  1.719820E-13
1605.93355844674  1.729241E-13
1607.3811729543  1.658624E-13
1608.82878746186  1.571017E-13
1610.27640196942  1.555229E-13
1611.72401647698  1.675505E-13
1613.17163098454  1.786683E-13
1614.6192454921  1.812312E-13
1616.06685999966  1.718852E-13
1617.51447450722  1.539957E-13
1618.96208901478  1.457562E-13
1620.40970352234  1.438105E-13
1621.8573180299  1.578701E-13
1623.30493253746  1.654370E-13
1624.75254704502  1.751580E-13
1626.20016155258  1.781589E-13
1627.64777606014  1.763874E-13
1629.0953905677  1.730138E-13
1630.54300507526  1.693331E-13
1631.99061958282  1.788444E-13
1633.43823409038  1.816973E-13
1634.88584859794  1.767574E-13
1636.3334631055  1.651409E-13
1637.78107761306  1.611716E-13
1639.22869212062  1.615546E-13
1640.67630662818  1.652607E-13
1642.12392113574  1.660437E-13
1643.5715356433  1.623583E-13
1645.01915015086  1.677591E-13
1646.46676465842  1.724561E-13
1647.91437916598  1.650452E-13
1649.36199367354  1.637044E-13
1650.8096081811  1.632295E-13
1652.25722268866  1.587429E-13
1653.70483719622  1.539131E-13
1655.15245170378  1.573800E-13
1656.60006621134  1.601433E-13
1658.0476807189  1.642547E-13
1659.49529522646  1.803073E-13
1660.94290973402  1.706699E-13
1662.39052424158  1.795363E-13
1663.83813874914  1.674809E-13
1665.2857532567  1.615757E-13
1666.73336776426  1.630954E-13
1668.18098227181  1.636998E-13
1669.62859677938  1.595231E-13
1671.07621128693  1.586741E-13
1672.52382579449  1.704857E-13
1673.97144030205  1.665838E-13
1675.41905480961  1.608861E-13
1676.86666931717  1.507195E-13
1678.31428382473  1.498473E-13
1679.76189833229  1.506666E-13
1681.20951283985  1.534236E-13
1682.65712734741  1.510548E-13
1684.10474185497  1.555331E-13
1685.55235636253  1.543136E-13
1686.99997087009  1.680843E-13
1688.44758537765  1.739725E-13
1689.89519988521  1.790172E-13
1691.34281439277  1.825874E-13
1692.79042890033  1.737537E-13
1694.23804340789  1.697700E-13
1695.68565791545  1.647395E-13
1697.13327242301  1.579615E-13
1698.58088693057  1.586696E-13
1700.02850143813  1.564567E-13
1701.47611594569  1.560052E-13
1702.92373045325  1.622624E-13
1704.37134496081  1.610440E-13
1705.81895946837  1.578698E-13
1707.26657397593  1.574304E-13
1708.71418848349  1.569745E-13
1710.16180299105  0.
1711.60941749861  0.
1713.05703200617  0.
1714.50464651373  0.
1715.95226102129  0.
1717.39987552885  0.
1718.84749003641  0.
1720.29510454397  0.
1721.74271905153  0.
1723.19033355909  0.
1724.63794806665  0.
1726.08556257421  0.
1727.53317708177  0.
1728.98079158933  0.
1730.42840609689  0.
1731.87602060445  0.
1733.32363511201  0.
1734.77124961957  0.
1736.21886412713  0.
1737.66647863469  0.
1739.11409314225  0.
1740.56170764981  0.
1742.00932215737  0.
1743.45693666493  0.
1744.90455117249  0.
1746.35216568005  0.
1747.79978018761  0.
1749.24739469517  0.
1750.69500920273  0.
1752.14262371029  0.
1753.59023821785  0.
1755.03785272541  0.
1756.48546723297  0.
1757.93308174053  0.
1759.38069624809  0.
1760.82831075565  0.
1762.27592526321  0.
1763.72353977076  0.
1765.17115427832  0.
1766.61876878588  0.
1768.06638329344  0.
1769.513997801  0.
1770.96161230856  0.
1772.40922681612  0.
1773.85684132368  0.
1775.30445583124  0.
1776.7520703388  0.
1778.19968484636  0.
1779.64729935392  0.
1781.09491386148  0.
1782.54252836904  0.
1783.9901428766  0.
1785.43775738416  0.
1786.88537189172  0.
1788.33298639928  0.
1789.78060090684  0.
1791.2282154144  0.
1792.67582992196  0.
1794.12344442952  0.
1795.57105893708  0.
1797.01867344464  0.
1798.4662879522  0.
1799.91390245976  0.
1801.36151696732  0.
1802.80913147488  0.
1804.25674598244  0.
1805.70436049  0.
1807.15197499756  0.
1808.59958950512  0.
1810.04720401268  0.
1811.49481852024  0.
1812.9424330278  0.
1814.39004753536  0.
1815.83766204292  0.
1817.28527655048  0.
1818.73289105804  0.
1820.1805055656  0.
1821.62812007316  0.
1823.07573458072  0.
1824.52334908828  0.
1825.97096359584  0.
1827.4185781034  0.
1828.86619261096  0.
1830.31380711852  0.
1831.76142162608  0.
