906.735751295338  0.
908.183365802898  0.
909.630980310458  0.
911.078594818018  0.
912.526209325578  0.
913.973823833137  0.
915.421438340697  0.
916.869052848257  0.
918.316667355817  0.
919.764281863377  0.
921.211896370937  0.
922.659510878497  0.
924.107125386056  0.
925.554739893616  0.
927.002354401176  0.
928.449968908736  0.
929.897583416296  0.
931.345197923856  0.
932.792812431415  0.
934.240426938975  0.
935.688041446535  0.
937.135655954095  0.
938.583270461655  0.
940.030884969215  0.
941.478499476774  0.
942.926113984334  0.
944.373728491894  0.
945.821342999454  0.
947.268957507014  0.
948.716572014574  0.
950.164186522133  0.
951.611801029693  0.
953.059415537253  0.
954.507030044813  0.
955.954644552373  0.
957.402259059933  0.
958.849873567493  0.
960.297488075052  0.
961.745102582612  0.
963.192717090172  0.
964.640331597732  0.
966.087946105292  0.
967.535560612852  0.
968.983175120411  0.
970.430789627971  0.
971.878404135531  0.
973.326018643091  0.
974.773633150651  0.
976.221247658211  0.
977.668862165771  0.
979.11647667333  0.
980.56409118089  0.
982.01170568845  0.
983.45932019601  0.
984.90693470357  0.
986.35454921113  0.
987.802163718689  0.
989.249778226249  0.
990.697392733809  0.
992.145007241369  0.
993.592621748929  1.942814E-14
995.040236256489  3.186095E-14
996.487850764048  2.273187E-13
997.935465271608  2.809700E-13
999.383079779168  4.845450E-13
1000.83069428673  1.369199E-13
1002.27830879429  4.967046E-13
1003.72592330185  3.450408E-13
1005.17353780941  2.068999E-13
1006.62115231697  1.724996E-13
1008.06876682453  3.325711E-13
1009.51638133209  4.032817E-13
1010.96399583965  1.876771E-13
1012.41161034721  2.672958E-13
1013.85922485477  2.021136E-13
1015.30683936233  1.263387E-13
1016.75445386989  2.094772E-13
1018.20206837745  2.336422E-13
1019.64968288501  1.537210E-13
1021.09729739257  2.446806E-13
1022.54491190013  2.243369E-13
1023.99252640769  3.536987E-13
1025.44014091525  2.935178E-13
1026.8877554228  3.402748E-13
1028.33536993037  3.245071E-13
1029.78298443792  3.878354E-13
1031.23059894548  3.272028E-13
1032.67821345304  3.403949E-14
1034.1258279606  4.112868E-13
1035.57344246816  7.685171E-13
1037.02105697572  3.993602E-13
1038.46867148328  5.343890E-13
1039.91628599084  3.219166E-13
1041.3639004984  3.406088E-13
1042.81151500596  3.202828E-13
1044.25912951352  3.473134E-13
1045.70674402108  5.372963E-13
1047.15435852864  5.758983E-13
1048.6019730362  5.098175E-13
1050.04958754376  4.797922E-13
1051.49720205132  4.739396E-13
1052.94481655888  3.624423E-13
1054.39243106644  3.836208E-13
1055.840045574  2.817846E-13
1057.28766008156  2.389585E-13
1058.73527458912  1.393300E-13
1060.18288909668  2.339598E-13
1061.63050360424  2.547856E-13
1063.0781181118  2.815484E-13
1064.52573261936  2.041582E-13
1065.97334712692  3.196449E-13
1067.42096163448  3.466830E-13
1068.86857614204  2.326456E-13
1070.3161906496  2.992888E-13
1071.76380515716  2.350101E-13
1073.21141966472  2.399721E-13
1074.65903417228  2.605202E-13
1076.10664867984  2.570388E-13
1077.5542631874  2.444418E-13
1079.00187769496  2.324992E-13
1080.44949220252  2.837572E-13
1081.89710671008  2.188987E-13
1083.34472121764  2.549737E-13
1084.7923357252  2.261135E-13
1086.23995023276  2.520885E-13
1087.68756474032  2.786603E-13
1089.13517924788  2.291592E-13
1090.58279375544  1.651087E-13
1092.030408263  1.559464E-13
1093.47802277056  1.920090E-13
1094.92563727812  1.921136E-13
1096.37325178568  1.923811E-13
1097.82086629324  2.386385E-13
1099.2684808008  2.556831E-13
1100.71609530836  1.982510E-13
1102.16370981592  1.808800E-13
1103.61132432348  2.327341E-13
1105.05893883104  2.264577E-13
1106.5065533386  2.989067E-13
1107.95416784616  2.155511E-13
1109.40178235372  2.297305E-13
1110.84939686128  2.419145E-13
1112.29701136884  1.843300E-13
1113.7446258764  2.012185E-13
1115.19224038396  2.070509E-13
1116.63985489152  2.484812E-13
1118.08746939908  1.791315E-13
1119.53508390664  1.883325E-13
1120.98269841419  1.911171E-13
1122.43031292175  2.148148E-13
1123.87792742931  2.109038E-13
1125.32554193687  2.533262E-13
1126.77315644443  2.022132E-13
1128.22077095199  2.618100E-13
1129.66838545955  1.976240E-13
1131.11599996711  2.308382E-13
1132.56361447467  2.475711E-13
1134.01122898223  2.446945E-13
1135.45884348979  2.161447E-13
1136.90645799735  2.023137E-13
1138.35407250491  2.050895E-13
1139.80168701247  2.513054E-13
1141.24930152003  2.487590E-13
1142.69691602759  2.470210E-13
1144.14453053515  1.890154E-13
1145.59214504271  2.485110E-13
1147.03975955027  2.397919E-13
1148.48737405783  2.154327E-13
1149.93498856539  2.217199E-13
1151.38260307295  2.473850E-13
1152.83021758051  1.861658E-13
1154.27783208807  1.860870E-13
1155.72544659563  1.894775E-13
1157.17306110319  2.385049E-13
1158.62067561075  2.003844E-13
1160.06829011831  2.116744E-13
1161.51590462587  2.160599E-13
1162.96351913343  2.528998E-13
1164.41113364099  2.214365E-13
1165.85874814855  2.104045E-13
1167.30636265611  2.441807E-13
1168.75397716367  2.633316E-13
1170.20159167123  1.981264E-13
1171.64920617879  2.170207E-13
1173.09682068635  2.577568E-13
1174.54443519391  2.586317E-13
1175.99204970147  2.470181E-13
1177.43966420903  2.322496E-13
1178.88727871659  2.536197E-13
1180.33489322415  2.701820E-13
1181.78250773171  2.975806E-13
1183.23012223927  2.622948E-13
1184.67773674683  2.552610E-13
1186.12535125439  2.662424E-13
1187.57296576195  2.002565E-13
1189.02058026951  2.546836E-13
1190.46819477707  2.342549E-13
1191.91580928463  2.837713E-13
1193.36342379219  2.550223E-13
1194.81103829975  3.070410E-13
1196.25865280731  3.031374E-13
1197.70626731487  3.052251E-13
1199.15388182243  3.048491E-13
1200.60149632999  3.783941E-13
1202.04911083755  3.998800E-13
1203.49672534511  3.657762E-13
1204.94433985267  3.446261E-13
1206.39195436023  3.720651E-13
1207.83956886779  4.251410E-13
1209.28718337535  5.609225E-13
1210.7347978829  6.502989E-13
1212.18241239046  7.738570E-13
1213.63002689802  8.947552E-13
1215.07764140558  9.637806E-13
1216.52525591314  8.900674E-13
1217.9728704207  8.745688E-13
1219.42048492826  7.210039E-13
1220.86809943582  7.278580E-13
1222.31571394338  6.098155E-13
1223.76332845094  5.011562E-13
1225.2109429585  4.499273E-13
1226.65855746606  4.257851E-13
1228.10617197362  3.897585E-13
1229.55378648118  3.579354E-13
1231.00140098874  3.440843E-13
1232.4490154963  3.717039E-13
1233.89663000386  3.473992E-13
1235.34424451142  3.775394E-13
1236.79185901898  3.449375E-13
1238.23947352654  3.335029E-13
1239.6870880341  3.941321E-13
1241.13470254166  3.732661E-13
1242.58231704922  3.759078E-13
1244.02993155678  3.701580E-13
1245.47754606434  3.403650E-13
1246.9251605719  3.161429E-13
1248.37277507946  2.881373E-13
1249.82038958702  2.786944E-13
1251.26800409458  2.668064E-13
1252.71561860214  2.590355E-13
1254.1632331097  2.827462E-13
1255.61084761726  2.434971E-13
1257.05846212482  2.411250E-13
1258.50607663238  2.584357E-13
1259.95369113994  2.172677E-13
1261.4013056475  2.084048E-13
1262.84892015506  2.696583E-13
1264.29653466262  2.300738E-13
1265.74414917018  2.212739E-13
1267.19176367774  2.192442E-13
1268.6393781853  2.233739E-13
1270.08699269286  2.224538E-13
1271.53460720042  2.325070E-13
1272.98222170798  2.341714E-13
1274.42983621554  2.126176E-13
1275.8774507231  2.357981E-13
1277.32506523066  2.518283E-13
1278.77267973822  2.386692E-13
1280.22029424578  2.412787E-13
1281.66790875334  2.183203E-13
1283.1155232609  1.753871E-13
1284.56313776846  1.845290E-13
1286.01075227602  1.864337E-13
1287.45836678358  2.139020E-13
1288.90598129114  2.330080E-13
1290.3535957987  2.206038E-13
1291.80121030626  2.108582E-13
1293.24882481382  2.050336E-13
1294.69643932138  1.843262E-13
1296.14405382894  2.164817E-13
1297.5916683365  2.284082E-13
1299.03928284406  1.870322E-13
1300.48689735162  2.026211E-13
1301.93451185917  1.867110E-13
1303.38212636674  2.391260E-13
1304.82974087429  2.146884E-13
1306.27735538185  1.526689E-13
1307.72496988941  1.509912E-13
1309.17258439697  1.934380E-13
1310.62019890453  1.786932E-13
1312.06781341209  1.706919E-13
1313.51542791965  2.103561E-13
1314.96304242721  2.065681E-13
1316.41065693477  1.862595E-13
1317.85827144233  1.555469E-13
1319.30588594989  1.383562E-13
1320.75350045745  1.782976E-13
1322.20111496501  1.674038E-13
1323.64872947257  1.779501E-13
1325.09634398013  1.976507E-13
1326.54395848769  2.410814E-13
1327.99157299525  2.277978E-13
1329.43918750281  2.192231E-13
1330.88680201037  2.095190E-13
1332.33441651793  1.732444E-13
1333.78203102549  1.735959E-13
1335.22964553305  1.876034E-13
1336.67726004061  1.942004E-13
1338.12487454817  1.701978E-13
1339.57248905573  1.550678E-13
1341.02010356329  1.430529E-13
1342.46771807085  1.721865E-13
1343.91533257841  2.090378E-13
1345.36294708597  1.681330E-13
1346.81056159353  1.781107E-13
1348.25817610109  1.648793E-13
1349.70579060865  1.556816E-13
1351.15340511621  1.829447E-13
1352.60101962377  1.904531E-13
1354.04863413133  1.997873E-13
1355.49624863889  1.789183E-13
1356.94386314645  2.203673E-13
1358.39147765401  2.083897E-13
1359.83909216157  1.941606E-13
1361.28670666913  1.779091E-13
1362.73432117669  2.178910E-13
1364.18193568425  2.179564E-13
1365.62955019181  1.758191E-13
1367.07716469937  1.591061E-13
1368.52477920693  1.482300E-13
1369.97239371449  1.523711E-13
1371.42000822205  1.838119E-13
1372.86762272961  1.814254E-13
1374.31523723717  1.880920E-13
1375.76285174473  1.707426E-13
1377.21046625229  1.855082E-13
1378.65808075985  1.685615E-13
1380.10569526741  1.652092E-13
1381.55330977497  1.841616E-13
1383.00092428253  1.871926E-13
1384.44853879009  1.997332E-13
1385.89615329765  1.815288E-13
1387.34376780521  1.943891E-13
1388.79138231277  2.047674E-13
1390.23899682033  1.951261E-13
1391.68661132789  1.843156E-13
1393.13422583545  2.045435E-13
1394.581840343  2.369373E-13
1396.02945485057  1.971824E-13
1397.47706935812  2.390403E-13
1398.92468386568  2.463914E-13
1400.37229837324  2.016722E-13
1401.8199128808  2.035308E-13
1403.26752738836  2.191342E-13
1404.71514189592  2.168295E-13
1406.16275640348  2.129621E-13
1407.61037091104  1.827205E-13
1409.0579854186  1.858587E-13
1410.50559992616  1.982726E-13
1411.95321443372  1.910620E-13
1413.40082894128  1.579344E-13
1414.84844344884  1.990010E-13
1416.2960579564  1.857905E-13
1417.74367246396  1.783238E-13
1419.19128697152  1.676946E-13
1420.63890147908  1.839446E-13
1422.08651598664  1.598819E-13
1423.5341304942  1.631952E-13
1424.98174500176  1.893739E-13
1426.42935950932  1.489198E-13
1427.87697401688  1.408957E-13
1429.32458852444  1.724640E-13
1430.772203032  1.522825E-13
1432.21981753956  1.481813E-13
1433.66743204712  1.485371E-13
1435.11504655468  1.458419E-13
1436.56266106224  1.642781E-13
1438.0102755698  1.953343E-13
1439.45789007736  1.951836E-13
1440.90550458492  2.054336E-13
1442.35311909248  1.644062E-13
1443.80073360004  1.315999E-13
1445.2483481076  1.551132E-13
1446.69596261516  1.397282E-13
1448.14357712272  1.389999E-13
1449.59119163028  1.516528E-13
1451.03880613784  1.653045E-13
1452.4864206454  2.019148E-13
1453.93403515296  1.925200E-13
1455.38164966052  1.697616E-13
1456.82926416808  1.601861E-13
1458.27687867564  1.713653E-13
1459.7244931832  1.464467E-13
1461.17210769076  1.502056E-13
1462.61972219832  1.535524E-13
1464.06733670588  1.648445E-13
1465.51495121344  1.588952E-13
1466.962565721  1.566995E-13
1468.41018022856  1.391711E-13
1469.85779473612  1.425184E-13
1471.30540924368  1.476373E-13
1472.75302375124  1.442949E-13
1474.2006382588  1.606586E-13
1475.64825276636  1.656133E-13
1477.09586727392  1.694273E-13
1478.54348178148  1.758860E-13
1479.99109628904  1.621412E-13
1481.4387107966  1.389928E-13
1482.88632530416  1.575865E-13
1484.33393981172  1.317989E-13
1485.78155431928  1.690417E-13
1487.22916882683  1.600121E-13
1488.67678333439  1.507521E-13
1490.12439784195  1.452921E-13
1491.57201234951  1.538665E-13
1493.01962685707  1.796788E-13
1494.46724136463  1.475562E-13
1495.91485587219  1.273521E-13
1497.36247037975  1.524119E-13
1498.81008488731  1.751502E-13
1500.25769939487  1.962365E-13
1501.70531390243  1.602825E-13
1503.15292840999  1.454070E-13
1504.60054291755  1.520957E-13
1506.04815742511  1.809863E-13
1507.49577193267  1.597369E-13
1508.94338644023  1.625243E-13
1510.39100094779  1.606066E-13
1511.83861545535  1.764274E-13
1513.28622996291  1.626354E-13
1514.73384447047  1.721066E-13
1516.18145897803  1.535765E-13
1517.62907348559  1.554994E-13
1519.07668799315  1.664888E-13
1520.52430250071  1.643942E-13
1521.97191700827  1.789260E-13
1523.41953151583  1.755351E-13
1524.86714602339  2.135732E-13
1526.31476053095  1.978193E-13
1527.76237503851  1.901947E-13
1529.20998954607  2.125480E-13
1530.65760405363  2.083734E-13
1532.10521856119  2.101899E-13
1533.55283306875  2.218764E-13
1535.00044757631  2.317280E-13
1536.44806208387  2.571473E-13
1537.89567659143  2.526521E-13
1539.34329109899  2.760883E-13
1540.79090560655  2.953817E-13
1542.23852011411  3.030426E-13
1543.68613462167  3.062681E-13
1545.13374912923  3.138752E-13
1546.58136363679  3.308738E-13
1548.02897814435  3.123878E-13
1549.47659265191  2.561620E-13
1550.92420715947  3.222130E-13
1552.37182166703  3.090745E-13
1553.81943617459  3.379171E-13
1555.26705068215  2.927899E-13
1556.71466518971  2.863154E-13
1558.16227969727  2.691383E-13
1559.60989420483  2.340642E-13
1561.05750871239  2.109355E-13
1562.50512321995  2.229555E-13
1563.95273772751  2.324201E-13
1565.40035223507  2.037362E-13
1566.84796674263  2.045941E-13
1568.29558125019  1.953506E-13
1569.74319575775  1.974822E-13
1571.19081026531  1.796706E-13
1572.63842477287  1.790967E-13
1574.08603928043  1.880377E-13
1575.53365378799  1.844046E-13
1576.98126829555  1.742727E-13
1578.4288828031  1.901547E-13
1579.87649731066  1.777332E-13
1581.32411181822  1.544989E-13
1582.77172632578  1.681660E-13
1584.21934083334  1.648247E-13
1585.6669553409  1.777650E-13
1587.11456984846  1.868670E-13
1588.56218435602  1.840106E-13
1590.00979886358  1.884397E-13
1591.45741337114  1.825362E-13
1592.9050278787  1.904831E-13
1594.35264238626  1.673515E-13
1595.80025689382  1.631233E-13
1597.24787140138  1.553272E-13
1598.69548590894  1.586724E-13
1600.1431004165  1.707634E-13
1601.59071492406  1.913777E-13
1603.03832943162  1.804572E-13
1604.48594393918  1.720013E-13
1605.93355844674  1.682036E-13
1607.3811729543  1.641408E-13
1608.82878746186  1.493177E-13
1610.27640196942  1.508472E-13
1611.72401647698  1.373554E-13
1613.17163098454  1.409513E-13
1614.6192454921  1.547322E-13
1616.06685999966  1.543908E-13
1617.51447450722  1.547195E-13
1618.96208901478  1.603281E-13
1620.40970352234  1.600685E-13
1621.8573180299  1.602391E-13
1623.30493253746  1.574167E-13
1624.75254704502  1.647343E-13
1626.20016155258  1.704662E-13
1627.64777606014  1.596115E-13
1629.0953905677  1.632435E-13
1630.54300507526  1.555573E-13
1631.99061958282  1.581300E-13
1633.43823409038  1.557098E-13
1634.88584859794  1.591908E-13
1636.3334631055  1.611593E-13
1637.78107761306  1.695343E-13
1639.22869212062  1.674548E-13
1640.67630662818  1.797541E-13
1642.12392113574  1.737110E-13
1643.5715356433  1.807167E-13
1645.01915015086  1.859584E-13
1646.46676465842  1.761616E-13
1647.91437916598  1.740646E-13
1649.36199367354  1.825097E-13
1650.8096081811  1.905586E-13
1652.25722268866  1.965968E-13
1653.70483719622  2.042057E-13
1655.15245170378  2.215481E-13
1656.60006621134  2.365606E-13
1658.0476807189  2.191966E-13
1659.49529522646  2.133040E-13
1660.94290973402  2.107676E-13
1662.39052424158  2.077674E-13
1663.83813874914  1.777132E-13
1665.2857532567  1.855776E-13
1666.73336776426  1.965381E-13
1668.18098227181  2.015452E-13
1669.62859677938  1.889748E-13
1671.07621128693  1.797604E-13
1672.52382579449  1.761798E-13
1673.97144030205  1.665450E-13
1675.41905480961  1.821127E-13
1676.86666931717  1.864440E-13
1678.31428382473  1.804411E-13
1679.76189833229  1.647904E-13
1681.20951283985  1.580973E-13
1682.65712734741  1.494297E-13
1684.10474185497  1.478132E-13
1685.55235636253  1.469176E-13
1686.99997087009  1.479957E-13
1688.44758537765  1.498432E-13
1689.89519988521  1.486899E-13
1691.34281439277  1.467165E-13
1692.79042890033  1.534553E-13
1694.23804340789  1.596658E-13
1695.68565791545  1.492214E-13
1697.13327242301  1.364903E-13
1698.58088693057  1.335977E-13
1700.02850143813  1.408979E-13
1701.47611594569  1.511790E-13
1702.92373045325  1.528475E-13
1704.37134496081  1.569480E-13
1705.81895946837  1.529926E-13
1707.26657397593  1.540714E-13
1708.71418848349  1.442622E-13
1710.16180299105  0.
1711.60941749861  0.
1713.05703200617  0.
1714.50464651373  0.
1715.95226102129  0.
1717.39987552885  0.
1718.84749003641  0.
1720.29510454397  0.
1721.74271905153  0.
1723.19033355909  0.
1724.63794806665  0.
1726.08556257421  0.
1727.53317708177  0.
1728.98079158933  0.
1730.42840609689  0.
1731.87602060445  0.
1733.32363511201  0.
1734.77124961957  0.
1736.21886412713  0.
1737.66647863469  0.
1739.11409314225  0.
1740.56170764981  0.
1742.00932215737  0.
1743.45693666493  0.
1744.90455117249  0.
1746.35216568005  0.
1747.79978018761  0.
1749.24739469517  0.
1750.69500920273  0.
1752.14262371029  0.
1753.59023821785  0.
1755.03785272541  0.
1756.48546723297  0.
1757.93308174053  0.
1759.38069624809  0.
1760.82831075565  0.
1762.27592526321  0.
1763.72353977076  0.
1765.17115427832  0.
1766.61876878588  0.
1768.06638329344  0.
1769.513997801  0.
1770.96161230856  0.
1772.40922681612  0.
1773.85684132368  0.
1775.30445583124  0.
1776.7520703388  0.
1778.19968484636  0.
1779.64729935392  0.
1781.09491386148  0.
1782.54252836904  0.
1783.9901428766  0.
1785.43775738416  0.
1786.88537189172  0.
1788.33298639928  0.
1789.78060090684  0.
1791.2282154144  0.
1792.67582992196  0.
1794.12344442952  0.
1795.57105893708  0.
1797.01867344464  0.
1798.4662879522  0.
1799.91390245976  0.
1801.36151696732  0.
1802.80913147488  0.
1804.25674598244  0.
1805.70436049  0.
1807.15197499756  0.
1808.59958950512  0.
1810.04720401268  0.
1811.49481852024  0.
1812.9424330278  0.
1814.39004753536  0.
1815.83766204292  0.
1817.28527655048  0.
1818.73289105804  0.
1820.1805055656  0.
1821.62812007316  0.
1823.07573458072  0.
1824.52334908828  0.
1825.97096359584  0.
1827.4185781034  0.
1828.86619261096  0.
1830.31380711852  0.
1831.76142162608  0.
