906.735751295338  0.
908.183365802898  0.
909.630980310458  0.
911.078594818018  0.
912.526209325578  0.
913.973823833137  0.
915.421438340697  0.
916.869052848257  0.
918.316667355817  0.
919.764281863377  0.
921.211896370937  0.
922.659510878497  0.
924.107125386056  0.
925.554739893616  0.
927.002354401176  0.
928.449968908736  0.
929.897583416296  0.
931.345197923856  0.
932.792812431415  0.
934.240426938975  0.
935.688041446535  0.
937.135655954095  0.
938.583270461655  0.
940.030884969215  0.
941.478499476774  0.
942.926113984334  0.
944.373728491894  0.
945.821342999454  0.
947.268957507014  0.
948.716572014574  0.
950.164186522133  0.
951.611801029693  0.
953.059415537253  0.
954.507030044813  0.
955.954644552373  0.
957.402259059933  0.
958.849873567493  0.
960.297488075052  0.
961.745102582612  0.
963.192717090172  0.
964.640331597732  0.
966.087946105292  0.
967.535560612852  0.
968.983175120411  0.
970.430789627971  0.
971.878404135531  0.
973.326018643091  0.
974.773633150651  0.
976.221247658211  0.
977.668862165771  0.
979.11647667333  0.
980.56409118089  0.
982.01170568845  0.
983.45932019601  0.
984.90693470357  0.
986.35454921113  0.
987.802163718689  0.
989.249778226249  0.
990.697392733809  0.
992.145007241369  0.
993.592621748929  4.275959E-13
995.040236256489  3.303204E-13
996.487850764048  1.691941E-13
997.935465271608  1.479750E-13
999.383079779168  3.231109E-13
1000.83069428673  3.218825E-13
1002.27830879429  2.885171E-13
1003.72592330185  2.885193E-13
1005.17353780941  3.882279E-13
1006.62115231697  3.618275E-13
1008.06876682453  4.501555E-13
1009.51638133209  4.063356E-13
1010.96399583965  4.014909E-13
1012.41161034721  3.160272E-13
1013.85922485477  3.915249E-13
1015.30683936233  3.934420E-13
1016.75445386989  3.545519E-13
1018.20206837745  4.238224E-13
1019.64968288501  4.480716E-13
1021.09729739257  3.877704E-13
1022.54491190013  4.358575E-13
1023.99252640769  5.232475E-13
1025.44014091525  5.897804E-13
1026.8877554228  4.667878E-13
1028.33536993037  4.029696E-13
1029.78298443792  4.317371E-13
1031.23059894548  4.287905E-13
1032.67821345304  4.888482E-13
1034.1258279606  4.786874E-13
1035.57344246816  3.656300E-13
1037.02105697572  3.696619E-13
1038.46867148328  3.640885E-13
1039.91628599084  3.200377E-13
1041.3639004984  3.847418E-13
1042.81151500596  3.982176E-13
1044.25912951352  4.579271E-13
1045.70674402108  5.850720E-13
1047.15435852864  6.339895E-13
1048.6019730362  5.070116E-13
1050.04958754376  7.806614E-13
1051.49720205132  6.737965E-13
1052.94481655888  6.230395E-13
1054.39243106644  5.377056E-13
1055.840045574  3.915275E-13
1057.28766008156  3.253370E-13
1058.73527458912  2.735316E-13
1060.18288909668  2.646672E-13
1061.63050360424  2.730912E-13
1063.0781181118  2.524038E-13
1064.52573261936  2.760742E-13
1065.97334712692  2.792168E-13
1067.42096163448  2.739122E-13
1068.86857614204  2.662084E-13
1070.3161906496  2.861112E-13
1071.76380515716  2.890279E-13
1073.21141966472  2.611236E-13
1074.65903417228  2.862485E-13
1076.10664867984  2.737383E-13
1077.5542631874  2.445192E-13
1079.00187769496  2.551785E-13
1080.44949220252  2.269760E-13
1081.89710671008  2.420738E-13
1083.34472121764  2.567489E-13
1084.7923357252  2.201924E-13
1086.23995023276  2.198218E-13
1087.68756474032  2.113957E-13
1089.13517924788  2.330097E-13
1090.58279375544  2.455964E-13
1092.030408263  2.323437E-13
1093.47802277056  2.390428E-13
1094.92563727812  2.527801E-13
1096.37325178568  2.311932E-13
1097.82086629324  2.693314E-13
1099.2684808008  2.417882E-13
1100.71609530836  2.247351E-13
1102.16370981592  2.248122E-13
1103.61132432348  2.054227E-13
1105.05893883104  2.237755E-13
1106.5065533386  2.107442E-13
1107.95416784616  2.111696E-13
1109.40178235372  2.183572E-13
1110.84939686128  2.119796E-13
1112.29701136884  2.283363E-13
1113.7446258764  2.364668E-13
1115.19224038396  2.397207E-13
1116.63985489152  2.346313E-13
1118.08746939908  2.242703E-13
1119.53508390664  2.303082E-13
1120.98269841419  2.531120E-13
1122.43031292175  2.117713E-13
1123.87792742931  2.091109E-13
1125.32554193687  2.072713E-13
1126.77315644443  2.220999E-13
1128.22077095199  2.272980E-13
1129.66838545955  2.586393E-13
1131.11599996711  2.488963E-13
1132.56361447467  2.454520E-13
1134.01122898223  2.327740E-13
1135.45884348979  1.957256E-13
1136.90645799735  2.383713E-13
1138.35407250491  2.187669E-13
1139.80168701247  2.049302E-13
1141.24930152003  1.995422E-13
1142.69691602759  1.852522E-13
1144.14453053515  2.526628E-13
1145.59214504271  2.565701E-13
1147.03975955027  2.579150E-13
1148.48737405783  2.525930E-13
1149.93498856539  2.197985E-13
1151.38260307295  1.728707E-13
1152.83021758051  1.784445E-13
1154.27783208807  1.932800E-13
1155.72544659563  1.966496E-13
1157.17306110319  2.204481E-13
1158.62067561075  2.057984E-13
1160.06829011831  2.170578E-13
1161.51590462587  2.250875E-13
1162.96351913343  2.437838E-13
1164.41113364099  2.418951E-13
1165.85874814855  2.541961E-13
1167.30636265611  2.691654E-13
1168.75397716367  2.485710E-13
1170.20159167123  2.928776E-13
1171.64920617879  2.606554E-13
1173.09682068635  2.462852E-13
1174.54443519391  2.295089E-13
1175.99204970147  2.411809E-13
1177.43966420903  2.914577E-13
1178.88727871659  2.631262E-13
1180.33489322415  2.498776E-13
1181.78250773171  2.517748E-13
1183.23012223927  2.374740E-13
1184.67773674683  2.553533E-13
1186.12535125439  2.560879E-13
1187.57296576195  3.093207E-13
1189.02058026951  2.918407E-13
1190.46819477707  2.962719E-13
1191.91580928463  3.040547E-13
1193.36342379219  3.237315E-13
1194.81103829975  3.095938E-13
1196.25865280731  3.539872E-13
1197.70626731487  3.664984E-13
1199.15388182243  3.713026E-13
1200.60149632999  3.340823E-13
1202.04911083755  3.322890E-13
1203.49672534511  4.100310E-13
1204.94433985267  4.928944E-13
1206.39195436023  5.668413E-13
1207.83956886779  7.362163E-13
1209.28718337535  7.335016E-13
1210.7347978829  7.979630E-13
1212.18241239046  1.043297E-12
1213.63002689802  1.024122E-12
1215.07764140558  9.178759E-13
1216.52525591314  8.705495E-13
1217.9728704207  8.493656E-13
1219.42048492826  7.016406E-13
1220.86809943582  5.713482E-13
1222.31571394338  4.871172E-13
1223.76332845094  4.361876E-13
1225.2109429585  4.473041E-13
1226.65855746606  4.110463E-13
1228.10617197362  4.225629E-13
1229.55378648118  3.544165E-13
1231.00140098874  3.318895E-13
1232.4490154963  3.509757E-13
1233.89663000386  3.451974E-13
1235.34424451142  3.818295E-13
1236.79185901898  3.418501E-13
1238.23947352654  4.105578E-13
1239.6870880341  3.564044E-13
1241.13470254166  3.525792E-13
1242.58231704922  3.780851E-13
1244.02993155678  3.219084E-13
1245.47754606434  2.804077E-13
1246.9251605719  2.975548E-13
1248.37277507946  2.873218E-13
1249.82038958702  2.368521E-13
1251.26800409458  2.689487E-13
1252.71561860214  2.677471E-13
1254.1632331097  2.162395E-13
1255.61084761726  2.261254E-13
1257.05846212482  2.198253E-13
1258.50607663238  2.471133E-13
1259.95369113994  2.423013E-13
1261.4013056475  2.375013E-13
1262.84892015506  2.468797E-13
1264.29653466262  2.343435E-13
1265.74414917018  2.314896E-13
1267.19176367774  2.604256E-13
1268.6393781853  2.370600E-13
1270.08699269286  2.155380E-13
1271.53460720042  2.086103E-13
1272.98222170798  1.985974E-13
1274.42983621554  2.079205E-13
1275.8774507231  2.039427E-13
1277.32506523066  2.005522E-13
1278.77267973822  2.004738E-13
1280.22029424578  2.047857E-13
1281.66790875334  2.203725E-13
1283.1155232609  2.250200E-13
1284.56313776846  1.990450E-13
1286.01075227602  2.001118E-13
1287.45836678358  2.028879E-13
1288.90598129114  2.209388E-13
1290.3535957987  1.969599E-13
1291.80121030626  2.073533E-13
1293.24882481382  2.094373E-13
1294.69643932138  1.868033E-13
1296.14405382894  1.957486E-13
1297.5916683365  2.129418E-13
1299.03928284406  1.793685E-13
1300.48689735162  1.886213E-13
1301.93451185917  2.124628E-13
1303.38212636674  1.994161E-13
1304.82974087429  1.868211E-13
1306.27735538185  1.867059E-13
1307.72496988941  1.937273E-13
1309.17258439697  1.724414E-13
1310.62019890453  1.834283E-13
1312.06781341209  1.990395E-13
1313.51542791965  1.878468E-13
1314.96304242721  2.112157E-13
1316.41065693477  1.765047E-13
1317.85827144233  1.604385E-13
1319.30588594989  1.727792E-13
1320.75350045745  1.952367E-13
1322.20111496501  1.491642E-13
1323.64872947257  2.135497E-13
1325.09634398013  2.001101E-13
1326.54395848769  1.914951E-13
1327.99157299525  1.911398E-13
1329.43918750281  2.081847E-13
1330.88680201037  2.031773E-13
1332.33441651793  2.054346E-13
1333.78203102549  1.743003E-13
1335.22964553305  1.838424E-13
1336.67726004061  1.660517E-13
1338.12487454817  1.795019E-13
1339.57248905573  2.280821E-13
1341.02010356329  2.103283E-13
1342.46771807085  1.973121E-13
1343.91533257841  1.813835E-13
1345.36294708597  1.751937E-13
1346.81056159353  1.718900E-13
1348.25817610109  1.794119E-13
1349.70579060865  2.033861E-13
1351.15340511621  2.260668E-13
1352.60101962377  2.134068E-13
1354.04863413133  1.918213E-13
1355.49624863889  1.979692E-13
1356.94386314645  1.806008E-13
1358.39147765401  1.934642E-13
1359.83909216157  2.024243E-13
1361.28670666913  2.323014E-13
1362.73432117669  2.661663E-13
1364.18193568425  2.752085E-13
1365.62955019181  2.274666E-13
1367.07716469937  1.884330E-13
1368.52477920693  1.975834E-13
1369.97239371449  2.014393E-13
1371.42000822205  1.973110E-13
1372.86762272961  2.102503E-13
1374.31523723717  1.963246E-13
1375.76285174473  1.889557E-13
1377.21046625229  1.789538E-13
1378.65808075985  1.575673E-13
1380.10569526741  1.951850E-13
1381.55330977497  2.081244E-13
1383.00092428253  1.973221E-13
1384.44853879009  1.972911E-13
1385.89615329765  2.007702E-13
1387.34376780521  1.884037E-13
1388.79138231277  1.819719E-13
1390.23899682033  2.076985E-13
1391.68661132789  2.110624E-13
1393.13422583545  2.082214E-13
1394.581840343  2.534398E-13
1396.02945485057  2.483469E-13
1397.47706935812  2.471391E-13
1398.92468386568  2.482135E-13
1400.37229837324  2.536559E-13
1401.8199128808  2.577459E-13
1403.26752738836  2.291766E-13
1404.71514189592  2.126471E-13
1406.16275640348  2.054892E-13
1407.61037091104  2.135868E-13
1409.0579854186  1.940440E-13
1410.50559992616  1.933467E-13
1411.95321443372  1.879007E-13
1413.40082894128  1.970040E-13
1414.84844344884  2.046216E-13
1416.2960579564  1.469686E-13
1417.74367246396  1.978006E-13
1419.19128697152  2.021611E-13
1420.63890147908  1.903338E-13
1422.08651598664  1.778179E-13
1423.5341304942  1.834446E-13
1424.98174500176  1.661646E-13
1426.42935950932  1.560644E-13
1427.87697401688  1.464121E-13
1429.32458852444  1.591887E-13
1430.772203032  1.673947E-13
1432.21981753956  1.918901E-13
1433.66743204712  1.880360E-13
1435.11504655468  1.783016E-13
1436.56266106224  1.764285E-13
1438.0102755698  1.804596E-13
1439.45789007736  1.737592E-13
1440.90550458492  1.686363E-13
1442.35311909248  1.589289E-13
1443.80073360004  1.573285E-13
1445.2483481076  1.431755E-13
1446.69596261516  1.581942E-13
1448.14357712272  1.617642E-13
1449.59119163028  1.479582E-13
1451.03880613784  1.581141E-13
1452.4864206454  1.602030E-13
1453.93403515296  1.510302E-13
1455.38164966052  1.677183E-13
1456.82926416808  1.723399E-13
1458.27687867564  1.756896E-13
1459.7244931832  1.744682E-13
1461.17210769076  1.597912E-13
1462.61972219832  1.692301E-13
1464.06733670588  1.833361E-13
1465.51495121344  1.496749E-13
1466.962565721  1.602024E-13
1468.41018022856  1.487637E-13
1469.85779473612  1.276107E-13
1471.30540924368  1.424966E-13
1472.75302375124  1.612266E-13
1474.2006382588  1.434405E-13
1475.64825276636  1.495749E-13
1477.09586727392  1.689963E-13
1478.54348178148  1.984805E-13
1479.99109628904  1.642287E-13
1481.4387107966  1.681404E-13
1482.88632530416  1.717719E-13
1484.33393981172  1.857992E-13
1485.78155431928  1.796527E-13
1487.22916882683  1.648809E-13
1488.67678333439  1.720783E-13
1490.12439784195  1.715082E-13
1491.57201234951  1.679326E-13
1493.01962685707  1.626059E-13
1494.46724136463  1.579406E-13
1495.91485587219  1.525069E-13
1497.36247037975  1.638587E-13
1498.81008488731  1.690521E-13
1500.25769939487  1.678466E-13
1501.70531390243  1.536482E-13
1503.15292840999  1.651207E-13
1504.60054291755  1.755289E-13
1506.04815742511  1.779155E-13
1507.49577193267  1.557781E-13
1508.94338644023  1.516279E-13
1510.39100094779  1.736540E-13
1511.83861545535  1.795669E-13
1513.28622996291  1.695464E-13
1514.73384447047  1.682535E-13
1516.18145897803  2.028453E-13
1517.62907348559  2.047408E-13
1519.07668799315  1.946564E-13
1520.52430250071  2.124342E-13
1521.97191700827  2.301608E-13
1523.41953151583  2.074589E-13
1524.86714602339  2.031671E-13
1526.31476053095  1.991882E-13
1527.76237503851  2.174157E-13
1529.20998954607  2.126237E-13
1530.65760405363  2.150279E-13
1532.10521856119  2.304649E-13
1533.55283306875  2.620594E-13
1535.00044757631  2.617446E-13
1536.44806208387  2.802316E-13
1537.89567659143  3.001687E-13
1539.34329109899  3.142680E-13
1540.79090560655  3.370479E-13
1542.23852011411  3.658024E-13
1543.68613462167  3.664967E-13
1545.13374912923  3.831785E-13
1546.58136363679  3.612483E-13
1548.02897814435  3.020858E-13
1549.47659265191  3.231657E-13
1550.92420715947  3.264633E-13
1552.37182166703  3.370570E-13
1553.81943617459  3.245696E-13
1555.26705068215  2.915318E-13
1556.71466518971  2.716001E-13
1558.16227969727  2.516933E-13
1559.60989420483  2.142719E-13
1561.05750871239  1.885551E-13
1562.50512321995  2.072011E-13
1563.95273772751  2.218046E-13
1565.40035223507  2.131045E-13
1566.84796674263  2.018663E-13
1568.29558125019  2.129373E-13
1569.74319575775  2.009941E-13
1571.19081026531  1.893375E-13
1572.63842477287  1.876165E-13
1574.08603928043  1.831264E-13
1575.53365378799  1.725863E-13
1576.98126829555  1.732437E-13
1578.4288828031  1.878989E-13
1579.87649731066  1.851939E-13
1581.32411181822  1.958314E-13
1582.77172632578  2.016683E-13
1584.21934083334  1.893327E-13
1585.6669553409  1.786505E-13
1587.11456984846  1.757332E-13
1588.56218435602  1.762483E-13
1590.00979886358  1.833577E-13
1591.45741337114  1.703166E-13
1592.9050278787  1.560012E-13
1594.35264238626  1.521441E-13
1595.80025689382  1.590720E-13
1597.24787140138  1.456716E-13
1598.69548590894  1.491630E-13
1600.1431004165  1.590048E-13
1601.59071492406  1.612273E-13
1603.03832943162  1.764396E-13
1604.48594393918  1.783393E-13
1605.93355844674  1.665129E-13
1607.3811729543  1.686391E-13
1608.82878746186  1.653128E-13
1610.27640196942  1.676338E-13
1611.72401647698  1.734297E-13
1613.17163098454  1.813078E-13
1614.6192454921  1.822581E-13
1616.06685999966  1.892146E-13
1617.51447450722  1.768694E-13
1618.96208901478  1.707369E-13
1620.40970352234  1.696732E-13
1621.8573180299  1.662565E-13
1623.30493253746  1.776178E-13
1624.75254704502  1.782405E-13
1626.20016155258  1.701070E-13
1627.64777606014  1.757856E-13
1629.0953905677  1.743584E-13
1630.54300507526  1.922701E-13
1631.99061958282  1.883397E-13
1633.43823409038  1.845954E-13
1634.88584859794  1.828973E-13
1636.3334631055  1.808881E-13
1637.78107761306  1.718646E-13
1639.22869212062  1.738787E-13
1640.67630662818  1.714950E-13
1642.12392113574  1.803441E-13
1643.5715356433  1.820519E-13
1645.01915015086  1.743594E-13
1646.46676465842  1.758738E-13
1647.91437916598  1.724118E-13
1649.36199367354  1.658126E-13
1650.8096081811  1.553109E-13
1652.25722268866  1.608369E-13
1653.70483719622  1.517177E-13
1655.15245170378  1.449945E-13
1656.60006621134  1.535796E-13
1658.0476807189  1.526731E-13
1659.49529522646  1.625982E-13
1660.94290973402  1.676739E-13
1662.39052424158  1.797307E-13
1663.83813874914  1.782699E-13
1665.2857532567  1.709740E-13
1666.73336776426  1.697929E-13
1668.18098227181  1.691855E-13
1669.62859677938  1.627957E-13
1671.07621128693  1.568840E-13
1672.52382579449  1.610928E-13
1673.97144030205  1.544399E-13
1675.41905480961  1.590848E-13
1676.86666931717  1.617788E-13
1678.31428382473  1.622811E-13
1679.76189833229  1.557068E-13
1681.20951283985  1.536830E-13
1682.65712734741  1.511843E-13
1684.10474185497  1.463661E-13
1685.55235636253  1.418360E-13
1686.99997087009  1.495669E-13
1688.44758537765  1.507878E-13
1689.89519988521  1.460585E-13
1691.34281439277  1.389857E-13
1692.79042890033  1.322762E-13
1694.23804340789  1.274994E-13
1695.68565791545  1.323180E-13
1697.13327242301  1.363543E-13
1698.58088693057  1.366886E-13
1700.02850143813  1.334064E-13
1701.47611594569  1.358535E-13
1702.92373045325  1.364594E-13
1704.37134496081  1.361613E-13
1705.81895946837  1.385873E-13
1707.26657397593  1.375208E-13
1708.71418848349  1.410579E-13
1710.16180299105  0.
1711.60941749861  0.
1713.05703200617  0.
1714.50464651373  0.
1715.95226102129  0.
1717.39987552885  0.
1718.84749003641  0.
1720.29510454397  0.
1721.74271905153  0.
1723.19033355909  0.
1724.63794806665  0.
1726.08556257421  0.
1727.53317708177  0.
1728.98079158933  0.
1730.42840609689  0.
1731.87602060445  0.
1733.32363511201  0.
1734.77124961957  0.
1736.21886412713  0.
1737.66647863469  0.
1739.11409314225  0.
1740.56170764981  0.
1742.00932215737  0.
1743.45693666493  0.
1744.90455117249  0.
1746.35216568005  0.
1747.79978018761  0.
1749.24739469517  0.
1750.69500920273  0.
1752.14262371029  0.
1753.59023821785  0.
1755.03785272541  0.
1756.48546723297  0.
1757.93308174053  0.
1759.38069624809  0.
1760.82831075565  0.
1762.27592526321  0.
1763.72353977076  0.
1765.17115427832  0.
1766.61876878588  0.
1768.06638329344  0.
1769.513997801  0.
1770.96161230856  0.
1772.40922681612  0.
1773.85684132368  0.
1775.30445583124  0.
1776.7520703388  0.
1778.19968484636  0.
1779.64729935392  0.
1781.09491386148  0.
1782.54252836904  0.
1783.9901428766  0.
1785.43775738416  0.
1786.88537189172  0.
1788.33298639928  0.
1789.78060090684  0.
1791.2282154144  0.
1792.67582992196  0.
1794.12344442952  0.
1795.57105893708  0.
1797.01867344464  0.
1798.4662879522  0.
1799.91390245976  0.
1801.36151696732  0.
1802.80913147488  0.
1804.25674598244  0.
1805.70436049  0.
1807.15197499756  0.
1808.59958950512  0.
1810.04720401268  0.
1811.49481852024  0.
1812.9424330278  0.
1814.39004753536  0.
1815.83766204292  0.
1817.28527655048  0.
1818.73289105804  0.
1820.1805055656  0.
1821.62812007316  0.
1823.07573458072  0.
1824.52334908828  0.
1825.97096359584  0.
1827.4185781034  0.
1828.86619261096  0.
1830.31380711852  0.
1831.76142162608  0.
