906.735751295338  0.
908.183365802898  0.
909.630980310458  0.
911.078594818018  0.
912.526209325578  0.
913.973823833137  0.
915.421438340697  0.
916.869052848257  0.
918.316667355817  0.
919.764281863377  0.
921.211896370937  0.
922.659510878497  0.
924.107125386056  0.
925.554739893616  0.
927.002354401176  0.
928.449968908736  0.
929.897583416296  0.
931.345197923856  0.
932.792812431415  0.
934.240426938975  0.
935.688041446535  0.
937.135655954095  0.
938.583270461655  0.
940.030884969215  0.
941.478499476774  0.
942.926113984334  0.
944.373728491894  0.
945.821342999454  0.
947.268957507014  0.
948.716572014574  0.
950.164186522133  0.
951.611801029693  0.
953.059415537253  0.
954.507030044813  0.
955.954644552373  0.
957.402259059933  0.
958.849873567493  0.
960.297488075052  0.
961.745102582612  0.
963.192717090172  0.
964.640331597732  0.
966.087946105292  0.
967.535560612852  0.
968.983175120411  0.
970.430789627971  0.
971.878404135531  0.
973.326018643091  0.
974.773633150651  0.
976.221247658211  0.
977.668862165771  0.
979.11647667333  0.
980.56409118089  0.
982.01170568845  0.
983.45932019601  0.
984.90693470357  0.
986.35454921113  0.
987.802163718689  0.
989.249778226249  0.
990.697392733809  0.
992.145007241369  0.
993.592621748929  1.694837E-14
995.040236256489  1.270942E-14
996.487850764048  -5.700983E-14
997.935465271608  1.370019E-14
999.383079779168  -1.305366E-14
1000.83069428673  2.254655E-14
1002.27830879429  1.562977E-14
1003.72592330185  -1.660796E-16
1005.17353780941  1.319175E-15
1006.62115231697  9.720565E-15
1008.06876682453  1.349462E-14
1009.51638133209  6.274437E-15
1010.96399583965  2.516835E-14
1012.41161034721  4.907230E-14
1013.85922485477  1.216958E-14
1015.30683936233  3.704700E-14
1016.75445386989  4.259888E-14
1018.20206837745  3.341615E-14
1019.64968288501  3.054993E-14
1021.09729739257  2.064147E-14
1022.54491190013  3.968297E-14
1023.99252640769  4.225089E-14
1025.44014091525  2.755717E-14
1026.8877554228  2.486858E-14
1028.33536993037  1.431634E-14
1029.78298443792  2.421881E-14
1031.23059894548  2.143061E-14
1032.67821345304  1.476548E-14
1034.1258279606  1.975493E-14
1035.57344246816  3.806596E-14
1037.02105697572  1.608518E-14
1038.46867148328  3.068721E-14
1039.91628599084  5.613390E-14
1041.3639004984  1.549839E-13
1042.81151500596  3.556199E-13
1044.25912951352  2.021415E-13
1045.70674402108  1.307431E-13
1047.15435852864  1.661991E-13
1048.6019730362  1.418291E-13
1050.04958754376  1.356648E-13
1051.49720205132  9.152263E-14
1052.94481655888  1.385086E-13
1054.39243106644  3.198113E-13
1055.840045574  1.272105E-13
1057.28766008156  1.347802E-14
1058.73527458912  1.654547E-15
1060.18288909668  4.841216E-15
1061.63050360424  -1.710021E-16
1063.0781181118  -2.515530E-15
1064.52573261936  1.272860E-15
1065.97334712692  -9.598614E-16
1067.42096163448  2.046278E-16
1068.86857614204  -2.956332E-15
1070.3161906496  -1.718423E-15
1071.76380515716  2.550502E-15
1073.21141966472  2.183545E-15
1074.65903417228  -9.577182E-17
1076.10664867984  4.702026E-15
1077.5542631874  3.010911E-15
1079.00187769496  -6.982226E-17
1080.44949220252  -3.513411E-15
1081.89710671008  -1.525379E-15
1083.34472121764  2.049842E-15
1084.7923357252  -8.934504E-16
1086.23995023276  -4.776959E-16
1087.68756474032  -5.633860E-16
1089.13517924788  7.456421E-16
1090.58279375544  -2.437068E-15
1092.030408263  3.558670E-15
1093.47802277056  -2.130678E-15
1094.92563727812  -3.243979E-15
1096.37325178568  -4.029042E-15
1097.82086629324  -6.523908E-16
1099.2684808008  2.977936E-15
1100.71609530836  5.050743E-17
1102.16370981592  1.178957E-15
1103.61132432348  -6.466895E-17
1105.05893883104  2.466066E-15
1106.5065533386  4.831595E-15
1107.95416784616  1.588618E-15
1109.40178235372  8.372694E-16
1110.84939686128  -8.382884E-16
1112.29701136884  1.756079E-15
1113.7446258764  5.302704E-15
1115.19224038396  1.564348E-15
1116.63985489152  -2.273820E-15
1118.08746939908  -5.797828E-15
1119.53508390664  -4.677756E-15
1120.98269841419  1.670887E-15
1122.43031292175  7.447859E-16
1123.87792742931  2.798915E-16
1125.32554193687  2.849439E-16
1126.77315644443  -1.088675E-15
1128.22077095199  1.037689E-15
1129.66838545955  -2.448576E-15
1131.11599996711  -5.428233E-16
1132.56361447467  -2.193718E-16
1134.01122898223  -5.381698E-16
1135.45884348979  4.627750E-16
1136.90645799735  6.846191E-16
1138.35407250491  1.923041E-15
1139.80168701247  2.875165E-15
1141.24930152003  -1.238965E-17
1142.69691602759  -1.719890E-15
1144.14453053515  2.010967E-15
1145.59214504271  2.229430E-15
1147.03975955027  -5.046324E-16
1148.48737405783  -2.999693E-15
1149.93498856539  -2.207393E-15
1151.38260307295  -4.320242E-16
1152.83021758051  1.199416E-15
1154.27783208807  1.121436E-15
1155.72544659563  1.166505E-16
1157.17306110319  -1.689016E-15
1158.62067561075  -2.786621E-16
1160.06829011831  -3.823764E-16
1161.51590462587  -5.943795E-15
1162.96351913343  -1.956660E-15
1164.41113364099  -5.339740E-15
1165.85874814855  -3.994165E-15
1167.30636265611  -1.483411E-15
1168.75397716367  -1.860544E-15
1170.20159167123  6.210372E-16
1171.64920617879  2.695705E-15
1173.09682068635  2.078220E-16
1174.54443519391  -3.980001E-16
1175.99204970147  -1.681582E-15
1177.43966420903  1.911612E-16
1178.88727871659  2.303038E-16
1180.33489322415  -2.696872E-15
1181.78250773171  -4.604804E-15
1183.23012223927  -7.120012E-17
1184.67773674683  -1.628624E-15
1186.12535125439  -2.679900E-15
1187.57296576195  -2.251422E-15
1189.02058026951  -7.984921E-16
1190.46819477707  -3.187587E-15
1191.91580928463  -2.622413E-15
1193.36342379219  -5.364638E-16
1194.81103829975  -1.581100E-16
1196.25865280731  -3.583057E-15
1197.70626731487  -4.164554E-15
1199.15388182243  -1.261243E-15
1200.60149632999  2.606037E-16
1202.04911083755  -1.466389E-15
1203.49672534511  4.234049E-16
1204.94433985267  -4.379726E-15
1206.39195436023  6.287159E-16
1207.83956886779  4.203927E-15
1209.28718337535  1.171620E-15
1210.7347978829  -3.348295E-15
1212.18241239046  1.685929E-15
1213.63002689802  4.387555E-15
1215.07764140558  -1.992230E-15
1216.52525591314  1.129502E-14
1217.9728704207  1.351915E-14
1219.42048492826  -5.088988E-16
1220.86809943582  -4.557571E-16
1222.31571394338  -4.090652E-15
1223.76332845094  -2.395211E-15
1225.2109429585  6.421451E-16
1226.65855746606  -4.045630E-15
1228.10617197362  -2.712604E-15
1229.55378648118  -1.501663E-15
1231.00140098874  6.932886E-16
1232.4490154963  6.163049E-16
1233.89663000386  -2.426915E-15
1235.34424451142  -4.285180E-15
1236.79185901898  -2.480589E-15
1238.23947352654  9.131279E-16
1239.6870880341  -5.638446E-15
1241.13470254166  -4.132871E-16
1242.58231704922  -4.185364E-16
1244.02993155678  3.057322E-16
1245.47754606434  4.203389E-18
1246.9251605719  -3.223408E-15
1248.37277507946  -2.166038E-15
1249.82038958702  -3.075259E-15
1251.26800409458  1.497486E-15
1252.71561860214  -3.250510E-15
1254.1632331097  -1.690479E-15
1255.61084761726  -3.796076E-15
1257.05846212482  1.827541E-15
1258.50607663238  -4.756973E-15
1259.95369113994  -1.117317E-15
1261.4013056475  -5.515619E-15
1262.84892015506  -7.228318E-15
1264.29653466262  -4.012527E-15
1265.74414917018  2.124479E-15
1267.19176367774  -1.724878E-15
1268.6393781853  -8.739846E-15
1270.08699269286  -1.594459E-15
1271.53460720042  1.644242E-15
1272.98222170798  8.313343E-16
1274.42983621554  3.497968E-15
1275.8774507231  -2.621923E-15
1277.32506523066  -4.120418E-15
1278.77267973822  5.146904E-16
1280.22029424578  -4.211000E-15
1281.66790875334  -2.903498E-15
1283.1155232609  7.652922E-16
1284.56313776846  -2.556868E-15
1286.01075227602  -8.419718E-16
1287.45836678358  4.845697E-15
1288.90598129114  2.043316E-15
1290.3535957987  4.610171E-15
1291.80121030626  6.309207E-15
1293.24882481382  5.043266E-15
1294.69643932138  1.653958E-15
1296.14405382894  3.176888E-15
1297.5916683365  -4.915308E-15
1299.03928284406  -1.706590E-15
1300.48689735162  -3.326051E-15
1301.93451185917  -1.029175E-15
1303.38212636674  -5.606013E-15
1304.82974087429  -4.185378E-15
1306.27735538185  8.990880E-15
1307.72496988941  5.462205E-15
1309.17258439697  -1.007366E-15
1310.62019890453  1.317916E-15
1312.06781341209  3.758868E-15
1313.51542791965  -2.249359E-15
1314.96304242721  4.675897E-15
1316.41065693477  -1.727749E-15
1317.85827144233  -5.795368E-15
1319.30588594989  -7.631977E-16
1320.75350045745  7.306184E-16
1322.20111496501  3.689649E-15
1323.64872947257  1.336859E-15
1325.09634398013  2.337034E-15
1326.54395848769  8.889670E-15
1327.99157299525  5.300616E-15
1329.43918750281  -8.402572E-16
1330.88680201037  8.878827E-15
1332.33441651793  2.918214E-15
1333.78203102549  2.941087E-15
1335.22964553305  4.621744E-15
1336.67726004061  6.813493E-15
1338.12487454817  6.160223E-15
1339.57248905573  6.167701E-15
1341.02010356329  -1.296572E-15
1342.46771807085  5.469397E-15
1343.91533257841  8.878927E-15
1345.36294708597  1.253668E-14
1346.81056159353  8.267772E-15
1348.25817610109  5.857077E-15
1349.70579060865  -3.177711E-16
1351.15340511621  1.146627E-16
1352.60101962377  -6.256958E-16
1354.04863413133  2.111207E-15
1355.49624863889  1.072173E-14
1356.94386314645  4.571374E-16
1358.39147765401  6.625051E-16
1359.83909216157  4.916136E-15
1361.28670666913  -2.002136E-16
1362.73432117669  1.967731E-15
1364.18193568425  -1.431069E-15
1365.62955019181  4.523627E-15
1367.07716469937  4.160893E-15
1368.52477920693  -4.566125E-16
1369.97239371449  -1.681321E-15
1371.42000822205  2.832982E-15
1372.86762272961  3.207763E-15
1374.31523723717  -4.131110E-15
1375.76285174473  -1.948056E-15
1377.21046625229  -1.742634E-15
1378.65808075985  -3.567510E-15
1380.10569526741  -3.721042E-15
1381.55330977497  -2.019028E-15
1383.00092428253  -4.742605E-16
1384.44853879009  4.867144E-15
1385.89615329765  -8.212894E-16
1387.34376780521  -5.658822E-15
1388.79138231277  -1.761081E-15
1390.23899682033  -3.866663E-16
1391.68661132789  1.077594E-14
1393.13422583545  4.467217E-15
1394.581840343  4.393779E-15
1396.02945485057  8.568549E-16
1397.47706935812  -3.810806E-15
1398.92468386568  -2.451212E-15
1400.37229837324  -3.038901E-15
1401.8199128808  -4.889444E-15
1403.26752738836  3.325533E-17
1404.71514189592  -1.578511E-16
1406.16275640348  3.587446E-15
1407.61037091104  -3.530863E-15
1409.0579854186  1.291969E-15
1410.50559992616  -3.424009E-15
1411.95321443372  -1.500903E-15
1413.40082894128  1.177658E-14
1414.84844344884  1.142324E-14
1416.2960579564  -2.363335E-15
1417.74367246396  5.963584E-16
1419.19128697152  -1.755122E-17
1420.63890147908  1.032737E-15
1422.08651598664  -1.649492E-15
1423.5341304942  -5.096688E-15
1424.98174500176  -5.937869E-15
1426.42935950932  1.398063E-15
1427.87697401688  -2.936915E-15
1429.32458852444  1.136253E-15
1430.772203032  -2.800386E-16
1432.21981753956  4.224425E-16
1433.66743204712  4.121851E-15
1435.11504655468  3.740196E-15
1436.56266106224  7.416403E-15
1438.0102755698  6.973935E-16
1439.45789007736  5.227847E-16
1440.90550458492  4.703670E-16
1442.35311909248  -1.552103E-15
1443.80073360004  9.456556E-16
1445.2483481076  -2.865859E-16
1446.69596261516  -2.209744E-15
1448.14357712272  -3.937258E-15
1449.59119163028  -7.124871E-15
1451.03880613784  -2.401331E-16
1452.4864206454  2.352694E-15
1453.93403515296  -5.447499E-15
1455.38164966052  -3.154423E-15
1456.82926416808  -1.950684E-15
1458.27687867564  -5.121323E-16
1459.7244931832  -9.820044E-16
1461.17210769076  -6.000679E-15
1462.61972219832  -4.086082E-16
1464.06733670588  5.484601E-15
1465.51495121344  -8.614637E-17
1466.962565721  -2.825715E-15
1468.41018022856  -1.472298E-15
1469.85779473612  -2.287157E-15
1471.30540924368  1.236760E-16
1472.75302375124  -3.673349E-15
1474.2006382588  -9.379665E-16
1475.64825276636  -1.031915E-15
1477.09586727392  -1.775546E-15
1478.54348178148  -6.324337E-16
1479.99109628904  1.431821E-16
1481.4387107966  1.474967E-15
1482.88632530416  6.142519E-15
1484.33393981172  5.877072E-15
1485.78155431928  7.930424E-16
1487.22916882683  1.703964E-16
1488.67678333439  1.651246E-15
1490.12439784195  3.803232E-15
1491.57201234951  -1.023740E-15
1493.01962685707  9.069190E-16
1494.46724136463  5.945262E-15
1495.91485587219  8.316081E-15
1497.36247037975  3.353767E-15
1498.81008488731  4.043663E-15
1500.25769939487  4.094508E-15
1501.70531390243  5.612185E-15
1503.15292840999  5.678550E-16
1504.60054291755  3.813445E-15
1506.04815742511  6.511641E-15
1507.49577193267  9.632786E-15
1508.94338644023  8.491344E-15
1510.39100094779  1.486675E-14
1511.83861545535  8.642516E-15
1513.28622996291  6.075268E-15
1514.73384447047  6.694525E-15
1516.18145897803  2.599800E-15
1517.62907348559  4.039792E-15
1519.07668799315  6.265946E-15
1520.52430250071  2.264100E-15
1521.97191700827  2.015871E-15
1523.41953151583  -3.759735E-16
1524.86714602339  1.549430E-16
1526.31476053095  -6.071171E-17
1527.76237503851  5.026987E-16
1529.20998954607  -5.330623E-16
1530.65760405363  1.759937E-15
1532.10521856119  1.324361E-15
1533.55283306875  1.885424E-15
1535.00044757631  9.580827E-16
1536.44806208387  -2.351529E-15
1537.89567659143  8.254739E-16
1539.34329109899  -8.146482E-17
1540.79090560655  1.648864E-15
1542.23852011411  6.583987E-16
1543.68613462167  6.015636E-16
1545.13374912923  5.276062E-15
1546.58136363679  3.564284E-15
1548.02897814435  2.103295E-15
1549.47659265191  3.508264E-15
1550.92420715947  1.763592E-15
1552.37182166703  -6.759006E-16
1553.81943617459  -2.209192E-16
1555.26705068215  2.273381E-15
1556.71466518971  3.167789E-16
1558.16227969727  -3.368102E-16
1559.60989420483  3.435872E-16
1561.05750871239  1.922300E-15
1562.50512321995  -1.144917E-15
1563.95273772751  -8.701634E-16
1565.40035223507  -1.476119E-15
1566.84796674263  -2.985816E-16
1568.29558125019  8.730498E-16
1569.74319575775  -1.569408E-16
1571.19081026531  -1.696876E-15
1572.63842477287  1.366389E-16
1574.08603928043  1.383648E-16
1575.53365378799  -1.071744E-16
1576.98126829555  1.317327E-16
1578.4288828031  6.748768E-17
1579.87649731066  2.285628E-16
1581.32411181822  1.772755E-16
1582.77172632578  2.921168E-16
1584.21934083334  1.031359E-15
1585.6669553409  1.574881E-15
1587.11456984846  2.099762E-15
1588.56218435602  1.122175E-15
1590.00979886358  -8.083705E-16
1591.45741337114  -7.524146E-16
1592.9050278787  1.072610E-15
1594.35264238626  2.770916E-15
1595.80025689382  3.279726E-15
1597.24787140138  7.617881E-16
1598.69548590894  -1.779319E-15
1600.1431004165  -1.932222E-15
1601.59071492406  -1.813357E-15
1603.03832943162  -1.154942E-15
1604.48594393918  -1.434746E-15
1605.93355844674  -4.937358E-16
1607.3811729543  8.545508E-16
1608.82878746186  3.518457E-16
1610.27640196942  -5.793023E-17
1611.72401647698  5.266186E-16
1613.17163098454  1.360259E-15
1614.6192454921  1.663675E-15
1616.06685999966  8.861867E-16
1617.51447450722  1.603506E-15
1618.96208901478  1.953550E-15
1620.40970352234  1.848102E-15
1621.8573180299  1.334418E-15
1623.30493253746  -9.350905E-16
1624.75254704502  -1.186057E-15
1626.20016155258  -6.703614E-16
1627.64777606014  4.167187E-16
1629.0953905677  1.881207E-15
1630.54300507526  1.576162E-15
1631.99061958282  1.073740E-15
1633.43823409038  2.845596E-16
1634.88584859794  -9.986453E-16
1636.3334631055  -4.074245E-16
1637.78107761306  4.483192E-16
1639.22869212062  2.034230E-15
1640.67630662818  1.263662E-15
1642.12392113574  1.659718E-16
1643.5715356433  1.036450E-15
1645.01915015086  1.786426E-15
1646.46676465842  1.634561E-15
1647.91437916598  2.100108E-15
1649.36199367354  2.979787E-15
1650.8096081811  2.506283E-15
1652.25722268866  3.760855E-15
1653.70483719622  3.172221E-15
1655.15245170378  2.896534E-15
1656.60006621134  2.210593E-15
1658.0476807189  5.685555E-16
1659.49529522646  9.365151E-16
1660.94290973402  1.138471E-15
1662.39052424158  1.883046E-15
1663.83813874914  2.433129E-15
1665.2857532567  1.763024E-15
1666.73336776426  1.810680E-15
1668.18098227181  1.172004E-15
1669.62859677938  4.793082E-16
1671.07621128693  -6.397261E-16
1672.52382579449  7.255093E-17
1673.97144030205  9.685476E-16
1675.41905480961  1.400694E-15
1676.86666931717  1.297685E-15
1678.31428382473  2.282833E-15
1679.76189833229  3.342285E-15
1681.20951283985  3.526497E-15
1682.65712734741  3.771073E-15
1684.10474185497  2.336818E-15
1685.55235636253  9.630826E-16
1686.99997087009  -4.173542E-16
1688.44758537765  8.924970E-16
1689.89519988521  2.571747E-15
1691.34281439277  7.022687E-15
1692.79042890033  9.850543E-15
1694.23804340789  9.049409E-15
1695.68565791545  5.336258E-15
1697.13327242301  3.299119E-15
1698.58088693057  1.664402E-15
1700.02850143813  3.292794E-15
1701.47611594569  2.950748E-15
1702.92373045325  2.126810E-15
1704.37134496081  2.464302E-15
1705.81895946837  3.284074E-15
1707.26657397593  2.956738E-15
1708.71418848349  3.948770E-15
1710.16180299105  0.
1711.60941749861  0.
1713.05703200617  0.
1714.50464651373  0.
1715.95226102129  0.
1717.39987552885  0.
1718.84749003641  0.
1720.29510454397  0.
1721.74271905153  0.
1723.19033355909  0.
1724.63794806665  0.
1726.08556257421  0.
1727.53317708177  0.
1728.98079158933  0.
1730.42840609689  0.
1731.87602060445  0.
1733.32363511201  0.
1734.77124961957  0.
1736.21886412713  0.
1737.66647863469  0.
1739.11409314225  0.
1740.56170764981  0.
1742.00932215737  0.
1743.45693666493  0.
1744.90455117249  0.
1746.35216568005  0.
1747.79978018761  0.
1749.24739469517  0.
1750.69500920273  0.
1752.14262371029  0.
1753.59023821785  0.
1755.03785272541  0.
1756.48546723297  0.
1757.93308174053  0.
1759.38069624809  0.
1760.82831075565  0.
1762.27592526321  0.
1763.72353977076  0.
1765.17115427832  0.
1766.61876878588  0.
1768.06638329344  0.
1769.513997801  0.
1770.96161230856  0.
1772.40922681612  0.
1773.85684132368  0.
1775.30445583124  0.
1776.7520703388  0.
1778.19968484636  0.
1779.64729935392  0.
1781.09491386148  0.
1782.54252836904  0.
1783.9901428766  0.
1785.43775738416  0.
1786.88537189172  0.
1788.33298639928  0.
1789.78060090684  0.
1791.2282154144  0.
1792.67582992196  0.
1794.12344442952  0.
1795.57105893708  0.
1797.01867344464  0.
1798.4662879522  0.
1799.91390245976  0.
1801.36151696732  0.
1802.80913147488  0.
1804.25674598244  0.
1805.70436049  0.
1807.15197499756  0.
1808.59958950512  0.
1810.04720401268  0.
1811.49481852024  0.
1812.9424330278  0.
1814.39004753536  0.
1815.83766204292  0.
1817.28527655048  0.
1818.73289105804  0.
1820.1805055656  0.
1821.62812007316  0.
1823.07573458072  0.
1824.52334908828  0.
1825.97096359584  0.
1827.4185781034  0.
1828.86619261096  0.
1830.31380711852  0.
1831.76142162608  0.
