906.735751295338  0.
908.183365802898  0.
909.630980310458  0.
911.078594818018  0.
912.526209325578  0.
913.973823833137  0.
915.421438340697  0.
916.869052848257  0.
918.316667355817  0.
919.764281863377  0.
921.211896370937  0.
922.659510878497  0.
924.107125386056  0.
925.554739893616  0.
927.002354401176  0.
928.449968908736  0.
929.897583416296  0.
931.345197923856  0.
932.792812431415  0.
934.240426938975  0.
935.688041446535  0.
937.135655954095  0.
938.583270461655  0.
940.030884969215  0.
941.478499476774  0.
942.926113984334  0.
944.373728491894  0.
945.821342999454  0.
947.268957507014  0.
948.716572014574  0.
950.164186522133  0.
951.611801029693  0.
953.059415537253  0.
954.507030044813  0.
955.954644552373  0.
957.402259059933  0.
958.849873567493  0.
960.297488075052  0.
961.745102582612  0.
963.192717090172  0.
964.640331597732  0.
966.087946105292  0.
967.535560612852  0.
968.983175120411  0.
970.430789627971  0.
971.878404135531  0.
973.326018643091  0.
974.773633150651  0.
976.221247658211  0.
977.668862165771  0.
979.11647667333  0.
980.56409118089  0.
982.01170568845  0.
983.45932019601  0.
984.90693470357  0.
986.35454921113  0.
987.802163718689  0.
989.249778226249  0.
990.697392733809  0.
992.145007241369  0.
993.592621748929  9.069851E-14
995.040236256489  4.591981E-13
996.487850764048  4.490265E-13
997.935465271608  3.706629E-13
999.383079779168  5.004683E-13
1000.83069428673  2.913922E-13
1002.27830879429  3.827840E-13
1003.72592330185  2.337890E-13
1005.17353780941  2.886254E-13
1006.62115231697  3.327640E-13
1008.06876682453  2.329447E-13
1009.51638133209  3.912637E-13
1010.96399583965  2.825490E-13
1012.41161034721  1.791091E-13
1013.85922485477  2.811136E-13
1015.30683936233  3.297986E-13
1016.75445386989  2.314008E-13
1018.20206837745  3.388591E-13
1019.64968288501  3.456297E-13
1021.09729739257  3.137727E-13
1022.54491190013  3.155589E-13
1023.99252640769  3.323405E-13
1025.44014091525  3.602829E-13
1026.8877554228  3.455308E-13
1028.33536993037  3.790947E-13
1029.78298443792  3.804192E-13
1031.23059894548  3.627508E-13
1032.67821345304  4.171706E-13
1034.1258279606  5.355994E-13
1035.57344246816  4.374786E-13
1037.02105697572  4.331517E-13
1038.46867148328  3.421542E-13
1039.91628599084  3.075949E-13
1041.3639004984  3.190036E-13
1042.81151500596  3.311419E-13
1044.25912951352  3.864401E-13
1045.70674402108  4.848616E-13
1047.15435852864  4.878559E-13
1048.6019730362  4.624410E-13
1050.04958754376  4.866691E-13
1051.49720205132  4.478839E-13
1052.94481655888  4.009837E-13
1054.39243106644  3.961143E-13
1055.840045574  3.328922E-13
1057.28766008156  2.548088E-13
1058.73527458912  2.632333E-13
1060.18288909668  2.461517E-13
1061.63050360424  2.923496E-13
1063.0781181118  2.786050E-13
1064.52573261936  2.682312E-13
1065.97334712692  2.762322E-13
1067.42096163448  2.797669E-13
1068.86857614204  2.759610E-13
1070.3161906496  2.858369E-13
1071.76380515716  2.134542E-13
1073.21141966472  2.628370E-13
1074.65903417228  2.563118E-13
1076.10664867984  3.131480E-13
1077.5542631874  2.958139E-13
1079.00187769496  2.943455E-13
1080.44949220252  2.985993E-13
1081.89710671008  2.268026E-13
1083.34472121764  2.273701E-13
1084.7923357252  2.536879E-13
1086.23995023276  2.435962E-13
1087.68756474032  2.139903E-13
1089.13517924788  2.225809E-13
1090.58279375544  2.371303E-13
1092.030408263  2.269841E-13
1093.47802277056  2.296223E-13
1094.92563727812  2.290492E-13
1096.37325178568  2.192946E-13
1097.82086629324  2.114313E-13
1099.2684808008  2.330506E-13
1100.71609530836  2.207080E-13
1102.16370981592  2.295731E-13
1103.61132432348  2.267958E-13
1105.05893883104  2.406784E-13
1106.5065533386  2.599880E-13
1107.95416784616  2.265654E-13
1109.40178235372  2.576223E-13
1110.84939686128  2.575399E-13
1112.29701136884  2.398053E-13
1113.7446258764  2.178862E-13
1115.19224038396  2.292090E-13
1116.63985489152  2.489540E-13
1118.08746939908  2.426980E-13
1119.53508390664  2.359393E-13
1120.98269841419  2.231728E-13
1122.43031292175  2.343830E-13
1123.87792742931  2.134460E-13
1125.32554193687  2.060361E-13
1126.77315644443  2.033978E-13
1128.22077095199  2.155381E-13
1129.66838545955  2.142404E-13
1131.11599996711  2.573341E-13
1132.56361447467  2.423658E-13
1134.01122898223  2.344582E-13
1135.45884348979  2.217581E-13
1136.90645799735  2.484327E-13
1138.35407250491  2.352716E-13
1139.80168701247  2.221214E-13
1141.24930152003  2.037043E-13
1142.69691602759  2.037358E-13
1144.14453053515  2.093701E-13
1145.59214504271  2.303596E-13
1147.03975955027  2.195111E-13
1148.48737405783  2.135466E-13
1149.93498856539  2.336377E-13
1151.38260307295  2.255988E-13
1152.83021758051  1.873575E-13
1154.27783208807  1.989083E-13
1155.72544659563  2.094590E-13
1157.17306110319  2.270838E-13
1158.62067561075  2.108067E-13
1160.06829011831  2.048127E-13
1161.51590462587  2.184237E-13
1162.96351913343  2.141180E-13
1164.41113364099  2.128797E-13
1165.85874814855  2.150905E-13
1167.30636265611  2.187333E-13
1168.75397716367  2.077765E-13
1170.20159167123  2.298476E-13
1171.64920617879  2.405052E-13
1173.09682068635  2.640471E-13
1174.54443519391  2.566658E-13
1175.99204970147  2.695407E-13
1177.43966420903  2.390361E-13
1178.88727871659  2.349300E-13
1180.33489322415  2.281514E-13
1181.78250773171  2.609253E-13
1183.23012223927  2.332108E-13
1184.67773674683  2.391556E-13
1186.12535125439  2.874889E-13
1187.57296576195  2.732196E-13
1189.02058026951  2.778571E-13
1190.46819477707  3.079533E-13
1191.91580928463  2.989629E-13
1193.36342379219  3.159821E-13
1194.81103829975  3.449331E-13
1196.25865280731  3.380689E-13
1197.70626731487  3.451763E-13
1199.15388182243  3.617263E-13
1200.60149632999  3.890385E-13
1202.04911083755  3.596279E-13
1203.49672534511  3.548324E-13
1204.94433985267  4.067613E-13
1206.39195436023  5.460852E-13
1207.83956886779  6.087744E-13
1209.28718337535  6.766134E-13
1210.7347978829  7.132935E-13
1212.18241239046  8.745536E-13
1213.63002689802  9.409129E-13
1215.07764140558  8.834919E-13
1216.52525591314  8.817274E-13
1217.9728704207  8.225828E-13
1219.42048492826  7.302507E-13
1220.86809943582  6.469446E-13
1222.31571394338  5.961475E-13
1223.76332845094  4.570258E-13
1225.2109429585  4.392389E-13
1226.65855746606  4.264442E-13
1228.10617197362  4.377750E-13
1229.55378648118  3.688218E-13
1231.00140098874  3.732320E-13
1232.4490154963  3.860495E-13
1233.89663000386  4.179518E-13
1235.34424451142  4.342208E-13
1236.79185901898  4.019092E-13
1238.23947352654  3.553642E-13
1239.6870880341  3.815397E-13
1241.13470254166  3.205292E-13
1242.58231704922  3.653720E-13
1244.02993155678  3.064608E-13
1245.47754606434  3.012516E-13
1246.9251605719  3.054631E-13
1248.37277507946  2.712387E-13
1249.82038958702  2.518206E-13
1251.26800409458  2.625300E-13
1252.71561860214  2.817550E-13
1254.1632331097  2.665376E-13
1255.61084761726  2.505103E-13
1257.05846212482  2.986042E-13
1258.50607663238  2.976809E-13
1259.95369113994  3.051127E-13
1261.4013056475  2.763484E-13
1262.84892015506  2.515677E-13
1264.29653466262  2.423841E-13
1265.74414917018  2.309034E-13
1267.19176367774  2.346190E-13
1268.6393781853  2.226154E-13
1270.08699269286  2.262344E-13
1271.53460720042  2.340719E-13
1272.98222170798  2.426896E-13
1274.42983621554  1.859625E-13
1275.8774507231  2.148405E-13
1277.32506523066  2.351083E-13
1278.77267973822  2.491970E-13
1280.22029424578  1.841107E-13
1281.66790875334  2.031840E-13
1283.1155232609  1.949838E-13
1284.56313776846  1.924971E-13
1286.01075227602  1.799689E-13
1287.45836678358  1.991152E-13
1288.90598129114  1.996223E-13
1290.3535957987  1.981687E-13
1291.80121030626  2.233488E-13
1293.24882481382  2.021013E-13
1294.69643932138  1.822439E-13
1296.14405382894  1.910123E-13
1297.5916683365  2.052884E-13
1299.03928284406  1.714243E-13
1300.48689735162  1.991253E-13
1301.93451185917  2.107472E-13
1303.38212636674  2.018609E-13
1304.82974087429  2.214469E-13
1306.27735538185  2.022194E-13
1307.72496988941  2.350143E-13
1309.17258439697  1.857503E-13
1310.62019890453  1.822456E-13
1312.06781341209  2.099838E-13
1313.51542791965  2.002046E-13
1314.96304242721  1.840946E-13
1316.41065693477  1.686315E-13
1317.85827144233  1.497478E-13
1319.30588594989  1.388645E-13
1320.75350045745  1.813986E-13
1322.20111496501  1.772808E-13
1323.64872947257  1.991710E-13
1325.09634398013  2.105419E-13
1326.54395848769  2.258695E-13
1327.99157299525  1.945313E-13
1329.43918750281  1.956686E-13
1330.88680201037  2.001937E-13
1332.33441651793  2.017384E-13
1333.78203102549  1.908418E-13
1335.22964553305  1.582129E-13
1336.67726004061  1.760245E-13
1338.12487454817  1.405487E-13
1339.57248905573  1.704900E-13
1341.02010356329  1.771615E-13
1342.46771807085  1.732439E-13
1343.91533257841  1.679953E-13
1345.36294708597  1.944032E-13
1346.81056159353  1.787815E-13
1348.25817610109  1.632521E-13
1349.70579060865  1.564309E-13
1351.15340511621  1.893372E-13
1352.60101962377  1.923612E-13
1354.04863413133  1.822537E-13
1355.49624863889  1.904882E-13
1356.94386314645  1.861038E-13
1358.39147765401  1.625904E-13
1359.83909216157  1.714255E-13
1361.28670666913  1.945793E-13
1362.73432117669  2.250019E-13
1364.18193568425  1.924552E-13
1365.62955019181  1.784744E-13
1367.07716469937  1.751906E-13
1368.52477920693  1.903484E-13
1369.97239371449  2.040840E-13
1371.42000822205  1.709733E-13
1372.86762272961  1.889755E-13
1374.31523723717  1.937455E-13
1375.76285174473  1.554341E-13
1377.21046625229  1.536106E-13
1378.65808075985  1.708256E-13
1380.10569526741  2.042696E-13
1381.55330977497  1.795114E-13
1383.00092428253  1.669598E-13
1384.44853879009  1.678241E-13
1385.89615329765  1.633287E-13
1387.34376780521  1.718201E-13
1388.79138231277  2.096152E-13
1390.23899682033  1.938300E-13
1391.68661132789  2.060168E-13
1393.13422583545  2.367332E-13
1394.581840343  2.184224E-13
1396.02945485057  2.150664E-13
1397.47706935812  2.002437E-13
1398.92468386568  1.869070E-13
1400.37229837324  2.253766E-13
1401.8199128808  2.421436E-13
1403.26752738836  2.379930E-13
1404.71514189592  2.128970E-13
1406.16275640348  2.139471E-13
1407.61037091104  1.954604E-13
1409.0579854186  1.812645E-13
1410.50559992616  2.095899E-13
1411.95321443372  2.036907E-13
1413.40082894128  2.111622E-13
1414.84844344884  1.727723E-13
1416.2960579564  1.620005E-13
1417.74367246396  1.974598E-13
1419.19128697152  1.981105E-13
1420.63890147908  1.876314E-13
1422.08651598664  1.550323E-13
1423.5341304942  1.729487E-13
1424.98174500176  1.588113E-13
1426.42935950932  1.776213E-13
1427.87697401688  1.899587E-13
1429.32458852444  2.065095E-13
1430.772203032  1.980416E-13
1432.21981753956  1.770350E-13
1433.66743204712  1.970229E-13
1435.11504655468  1.991438E-13
1436.56266106224  1.970063E-13
1438.0102755698  2.135334E-13
1439.45789007736  1.762715E-13
1440.90550458492  1.473457E-13
1442.35311909248  1.435707E-13
1443.80073360004  1.362247E-13
1445.2483481076  1.511324E-13
1446.69596261516  1.517633E-13
1448.14357712272  1.481206E-13
1449.59119163028  1.634789E-13
1451.03880613784  1.324945E-13
1452.4864206454  1.554242E-13
1453.93403515296  1.740602E-13
1455.38164966052  1.652880E-13
1456.82926416808  1.607080E-13
1458.27687867564  1.554377E-13
1459.7244931832  1.584486E-13
1461.17210769076  1.643036E-13
1462.61972219832  1.688555E-13
1464.06733670588  1.685825E-13
1465.51495121344  1.814077E-13
1466.962565721  1.830003E-13
1468.41018022856  1.594256E-13
1469.85779473612  1.701489E-13
1471.30540924368  1.922650E-13
1472.75302375124  1.604148E-13
1474.2006382588  1.461266E-13
1475.64825276636  1.467232E-13
1477.09586727392  1.476752E-13
1478.54348178148  1.576851E-13
1479.99109628904  1.685345E-13
1481.4387107966  1.550744E-13
1482.88632530416  1.716479E-13
1484.33393981172  1.740431E-13
1485.78155431928  1.614959E-13
1487.22916882683  1.420783E-13
1488.67678333439  1.609636E-13
1490.12439784195  1.653618E-13
1491.57201234951  1.652096E-13
1493.01962685707  1.631631E-13
1494.46724136463  1.541704E-13
1495.91485587219  1.695009E-13
1497.36247037975  1.566660E-13
1498.81008488731  1.609951E-13
1500.25769939487  1.730587E-13
1501.70531390243  1.591195E-13
1503.15292840999  1.714838E-13
1504.60054291755  1.736424E-13
1506.04815742511  1.752323E-13
1507.49577193267  1.810819E-13
1508.94338644023  1.579307E-13
1510.39100094779  1.943330E-13
1511.83861545535  1.810225E-13
1513.28622996291  1.782148E-13
1514.73384447047  1.632119E-13
1516.18145897803  1.746310E-13
1517.62907348559  1.847451E-13
1519.07668799315  1.918797E-13
1520.52430250071  1.770642E-13
1521.97191700827  1.961552E-13
1523.41953151583  1.981917E-13
1524.86714602339  2.041878E-13
1526.31476053095  2.210946E-13
1527.76237503851  2.166986E-13
1529.20998954607  2.244935E-13
1530.65760405363  2.172468E-13
1532.10521856119  2.122642E-13
1533.55283306875  2.360424E-13
1535.00044757631  2.530212E-13
1536.44806208387  2.948467E-13
1537.89567659143  2.873104E-13
1539.34329109899  2.974079E-13
1540.79090560655  3.279275E-13
1542.23852011411  3.582394E-13
1543.68613462167  3.689210E-13
1545.13374912923  3.672110E-13
1546.58136363679  3.893561E-13
1548.02897814435  3.787645E-13
1549.47659265191  3.748792E-13
1550.92420715947  3.448258E-13
1552.37182166703  3.545802E-13
1553.81943617459  3.334341E-13
1555.26705068215  2.981510E-13
1556.71466518971  2.780281E-13
1558.16227969727  2.498717E-13
1559.60989420483  2.562133E-13
1561.05750871239  2.527564E-13
1562.50512321995  2.481151E-13
1563.95273772751  2.327419E-13
1565.40035223507  2.350696E-13
1566.84796674263  2.218134E-13
1568.29558125019  2.032586E-13
1569.74319575775  2.094712E-13
1571.19081026531  1.966495E-13
1572.63842477287  1.870799E-13
1574.08603928043  1.756993E-13
1575.53365378799  1.864239E-13
1576.98126829555  1.896008E-13
1578.4288828031  2.022079E-13
1579.87649731066  1.944997E-13
1581.32411181822  1.789831E-13
1582.77172632578  1.835861E-13
1584.21934083334  1.861530E-13
1585.6669553409  1.902491E-13
1587.11456984846  1.882498E-13
1588.56218435602  1.803433E-13
1590.00979886358  1.787244E-13
1591.45741337114  1.702040E-13
1592.9050278787  1.627667E-13
1594.35264238626  1.620113E-13
1595.80025689382  1.614424E-13
1597.24787140138  1.630052E-13
1598.69548590894  1.678013E-13
1600.1431004165  1.809415E-13
1601.59071492406  1.771331E-13
1603.03832943162  1.615445E-13
1604.48594393918  1.531752E-13
1605.93355844674  1.615102E-13
1607.3811729543  1.732813E-13
1608.82878746186  1.742846E-13
1610.27640196942  1.784748E-13
1611.72401647698  1.853585E-13
1613.17163098454  1.754849E-13
1614.6192454921  1.752429E-13
1616.06685999966  1.684233E-13
1617.51447450722  1.686535E-13
1618.96208901478  1.825668E-13
1620.40970352234  1.788351E-13
1621.8573180299  1.707380E-13
1623.30493253746  1.691017E-13
1624.75254704502  1.806448E-13
1626.20016155258  1.810500E-13
1627.64777606014  1.786573E-13
1629.0953905677  1.808811E-13
1630.54300507526  1.770473E-13
1631.99061958282  1.718904E-13
1633.43823409038  1.654090E-13
1634.88584859794  1.673775E-13
1636.3334631055  1.621959E-13
1637.78107761306  1.632890E-13
1639.22869212062  1.638857E-13
1640.67630662818  1.676394E-13
1642.12392113574  1.681907E-13
1643.5715356433  1.757464E-13
1645.01915015086  1.682483E-13
1646.46676465842  1.680419E-13
1647.91437916598  1.709843E-13
1649.36199367354  1.743456E-13
1650.8096081811  1.771381E-13
1652.25722268866  1.853900E-13
1653.70483719622  1.806406E-13
1655.15245170378  1.685948E-13
1656.60006621134  1.571816E-13
1658.0476807189  1.597837E-13
1659.49529522646  1.715342E-13
1660.94290973402  1.688448E-13
1662.39052424158  1.838216E-13
1663.83813874914  1.885382E-13
1665.2857532567  1.723895E-13
1666.73336776426  1.675473E-13
1668.18098227181  1.573933E-13
1669.62859677938  1.459449E-13
1671.07621128693  1.539268E-13
1672.52382579449  1.544287E-13
1673.97144030205  1.614988E-13
1675.41905480961  1.673772E-13
1676.86666931717  1.642019E-13
1678.31428382473  1.620319E-13
1679.76189833229  1.526238E-13
1681.20951283985  1.490259E-13
1682.65712734741  1.437590E-13
1684.10474185497  1.422678E-13
1685.55235636253  1.408653E-13
1686.99997087009  1.509466E-13
1688.44758537765  1.482233E-13
1689.89519988521  1.497375E-13
1691.34281439277  1.503248E-13
1692.79042890033  1.432887E-13
1694.23804340789  1.371606E-13
1695.68565791545  1.409567E-13
1697.13327242301  1.522621E-13
1698.58088693057  1.544611E-13
1700.02850143813  1.471558E-13
1701.47611594569  1.526293E-13
1702.92373045325  1.494454E-13
1704.37134496081  1.467212E-13
1705.81895946837  1.455654E-13
1707.26657397593  1.461958E-13
1708.71418848349  1.497586E-13
1710.16180299105  0.
1711.60941749861  0.
1713.05703200617  0.
1714.50464651373  0.
1715.95226102129  0.
1717.39987552885  0.
1718.84749003641  0.
1720.29510454397  0.
1721.74271905153  0.
1723.19033355909  0.
1724.63794806665  0.
1726.08556257421  0.
1727.53317708177  0.
1728.98079158933  0.
1730.42840609689  0.
1731.87602060445  0.
1733.32363511201  0.
1734.77124961957  0.
1736.21886412713  0.
1737.66647863469  0.
1739.11409314225  0.
1740.56170764981  0.
1742.00932215737  0.
1743.45693666493  0.
1744.90455117249  0.
1746.35216568005  0.
1747.79978018761  0.
1749.24739469517  0.
1750.69500920273  0.
1752.14262371029  0.
1753.59023821785  0.
1755.03785272541  0.
1756.48546723297  0.
1757.93308174053  0.
1759.38069624809  0.
1760.82831075565  0.
1762.27592526321  0.
1763.72353977076  0.
1765.17115427832  0.
1766.61876878588  0.
1768.06638329344  0.
1769.513997801  0.
1770.96161230856  0.
1772.40922681612  0.
1773.85684132368  0.
1775.30445583124  0.
1776.7520703388  0.
1778.19968484636  0.
1779.64729935392  0.
1781.09491386148  0.
1782.54252836904  0.
1783.9901428766  0.
1785.43775738416  0.
1786.88537189172  0.
1788.33298639928  0.
1789.78060090684  0.
1791.2282154144  0.
1792.67582992196  0.
1794.12344442952  0.
1795.57105893708  0.
1797.01867344464  0.
1798.4662879522  0.
1799.91390245976  0.
1801.36151696732  0.
1802.80913147488  0.
1804.25674598244  0.
1805.70436049  0.
1807.15197499756  0.
1808.59958950512  0.
1810.04720401268  0.
1811.49481852024  0.
1812.9424330278  0.
1814.39004753536  0.
1815.83766204292  0.
1817.28527655048  0.
1818.73289105804  0.
1820.1805055656  0.
1821.62812007316  0.
1823.07573458072  0.
1824.52334908828  0.
1825.97096359584  0.
1827.4185781034  0.
1828.86619261096  0.
1830.31380711852  0.
1831.76142162608  0.
