906.735751295338  0.
908.183365802898  0.
909.630980310458  0.
911.078594818018  0.
912.526209325578  0.
913.973823833137  0.
915.421438340697  0.
916.869052848257  0.
918.316667355817  0.
919.764281863377  0.
921.211896370937  0.
922.659510878497  0.
924.107125386056  0.
925.554739893616  0.
927.002354401176  0.
928.449968908736  0.
929.897583416296  0.
931.345197923856  0.
932.792812431415  0.
934.240426938975  0.
935.688041446535  0.
937.135655954095  0.
938.583270461655  0.
940.030884969215  0.
941.478499476774  0.
942.926113984334  0.
944.373728491894  0.
945.821342999454  0.
947.268957507014  0.
948.716572014574  0.
950.164186522133  0.
951.611801029693  0.
953.059415537253  0.
954.507030044813  0.
955.954644552373  0.
957.402259059933  0.
958.849873567493  0.
960.297488075052  0.
961.745102582612  0.
963.192717090172  0.
964.640331597732  0.
966.087946105292  0.
967.535560612852  0.
968.983175120411  0.
970.430789627971  0.
971.878404135531  0.
973.326018643091  0.
974.773633150651  0.
976.221247658211  0.
977.668862165771  0.
979.11647667333  0.
980.56409118089  0.
982.01170568845  0.
983.45932019601  0.
984.90693470357  0.
986.35454921113  0.
987.802163718689  0.
989.249778226249  0.
990.697392733809  0.
992.145007241369  0.
993.592621748929  1.780372E-13
995.040236256489  4.903310E-13
996.487850764048  4.647117E-13
997.935465271608  2.598112E-13
999.383079779168  4.741915E-13
1000.83069428673  3.809294E-13
1002.27830879429  3.670281E-13
1003.72592330185  4.443857E-13
1005.17353780941  4.460737E-13
1006.62115231697  4.555380E-13
1008.06876682453  3.468101E-13
1009.51638133209  5.804093E-13
1010.96399583965  5.547029E-13
1012.41161034721  3.599256E-13
1013.85922485477  3.345112E-13
1015.30683936233  3.770147E-13
1016.75445386989  3.575468E-13
1018.20206837745  3.868746E-13
1019.64968288501  3.669528E-13
1021.09729739257  3.261289E-13
1022.54491190013  3.705673E-13
1023.99252640769  4.248220E-13
1025.44014091525  4.287946E-13
1026.8877554228  4.227679E-13
1028.33536993037  3.895216E-13
1029.78298443792  3.805686E-13
1031.23059894548  3.752672E-13
1032.67821345304  3.464398E-13
1034.1258279606  3.391343E-13
1035.57344246816  3.977774E-13
1037.02105697572  3.648260E-13
1038.46867148328  3.397351E-13
1039.91628599084  3.315291E-13
1041.3639004984  3.151535E-13
1042.81151500596  3.256673E-13
1044.25912951352  3.809018E-13
1045.70674402108  4.097668E-13
1047.15435852864  4.488766E-13
1048.6019730362  4.014260E-13
1050.04958754376  4.420459E-13
1051.49720205132  4.382029E-13
1052.94481655888  4.208427E-13
1054.39243106644  3.502623E-13
1055.840045574  2.813227E-13
1057.28766008156  2.720050E-13
1058.73527458912  2.623984E-13
1060.18288909668  2.424149E-13
1061.63050360424  2.741198E-13
1063.0781181118  2.708619E-13
1064.52573261936  2.854689E-13
1065.97334712692  3.043952E-13
1067.42096163448  3.051030E-13
1068.86857614204  2.878505E-13
1070.3161906496  2.664908E-13
1071.76380515716  2.393424E-13
1073.21141966472  2.439642E-13
1074.65903417228  2.527230E-13
1076.10664867984  2.760770E-13
1077.5542631874  2.657476E-13
1079.00187769496  2.709932E-13
1080.44949220252  2.515074E-13
1081.89710671008  2.499100E-13
1083.34472121764  2.370744E-13
1084.7923357252  2.407457E-13
1086.23995023276  2.220280E-13
1087.68756474032  2.233765E-13
1089.13517924788  2.139891E-13
1090.58279375544  1.947378E-13
1092.030408263  2.504929E-13
1093.47802277056  2.373557E-13
1094.92563727812  2.443308E-13
1096.37325178568  2.261811E-13
1097.82086629324  2.142353E-13
1099.2684808008  2.184970E-13
1100.71609530836  2.208839E-13
1102.16370981592  2.436353E-13
1103.61132432348  2.233491E-13
1105.05893883104  2.206242E-13
1106.5065533386  2.401204E-13
1107.95416784616  2.221803E-13
1109.40178235372  2.358546E-13
1110.84939686128  2.312867E-13
1112.29701136884  2.205325E-13
1113.7446258764  2.428998E-13
1115.19224038396  2.441095E-13
1116.63985489152  2.745626E-13
1118.08746939908  2.419947E-13
1119.53508390664  2.217949E-13
1120.98269841419  2.333293E-13
1122.43031292175  2.403858E-13
1123.87792742931  2.219335E-13
1125.32554193687  2.065022E-13
1126.77315644443  2.117998E-13
1128.22077095199  2.225244E-13
1129.66838545955  2.280312E-13
1131.11599996711  2.315539E-13
1132.56361447467  2.239895E-13
1134.01122898223  2.415237E-13
1135.45884348979  2.063630E-13
1136.90645799735  2.022231E-13
1138.35407250491  2.332544E-13
1139.80168701247  2.598983E-13
1141.24930152003  1.964476E-13
1142.69691602759  1.971512E-13
1144.14453053515  2.062063E-13
1145.59214504271  2.351418E-13
1147.03975955027  2.212413E-13
1148.48737405783  2.244813E-13
1149.93498856539  2.249644E-13
1151.38260307295  2.061149E-13
1152.83021758051  1.858821E-13
1154.27783208807  1.874175E-13
1155.72544659563  2.079366E-13
1157.17306110319  2.463822E-13
1158.62067561075  2.421836E-13
1160.06829011831  2.066581E-13
1161.51590462587  2.189162E-13
1162.96351913343  2.210467E-13
1164.41113364099  2.490558E-13
1165.85874814855  2.456982E-13
1167.30636265611  2.523931E-13
1168.75397716367  2.151845E-13
1170.20159167123  2.554620E-13
1171.64920617879  2.527987E-13
1173.09682068635  2.654969E-13
1174.54443519391  2.117115E-13
1175.99204970147  2.257282E-13
1177.43966420903  2.414876E-13
1178.88727871659  2.313455E-13
1180.33489322415  2.349593E-13
1181.78250773171  2.610252E-13
1183.23012223927  2.403582E-13
1184.67773674683  2.340240E-13
1186.12535125439  2.672480E-13
1187.57296576195  2.855788E-13
1189.02058026951  2.900610E-13
1190.46819477707  2.845981E-13
1191.91580928463  2.970213E-13
1193.36342379219  3.037372E-13
1194.81103829975  3.243327E-13
1196.25865280731  3.190381E-13
1197.70626731487  3.436974E-13
1199.15388182243  3.462694E-13
1200.60149632999  4.000738E-13
1202.04911083755  3.920887E-13
1203.49672534511  3.749262E-13
1204.94433985267  4.576813E-13
1206.39195436023  5.440342E-13
1207.83956886779  5.888116E-13
1209.28718337535  6.627388E-13
1210.7347978829  7.494602E-13
1212.18241239046  6.701689E-13
1213.63002689802  8.254374E-13
1215.07764140558  9.300563E-13
1216.52525591314  9.989986E-13
1217.9728704207  8.204790E-13
1219.42048492826  6.475683E-13
1220.86809943582  6.524191E-13
1222.31571394338  6.372845E-13
1223.76332845094  4.635028E-13
1225.2109429585  4.293938E-13
1226.65855746606  3.776591E-13
1228.10617197362  3.830056E-13
1229.55378648118  3.659404E-13
1231.00140098874  3.656882E-13
1232.4490154963  4.190095E-13
1233.89663000386  3.933681E-13
1235.34424451142  4.188527E-13
1236.79185901898  3.811026E-13
1238.23947352654  4.006524E-13
1239.6870880341  3.493377E-13
1241.13470254166  3.759128E-13
1242.58231704922  3.880126E-13
1244.02993155678  3.353776E-13
1245.47754606434  3.211496E-13
1246.9251605719  3.193241E-13
1248.37277507946  2.810200E-13
1249.82038958702  2.901161E-13
1251.26800409458  3.194401E-13
1252.71561860214  2.916861E-13
1254.1632331097  2.753652E-13
1255.61084761726  2.567518E-13
1257.05846212482  2.580900E-13
1258.50607663238  2.634298E-13
1259.95369113994  2.913285E-13
1261.4013056475  2.600093E-13
1262.84892015506  2.319749E-13
1264.29653466262  2.140704E-13
1265.74414917018  2.320711E-13
1267.19176367774  2.513312E-13
1268.6393781853  2.006901E-13
1270.08699269286  2.274701E-13
1271.53460720042  2.508516E-13
1272.98222170798  2.390078E-13
1274.42983621554  2.108275E-13
1275.8774507231  2.177402E-13
1277.32506523066  2.366251E-13
1278.77267973822  1.886242E-13
1280.22029424578  1.715907E-13
1281.66790875334  2.174731E-13
1283.1155232609  1.943226E-13
1284.56313776846  1.973241E-13
1286.01075227602  2.241007E-13
1287.45836678358  1.839842E-13
1288.90598129114  2.008962E-13
1290.3535957987  2.092301E-13
1291.80121030626  2.320050E-13
1293.24882481382  1.983176E-13
1294.69643932138  1.876899E-13
1296.14405382894  1.935405E-13
1297.5916683365  2.142100E-13
1299.03928284406  2.169945E-13
1300.48689735162  2.018463E-13
1301.93451185917  2.095412E-13
1303.38212636674  1.878400E-13
1304.82974087429  1.891266E-13
1306.27735538185  1.993466E-13
1307.72496988941  2.305561E-13
1309.17258439697  1.914264E-13
1310.62019890453  1.739725E-13
1312.06781341209  2.054200E-13
1313.51542791965  1.946691E-13
1314.96304242721  1.934360E-13
1316.41065693477  2.016019E-13
1317.85827144233  1.848854E-13
1319.30588594989  1.650832E-13
1320.75350045745  1.837599E-13
1322.20111496501  1.844246E-13
1323.64872947257  2.050266E-13
1325.09634398013  2.050366E-13
1326.54395848769  2.038901E-13
1327.99157299525  1.827073E-13
1329.43918750281  1.910889E-13
1330.88680201037  1.947191E-13
1332.33441651793  2.096605E-13
1333.78203102549  2.067406E-13
1335.22964553305  1.871267E-13
1336.67726004061  1.777109E-13
1338.12487454817  1.558711E-13
1339.57248905573  1.826755E-13
1341.02010356329  2.000545E-13
1342.46771807085  1.866539E-13
1343.91533257841  1.876066E-13
1345.36294708597  1.937977E-13
1346.81056159353  1.880242E-13
1348.25817610109  1.748861E-13
1349.70579060865  1.986775E-13
1351.15340511621  1.807214E-13
1352.60101962377  1.740467E-13
1354.04863413133  1.736167E-13
1355.49624863889  1.933769E-13
1356.94386314645  2.149594E-13
1358.39147765401  1.951708E-13
1359.83909216157  2.104363E-13
1361.28670666913  1.968679E-13
1362.73432117669  1.966348E-13
1364.18193568425  1.776802E-13
1365.62955019181  1.869021E-13
1367.07716469937  1.756900E-13
1368.52477920693  1.895728E-13
1369.97239371449  1.872181E-13
1371.42000822205  1.810440E-13
1372.86762272961  1.681504E-13
1374.31523723717  1.700521E-13
1375.76285174473  1.706478E-13
1377.21046625229  1.709382E-13
1378.65808075985  1.872174E-13
1380.10569526741  2.030470E-13
1381.55330977497  1.970627E-13
1383.00092428253  1.927009E-13
1384.44853879009  1.955838E-13
1385.89615329765  1.948063E-13
1387.34376780521  1.871506E-13
1388.79138231277  2.105297E-13
1390.23899682033  2.179260E-13
1391.68661132789  2.340473E-13
1393.13422583545  2.309270E-13
1394.581840343  2.348112E-13
1396.02945485057  2.625160E-13
1397.47706935812  2.318519E-13
1398.92468386568  2.323914E-13
1400.37229837324  2.445498E-13
1401.8199128808  2.521919E-13
1403.26752738836  2.360782E-13
1404.71514189592  2.101605E-13
1406.16275640348  2.146254E-13
1407.61037091104  2.040091E-13
1409.0579854186  2.139066E-13
1410.50559992616  1.992121E-13
1411.95321443372  2.207604E-13
1413.40082894128  2.283275E-13
1414.84844344884  1.917694E-13
1416.2960579564  1.961086E-13
1417.74367246396  2.030250E-13
1419.19128697152  1.831178E-13
1420.63890147908  1.754453E-13
1422.08651598664  1.775688E-13
1423.5341304942  1.865635E-13
1424.98174500176  1.789200E-13
1426.42935950932  1.823902E-13
1427.87697401688  1.927960E-13
1429.32458852444  1.907901E-13
1430.772203032  1.809983E-13
1432.21981753956  1.865681E-13
1433.66743204712  1.817964E-13
1435.11504655468  1.804489E-13
1436.56266106224  1.711893E-13
1438.0102755698  1.798646E-13
1439.45789007736  1.742098E-13
1440.90550458492  1.728587E-13
1442.35311909248  1.618616E-13
1443.80073360004  1.570012E-13
1445.2483481076  1.632594E-13
1446.69596261516  1.619802E-13
1448.14357712272  1.668260E-13
1449.59119163028  1.530922E-13
1451.03880613784  1.625415E-13
1452.4864206454  1.804588E-13
1453.93403515296  1.725560E-13
1455.38164966052  1.685562E-13
1456.82926416808  1.593248E-13
1458.27687867564  1.687738E-13
1459.7244931832  1.624441E-13
1461.17210769076  1.390249E-13
1462.61972219832  1.548318E-13
1464.06733670588  1.701244E-13
1465.51495121344  1.689597E-13
1466.962565721  1.518086E-13
1468.41018022856  1.634779E-13
1469.85779473612  1.566914E-13
1471.30540924368  1.521943E-13
1472.75302375124  1.736410E-13
1474.2006382588  1.800143E-13
1475.64825276636  1.560111E-13
1477.09586727392  1.490423E-13
1478.54348178148  1.548041E-13
1479.99109628904  1.631472E-13
1481.4387107966  1.623675E-13
1482.88632530416  1.652536E-13
1484.33393981172  1.678843E-13
1485.78155431928  1.681160E-13
1487.22916882683  1.720354E-13
1488.67678333439  1.692335E-13
1490.12439784195  1.493917E-13
1491.57201234951  1.576270E-13
1493.01962685707  1.789135E-13
1494.46724136463  1.676433E-13
1495.91485587219  1.658768E-13
1497.36247037975  2.003908E-13
1498.81008488731  2.007601E-13
1500.25769939487  1.953565E-13
1501.70531390243  1.878131E-13
1503.15292840999  1.996687E-13
1504.60054291755  1.854326E-13
1506.04815742511  1.712267E-13
1507.49577193267  1.832139E-13
1508.94338644023  1.777282E-13
1510.39100094779  1.753641E-13
1511.83861545535  1.745942E-13
1513.28622996291  1.810113E-13
1514.73384447047  1.779414E-13
1516.18145897803  2.052954E-13
1517.62907348559  2.129049E-13
1519.07668799315  2.109416E-13
1520.52430250071  2.023085E-13
1521.97191700827  2.029142E-13
1523.41953151583  2.060739E-13
1524.86714602339  2.077760E-13
1526.31476053095  2.135728E-13
1527.76237503851  2.215514E-13
1529.20998954607  2.120548E-13
1530.65760405363  2.404989E-13
1532.10521856119  2.298094E-13
1533.55283306875  2.554217E-13
1535.00044757631  2.665478E-13
1536.44806208387  2.756303E-13
1537.89567659143  2.997166E-13
1539.34329109899  3.215129E-13
1540.79090560655  3.496736E-13
1542.23852011411  3.682392E-13
1543.68613462167  3.630634E-13
1545.13374912923  3.740919E-13
1546.58136363679  3.954021E-13
1548.02897814435  3.948667E-13
1549.47659265191  3.638689E-13
1550.92420715947  3.600912E-13
1552.37182166703  3.467803E-13
1553.81943617459  3.290678E-13
1555.26705068215  3.063695E-13
1556.71466518971  2.863756E-13
1558.16227969727  2.535248E-13
1559.60989420483  2.485990E-13
1561.05750871239  2.186650E-13
1562.50512321995  2.200447E-13
1563.95273772751  2.105674E-13
1565.40035223507  2.105103E-13
1566.84796674263  1.988929E-13
1568.29558125019  2.064901E-13
1569.74319575775  2.016166E-13
1571.19081026531  1.955020E-13
1572.63842477287  1.988526E-13
1574.08603928043  1.970646E-13
1575.53365378799  1.939373E-13
1576.98126829555  1.836452E-13
1578.4288828031  1.899271E-13
1579.87649731066  1.974066E-13
1581.32411181822  1.856752E-13
1582.77172632578  1.805743E-13
1584.21934083334  1.819982E-13
1585.6669553409  1.819685E-13
1587.11456984846  1.804107E-13
1588.56218435602  1.761544E-13
1590.00979886358  1.790619E-13
1591.45741337114  1.797147E-13
1592.9050278787  1.783711E-13
1594.35264238626  1.709228E-13
1595.80025689382  1.665502E-13
1597.24787140138  1.625247E-13
1598.69548590894  1.669370E-13
1600.1431004165  1.728549E-13
1601.59071492406  1.655530E-13
1603.03832943162  1.666361E-13
1604.48594393918  1.752212E-13
1605.93355844674  1.767570E-13
1607.3811729543  1.737587E-13
1608.82878746186  1.694326E-13
1610.27640196942  1.587344E-13
1611.72401647698  1.642157E-13
1613.17163098454  1.646827E-13
1614.6192454921  1.739576E-13
1616.06685999966  1.737267E-13
1617.51447450722  1.742789E-13
1618.96208901478  1.743553E-13
1620.40970352234  1.843031E-13
1621.8573180299  1.906548E-13
1623.30493253746  1.885361E-13
1624.75254704502  1.865678E-13
1626.20016155258  1.785274E-13
1627.64777606014  1.732328E-13
1629.0953905677  1.821948E-13
1630.54300507526  1.860022E-13
1631.99061958282  1.819388E-13
1633.43823409038  1.764360E-13
1634.88584859794  1.755664E-13
1636.3334631055  1.731394E-13
1637.78107761306  1.702221E-13
1639.22869212062  1.731792E-13
1640.67630662818  1.745157E-13
1642.12392113574  1.664707E-13
1643.5715356433  1.715192E-13
1645.01915015086  1.671906E-13
1646.46676465842  1.686590E-13
1647.91437916598  1.686699E-13
1649.36199367354  1.704312E-13
1650.8096081811  1.698982E-13
1652.25722268866  1.768818E-13
1653.70483719622  1.719768E-13
1655.15245170378  1.767255E-13
1656.60006621134  1.722153E-13
1658.0476807189  1.665079E-13
1659.49529522646  1.787994E-13
1660.94290973402  1.776206E-13
1662.39052424158  1.779164E-13
1663.83813874914  1.742244E-13
1665.2857532567  1.732215E-13
1666.73336776426  1.710302E-13
1668.18098227181  1.673954E-13
1669.62859677938  1.579120E-13
1671.07621128693  1.590784E-13
1672.52382579449  1.595168E-13
1673.97144030205  1.578567E-13
1675.41905480961  1.559773E-13
1676.86666931717  1.486308E-13
1678.31428382473  1.430274E-13
1679.76189833229  1.386344E-13
1681.20951283985  1.407800E-13
1682.65712734741  1.440616E-13
1684.10474185497  1.476198E-13
1685.55235636253  1.532586E-13
1686.99997087009  1.559595E-13
1688.44758537765  1.441217E-13
1689.89519988521  1.399680E-13
1691.34281439277  1.406340E-13
1692.79042890033  1.420647E-13
1694.23804340789  1.423660E-13
1695.68565791545  1.418661E-13
1697.13327242301  1.501323E-13
1698.58088693057  1.501663E-13
1700.02850143813  1.453916E-13
1701.47611594569  1.463981E-13
1702.92373045325  1.421807E-13
1704.37134496081  1.433715E-13
1705.81895946837  1.440047E-13
1707.26657397593  1.443397E-13
1708.71418848349  1.449361E-13
1710.16180299105  0.
1711.60941749861  0.
1713.05703200617  0.
1714.50464651373  0.
1715.95226102129  0.
1717.39987552885  0.
1718.84749003641  0.
1720.29510454397  0.
1721.74271905153  0.
1723.19033355909  0.
1724.63794806665  0.
1726.08556257421  0.
1727.53317708177  0.
1728.98079158933  0.
1730.42840609689  0.
1731.87602060445  0.
1733.32363511201  0.
1734.77124961957  0.
1736.21886412713  0.
1737.66647863469  0.
1739.11409314225  0.
1740.56170764981  0.
1742.00932215737  0.
1743.45693666493  0.
1744.90455117249  0.
1746.35216568005  0.
1747.79978018761  0.
1749.24739469517  0.
1750.69500920273  0.
1752.14262371029  0.
1753.59023821785  0.
1755.03785272541  0.
1756.48546723297  0.
1757.93308174053  0.
1759.38069624809  0.
1760.82831075565  0.
1762.27592526321  0.
1763.72353977076  0.
1765.17115427832  0.
1766.61876878588  0.
1768.06638329344  0.
1769.513997801  0.
1770.96161230856  0.
1772.40922681612  0.
1773.85684132368  0.
1775.30445583124  0.
1776.7520703388  0.
1778.19968484636  0.
1779.64729935392  0.
1781.09491386148  0.
1782.54252836904  0.
1783.9901428766  0.
1785.43775738416  0.
1786.88537189172  0.
1788.33298639928  0.
1789.78060090684  0.
1791.2282154144  0.
1792.67582992196  0.
1794.12344442952  0.
1795.57105893708  0.
1797.01867344464  0.
1798.4662879522  0.
1799.91390245976  0.
1801.36151696732  0.
1802.80913147488  0.
1804.25674598244  0.
1805.70436049  0.
1807.15197499756  0.
1808.59958950512  0.
1810.04720401268  0.
1811.49481852024  0.
1812.9424330278  0.
1814.39004753536  0.
1815.83766204292  0.
1817.28527655048  0.
1818.73289105804  0.
1820.1805055656  0.
1821.62812007316  0.
1823.07573458072  0.
1824.52334908828  0.
1825.97096359584  0.
1827.4185781034  0.
1828.86619261096  0.
1830.31380711852  0.
1831.76142162608  0.
