906.735751295338  0.
908.183365802898  0.
909.630980310458  0.
911.078594818018  0.
912.526209325578  0.
913.973823833137  0.
915.421438340697  0.
916.869052848257  0.
918.316667355817  0.
919.764281863377  0.
921.211896370937  0.
922.659510878497  0.
924.107125386056  0.
925.554739893616  0.
927.002354401176  0.
928.449968908736  0.
929.897583416296  0.
931.345197923856  0.
932.792812431415  0.
934.240426938975  0.
935.688041446535  0.
937.135655954095  0.
938.583270461655  0.
940.030884969215  0.
941.478499476774  0.
942.926113984334  0.
944.373728491894  0.
945.821342999454  0.
947.268957507014  0.
948.716572014574  0.
950.164186522133  0.
951.611801029693  0.
953.059415537253  0.
954.507030044813  0.
955.954644552373  0.
957.402259059933  0.
958.849873567493  0.
960.297488075052  0.
961.745102582612  0.
963.192717090172  0.
964.640331597732  0.
966.087946105292  0.
967.535560612852  0.
968.983175120411  0.
970.430789627971  0.
971.878404135531  0.
973.326018643091  0.
974.773633150651  0.
976.221247658211  0.
977.668862165771  0.
979.11647667333  0.
980.56409118089  0.
982.01170568845  0.
983.45932019601  0.
984.90693470357  0.
986.35454921113  0.
987.802163718689  0.
989.249778226249  0.
990.697392733809  0.
992.145007241369  0.
993.592621748929  1.677172E-13
995.040236256489  2.255111E-13
996.487850764048  2.166135E-13
997.935465271608  1.905260E-13
999.383079779168  3.790088E-13
1000.83069428673  1.917899E-13
1002.27830879429  2.825001E-13
1003.72592330185  3.047727E-13
1005.17353780941  2.406936E-13
1006.62115231697  2.485036E-13
1008.06876682453  1.783461E-13
1009.51638133209  3.794981E-13
1010.96399583965  3.347560E-13
1012.41161034721  2.294834E-13
1013.85922485477  3.151959E-13
1015.30683936233  3.440919E-13
1016.75445386989  2.363824E-13
1018.20206837745  2.992035E-13
1019.64968288501  3.084776E-13
1021.09729739257  3.064426E-13
1022.54491190013  3.084323E-13
1023.99252640769  2.810888E-13
1025.44014091525  3.752081E-13
1026.8877554228  3.181897E-13
1028.33536993037  3.200045E-13
1029.78298443792  2.903192E-13
1031.23059894548  4.091678E-13
1032.67821345304  3.408905E-13
1034.1258279606  3.366075E-13
1035.57344246816  3.313905E-13
1037.02105697572  2.848573E-13
1038.46867148328  3.173820E-13
1039.91628599084  3.213649E-13
1041.3639004984  3.008766E-13
1042.81151500596  3.403169E-13
1044.25912951352  3.702081E-13
1045.70674402108  5.690201E-13
1047.15435852864  6.381149E-13
1048.6019730362  5.401596E-13
1050.04958754376  5.109869E-13
1051.49720205132  4.390753E-13
1052.94481655888  3.983185E-13
1054.39243106644  3.404029E-13
1055.840045574  2.661659E-13
1057.28766008156  1.802349E-13
1058.73527458912  1.963323E-13
1060.18288909668  2.318624E-13
1061.63050360424  2.616804E-13
1063.0781181118  2.126672E-13
1064.52573261936  1.992899E-13
1065.97334712692  2.226830E-13
1067.42096163448  2.402139E-13
1068.86857614204  2.307119E-13
1070.3161906496  2.591416E-13
1071.76380515716  1.973957E-13
1073.21141966472  2.584073E-13
1074.65903417228  2.356336E-13
1076.10664867984  2.574483E-13
1077.5542631874  2.372803E-13
1079.00187769496  2.053756E-13
1080.44949220252  2.341001E-13
1081.89710671008  2.100038E-13
1083.34472121764  2.019744E-13
1084.7923357252  2.210395E-13
1086.23995023276  1.935169E-13
1087.68756474032  1.901878E-13
1089.13517924788  1.801960E-13
1090.58279375544  1.828352E-13
1092.030408263  1.613294E-13
1093.47802277056  1.778511E-13
1094.92563727812  1.769946E-13
1096.37325178568  1.853052E-13
1097.82086629324  1.966355E-13
1099.2684808008  2.172199E-13
1100.71609530836  1.797427E-13
1102.16370981592  2.144554E-13
1103.61132432348  1.996934E-13
1105.05893883104  1.967442E-13
1106.5065533386  1.999221E-13
1107.95416784616  2.152851E-13
1109.40178235372  2.043545E-13
1110.84939686128  1.999337E-13
1112.29701136884  1.988061E-13
1113.7446258764  2.030844E-13
1115.19224038396  2.267623E-13
1116.63985489152  1.882237E-13
1118.08746939908  2.119663E-13
1119.53508390664  1.850267E-13
1120.98269841419  1.717593E-13
1122.43031292175  1.901848E-13
1123.87792742931  1.649218E-13
1125.32554193687  1.794959E-13
1126.77315644443  1.758223E-13
1128.22077095199  1.881043E-13
1129.66838545955  1.831447E-13
1131.11599996711  1.917947E-13
1132.56361447467  1.683870E-13
1134.01122898223  1.980465E-13
1135.45884348979  2.199830E-13
1136.90645799735  1.755588E-13
1138.35407250491  1.846355E-13
1139.80168701247  1.820011E-13
1141.24930152003  1.539775E-13
1142.69691602759  1.860837E-13
1144.14453053515  1.692351E-13
1145.59214504271  1.875160E-13
1147.03975955027  1.872603E-13
1148.48737405783  1.659068E-13
1149.93498856539  1.738594E-13
1151.38260307295  1.782273E-13
1152.83021758051  1.597933E-13
1154.27783208807  1.614907E-13
1155.72544659563  1.608440E-13
1157.17306110319  1.907281E-13
1158.62067561075  1.887404E-13
1160.06829011831  2.060188E-13
1161.51590462587  1.962389E-13
1162.96351913343  1.981485E-13
1164.41113364099  1.672250E-13
1165.85874814855  1.872252E-13
1167.30636265611  1.857579E-13
1168.75397716367  1.692894E-13
1170.20159167123  2.125898E-13
1171.64920617879  2.045177E-13
1173.09682068635  2.086773E-13
1174.54443519391  2.076163E-13
1175.99204970147  2.167976E-13
1177.43966420903  1.961874E-13
1178.88727871659  2.186013E-13
1180.33489322415  2.106137E-13
1181.78250773171  2.072333E-13
1183.23012223927  1.877173E-13
1184.67773674683  2.208036E-13
1186.12535125439  2.236856E-13
1187.57296576195  2.191773E-13
1189.02058026951  2.286527E-13
1190.46819477707  2.509495E-13
1191.91580928463  2.450836E-13
1193.36342379219  2.623237E-13
1194.81103829975  2.743370E-13
1196.25865280731  3.234569E-13
1197.70626731487  3.227108E-13
1199.15388182243  2.427743E-13
1200.60149632999  3.485750E-13
1202.04911083755  3.274749E-13
1203.49672534511  3.136103E-13
1204.94433985267  3.478265E-13
1206.39195436023  4.357982E-13
1207.83956886779  4.799207E-13
1209.28718337535  5.179137E-13
1210.7347978829  5.939290E-13
1212.18241239046  7.278774E-13
1213.63002689802  8.712452E-13
1215.07764140558  8.508803E-13
1216.52525591314  7.690243E-13
1217.9728704207  7.779650E-13
1219.42048492826  7.890846E-13
1220.86809943582  6.587133E-13
1222.31571394338  5.849425E-13
1223.76332845094  4.658384E-13
1225.2109429585  4.105413E-13
1226.65855746606  4.001272E-13
1228.10617197362  3.335336E-13
1229.55378648118  3.019886E-13
1231.00140098874  3.320714E-13
1232.4490154963  3.217330E-13
1233.89663000386  2.929120E-13
1235.34424451142  3.099051E-13
1236.79185901898  3.324117E-13
1238.23947352654  3.234184E-13
1239.6870880341  3.656120E-13
1241.13470254166  3.326838E-13
1242.58231704922  3.279034E-13
1244.02993155678  3.533444E-13
1245.47754606434  2.642143E-13
1246.9251605719  2.802090E-13
1248.37277507946  2.617946E-13
1249.82038958702  2.667024E-13
1251.26800409458  2.715351E-13
1252.71561860214  2.324779E-13
1254.1632331097  2.292590E-13
1255.61084761726  2.349625E-13
1257.05846212482  2.165445E-13
1258.50607663238  1.890843E-13
1259.95369113994  2.164422E-13
1261.4013056475  2.152159E-13
1262.84892015506  1.875368E-13
1264.29653466262  1.712886E-13
1265.74414917018  2.268690E-13
1267.19176367774  2.222311E-13
1268.6393781853  1.987303E-13
1270.08699269286  1.678447E-13
1271.53460720042  1.872697E-13
1272.98222170798  1.771881E-13
1274.42983621554  1.769125E-13
1275.8774507231  1.718523E-13
1277.32506523066  1.733421E-13
1278.77267973822  1.758680E-13
1280.22029424578  1.451079E-13
1281.66790875334  1.669638E-13
1283.1155232609  1.666973E-13
1284.56313776846  1.543658E-13
1286.01075227602  1.692494E-13
1287.45836678358  1.452336E-13
1288.90598129114  1.705338E-13
1290.3535957987  1.551599E-13
1291.80121030626  1.817371E-13
1293.24882481382  1.586217E-13
1294.69643932138  1.998489E-13
1296.14405382894  1.955960E-13
1297.5916683365  1.662395E-13
1299.03928284406  1.652514E-13
1300.48689735162  1.745632E-13
1301.93451185917  1.910326E-13
1303.38212636674  1.712589E-13
1304.82974087429  1.928384E-13
1306.27735538185  1.939509E-13
1307.72496988941  1.898187E-13
1309.17258439697  1.702204E-13
1310.62019890453  1.707671E-13
1312.06781341209  1.826494E-13
1313.51542791965  1.707934E-13
1314.96304242721  1.829352E-13
1316.41065693477  1.714335E-13
1317.85827144233  1.643634E-13
1319.30588594989  1.440955E-13
1320.75350045745  1.482083E-13
1322.20111496501  1.217681E-13
1323.64872947257  1.677245E-13
1325.09634398013  1.780552E-13
1326.54395848769  1.479255E-13
1327.99157299525  1.425255E-13
1329.43918750281  1.579955E-13
1330.88680201037  1.507602E-13
1332.33441651793  1.754003E-13
1333.78203102549  1.854769E-13
1335.22964553305  1.544654E-13
1336.67726004061  1.447918E-13
1338.12487454817  1.547677E-13
1339.57248905573  1.594467E-13
1341.02010356329  1.693528E-13
1342.46771807085  1.603036E-13
1343.91533257841  1.553488E-13
1345.36294708597  1.585598E-13
1346.81056159353  1.538441E-13
1348.25817610109  1.458537E-13
1349.70579060865  1.543586E-13
1351.15340511621  1.494309E-13
1352.60101962377  1.394241E-13
1354.04863413133  1.633662E-13
1355.49624863889  1.736524E-13
1356.94386314645  1.536903E-13
1358.39147765401  1.658974E-13
1359.83909216157  1.314678E-13
1361.28670666913  1.634736E-13
1362.73432117669  1.765576E-13
1364.18193568425  1.653189E-13
1365.62955019181  1.527358E-13
1367.07716469937  1.658497E-13
1368.52477920693  1.585321E-13
1369.97239371449  1.426790E-13
1371.42000822205  1.447745E-13
1372.86762272961  1.473790E-13
1374.31523723717  1.529721E-13
1375.76285174473  1.637619E-13
1377.21046625229  1.645221E-13
1378.65808075985  1.683870E-13
1380.10569526741  1.725273E-13
1381.55330977497  1.574904E-13
1383.00092428253  1.482144E-13
1384.44853879009  1.736394E-13
1385.89615329765  1.695631E-13
1387.34376780521  1.703870E-13
1388.79138231277  2.002070E-13
1390.23899682033  1.877098E-13
1391.68661132789  1.742132E-13
1393.13422583545  1.975365E-13
1394.581840343  2.074599E-13
1396.02945485057  2.016356E-13
1397.47706935812  1.781182E-13
1398.92468386568  1.786720E-13
1400.37229837324  2.009541E-13
1401.8199128808  2.288648E-13
1403.26752738836  2.035570E-13
1404.71514189592  1.983687E-13
1406.16275640348  2.085989E-13
1407.61037091104  1.873693E-13
1409.0579854186  1.992612E-13
1410.50559992616  1.978969E-13
1411.95321443372  1.880195E-13
1413.40082894128  1.706915E-13
1414.84844344884  1.667380E-13
1416.2960579564  1.605621E-13
1417.74367246396  1.684798E-13
1419.19128697152  1.413488E-13
1420.63890147908  1.566630E-13
1422.08651598664  1.681210E-13
1423.5341304942  1.763660E-13
1424.98174500176  1.457343E-13
1426.42935950932  1.436629E-13
1427.87697401688  1.392805E-13
1429.32458852444  1.557824E-13
1430.772203032  1.451415E-13
1432.21981753956  1.457235E-13
1433.66743204712  1.572014E-13
1435.11504655468  1.545750E-13
1436.56266106224  1.541179E-13
1438.0102755698  1.717973E-13
1439.45789007736  1.644756E-13
1440.90550458492  1.342601E-13
1442.35311909248  1.205483E-13
1443.80073360004  1.234139E-13
1445.2483481076  1.343593E-13
1446.69596261516  1.406725E-13
1448.14357712272  1.495863E-13
1449.59119163028  1.567854E-13
1451.03880613784  1.324068E-13
1452.4864206454  1.432022E-13
1453.93403515296  1.551881E-13
1455.38164966052  1.449531E-13
1456.82926416808  1.411062E-13
1458.27687867564  1.355365E-13
1459.7244931832  1.311611E-13
1461.17210769076  1.310287E-13
1462.61972219832  1.422975E-13
1464.06733670588  1.585243E-13
1465.51495121344  1.428340E-13
1466.962565721  1.394414E-13
1468.41018022856  1.634747E-13
1469.85779473612  1.529473E-13
1471.30540924368  1.356341E-13
1472.75302375124  1.472726E-13
1474.2006382588  1.419147E-13
1475.64825276636  1.353448E-13
1477.09586727392  1.345176E-13
1478.54348178148  1.308504E-13
1479.99109628904  1.212414E-13
1481.4387107966  1.268723E-13
1482.88632530416  1.286783E-13
1484.33393981172  1.422786E-13
1485.78155431928  1.409973E-13
1487.22916882683  1.426697E-13
1488.67678333439  1.411902E-13
1490.12439784195  1.349855E-13
1491.57201234951  1.292305E-13
1493.01962685707  1.386481E-13
1494.46724136463  1.475414E-13
1495.91485587219  1.424137E-13
1497.36247037975  1.405867E-13
1498.81008488731  1.655606E-13
1500.25769939487  1.684586E-13
1501.70531390243  1.469047E-13
1503.15292840999  1.293628E-13
1504.60054291755  1.378072E-13
1506.04815742511  1.388978E-13
1507.49577193267  1.293552E-13
1508.94338644023  1.341797E-13
1510.39100094779  1.517508E-13
1511.83861545535  1.638934E-13
1513.28622996291  1.565206E-13
1514.73384447047  1.390370E-13
1516.18145897803  1.514682E-13
1517.62907348559  1.644705E-13
1519.07668799315  1.574586E-13
1520.52430250071  1.581752E-13
1521.97191700827  1.571768E-13
1523.41953151583  1.616365E-13
1524.86714602339  1.740955E-13
1526.31476053095  1.798586E-13
1527.76237503851  1.812931E-13
1529.20998954607  1.917203E-13
1530.65760405363  1.839376E-13
1532.10521856119  1.959948E-13
1533.55283306875  2.150136E-13
1535.00044757631  2.162754E-13
1536.44806208387  2.374010E-13
1537.89567659143  2.434639E-13
1539.34329109899  2.506268E-13
1540.79090560655  2.903936E-13
1542.23852011411  3.174856E-13
1543.68613462167  3.469013E-13
1545.13374912923  3.750384E-13
1546.58136363679  3.816513E-13
1548.02897814435  3.460269E-13
1549.47659265191  3.417292E-13
1550.92420715947  3.594580E-13
1552.37182166703  3.477885E-13
1553.81943617459  3.149531E-13
1555.26705068215  2.757141E-13
1556.71466518971  2.578694E-13
1558.16227969727  2.422800E-13
1559.60989420483  2.250960E-13
1561.05750871239  1.934352E-13
1562.50512321995  1.995507E-13
1563.95273772751  1.982761E-13
1565.40035223507  1.902908E-13
1566.84796674263  1.694811E-13
1568.29558125019  1.678449E-13
1569.74319575775  1.840041E-13
1571.19081026531  1.712614E-13
1572.63842477287  1.718486E-13
1574.08603928043  1.628185E-13
1575.53365378799  1.620482E-13
1576.98126829555  1.588492E-13
1578.4288828031  1.627072E-13
1579.87649731066  1.568597E-13
1581.32411181822  1.433936E-13
1582.77172632578  1.489369E-13
1584.21934083334  1.496417E-13
1585.6669553409  1.450841E-13
1587.11456984846  1.441355E-13
1588.56218435602  1.501973E-13
1590.00979886358  1.583276E-13
1591.45741337114  1.532478E-13
1592.9050278787  1.532146E-13
1594.35264238626  1.561064E-13
1595.80025689382  1.559988E-13
1597.24787140138  1.580032E-13
1598.69548590894  1.475973E-13
1600.1431004165  1.516254E-13
1601.59071492406  1.459404E-13
1603.03832943162  1.355309E-13
1604.48594393918  1.474840E-13
1605.93355844674  1.479344E-13
1607.3811729543  1.492276E-13
1608.82878746186  1.557521E-13
1610.27640196942  1.410139E-13
1611.72401647698  1.347307E-13
1613.17163098454  1.337267E-13
1614.6192454921  1.399956E-13
1616.06685999966  1.377489E-13
1617.51447450722  1.439408E-13
1618.96208901478  1.487855E-13
1620.40970352234  1.448358E-13
1621.8573180299  1.498696E-13
1623.30493253746  1.534344E-13
1624.75254704502  1.557967E-13
1626.20016155258  1.587628E-13
1627.64777606014  1.531967E-13
1629.0953905677  1.523536E-13
1630.54300507526  1.513380E-13
1631.99061958282  1.523548E-13
1633.43823409038  1.588434E-13
1634.88584859794  1.684944E-13
1636.3334631055  1.662107E-13
1637.78107761306  1.595370E-13
1639.22869212062  1.613701E-13
1640.67630662818  1.578801E-13
1642.12392113574  1.638102E-13
1643.5715356433  1.653458E-13
1645.01915015086  1.552077E-13
1646.46676465842  1.466394E-13
1647.91437916598  1.370399E-13
1649.36199367354  1.368620E-13
1650.8096081811  1.413936E-13
1652.25722268866  1.491096E-13
1653.70483719622  1.419598E-13
1655.15245170378  1.407878E-13
1656.60006621134  1.407091E-13
1658.0476807189  1.442335E-13
1659.49529522646  1.462737E-13
1660.94290973402  1.482358E-13
1662.39052424158  1.474260E-13
1663.83813874914  1.316461E-13
1665.2857532567  1.348525E-13
1666.73336776426  1.332752E-13
1668.18098227181  1.316523E-13
1669.62859677938  1.279728E-13
1671.07621128693  1.321641E-13
1672.52382579449  1.373485E-13
1673.97144030205  1.371196E-13
1675.41905480961  1.453629E-13
1676.86666931717  1.402783E-13
1678.31428382473  1.351536E-13
1679.76189833229  1.294198E-13
1681.20951283985  1.295103E-13
1682.65712734741  1.341130E-13
1684.10474185497  1.351734E-13
1685.55235636253  1.291519E-13
1686.99997087009  1.225128E-13
1688.44758537765  1.168888E-13
1689.89519988521  1.213701E-13
1691.34281439277  1.277236E-13
1692.79042890033  1.267417E-13
1694.23804340789  1.284995E-13
1695.68565791545  1.267091E-13
1697.13327242301  1.320378E-13
1698.58088693057  1.310622E-13
1700.02850143813  1.313923E-13
1701.47611594569  1.330224E-13
1702.92373045325  1.267125E-13
1704.37134496081  1.248670E-13
1705.81895946837  1.301646E-13
1707.26657397593  1.370570E-13
1708.71418848349  1.398946E-13
1710.16180299105  0.
1711.60941749861  0.
1713.05703200617  0.
1714.50464651373  0.
1715.95226102129  0.
1717.39987552885  0.
1718.84749003641  0.
1720.29510454397  0.
1721.74271905153  0.
1723.19033355909  0.
1724.63794806665  0.
1726.08556257421  0.
1727.53317708177  0.
1728.98079158933  0.
1730.42840609689  0.
1731.87602060445  0.
1733.32363511201  0.
1734.77124961957  0.
1736.21886412713  0.
1737.66647863469  0.
1739.11409314225  0.
1740.56170764981  0.
1742.00932215737  0.
1743.45693666493  0.
1744.90455117249  0.
1746.35216568005  0.
1747.79978018761  0.
1749.24739469517  0.
1750.69500920273  0.
1752.14262371029  0.
1753.59023821785  0.
1755.03785272541  0.
1756.48546723297  0.
1757.93308174053  0.
1759.38069624809  0.
1760.82831075565  0.
1762.27592526321  0.
1763.72353977076  0.
1765.17115427832  0.
1766.61876878588  0.
1768.06638329344  0.
1769.513997801  0.
1770.96161230856  0.
1772.40922681612  0.
1773.85684132368  0.
1775.30445583124  0.
1776.7520703388  0.
1778.19968484636  0.
1779.64729935392  0.
1781.09491386148  0.
1782.54252836904  0.
1783.9901428766  0.
1785.43775738416  0.
1786.88537189172  0.
1788.33298639928  0.
1789.78060090684  0.
1791.2282154144  0.
1792.67582992196  0.
1794.12344442952  0.
1795.57105893708  0.
1797.01867344464  0.
1798.4662879522  0.
1799.91390245976  0.
1801.36151696732  0.
1802.80913147488  0.
1804.25674598244  0.
1805.70436049  0.
1807.15197499756  0.
1808.59958950512  0.
1810.04720401268  0.
1811.49481852024  0.
1812.9424330278  0.
1814.39004753536  0.
1815.83766204292  0.
1817.28527655048  0.
1818.73289105804  0.
1820.1805055656  0.
1821.62812007316  0.
1823.07573458072  0.
1824.52334908828  0.
1825.97096359584  0.
1827.4185781034  0.
1828.86619261096  0.
1830.31380711852  0.
1831.76142162608  0.
