906.735751295338  0.
908.183365802898  0.
909.630980310458  0.
911.078594818018  0.
912.526209325578  0.
913.973823833137  0.
915.421438340697  0.
916.869052848257  0.
918.316667355817  0.
919.764281863377  0.
921.211896370937  0.
922.659510878497  0.
924.107125386056  0.
925.554739893616  0.
927.002354401176  0.
928.449968908736  0.
929.897583416296  0.
931.345197923856  0.
932.792812431415  0.
934.240426938975  0.
935.688041446535  0.
937.135655954095  0.
938.583270461655  0.
940.030884969215  0.
941.478499476774  0.
942.926113984334  0.
944.373728491894  0.
945.821342999454  0.
947.268957507014  0.
948.716572014574  0.
950.164186522133  0.
951.611801029693  0.
953.059415537253  0.
954.507030044813  0.
955.954644552373  0.
957.402259059933  0.
958.849873567493  0.
960.297488075052  0.
961.745102582612  0.
963.192717090172  0.
964.640331597732  0.
966.087946105292  0.
967.535560612852  0.
968.983175120411  0.
970.430789627971  0.
971.878404135531  0.
973.326018643091  0.
974.773633150651  0.
976.221247658211  0.
977.668862165771  0.
979.11647667333  0.
980.56409118089  0.
982.01170568845  0.
983.45932019601  0.
984.90693470357  0.
986.35454921113  0.
987.802163718689  0.
989.249778226249  0.
990.697392733809  0.
992.145007241369  0.
993.592621748929  4.491361E-13
995.040236256489  3.256094E-13
996.487850764048  2.738207E-13
997.935465271608  2.585362E-13
999.383079779168  2.517580E-13
1000.83069428673  2.864337E-13
1002.27830879429  1.982131E-13
1003.72592330185  2.258269E-13
1005.17353780941  2.882044E-13
1006.62115231697  2.770959E-13
1008.06876682453  3.260374E-13
1009.51638133209  2.592391E-13
1010.96399583965  3.424095E-13
1012.41161034721  3.351048E-13
1013.85922485477  2.638897E-13
1015.30683936233  3.307913E-13
1016.75445386989  2.664759E-13
1018.20206837745  3.437190E-13
1019.64968288501  2.631326E-13
1021.09729739257  2.490385E-13
1022.54491190013  3.038287E-13
1023.99252640769  3.735032E-13
1025.44014091525  3.707239E-13
1026.8877554228  3.849281E-13
1028.33536993037  3.348595E-13
1029.78298443792  3.475793E-13
1031.23059894548  3.069389E-13
1032.67821345304  3.635268E-13
1034.1258279606  3.526159E-13
1035.57344246816  3.183765E-13
1037.02105697572  3.663388E-13
1038.46867148328  3.199319E-13
1039.91628599084  3.173309E-13
1041.3639004984  3.414403E-13
1042.81151500596  3.111843E-13
1044.25912951352  3.397823E-13
1045.70674402108  5.844202E-13
1047.15435852864  6.820152E-13
1048.6019730362  5.530993E-13
1050.04958754376  4.767799E-13
1051.49720205132  3.811834E-13
1052.94481655888  3.860292E-13
1054.39243106644  3.642646E-13
1055.840045574  3.086421E-13
1057.28766008156  2.074538E-13
1058.73527458912  1.862663E-13
1060.18288909668  2.117215E-13
1061.63050360424  2.249672E-13
1063.0781181118  2.672527E-13
1064.52573261936  2.408286E-13
1065.97334712692  2.347587E-13
1067.42096163448  2.389480E-13
1068.86857614204  1.955067E-13
1070.3161906496  2.126668E-13
1071.76380515716  2.376420E-13
1073.21141966472  2.611613E-13
1074.65903417228  2.903406E-13
1076.10664867984  2.510060E-13
1077.5542631874  2.404441E-13
1079.00187769496  2.374795E-13
1080.44949220252  2.368896E-13
1081.89710671008  2.184983E-13
1083.34472121764  1.976608E-13
1084.7923357252  1.900283E-13
1086.23995023276  2.122251E-13
1087.68756474032  2.075071E-13
1089.13517924788  1.673183E-13
1090.58279375544  1.797127E-13
1092.030408263  2.018886E-13
1093.47802277056  1.772627E-13
1094.92563727812  1.852069E-13
1096.37325178568  2.074691E-13
1097.82086629324  2.133889E-13
1099.2684808008  2.086215E-13
1100.71609530836  1.920663E-13
1102.16370981592  1.692595E-13
1103.61132432348  2.015082E-13
1105.05893883104  2.277353E-13
1106.5065533386  1.783032E-13
1107.95416784616  1.856018E-13
1109.40178235372  2.041683E-13
1110.84939686128  2.023070E-13
1112.29701136884  1.841219E-13
1113.7446258764  1.944667E-13
1115.19224038396  2.023490E-13
1116.63985489152  2.343490E-13
1118.08746939908  2.279547E-13
1119.53508390664  1.981487E-13
1120.98269841419  2.068467E-13
1122.43031292175  1.765739E-13
1123.87792742931  1.895433E-13
1125.32554193687  1.604609E-13
1126.77315644443  1.480204E-13
1128.22077095199  1.912283E-13
1129.66838545955  2.119276E-13
1131.11599996711  2.214663E-13
1132.56361447467  1.746757E-13
1134.01122898223  1.740767E-13
1135.45884348979  1.786937E-13
1136.90645799735  1.752985E-13
1138.35407250491  1.886357E-13
1139.80168701247  1.806987E-13
1141.24930152003  1.673673E-13
1142.69691602759  2.021321E-13
1144.14453053515  1.988530E-13
1145.59214504271  1.780967E-13
1147.03975955027  2.077159E-13
1148.48737405783  2.189281E-13
1149.93498856539  1.962194E-13
1151.38260307295  1.923199E-13
1152.83021758051  1.697538E-13
1154.27783208807  1.638107E-13
1155.72544659563  1.932059E-13
1157.17306110319  1.800669E-13
1158.62067561075  1.806021E-13
1160.06829011831  2.232424E-13
1161.51590462587  1.830337E-13
1162.96351913343  2.018180E-13
1164.41113364099  2.140303E-13
1165.85874814855  2.196063E-13
1167.30636265611  2.051788E-13
1168.75397716367  1.962287E-13
1170.20159167123  2.456092E-13
1171.64920617879  2.101304E-13
1173.09682068635  2.078437E-13
1174.54443519391  2.261715E-13
1175.99204970147  2.055490E-13
1177.43966420903  2.261459E-13
1178.88727871659  2.218350E-13
1180.33489322415  2.409788E-13
1181.78250773171  2.314723E-13
1183.23012223927  2.012191E-13
1184.67773674683  2.053748E-13
1186.12535125439  2.114121E-13
1187.57296576195  2.066160E-13
1189.02058026951  2.150200E-13
1190.46819477707  2.686988E-13
1191.91580928463  2.636323E-13
1193.36342379219  2.839825E-13
1194.81103829975  2.785393E-13
1196.25865280731  2.787771E-13
1197.70626731487  2.978515E-13
1199.15388182243  3.386170E-13
1200.60149632999  3.525029E-13
1202.04911083755  3.573373E-13
1203.49672534511  3.455612E-13
1204.94433985267  4.156997E-13
1206.39195436023  4.479644E-13
1207.83956886779  5.320717E-13
1209.28718337535  5.873841E-13
1210.7347978829  6.764338E-13
1212.18241239046  8.045556E-13
1213.63002689802  8.875054E-13
1215.07764140558  9.166528E-13
1216.52525591314  8.263048E-13
1217.9728704207  8.373345E-13
1219.42048492826  7.366509E-13
1220.86809943582  6.533819E-13
1222.31571394338  5.021246E-13
1223.76332845094  3.901344E-13
1225.2109429585  3.671635E-13
1226.65855746606  3.986677E-13
1228.10617197362  4.063608E-13
1229.55378648118  3.375904E-13
1231.00140098874  3.293043E-13
1232.4490154963  4.077717E-13
1233.89663000386  3.727577E-13
1235.34424451142  3.770684E-13
1236.79185901898  3.347465E-13
1238.23947352654  3.312632E-13
1239.6870880341  3.131568E-13
1241.13470254166  3.461085E-13
1242.58231704922  3.846154E-13
1244.02993155678  3.544146E-13
1245.47754606434  3.144847E-13
1246.9251605719  2.858787E-13
1248.37277507946  2.776503E-13
1249.82038958702  3.002700E-13
1251.26800409458  2.179717E-13
1252.71561860214  2.391209E-13
1254.1632331097  2.594356E-13
1255.61084761726  2.095797E-13
1257.05846212482  2.155127E-13
1258.50607663238  2.481473E-13
1259.95369113994  2.191459E-13
1261.4013056475  1.992465E-13
1262.84892015506  1.863920E-13
1264.29653466262  1.771812E-13
1265.74414917018  1.922633E-13
1267.19176367774  1.841029E-13
1268.6393781853  1.993389E-13
1270.08699269286  2.142818E-13
1271.53460720042  2.039777E-13
1272.98222170798  2.059952E-13
1274.42983621554  1.835039E-13
1275.8774507231  2.010436E-13
1277.32506523066  2.060604E-13
1278.77267973822  1.826874E-13
1280.22029424578  2.028431E-13
1281.66790875334  1.948236E-13
1283.1155232609  1.511054E-13
1284.56313776846  1.402509E-13
1286.01075227602  1.496605E-13
1287.45836678358  1.688710E-13
1288.90598129114  1.556641E-13
1290.3535957987  1.367833E-13
1291.80121030626  1.567607E-13
1293.24882481382  1.577537E-13
1294.69643932138  1.824100E-13
1296.14405382894  1.866453E-13
1297.5916683365  1.496650E-13
1299.03928284406  1.646175E-13
1300.48689735162  1.544510E-13
1301.93451185917  1.798155E-13
1303.38212636674  1.913532E-13
1304.82974087429  1.486818E-13
1306.27735538185  1.516813E-13
1307.72496988941  1.730130E-13
1309.17258439697  1.591259E-13
1310.62019890453  1.919740E-13
1312.06781341209  1.846839E-13
1313.51542791965  1.782947E-13
1314.96304242721  1.594456E-13
1316.41065693477  1.607284E-13
1317.85827144233  1.466603E-13
1319.30588594989  1.562027E-13
1320.75350045745  1.481706E-13
1322.20111496501  1.362035E-13
1323.64872947257  1.869502E-13
1325.09634398013  1.538753E-13
1326.54395848769  1.661709E-13
1327.99157299525  1.592344E-13
1329.43918750281  1.378518E-13
1330.88680201037  1.394747E-13
1332.33441651793  1.646618E-13
1333.78203102549  1.609539E-13
1335.22964553305  1.671266E-13
1336.67726004061  1.400703E-13
1338.12487454817  1.549603E-13
1339.57248905573  1.569442E-13
1341.02010356329  1.582377E-13
1342.46771807085  1.479488E-13
1343.91533257841  1.481685E-13
1345.36294708597  1.740776E-13
1346.81056159353  1.797392E-13
1348.25817610109  1.595771E-13
1349.70579060865  1.463338E-13
1351.15340511621  1.703224E-13
1352.60101962377  1.324662E-13
1354.04863413133  1.559676E-13
1355.49624863889  1.672975E-13
1356.94386314645  1.522045E-13
1358.39147765401  1.625778E-13
1359.83909216157  1.490133E-13
1361.28670666913  1.515872E-13
1362.73432117669  1.724361E-13
1364.18193568425  1.706077E-13
1365.62955019181  1.589903E-13
1367.07716469937  1.709677E-13
1368.52477920693  1.825914E-13
1369.97239371449  1.742517E-13
1371.42000822205  1.614536E-13
1372.86762272961  1.562032E-13
1374.31523723717  1.692050E-13
1375.76285174473  1.729204E-13
1377.21046625229  1.652590E-13
1378.65808075985  1.565102E-13
1380.10569526741  1.549096E-13
1381.55330977497  1.744718E-13
1383.00092428253  1.506879E-13
1384.44853879009  1.626550E-13
1385.89615329765  1.762274E-13
1387.34376780521  1.857738E-13
1388.79138231277  2.020561E-13
1390.23899682033  2.105692E-13
1391.68661132789  1.672219E-13
1393.13422583545  1.945827E-13
1394.581840343  2.407555E-13
1396.02945485057  2.315476E-13
1397.47706935812  2.320429E-13
1398.92468386568  2.339120E-13
1400.37229837324  2.086320E-13
1401.8199128808  2.094818E-13
1403.26752738836  1.556023E-13
1404.71514189592  1.624596E-13
1406.16275640348  1.641285E-13
1407.61037091104  1.677025E-13
1409.0579854186  1.570393E-13
1410.50559992616  1.762686E-13
1411.95321443372  1.994783E-13
1413.40082894128  1.727503E-13
1414.84844344884  1.702383E-13
1416.2960579564  1.774481E-13
1417.74367246396  1.706871E-13
1419.19128697152  1.695081E-13
1420.63890147908  1.584140E-13
1422.08651598664  1.694851E-13
1423.5341304942  1.685172E-13
1424.98174500176  1.603151E-13
1426.42935950932  1.714512E-13
1427.87697401688  1.569858E-13
1429.32458852444  1.577220E-13
1430.772203032  1.513829E-13
1432.21981753956  1.657120E-13
1433.66743204712  1.512142E-13
1435.11504655468  1.554236E-13
1436.56266106224  1.688492E-13
1438.0102755698  1.715948E-13
1439.45789007736  1.551342E-13
1440.90550458492  1.542179E-13
1442.35311909248  1.279944E-13
1443.80073360004  1.524307E-13
1445.2483481076  1.538237E-13
1446.69596261516  1.335475E-13
1448.14357712272  1.283630E-13
1449.59119163028  1.393318E-13
1451.03880613784  1.495815E-13
1452.4864206454  1.670685E-13
1453.93403515296  1.517594E-13
1455.38164966052  1.501477E-13
1456.82926416808  1.361567E-13
1458.27687867564  1.441412E-13
1459.7244931832  1.523847E-13
1461.17210769076  1.468346E-13
1462.61972219832  1.281717E-13
1464.06733670588  1.371943E-13
1465.51495121344  1.648169E-13
1466.962565721  1.528543E-13
1468.41018022856  1.516859E-13
1469.85779473612  1.456192E-13
1471.30540924368  1.435524E-13
1472.75302375124  1.664310E-13
1474.2006382588  1.688215E-13
1475.64825276636  1.659115E-13
1477.09586727392  1.568824E-13
1478.54348178148  1.655636E-13
1479.99109628904  1.541144E-13
1481.4387107966  1.514399E-13
1482.88632530416  1.524663E-13
1484.33393981172  1.536471E-13
1485.78155431928  1.489455E-13
1487.22916882683  1.422617E-13
1488.67678333439  1.398914E-13
1490.12439784195  1.446363E-13
1491.57201234951  1.266721E-13
1493.01962685707  1.373080E-13
1494.46724136463  1.421414E-13
1495.91485587219  1.472913E-13
1497.36247037975  1.475705E-13
1498.81008488731  1.551553E-13
1500.25769939487  1.505213E-13
1501.70531390243  1.567724E-13
1503.15292840999  1.557658E-13
1504.60054291755  1.577937E-13
1506.04815742511  1.389248E-13
1507.49577193267  1.236437E-13
1508.94338644023  1.362242E-13
1510.39100094779  1.396772E-13
1511.83861545535  1.534058E-13
1513.28622996291  1.523786E-13
1514.73384447047  1.460468E-13
1516.18145897803  1.678693E-13
1517.62907348559  1.827537E-13
1519.07668799315  1.813399E-13
1520.52430250071  1.613182E-13
1521.97191700827  1.750791E-13
1523.41953151583  1.685049E-13
1524.86714602339  1.838151E-13
1526.31476053095  1.856489E-13
1527.76237503851  1.835072E-13
1529.20998954607  1.969043E-13
1530.65760405363  1.924339E-13
1532.10521856119  1.994252E-13
1533.55283306875  2.042846E-13
1535.00044757631  2.181018E-13
1536.44806208387  2.353391E-13
1537.89567659143  2.539937E-13
1539.34329109899  2.978316E-13
1540.79090560655  3.202672E-13
1542.23852011411  3.114844E-13
1543.68613462167  3.251979E-13
1545.13374912923  3.430817E-13
1546.58136363679  3.614920E-13
1548.02897814435  3.502692E-13
1549.47659265191  3.209744E-13
1550.92420715947  2.902464E-13
1552.37182166703  2.953339E-13
1553.81943617459  2.550341E-13
1555.26705068215  2.816835E-13
1556.71466518971  2.665192E-13
1558.16227969727  2.417727E-13
1559.60989420483  2.205226E-13
1561.05750871239  2.067241E-13
1562.50512321995  1.998055E-13
1563.95273772751  1.924914E-13
1565.40035223507  1.811871E-13
1566.84796674263  1.779153E-13
1568.29558125019  1.815330E-13
1569.74319575775  1.891235E-13
1571.19081026531  1.899104E-13
1572.63842477287  1.771609E-13
1574.08603928043  1.724725E-13
1575.53365378799  1.741609E-13
1576.98126829555  1.799909E-13
1578.4288828031  1.773594E-13
1579.87649731066  1.704308E-13
1581.32411181822  1.632805E-13
1582.77172632578  1.761135E-13
1584.21934083334  1.756405E-13
1585.6669553409  1.642916E-13
1587.11456984846  1.497292E-13
1588.56218435602  1.524390E-13
1590.00979886358  1.591706E-13
1591.45741337114  1.526959E-13
1592.9050278787  1.597626E-13
1594.35264238626  1.601552E-13
1595.80025689382  1.685610E-13
1597.24787140138  1.550139E-13
1598.69548590894  1.515255E-13
1600.1431004165  1.578673E-13
1601.59071492406  1.548499E-13
1603.03832943162  1.542831E-13
1604.48594393918  1.584256E-13
1605.93355844674  1.600619E-13
1607.3811729543  1.566784E-13
1608.82878746186  1.486463E-13
1610.27640196942  1.489483E-13
1611.72401647698  1.487798E-13
1613.17163098454  1.594009E-13
1614.6192454921  1.518707E-13
1616.06685999966  1.448872E-13
1617.51447450722  1.502580E-13
1618.96208901478  1.578897E-13
1620.40970352234  1.446352E-13
1621.8573180299  1.439221E-13
1623.30493253746  1.535286E-13
1624.75254704502  1.573877E-13
1626.20016155258  1.453554E-13
1627.64777606014  1.429378E-13
1629.0953905677  1.427385E-13
1630.54300507526  1.486560E-13
1631.99061958282  1.536669E-13
1633.43823409038  1.598436E-13
1634.88584859794  1.634964E-13
1636.3334631055  1.608469E-13
1637.78107761306  1.584796E-13
1639.22869212062  1.555049E-13
1640.67630662818  1.546971E-13
1642.12392113574  1.491562E-13
1643.5715356433  1.519973E-13
1645.01915015086  1.566854E-13
1646.46676465842  1.548223E-13
1647.91437916598  1.514386E-13
1649.36199367354  1.558164E-13
1650.8096081811  1.521024E-13
1652.25722268866  1.523323E-13
1653.70483719622  1.452237E-13
1655.15245170378  1.506038E-13
1656.60006621134  1.560844E-13
1658.0476807189  1.544128E-13
1659.49529522646  1.620547E-13
1660.94290973402  1.535861E-13
1662.39052424158  1.517051E-13
1663.83813874914  1.534329E-13
1665.2857532567  1.569784E-13
1666.73336776426  1.602943E-13
1668.18098227181  1.578361E-13
1669.62859677938  1.496837E-13
1671.07621128693  1.454685E-13
1672.52382579449  1.437296E-13
1673.97144030205  1.358060E-13
1675.41905480961  1.451605E-13
1676.86666931717  1.402987E-13
1678.31428382473  1.422114E-13
1679.76189833229  1.431812E-13
1681.20951283985  1.472243E-13
1682.65712734741  1.405051E-13
1684.10474185497  1.373812E-13
1685.55235636253  1.236957E-13
1686.99997087009  1.204226E-13
1688.44758537765  1.227663E-13
1689.89519988521  1.230423E-13
1691.34281439277  1.211420E-13
1692.79042890033  1.239429E-13
1694.23804340789  1.258206E-13
1695.68565791545  1.343858E-13
1697.13327242301  1.404281E-13
1698.58088693057  1.443826E-13
1700.02850143813  1.437912E-13
1701.47611594569  1.453793E-13
1702.92373045325  1.375797E-13
1704.37134496081  1.394418E-13
1705.81895946837  1.408513E-13
1707.26657397593  1.350479E-13
1708.71418848349  1.361576E-13
1710.16180299105  0.
1711.60941749861  0.
1713.05703200617  0.
1714.50464651373  0.
1715.95226102129  0.
1717.39987552885  0.
1718.84749003641  0.
1720.29510454397  0.
1721.74271905153  0.
1723.19033355909  0.
1724.63794806665  0.
1726.08556257421  0.
1727.53317708177  0.
1728.98079158933  0.
1730.42840609689  0.
1731.87602060445  0.
1733.32363511201  0.
1734.77124961957  0.
1736.21886412713  0.
1737.66647863469  0.
1739.11409314225  0.
1740.56170764981  0.
1742.00932215737  0.
1743.45693666493  0.
1744.90455117249  0.
1746.35216568005  0.
1747.79978018761  0.
1749.24739469517  0.
1750.69500920273  0.
1752.14262371029  0.
1753.59023821785  0.
1755.03785272541  0.
1756.48546723297  0.
1757.93308174053  0.
1759.38069624809  0.
1760.82831075565  0.
1762.27592526321  0.
1763.72353977076  0.
1765.17115427832  0.
1766.61876878588  0.
1768.06638329344  0.
1769.513997801  0.
1770.96161230856  0.
1772.40922681612  0.
1773.85684132368  0.
1775.30445583124  0.
1776.7520703388  0.
1778.19968484636  0.
1779.64729935392  0.
1781.09491386148  0.
1782.54252836904  0.
1783.9901428766  0.
1785.43775738416  0.
1786.88537189172  0.
1788.33298639928  0.
1789.78060090684  0.
1791.2282154144  0.
1792.67582992196  0.
1794.12344442952  0.
1795.57105893708  0.
1797.01867344464  0.
1798.4662879522  0.
1799.91390245976  0.
1801.36151696732  0.
1802.80913147488  0.
1804.25674598244  0.
1805.70436049  0.
1807.15197499756  0.
1808.59958950512  0.
1810.04720401268  0.
1811.49481852024  0.
1812.9424330278  0.
1814.39004753536  0.
1815.83766204292  0.
1817.28527655048  0.
1818.73289105804  0.
1820.1805055656  0.
1821.62812007316  0.
1823.07573458072  0.
1824.52334908828  0.
1825.97096359584  0.
1827.4185781034  0.
1828.86619261096  0.
1830.31380711852  0.
1831.76142162608  0.
