906.735751295338  0.
908.183365802898  0.
909.630980310458  0.
911.078594818018  0.
912.526209325578  0.
913.973823833137  0.
915.421438340697  0.
916.869052848257  0.
918.316667355817  0.
919.764281863377  0.
921.211896370937  0.
922.659510878497  0.
924.107125386056  0.
925.554739893616  0.
927.002354401176  0.
928.449968908736  0.
929.897583416296  0.
931.345197923856  0.
932.792812431415  0.
934.240426938975  0.
935.688041446535  0.
937.135655954095  0.
938.583270461655  0.
940.030884969215  0.
941.478499476774  0.
942.926113984334  0.
944.373728491894  0.
945.821342999454  0.
947.268957507014  0.
948.716572014574  0.
950.164186522133  0.
951.611801029693  0.
953.059415537253  0.
954.507030044813  0.
955.954644552373  0.
957.402259059933  0.
958.849873567493  0.
960.297488075052  0.
961.745102582612  0.
963.192717090172  0.
964.640331597732  0.
966.087946105292  0.
967.535560612852  0.
968.983175120411  0.
970.430789627971  0.
971.878404135531  0.
973.326018643091  0.
974.773633150651  0.
976.221247658211  0.
977.668862165771  0.
979.11647667333  0.
980.56409118089  0.
982.01170568845  0.
983.45932019601  0.
984.90693470357  0.
986.35454921113  0.
987.802163718689  0.
989.249778226249  0.
990.697392733809  0.
992.145007241369  0.
993.592621748929  2.689021E-13
995.040236256489  2.298656E-13
996.487850764048  3.033283E-13
997.935465271608  2.070626E-13
999.383079779168  2.224715E-13
1000.83069428673  2.534203E-13
1002.27830879429  2.299625E-13
1003.72592330185  3.273576E-13
1005.17353780941  3.235018E-13
1006.62115231697  3.305890E-13
1008.06876682453  3.809429E-13
1009.51638133209  3.249565E-13
1010.96399583965  3.380707E-13
1012.41161034721  3.015192E-13
1013.85922485477  3.021131E-13
1015.30683936233  3.630815E-13
1016.75445386989  3.349977E-13
1018.20206837745  3.804424E-13
1019.64968288501  3.354368E-13
1021.09729739257  3.115644E-13
1022.54491190013  3.511314E-13
1023.99252640769  3.921872E-13
1025.44014091525  3.722271E-13
1026.8877554228  3.825457E-13
1028.33536993037  3.247092E-13
1029.78298443792  3.334228E-13
1031.23059894548  2.900722E-13
1032.67821345304  3.692357E-13
1034.1258279606  3.434696E-13
1035.57344246816  3.224561E-13
1037.02105697572  2.990809E-13
1038.46867148328  3.486684E-13
1039.91628599084  3.273300E-13
1041.3639004984  3.392063E-13
1042.81151500596  3.172071E-13
1044.25912951352  3.793465E-13
1045.70674402108  5.201037E-13
1047.15435852864  6.201702E-13
1048.6019730362  6.349771E-13
1050.04958754376  5.352044E-13
1051.49720205132  5.626245E-13
1052.94481655888  5.349268E-13
1054.39243106644  4.016822E-13
1055.840045574  2.748107E-13
1057.28766008156  2.492131E-13
1058.73527458912  2.273947E-13
1060.18288909668  2.109130E-13
1061.63050360424  2.480526E-13
1063.0781181118  2.475858E-13
1064.52573261936  2.730815E-13
1065.97334712692  2.529809E-13
1067.42096163448  3.023512E-13
1068.86857614204  2.371478E-13
1070.3161906496  2.414281E-13
1071.76380515716  2.344326E-13
1073.21141966472  2.359501E-13
1074.65903417228  2.626607E-13
1076.10664867984  2.649063E-13
1077.5542631874  2.464627E-13
1079.00187769496  2.501131E-13
1080.44949220252  1.974118E-13
1081.89710671008  2.002724E-13
1083.34472121764  2.036351E-13
1084.7923357252  1.898843E-13
1086.23995023276  2.191022E-13
1087.68756474032  1.774800E-13
1089.13517924788  1.648451E-13
1090.58279375544  1.853044E-13
1092.030408263  1.979619E-13
1093.47802277056  1.995873E-13
1094.92563727812  2.133106E-13
1096.37325178568  1.853736E-13
1097.82086629324  1.953467E-13
1099.2684808008  2.017876E-13
1100.71609530836  1.932126E-13
1102.16370981592  1.848081E-13
1103.61132432348  1.955340E-13
1105.05893883104  2.161234E-13
1106.5065533386  1.896498E-13
1107.95416784616  2.115470E-13
1109.40178235372  2.237980E-13
1110.84939686128  1.991850E-13
1112.29701136884  1.991832E-13
1113.7446258764  2.067642E-13
1115.19224038396  2.363790E-13
1116.63985489152  2.156197E-13
1118.08746939908  2.156935E-13
1119.53508390664  1.949755E-13
1120.98269841419  2.386760E-13
1122.43031292175  1.782028E-13
1123.87792742931  1.895553E-13
1125.32554193687  1.657835E-13
1126.77315644443  1.902639E-13
1128.22077095199  2.408250E-13
1129.66838545955  2.153124E-13
1131.11599996711  2.330319E-13
1132.56361447467  2.049476E-13
1134.01122898223  1.946140E-13
1135.45884348979  1.990561E-13
1136.90645799735  1.935215E-13
1138.35407250491  1.922306E-13
1139.80168701247  1.948855E-13
1141.24930152003  1.940973E-13
1142.69691602759  2.193031E-13
1144.14453053515  1.907983E-13
1145.59214504271  1.981715E-13
1147.03975955027  1.926169E-13
1148.48737405783  2.209849E-13
1149.93498856539  2.047984E-13
1151.38260307295  1.930811E-13
1152.83021758051  1.559548E-13
1154.27783208807  1.582030E-13
1155.72544659563  1.892905E-13
1157.17306110319  1.991661E-13
1158.62067561075  1.868303E-13
1160.06829011831  2.085224E-13
1161.51590462587  1.835804E-13
1162.96351913343  1.907842E-13
1164.41113364099  2.315601E-13
1165.85874814855  1.869372E-13
1167.30636265611  2.142516E-13
1168.75397716367  1.985397E-13
1170.20159167123  2.131863E-13
1171.64920617879  2.019171E-13
1173.09682068635  2.172851E-13
1174.54443519391  2.001413E-13
1175.99204970147  2.208475E-13
1177.43966420903  2.728979E-13
1178.88727871659  2.401750E-13
1180.33489322415  2.284142E-13
1181.78250773171  2.241112E-13
1183.23012223927  2.398806E-13
1184.67773674683  2.404734E-13
1186.12535125439  2.252761E-13
1187.57296576195  2.933529E-13
1189.02058026951  2.398171E-13
1190.46819477707  2.649285E-13
1191.91580928463  2.509534E-13
1193.36342379219  2.964395E-13
1194.81103829975  3.009639E-13
1196.25865280731  3.172194E-13
1197.70626731487  3.391906E-13
1199.15388182243  3.527142E-13
1200.60149632999  3.836391E-13
1202.04911083755  3.794966E-13
1203.49672534511  3.703698E-13
1204.94433985267  4.339166E-13
1206.39195436023  4.836395E-13
1207.83956886779  5.803384E-13
1209.28718337535  6.201001E-13
1210.7347978829  6.958183E-13
1212.18241239046  7.748328E-13
1213.63002689802  8.387304E-13
1215.07764140558  8.416712E-13
1216.52525591314  7.815496E-13
1217.9728704207  9.156356E-13
1219.42048492826  8.361398E-13
1220.86809943582  6.509349E-13
1222.31571394338  5.845466E-13
1223.76332845094  4.206485E-13
1225.2109429585  4.367022E-13
1226.65855746606  4.307414E-13
1228.10617197362  4.001089E-13
1229.55378648118  3.833301E-13
1231.00140098874  3.626930E-13
1232.4490154963  3.323674E-13
1233.89663000386  3.584844E-13
1235.34424451142  3.123622E-13
1236.79185901898  3.557195E-13
1238.23947352654  3.665133E-13
1239.6870880341  3.691168E-13
1241.13470254166  3.601381E-13
1242.58231704922  3.236238E-13
1244.02993155678  3.063398E-13
1245.47754606434  2.611870E-13
1246.9251605719  2.480754E-13
1248.37277507946  2.573691E-13
1249.82038958702  2.528372E-13
1251.26800409458  2.344537E-13
1252.71561860214  2.565362E-13
1254.1632331097  2.585214E-13
1255.61084761726  2.427124E-13
1257.05846212482  2.191143E-13
1258.50607663238  2.428456E-13
1259.95369113994  2.279619E-13
1261.4013056475  2.215169E-13
1262.84892015506  2.078781E-13
1264.29653466262  2.272443E-13
1265.74414917018  2.177902E-13
1267.19176367774  2.162513E-13
1268.6393781853  1.987114E-13
1270.08699269286  2.004684E-13
1271.53460720042  1.805333E-13
1272.98222170798  1.905580E-13
1274.42983621554  1.754133E-13
1275.8774507231  1.822235E-13
1277.32506523066  1.942370E-13
1278.77267973822  1.665284E-13
1280.22029424578  1.798928E-13
1281.66790875334  1.967392E-13
1283.1155232609  1.722607E-13
1284.56313776846  1.608204E-13
1286.01075227602  1.649226E-13
1287.45836678358  1.598826E-13
1288.90598129114  1.865418E-13
1290.3535957987  1.930471E-13
1291.80121030626  2.016521E-13
1293.24882481382  2.010009E-13
1294.69643932138  1.817373E-13
1296.14405382894  1.899330E-13
1297.5916683365  1.865431E-13
1299.03928284406  2.019433E-13
1300.48689735162  2.165515E-13
1301.93451185917  2.061171E-13
1303.38212636674  2.111734E-13
1304.82974087429  1.795386E-13
1306.27735538185  1.785781E-13
1307.72496988941  1.798395E-13
1309.17258439697  1.780743E-13
1310.62019890453  1.849817E-13
1312.06781341209  1.868139E-13
1313.51542791965  1.819637E-13
1314.96304242721  1.755950E-13
1316.41065693477  1.598254E-13
1317.85827144233  1.486288E-13
1319.30588594989  1.495026E-13
1320.75350045745  1.670340E-13
1322.20111496501  1.630323E-13
1323.64872947257  1.902003E-13
1325.09634398013  1.856250E-13
1326.54395848769  1.560539E-13
1327.99157299525  1.757110E-13
1329.43918750281  2.181891E-13
1330.88680201037  1.829562E-13
1332.33441651793  1.988711E-13
1333.78203102549  1.872117E-13
1335.22964553305  1.801872E-13
1336.67726004061  1.790761E-13
1338.12487454817  1.538812E-13
1339.57248905573  1.576062E-13
1341.02010356329  1.865166E-13
1342.46771807085  1.703349E-13
1343.91533257841  1.611059E-13
1345.36294708597  1.805282E-13
1346.81056159353  1.757276E-13
1348.25817610109  1.658045E-13
1349.70579060865  1.735035E-13
1351.15340511621  1.775401E-13
1352.60101962377  1.678594E-13
1354.04863413133  1.630506E-13
1355.49624863889  1.768369E-13
1356.94386314645  1.826329E-13
1358.39147765401  1.671797E-13
1359.83909216157  1.738027E-13
1361.28670666913  1.683323E-13
1362.73432117669  1.849229E-13
1364.18193568425  1.949709E-13
1365.62955019181  1.554870E-13
1367.07716469937  1.722709E-13
1368.52477920693  1.713113E-13
1369.97239371449  1.776683E-13
1371.42000822205  1.762255E-13
1372.86762272961  1.697616E-13
1374.31523723717  1.556376E-13
1375.76285174473  1.709054E-13
1377.21046625229  1.799236E-13
1378.65808075985  1.888391E-13
1380.10569526741  1.787685E-13
1381.55330977497  1.718835E-13
1383.00092428253  1.707546E-13
1384.44853879009  1.760825E-13
1385.89615329765  1.709933E-13
1387.34376780521  1.826453E-13
1388.79138231277  1.981802E-13
1390.23899682033  1.904653E-13
1391.68661132789  1.989079E-13
1393.13422583545  2.012410E-13
1394.581840343  2.043292E-13
1396.02945485057  2.211212E-13
1397.47706935812  2.292815E-13
1398.92468386568  1.985308E-13
1400.37229837324  2.126764E-13
1401.8199128808  2.073407E-13
1403.26752738836  1.918196E-13
1404.71514189592  2.111382E-13
1406.16275640348  1.922049E-13
1407.61037091104  1.941591E-13
1409.0579854186  1.962096E-13
1410.50559992616  1.858134E-13
1411.95321443372  1.986242E-13
1413.40082894128  1.852348E-13
1414.84844344884  1.689431E-13
1416.2960579564  1.635309E-13
1417.74367246396  1.693613E-13
1419.19128697152  1.820677E-13
1420.63890147908  1.612761E-13
1422.08651598664  1.536736E-13
1423.5341304942  1.587185E-13
1424.98174500176  1.790801E-13
1426.42935950932  1.901329E-13
1427.87697401688  1.600898E-13
1429.32458852444  1.669980E-13
1430.772203032  1.404699E-13
1432.21981753956  1.485869E-13
1433.66743204712  1.417726E-13
1435.11504655468  1.384996E-13
1436.56266106224  1.537138E-13
1438.0102755698  1.637633E-13
1439.45789007736  1.559103E-13
1440.90550458492  1.755418E-13
1442.35311909248  1.487012E-13
1443.80073360004  1.481352E-13
1445.2483481076  1.357145E-13
1446.69596261516  1.509739E-13
1448.14357712272  1.396622E-13
1449.59119163028  1.335343E-13
1451.03880613784  1.489964E-13
1452.4864206454  1.488230E-13
1453.93403515296  1.443989E-13
1455.38164966052  1.604784E-13
1456.82926416808  1.430462E-13
1458.27687867564  1.418796E-13
1459.7244931832  1.490880E-13
1461.17210769076  1.429665E-13
1462.61972219832  1.410669E-13
1464.06733670588  1.549215E-13
1465.51495121344  1.461578E-13
1466.962565721  1.413502E-13
1468.41018022856  1.384209E-13
1469.85779473612  1.558831E-13
1471.30540924368  1.307410E-13
1472.75302375124  1.401409E-13
1474.2006382588  1.409699E-13
1475.64825276636  1.423313E-13
1477.09586727392  1.432311E-13
1478.54348178148  1.535102E-13
1479.99109628904  1.329519E-13
1481.4387107966  1.578876E-13
1482.88632530416  1.560421E-13
1484.33393981172  1.354358E-13
1485.78155431928  1.431358E-13
1487.22916882683  1.456915E-13
1488.67678333439  1.332043E-13
1490.12439784195  1.435285E-13
1491.57201234951  1.498621E-13
1493.01962685707  1.518720E-13
1494.46724136463  1.527520E-13
1495.91485587219  1.500423E-13
1497.36247037975  1.430995E-13
1498.81008488731  1.556317E-13
1500.25769939487  1.704376E-13
1501.70531390243  1.542350E-13
1503.15292840999  1.498912E-13
1504.60054291755  1.644477E-13
1506.04815742511  1.501095E-13
1507.49577193267  1.410596E-13
1508.94338644023  1.515073E-13
1510.39100094779  1.671533E-13
1511.83861545535  1.647218E-13
1513.28622996291  1.579810E-13
1514.73384447047  1.547719E-13
1516.18145897803  1.621645E-13
1517.62907348559  1.618241E-13
1519.07668799315  1.603841E-13
1520.52430250071  1.630451E-13
1521.97191700827  1.763049E-13
1523.41953151583  1.913359E-13
1524.86714602339  2.032550E-13
1526.31476053095  1.975331E-13
1527.76237503851  2.141275E-13
1529.20998954607  1.943883E-13
1530.65760405363  2.052809E-13
1532.10521856119  2.211966E-13
1533.55283306875  2.248354E-13
1535.00044757631  2.378870E-13
1536.44806208387  2.535864E-13
1537.89567659143  2.683781E-13
1539.34329109899  2.947031E-13
1540.79090560655  3.128826E-13
1542.23852011411  3.133924E-13
1543.68613462167  3.324166E-13
1545.13374912923  3.670135E-13
1546.58136363679  3.767929E-13
1548.02897814435  3.503710E-13
1549.47659265191  3.584001E-13
1550.92420715947  3.404420E-13
1552.37182166703  3.035253E-13
1553.81943617459  2.935378E-13
1555.26705068215  2.773073E-13
1556.71466518971  2.373664E-13
1558.16227969727  2.182320E-13
1559.60989420483  2.240266E-13
1561.05750871239  2.040853E-13
1562.50512321995  1.850193E-13
1563.95273772751  1.976014E-13
1565.40035223507  1.925785E-13
1566.84796674263  1.737279E-13
1568.29558125019  1.778717E-13
1569.74319575775  1.718859E-13
1571.19081026531  1.678406E-13
1572.63842477287  1.675630E-13
1574.08603928043  1.577729E-13
1575.53365378799  1.704670E-13
1576.98126829555  1.617807E-13
1578.4288828031  1.683500E-13
1579.87649731066  1.748725E-13
1581.32411181822  1.533103E-13
1582.77172632578  1.490644E-13
1584.21934083334  1.566187E-13
1585.6669553409  1.660238E-13
1587.11456984846  1.501975E-13
1588.56218435602  1.501122E-13
1590.00979886358  1.591977E-13
1591.45741337114  1.579636E-13
1592.9050278787  1.525388E-13
1594.35264238626  1.516291E-13
1595.80025689382  1.493716E-13
1597.24787140138  1.355799E-13
1598.69548590894  1.456701E-13
1600.1431004165  1.539692E-13
1601.59071492406  1.445649E-13
1603.03832943162  1.453946E-13
1604.48594393918  1.429239E-13
1605.93355844674  1.484953E-13
1607.3811729543  1.446383E-13
1608.82878746186  1.384056E-13
1610.27640196942  1.423098E-13
1611.72401647698  1.419097E-13
1613.17163098454  1.443102E-13
1614.6192454921  1.498144E-13
1616.06685999966  1.515684E-13
1617.51447450722  1.493191E-13
1618.96208901478  1.484685E-13
1620.40970352234  1.512033E-13
1621.8573180299  1.547048E-13
1623.30493253746  1.517226E-13
1624.75254704502  1.543246E-13
1626.20016155258  1.487792E-13
1627.64777606014  1.522396E-13
1629.0953905677  1.568439E-13
1630.54300507526  1.469808E-13
1631.99061958282  1.510817E-13
1633.43823409038  1.550493E-13
1634.88584859794  1.657333E-13
1636.3334631055  1.569652E-13
1637.78107761306  1.459500E-13
1639.22869212062  1.448219E-13
1640.67630662818  1.465257E-13
1642.12392113574  1.405916E-13
1643.5715356433  1.434361E-13
1645.01915015086  1.504402E-13
1646.46676465842  1.424028E-13
1647.91437916598  1.374194E-13
1649.36199367354  1.398858E-13
1650.8096081811  1.492550E-13
1652.25722268866  1.494972E-13
1653.70483719622  1.478560E-13
1655.15245170378  1.547148E-13
1656.60006621134  1.649139E-13
1658.0476807189  1.604131E-13
1659.49529522646  1.620098E-13
1660.94290973402  1.578551E-13
1662.39052424158  1.635295E-13
1663.83813874914  1.594464E-13
1665.2857532567  1.495292E-13
1666.73336776426  1.502932E-13
1668.18098227181  1.486397E-13
1669.62859677938  1.379373E-13
1671.07621128693  1.398800E-13
1672.52382579449  1.425508E-13
1673.97144030205  1.441425E-13
1675.41905480961  1.428465E-13
1676.86666931717  1.396361E-13
1678.31428382473  1.418739E-13
1679.76189833229  1.424578E-13
1681.20951283985  1.417353E-13
1682.65712734741  1.323977E-13
1684.10474185497  1.342510E-13
1685.55235636253  1.289441E-13
1686.99997087009  1.347498E-13
1688.44758537765  1.311107E-13
1689.89519988521  1.331648E-13
1691.34281439277  1.280546E-13
1692.79042890033  1.247036E-13
1694.23804340789  1.149446E-13
1695.68565791545  1.158807E-13
1697.13327242301  1.219087E-13
1698.58088693057  1.225424E-13
1700.02850143813  1.224199E-13
1701.47611594569  1.250863E-13
1702.92373045325  1.289095E-13
1704.37134496081  1.260610E-13
1705.81895946837  1.265136E-13
1707.26657397593  1.256517E-13
1708.71418848349  1.292673E-13
1710.16180299105  0.
1711.60941749861  0.
1713.05703200617  0.
1714.50464651373  0.
1715.95226102129  0.
1717.39987552885  0.
1718.84749003641  0.
1720.29510454397  0.
1721.74271905153  0.
1723.19033355909  0.
1724.63794806665  0.
1726.08556257421  0.
1727.53317708177  0.
1728.98079158933  0.
1730.42840609689  0.
1731.87602060445  0.
1733.32363511201  0.
1734.77124961957  0.
1736.21886412713  0.
1737.66647863469  0.
1739.11409314225  0.
1740.56170764981  0.
1742.00932215737  0.
1743.45693666493  0.
1744.90455117249  0.
1746.35216568005  0.
1747.79978018761  0.
1749.24739469517  0.
1750.69500920273  0.
1752.14262371029  0.
1753.59023821785  0.
1755.03785272541  0.
1756.48546723297  0.
1757.93308174053  0.
1759.38069624809  0.
1760.82831075565  0.
1762.27592526321  0.
1763.72353977076  0.
1765.17115427832  0.
1766.61876878588  0.
1768.06638329344  0.
1769.513997801  0.
1770.96161230856  0.
1772.40922681612  0.
1773.85684132368  0.
1775.30445583124  0.
1776.7520703388  0.
1778.19968484636  0.
1779.64729935392  0.
1781.09491386148  0.
1782.54252836904  0.
1783.9901428766  0.
1785.43775738416  0.
1786.88537189172  0.
1788.33298639928  0.
1789.78060090684  0.
1791.2282154144  0.
1792.67582992196  0.
1794.12344442952  0.
1795.57105893708  0.
1797.01867344464  0.
1798.4662879522  0.
1799.91390245976  0.
1801.36151696732  0.
1802.80913147488  0.
1804.25674598244  0.
1805.70436049  0.
1807.15197499756  0.
1808.59958950512  0.
1810.04720401268  0.
1811.49481852024  0.
1812.9424330278  0.
1814.39004753536  0.
1815.83766204292  0.
1817.28527655048  0.
1818.73289105804  0.
1820.1805055656  0.
1821.62812007316  0.
1823.07573458072  0.
1824.52334908828  0.
1825.97096359584  0.
1827.4185781034  0.
1828.86619261096  0.
1830.31380711852  0.
1831.76142162608  0.
