906.735751295338  0.
908.183365802898  0.
909.630980310458  0.
911.078594818018  0.
912.526209325578  0.
913.973823833137  0.
915.421438340697  0.
916.869052848257  0.
918.316667355817  0.
919.764281863377  0.
921.211896370937  0.
922.659510878497  0.
924.107125386056  0.
925.554739893616  0.
927.002354401176  0.
928.449968908736  0.
929.897583416296  0.
931.345197923856  0.
932.792812431415  0.
934.240426938975  0.
935.688041446535  0.
937.135655954095  0.
938.583270461655  0.
940.030884969215  0.
941.478499476774  0.
942.926113984334  0.
944.373728491894  0.
945.821342999454  0.
947.268957507014  0.
948.716572014574  0.
950.164186522133  0.
951.611801029693  0.
953.059415537253  0.
954.507030044813  0.
955.954644552373  0.
957.402259059933  0.
958.849873567493  0.
960.297488075052  0.
961.745102582612  0.
963.192717090172  0.
964.640331597732  0.
966.087946105292  0.
967.535560612852  0.
968.983175120411  0.
970.430789627971  0.
971.878404135531  0.
973.326018643091  0.
974.773633150651  0.
976.221247658211  0.
977.668862165771  0.
979.11647667333  0.
980.56409118089  0.
982.01170568845  0.
983.45932019601  0.
984.90693470357  0.
986.35454921113  0.
987.802163718689  0.
989.249778226249  0.
990.697392733809  0.
992.145007241369  0.
993.592621748929  3.677286E-13
995.040236256489  4.070607E-13
996.487850764048  4.625276E-13
997.935465271608  4.803566E-13
999.383079779168  4.829135E-13
1000.83069428673  5.194461E-13
1002.27830879429  4.849623E-13
1003.72592330185  4.237340E-13
1005.17353780941  4.508708E-13
1006.62115231697  4.601723E-13
1008.06876682453  4.615695E-13
1009.51638133209  4.933256E-13
1010.96399583965  4.780402E-13
1012.41161034721  4.864167E-13
1013.85922485477  4.473140E-13
1015.30683936233  4.714456E-13
1016.75445386989  4.936786E-13
1018.20206837745  4.911778E-13
1019.64968288501  4.661311E-13
1021.09729739257  5.290260E-13
1022.54491190013  5.473365E-13
1023.99252640769  5.341347E-13
1025.44014091525  5.561685E-13
1026.8877554228  4.307758E-13
1028.33536993037  4.564642E-13
1029.78298443792  5.650310E-13
1031.23059894548  4.544338E-13
1032.67821345304  5.025551E-13
1034.1258279606  4.448578E-13
1035.57344246816  4.867639E-13
1037.02105697572  4.573407E-13
1038.46867148328  4.220110E-13
1039.91628599084  4.290973E-13
1041.3639004984  4.407219E-13
1042.81151500596  4.941084E-13
1044.25912951352  6.091549E-13
1045.70674402108  7.806997E-13
1047.15435852864  1.053769E-12
1048.6019730362  7.764652E-13
1050.04958754376  7.820421E-13
1051.49720205132  9.492528E-13
1052.94481655888  7.054224E-13
1054.39243106644  5.748399E-13
1055.840045574  5.297125E-13
1057.28766008156  3.813529E-13
1058.73527458912  3.813518E-13
1060.18288909668  3.951689E-13
1061.63050360424  4.084403E-13
1063.0781181118  4.113077E-13
1064.52573261936  3.821594E-13
1065.97334712692  4.176415E-13
1067.42096163448  4.786347E-13
1068.86857614204  3.650728E-13
1070.3161906496  4.021099E-13
1071.76380515716  3.584934E-13
1073.21141966472  3.854468E-13
1074.65903417228  4.198969E-13
1076.10664867984  3.485976E-13
1077.5542631874  3.771351E-13
1079.00187769496  4.152917E-13
1080.44949220252  3.826185E-13
1081.89710671008  3.319430E-13
1083.34472121764  3.554363E-13
1084.7923357252  3.979264E-13
1086.23995023276  3.722583E-13
1087.68756474032  3.202832E-13
1089.13517924788  4.051151E-13
1090.58279375544  3.856279E-13
1092.030408263  4.143037E-13
1093.47802277056  3.470243E-13
1094.92563727812  4.012049E-13
1096.37325178568  3.502406E-13
1097.82086629324  3.570561E-13
1099.2684808008  3.499439E-13
1100.71609530836  3.867340E-13
1102.16370981592  3.406863E-13
1103.61132432348  3.694680E-13
1105.05893883104  3.769969E-13
1106.5065533386  3.655813E-13
1107.95416784616  3.677682E-13
1109.40178235372  3.748818E-13
1110.84939686128  4.001551E-13
1112.29701136884  3.398041E-13
1113.7446258764  3.604570E-13
1115.19224038396  3.669849E-13
1116.63985489152  3.627719E-13
1118.08746939908  3.688326E-13
1119.53508390664  3.644817E-13
1120.98269841419  3.357303E-13
1122.43031292175  3.698112E-13
1123.87792742931  3.219113E-13
1125.32554193687  2.966153E-13
1126.77315644443  3.037084E-13
1128.22077095199  3.457100E-13
1129.66838545955  3.711769E-13
1131.11599996711  3.471085E-13
1132.56361447467  3.614004E-13
1134.01122898223  3.780617E-13
1135.45884348979  3.541684E-13
1136.90645799735  3.754734E-13
1138.35407250491  3.544745E-13
1139.80168701247  3.669134E-13
1141.24930152003  3.573329E-13
1142.69691602759  3.203045E-13
1144.14453053515  3.587946E-13
1145.59214504271  3.496886E-13
1147.03975955027  3.489005E-13
1148.48737405783  3.260216E-13
1149.93498856539  3.466406E-13
1151.38260307295  3.307979E-13
1152.83021758051  3.048792E-13
1154.27783208807  3.131038E-13
1155.72544659563  3.959645E-13
1157.17306110319  3.564827E-13
1158.62067561075  3.815375E-13
1160.06829011831  3.991533E-13
1161.51590462587  3.338879E-13
1162.96351913343  3.431000E-13
1164.41113364099  3.553789E-13
1165.85874814855  3.837790E-13
1167.30636265611  3.836786E-13
1168.75397716367  3.688511E-13
1170.20159167123  3.703189E-13
1171.64920617879  3.748907E-13
1173.09682068635  3.748181E-13
1174.54443519391  3.895879E-13
1175.99204970147  4.121828E-13
1177.43966420903  3.755815E-13
1178.88727871659  4.457204E-13
1180.33489322415  3.948027E-13
1181.78250773171  3.820471E-13
1183.23012223927  4.222723E-13
1184.67773674683  4.230492E-13
1186.12535125439  3.858113E-13
1187.57296576195  3.843731E-13
1189.02058026951  4.409216E-13
1190.46819477707  4.563904E-13
1191.91580928463  4.774887E-13
1193.36342379219  4.642190E-13
1194.81103829975  4.342093E-13
1196.25865280731  4.985594E-13
1197.70626731487  4.678722E-13
1199.15388182243  5.075485E-13
1200.60149632999  6.399756E-13
1202.04911083755  5.254674E-13
1203.49672534511  5.225835E-13
1204.94433985267  6.262529E-13
1206.39195436023  6.352486E-13
1207.83956886779  7.318862E-13
1209.28718337535  8.447053E-13
1210.7347978829  9.261381E-13
1212.18241239046  1.023961E-12
1213.63002689802  9.851843E-13
1215.07764140558  1.055937E-12
1216.52525591314  9.645704E-13
1217.9728704207  9.080236E-13
1219.42048492826  8.144108E-13
1220.86809943582  6.998539E-13
1222.31571394338  6.173410E-13
1223.76332845094  5.375369E-13
1225.2109429585  5.596725E-13
1226.65855746606  4.902135E-13
1228.10617197362  4.779958E-13
1229.55378648118  5.534653E-13
1231.00140098874  4.929882E-13
1232.4490154963  4.610286E-13
1233.89663000386  4.865713E-13
1235.34424451142  5.544374E-13
1236.79185901898  5.190895E-13
1238.23947352654  4.972032E-13
1239.6870880341  5.350090E-13
1241.13470254166  4.950381E-13
1242.58231704922  4.362946E-13
1244.02993155678  4.713182E-13
1245.47754606434  4.071960E-13
1246.9251605719  4.012992E-13
1248.37277507946  3.907466E-13
1249.82038958702  3.740288E-13
1251.26800409458  3.542787E-13
1252.71561860214  3.663115E-13
1254.1632331097  3.688276E-13
1255.61084761726  3.391355E-13
1257.05846212482  3.453756E-13
1258.50607663238  3.715263E-13
1259.95369113994  3.482379E-13
1261.4013056475  3.271066E-13
1262.84892015506  3.741703E-13
1264.29653466262  3.167885E-13
1265.74414917018  3.332120E-13
1267.19176367774  3.262976E-13
1268.6393781853  3.434066E-13
1270.08699269286  3.400070E-13
1271.53460720042  3.151600E-13
1272.98222170798  3.094902E-13
1274.42983621554  3.251950E-13
1275.8774507231  3.512311E-13
1277.32506523066  3.209304E-13
1278.77267973822  3.034664E-13
1280.22029424578  3.231754E-13
1281.66790875334  3.071683E-13
1283.1155232609  3.278042E-13
1284.56313776846  3.427530E-13
1286.01075227602  3.393270E-13
1287.45836678358  3.038387E-13
1288.90598129114  2.935164E-13
1290.3535957987  3.147957E-13
1291.80121030626  3.092990E-13
1293.24882481382  2.873266E-13
1294.69643932138  3.059969E-13
1296.14405382894  2.946870E-13
1297.5916683365  3.135724E-13
1299.03928284406  3.150848E-13
1300.48689735162  3.065959E-13
1301.93451185917  2.910872E-13
1303.38212636674  3.025565E-13
1304.82974087429  3.152554E-13
1306.27735538185  3.141339E-13
1307.72496988941  2.982934E-13
1309.17258439697  3.071698E-13
1310.62019890453  2.950012E-13
1312.06781341209  3.054087E-13
1313.51542791965  2.810887E-13
1314.96304242721  2.766051E-13
1316.41065693477  2.670773E-13
1317.85827144233  2.745687E-13
1319.30588594989  2.559088E-13
1320.75350045745  2.902113E-13
1322.20111496501  2.894024E-13
1323.64872947257  2.994289E-13
1325.09634398013  2.898703E-13
1326.54395848769  2.992381E-13
1327.99157299525  2.924883E-13
1329.43918750281  3.033445E-13
1330.88680201037  3.214650E-13
1332.33441651793  2.786680E-13
1333.78203102549  2.976680E-13
1335.22964553305  2.626484E-13
1336.67726004061  2.823601E-13
1338.12487454817  2.891315E-13
1339.57248905573  2.716833E-13
1341.02010356329  2.996878E-13
1342.46771807085  2.895540E-13
1343.91533257841  2.948175E-13
1345.36294708597  2.963412E-13
1346.81056159353  2.750178E-13
1348.25817610109  2.899864E-13
1349.70579060865  3.041607E-13
1351.15340511621  3.016417E-13
1352.60101962377  2.846874E-13
1354.04863413133  2.963512E-13
1355.49624863889  2.941524E-13
1356.94386314645  2.954945E-13
1358.39147765401  2.704120E-13
1359.83909216157  3.035905E-13
1361.28670666913  3.233216E-13
1362.73432117669  3.197855E-13
1364.18193568425  3.248883E-13
1365.62955019181  3.106431E-13
1367.07716469937  3.103767E-13
1368.52477920693  2.843208E-13
1369.97239371449  3.120326E-13
1371.42000822205  2.973016E-13
1372.86762272961  3.122349E-13
1374.31523723717  2.983601E-13
1375.76285174473  2.955358E-13
1377.21046625229  3.249878E-13
1378.65808075985  3.206805E-13
1380.10569526741  3.122491E-13
1381.55330977497  3.109492E-13
1383.00092428253  3.132499E-13
1384.44853879009  3.239103E-13
1385.89615329765  3.121973E-13
1387.34376780521  2.946177E-13
1388.79138231277  2.858968E-13
1390.23899682033  2.884637E-13
1391.68661132789  2.888821E-13
1393.13422583545  3.219309E-13
1394.581840343  3.384671E-13
1396.02945485057  3.124085E-13
1397.47706935812  2.941330E-13
1398.92468386568  3.096247E-13
1400.37229837324  3.140350E-13
1401.8199128808  3.064690E-13
1403.26752738836  3.154412E-13
1404.71514189592  3.016790E-13
1406.16275640348  3.041106E-13
1407.61037091104  3.324175E-13
1409.0579854186  3.048037E-13
1410.50559992616  2.771349E-13
1411.95321443372  3.015211E-13
1413.40082894128  3.003138E-13
1414.84844344884  3.101819E-13
1416.2960579564  2.997522E-13
1417.74367246396  2.743678E-13
1419.19128697152  2.878228E-13
1420.63890147908  2.635278E-13
1422.08651598664  2.716899E-13
1423.5341304942  2.848636E-13
1424.98174500176  2.578026E-13
1426.42935950932  2.525678E-13
1427.87697401688  2.623394E-13
1429.32458852444  2.698178E-13
1430.772203032  2.594909E-13
1432.21981753956  2.618124E-13
1433.66743204712  2.697730E-13
1435.11504655468  2.694014E-13
1436.56266106224  2.741815E-13
1438.0102755698  2.360340E-13
1439.45789007736  2.445690E-13
1440.90550458492  2.304009E-13
1442.35311909248  2.190585E-13
1443.80073360004  2.320069E-13
1445.2483481076  2.611933E-13
1446.69596261516  2.598789E-13
1448.14357712272  2.673123E-13
1449.59119163028  2.522769E-13
1451.03880613784  2.455260E-13
1452.4864206454  2.454580E-13
1453.93403515296  2.384721E-13
1455.38164966052  2.505313E-13
1456.82926416808  2.559017E-13
1458.27687867564  2.479266E-13
1459.7244931832  2.504673E-13
1461.17210769076  2.500143E-13
1462.61972219832  2.578497E-13
1464.06733670588  2.534062E-13
1465.51495121344  2.601700E-13
1466.962565721  2.779723E-13
1468.41018022856  2.585711E-13
1469.85779473612  2.453705E-13
1471.30540924368  2.450320E-13
1472.75302375124  2.309939E-13
1474.2006382588  2.639447E-13
1475.64825276636  2.566437E-13
1477.09586727392  2.500224E-13
1478.54348178148  2.359298E-13
1479.99109628904  2.456786E-13
1481.4387107966  2.355536E-13
1482.88632530416  2.427248E-13
1484.33393981172  2.514871E-13
1485.78155431928  2.550863E-13
1487.22916882683  2.415127E-13
1488.67678333439  2.431242E-13
1490.12439784195  2.612980E-13
1491.57201234951  2.539689E-13
1493.01962685707  2.520576E-13
1494.46724136463  2.441921E-13
1495.91485587219  2.551952E-13
1497.36247037975  2.540665E-13
1498.81008488731  2.379407E-13
1500.25769939487  2.405745E-13
1501.70531390243  2.342232E-13
1503.15292840999  2.352941E-13
1504.60054291755  2.463896E-13
1506.04815742511  2.552829E-13
1507.49577193267  2.569611E-13
1508.94338644023  2.524523E-13
1510.39100094779  2.526504E-13
1511.83861545535  2.554219E-13
1513.28622996291  2.576976E-13
1514.73384447047  2.554890E-13
1516.18145897803  2.581196E-13
1517.62907348559  2.656567E-13
1519.07668799315  2.706133E-13
1520.52430250071  2.674132E-13
1521.97191700827  2.833860E-13
1523.41953151583  2.876107E-13
1524.86714602339  2.974472E-13
1526.31476053095  2.854615E-13
1527.76237503851  2.916002E-13
1529.20998954607  3.072005E-13
1530.65760405363  3.117251E-13
1532.10521856119  3.106017E-13
1533.55283306875  3.348500E-13
1535.00044757631  3.506347E-13
1536.44806208387  3.804535E-13
1537.89567659143  3.905049E-13
1539.34329109899  4.147584E-13
1540.79090560655  4.265335E-13
1542.23852011411  4.546071E-13
1543.68613462167  3.922740E-13
1545.13374912923  4.531465E-13
1546.58136363679  4.398287E-13
1548.02897814435  4.428263E-13
1549.47659265191  4.391432E-13
1550.92420715947  4.303390E-13
1552.37182166703  4.176770E-13
1553.81943617459  3.788614E-13
1555.26705068215  3.375486E-13
1556.71466518971  3.240842E-13
1558.16227969727  3.110977E-13
1559.60989420483  3.103952E-13
1561.05750871239  2.837564E-13
1562.50512321995  2.732519E-13
1563.95273772751  2.746365E-13
1565.40035223507  2.781680E-13
1566.84796674263  2.763565E-13
1568.29558125019  2.597880E-13
1569.74319575775  2.586461E-13
1571.19081026531  2.701531E-13
1572.63842477287  2.623600E-13
1574.08603928043  2.679297E-13
1575.53365378799  2.503924E-13
1576.98126829555  2.456838E-13
1578.4288828031  2.429478E-13
1579.87649731066  2.401621E-13
1581.32411181822  2.419377E-13
1582.77172632578  2.422376E-13
1584.21934083334  2.438158E-13
1585.6669553409  2.481711E-13
1587.11456984846  2.360769E-13
1588.56218435602  2.432811E-13
1590.00979886358  2.483814E-13
1591.45741337114  2.501209E-13
1592.9050278787  2.450202E-13
1594.35264238626  2.363463E-13
1595.80025689382  2.425646E-13
1597.24787140138  2.491007E-13
1598.69548590894  2.391585E-13
1600.1431004165  2.344857E-13
1601.59071492406  2.379799E-13
1603.03832943162  2.364407E-13
1604.48594393918  2.464623E-13
1605.93355844674  2.486660E-13
1607.3811729543  2.458033E-13
1608.82878746186  2.476149E-13
1610.27640196942  2.466471E-13
1611.72401647698  2.419751E-13
1613.17163098454  2.391240E-13
1614.6192454921  2.409210E-13
1616.06685999966  2.432703E-13
1617.51447450722  2.466199E-13
1618.96208901478  2.479219E-13
1620.40970352234  2.406320E-13
1621.8573180299  2.459548E-13
1623.30493253746  2.479049E-13
1624.75254704502  2.538534E-13
1626.20016155258  2.430955E-13
1627.64777606014  2.499322E-13
1629.0953905677  2.500239E-13
1630.54300507526  2.503121E-13
1631.99061958282  2.515100E-13
1633.43823409038  2.488780E-13
1634.88584859794  2.448297E-13
1636.3334631055  2.530528E-13
1637.78107761306  2.497855E-13
1639.22869212062  2.447607E-13
1640.67630662818  2.472647E-13
1642.12392113574  2.420837E-13
1643.5715356433  2.373838E-13
1645.01915015086  2.397456E-13
1646.46676465842  2.501593E-13
1647.91437916598  2.417576E-13
1649.36199367354  2.353104E-13
1650.8096081811  2.303687E-13
1652.25722268866  2.315769E-13
1653.70483719622  2.313037E-13
1655.15245170378  2.289113E-13
1656.60006621134  2.394779E-13
1658.0476807189  2.361473E-13
1659.49529522646  2.360069E-13
1660.94290973402  2.457050E-13
1662.39052424158  2.343656E-13
1663.83813874914  2.342750E-13
1665.2857532567  2.368236E-13
1666.73336776426  2.394311E-13
1668.18098227181  2.392304E-13
1669.62859677938  2.368015E-13
1671.07621128693  2.383934E-13
1672.52382579449  2.371031E-13
1673.97144030205  2.278762E-13
1675.41905480961  2.281524E-13
1676.86666931717  2.280883E-13
1678.31428382473  2.227490E-13
1679.76189833229  2.265181E-13
1681.20951283985  2.224872E-13
1682.65712734741  2.264702E-13
1684.10474185497  2.236576E-13
1685.55235636253  2.238343E-13
1686.99997087009  2.221062E-13
1688.44758537765  2.200318E-13
1689.89519988521  2.192171E-13
1691.34281439277  2.244756E-13
1692.79042890033  2.224418E-13
1694.23804340789  2.169535E-13
1695.68565791545  2.249081E-13
1697.13327242301  2.207709E-13
1698.58088693057  2.202343E-13
1700.02850143813  2.090865E-13
1701.47611594569  2.114516E-13
1702.92373045325  2.140395E-13
1704.37134496081  2.152590E-13
1705.81895946837  2.142637E-13
1707.26657397593  2.105644E-13
1708.71418848349  2.207676E-13
1710.16180299105  0.
1711.60941749861  0.
1713.05703200617  0.
1714.50464651373  0.
1715.95226102129  0.
1717.39987552885  0.
1718.84749003641  0.
1720.29510454397  0.
1721.74271905153  0.
1723.19033355909  0.
1724.63794806665  0.
1726.08556257421  0.
1727.53317708177  0.
1728.98079158933  0.
1730.42840609689  0.
1731.87602060445  0.
1733.32363511201  0.
1734.77124961957  0.
1736.21886412713  0.
1737.66647863469  0.
1739.11409314225  0.
1740.56170764981  0.
1742.00932215737  0.
1743.45693666493  0.
1744.90455117249  0.
1746.35216568005  0.
1747.79978018761  0.
1749.24739469517  0.
1750.69500920273  0.
1752.14262371029  0.
1753.59023821785  0.
1755.03785272541  0.
1756.48546723297  0.
1757.93308174053  0.
1759.38069624809  0.
1760.82831075565  0.
1762.27592526321  0.
1763.72353977076  0.
1765.17115427832  0.
1766.61876878588  0.
1768.06638329344  0.
1769.513997801  0.
1770.96161230856  0.
1772.40922681612  0.
1773.85684132368  0.
1775.30445583124  0.
1776.7520703388  0.
1778.19968484636  0.
1779.64729935392  0.
1781.09491386148  0.
1782.54252836904  0.
1783.9901428766  0.
1785.43775738416  0.
1786.88537189172  0.
1788.33298639928  0.
1789.78060090684  0.
1791.2282154144  0.
1792.67582992196  0.
1794.12344442952  0.
1795.57105893708  0.
1797.01867344464  0.
1798.4662879522  0.
1799.91390245976  0.
1801.36151696732  0.
1802.80913147488  0.
1804.25674598244  0.
1805.70436049  0.
1807.15197499756  0.
1808.59958950512  0.
1810.04720401268  0.
1811.49481852024  0.
1812.9424330278  0.
1814.39004753536  0.
1815.83766204292  0.
1817.28527655048  0.
1818.73289105804  0.
1820.1805055656  0.
1821.62812007316  0.
1823.07573458072  0.
1824.52334908828  0.
1825.97096359584  0.
1827.4185781034  0.
1828.86619261096  0.
1830.31380711852  0.
1831.76142162608  0.
