906.735751295338  0.
908.183365802898  0.
909.630980310458  0.
911.078594818018  0.
912.526209325578  0.
913.973823833137  0.
915.421438340697  0.
916.869052848257  0.
918.316667355817  0.
919.764281863377  0.
921.211896370937  0.
922.659510878497  0.
924.107125386056  0.
925.554739893616  0.
927.002354401176  0.
928.449968908736  0.
929.897583416296  0.
931.345197923856  0.
932.792812431415  0.
934.240426938975  0.
935.688041446535  0.
937.135655954095  0.
938.583270461655  0.
940.030884969215  0.
941.478499476774  0.
942.926113984334  0.
944.373728491894  0.
945.821342999454  0.
947.268957507014  0.
948.716572014574  0.
950.164186522133  0.
951.611801029693  0.
953.059415537253  0.
954.507030044813  0.
955.954644552373  0.
957.402259059933  0.
958.849873567493  0.
960.297488075052  0.
961.745102582612  0.
963.192717090172  0.
964.640331597732  0.
966.087946105292  0.
967.535560612852  0.
968.983175120411  0.
970.430789627971  0.
971.878404135531  0.
973.326018643091  0.
974.773633150651  0.
976.221247658211  0.
977.668862165771  0.
979.11647667333  0.
980.56409118089  0.
982.01170568845  0.
983.45932019601  0.
984.90693470357  0.
986.35454921113  0.
987.802163718689  0.
989.249778226249  0.
990.697392733809  0.
992.145007241369  0.
993.592621748929  1.627303E-13
995.040236256489  1.653453E-13
996.487850764048  2.139170E-13
997.935465271608  2.102475E-13
999.383079779168  2.445498E-13
1000.83069428673  2.710021E-13
1002.27830879429  1.840306E-13
1003.72592330185  1.057677E-13
1005.17353780941  2.746495E-13
1006.62115231697  2.177266E-13
1008.06876682453  1.784242E-13
1009.51638133209  2.826104E-13
1010.96399583965  2.707806E-13
1012.41161034721  3.114716E-13
1013.85922485477  2.471825E-13
1015.30683936233  2.686198E-13
1016.75445386989  2.613016E-13
1018.20206837745  2.693931E-13
1019.64968288501  2.666706E-13
1021.09729739257  2.217591E-13
1022.54491190013  2.505045E-13
1023.99252640769  2.963276E-13
1025.44014091525  2.952312E-13
1026.8877554228  3.213738E-13
1028.33536993037  3.370828E-13
1029.78298443792  3.361879E-13
1031.23059894548  3.680660E-13
1032.67821345304  3.916014E-13
1034.1258279606  3.642622E-13
1035.57344246816  2.772455E-13
1037.02105697572  2.866177E-13
1038.46867148328  2.792036E-13
1039.91628599084  2.546541E-13
1041.3639004984  2.399553E-13
1042.81151500596  2.500307E-13
1044.25912951352  3.480901E-13
1045.70674402108  4.941409E-13
1047.15435852864  5.388225E-13
1048.6019730362  5.542955E-13
1050.04958754376  3.911824E-13
1051.49720205132  4.142390E-13
1052.94481655888  5.118316E-13
1054.39243106644  4.058665E-13
1055.840045574  3.144099E-13
1057.28766008156  2.554643E-13
1058.73527458912  2.107791E-13
1060.18288909668  2.283239E-13
1061.63050360424  2.276040E-13
1063.0781181118  2.055721E-13
1064.52573261936  1.887940E-13
1065.97334712692  1.960381E-13
1067.42096163448  2.260344E-13
1068.86857614204  2.294848E-13
1070.3161906496  2.160788E-13
1071.76380515716  2.017191E-13
1073.21141966472  1.927342E-13
1074.65903417228  1.829740E-13
1076.10664867984  2.110915E-13
1077.5542631874  2.138181E-13
1079.00187769496  1.898230E-13
1080.44949220252  1.803540E-13
1081.89710671008  2.162267E-13
1083.34472121764  1.963963E-13
1084.7923357252  1.585753E-13
1086.23995023276  1.545077E-13
1087.68756474032  1.721361E-13
1089.13517924788  1.716704E-13
1090.58279375544  1.653195E-13
1092.030408263  1.831455E-13
1093.47802277056  1.714108E-13
1094.92563727812  1.729612E-13
1096.37325178568  1.727883E-13
1097.82086629324  1.582793E-13
1099.2684808008  1.755298E-13
1100.71609530836  1.746824E-13
1102.16370981592  1.702836E-13
1103.61132432348  1.509481E-13
1105.05893883104  1.668423E-13
1106.5065533386  1.701697E-13
1107.95416784616  1.781175E-13
1109.40178235372  1.727865E-13
1110.84939686128  1.547003E-13
1112.29701136884  1.671255E-13
1113.7446258764  1.766885E-13
1115.19224038396  1.878873E-13
1116.63985489152  1.835452E-13
1118.08746939908  1.804768E-13
1119.53508390664  1.594369E-13
1120.98269841419  1.521379E-13
1122.43031292175  1.515127E-13
1123.87792742931  1.804110E-13
1125.32554193687  1.696598E-13
1126.77315644443  1.674444E-13
1128.22077095199  1.794179E-13
1129.66838545955  1.871140E-13
1131.11599996711  1.912980E-13
1132.56361447467  2.005947E-13
1134.01122898223  1.799288E-13
1135.45884348979  1.950742E-13
1136.90645799735  1.836812E-13
1138.35407250491  1.748025E-13
1139.80168701247  1.924360E-13
1141.24930152003  1.664550E-13
1142.69691602759  1.615840E-13
1144.14453053515  1.764240E-13
1145.59214504271  1.902911E-13
1147.03975955027  1.973689E-13
1148.48737405783  1.835766E-13
1149.93498856539  1.822450E-13
1151.38260307295  1.713495E-13
1152.83021758051  1.585597E-13
1154.27783208807  1.640765E-13
1155.72544659563  1.632934E-13
1157.17306110319  1.785308E-13
1158.62067561075  1.638287E-13
1160.06829011831  1.447184E-13
1161.51590462587  1.549553E-13
1162.96351913343  1.813880E-13
1164.41113364099  1.564320E-13
1165.85874814855  1.671145E-13
1167.30636265611  1.565686E-13
1168.75397716367  1.736296E-13
1170.20159167123  2.187618E-13
1171.64920617879  2.229529E-13
1173.09682068635  2.172787E-13
1174.54443519391  2.174640E-13
1175.99204970147  2.164682E-13
1177.43966420903  2.306499E-13
1178.88727871659  1.926943E-13
1180.33489322415  1.904580E-13
1181.78250773171  1.933922E-13
1183.23012223927  2.089433E-13
1184.67773674683  1.903868E-13
1186.12535125439  1.982283E-13
1187.57296576195  2.285367E-13
1189.02058026951  2.459896E-13
1190.46819477707  2.191049E-13
1191.91580928463  2.554842E-13
1193.36342379219  2.723442E-13
1194.81103829975  2.436078E-13
1196.25865280731  2.743483E-13
1197.70626731487  2.714965E-13
1199.15388182243  3.002581E-13
1200.60149632999  3.150713E-13
1202.04911083755  2.954204E-13
1203.49672534511  2.939844E-13
1204.94433985267  3.674067E-13
1206.39195436023  4.637830E-13
1207.83956886779  5.727044E-13
1209.28718337535  5.484622E-13
1210.7347978829  6.120501E-13
1212.18241239046  7.736062E-13
1213.63002689802  8.001652E-13
1215.07764140558  9.613020E-13
1216.52525591314  8.270416E-13
1217.9728704207  9.054602E-13
1219.42048492826  6.728241E-13
1220.86809943582  5.667748E-13
1222.31571394338  5.042089E-13
1223.76332845094  3.915202E-13
1225.2109429585  3.550129E-13
1226.65855746606  3.637904E-13
1228.10617197362  3.455526E-13
1229.55378648118  3.028967E-13
1231.00140098874  2.926714E-13
1232.4490154963  2.934684E-13
1233.89663000386  2.826112E-13
1235.34424451142  3.105512E-13
1236.79185901898  2.852516E-13
1238.23947352654  3.183948E-13
1239.6870880341  2.881200E-13
1241.13470254166  2.974197E-13
1242.58231704922  2.854033E-13
1244.02993155678  2.386931E-13
1245.47754606434  2.435848E-13
1246.9251605719  2.484510E-13
1248.37277507946  2.364018E-13
1249.82038958702  2.012358E-13
1251.26800409458  2.296692E-13
1252.71561860214  1.945373E-13
1254.1632331097  1.850121E-13
1255.61084761726  2.117227E-13
1257.05846212482  2.280660E-13
1258.50607663238  2.270172E-13
1259.95369113994  2.057883E-13
1261.4013056475  2.054195E-13
1262.84892015506  1.661937E-13
1264.29653466262  1.790829E-13
1265.74414917018  1.946998E-13
1267.19176367774  1.616838E-13
1268.6393781853  1.698678E-13
1270.08699269286  1.619734E-13
1271.53460720042  1.371352E-13
1272.98222170798  1.535332E-13
1274.42983621554  1.399940E-13
1275.8774507231  1.483606E-13
1277.32506523066  1.603389E-13
1278.77267973822  1.733285E-13
1280.22029424578  1.803024E-13
1281.66790875334  1.514527E-13
1283.1155232609  1.666748E-13
1284.56313776846  1.491848E-13
1286.01075227602  1.498393E-13
1287.45836678358  1.368525E-13
1288.90598129114  1.342169E-13
1290.3535957987  1.494253E-13
1291.80121030626  1.503088E-13
1293.24882481382  1.712323E-13
1294.69643932138  1.680790E-13
1296.14405382894  1.641929E-13
1297.5916683365  1.375281E-13
1299.03928284406  1.483271E-13
1300.48689735162  1.579028E-13
1301.93451185917  2.029671E-13
1303.38212636674  1.766508E-13
1304.82974087429  1.468285E-13
1306.27735538185  1.591667E-13
1307.72496988941  1.605438E-13
1309.17258439697  1.497766E-13
1310.62019890453  1.410470E-13
1312.06781341209  1.714026E-13
1313.51542791965  1.723411E-13
1314.96304242721  1.536155E-13
1316.41065693477  1.391904E-13
1317.85827144233  1.270294E-13
1319.30588594989  1.228720E-13
1320.75350045745  1.251724E-13
1322.20111496501  1.182891E-13
1323.64872947257  1.649810E-13
1325.09634398013  1.760505E-13
1326.54395848769  1.491800E-13
1327.99157299525  1.454808E-13
1329.43918750281  1.839624E-13
1330.88680201037  1.923774E-13
1332.33441651793  1.643818E-13
1333.78203102549  1.543680E-13
1335.22964553305  1.526487E-13
1336.67726004061  1.188000E-13
1338.12487454817  1.363294E-13
1339.57248905573  1.453060E-13
1341.02010356329  1.749071E-13
1342.46771807085  1.267471E-13
1343.91533257841  1.581117E-13
1345.36294708597  1.542219E-13
1346.81056159353  1.643602E-13
1348.25817610109  1.546581E-13
1349.70579060865  1.288176E-13
1351.15340511621  1.225194E-13
1352.60101962377  1.348222E-13
1354.04863413133  1.477859E-13
1355.49624863889  1.561152E-13
1356.94386314645  1.482397E-13
1358.39147765401  1.433403E-13
1359.83909216157  1.562119E-13
1361.28670666913  1.552709E-13
1362.73432117669  1.636275E-13
1364.18193568425  1.646568E-13
1365.62955019181  1.442912E-13
1367.07716469937  1.554705E-13
1368.52477920693  1.722532E-13
1369.97239371449  1.437473E-13
1371.42000822205  1.311942E-13
1372.86762272961  1.497991E-13
1374.31523723717  1.590890E-13
1375.76285174473  1.431634E-13
1377.21046625229  1.532292E-13
1378.65808075985  1.592923E-13
1380.10569526741  1.725832E-13
1381.55330977497  1.679533E-13
1383.00092428253  1.545693E-13
1384.44853879009  1.469029E-13
1385.89615329765  1.449529E-13
1387.34376780521  1.603806E-13
1388.79138231277  1.837533E-13
1390.23899682033  2.044457E-13
1391.68661132789  1.901884E-13
1393.13422583545  1.944044E-13
1394.581840343  1.790887E-13
1396.02945485057  1.918645E-13
1397.47706935812  2.202701E-13
1398.92468386568  2.007762E-13
1400.37229837324  1.942571E-13
1401.8199128808  2.070864E-13
1403.26752738836  1.595596E-13
1404.71514189592  1.670212E-13
1406.16275640348  1.610282E-13
1407.61037091104  1.818357E-13
1409.0579854186  1.692958E-13
1410.50559992616  1.675767E-13
1411.95321443372  1.876371E-13
1413.40082894128  1.590158E-13
1414.84844344884  1.791340E-13
1416.2960579564  1.375912E-13
1417.74367246396  1.336406E-13
1419.19128697152  1.307318E-13
1420.63890147908  1.400665E-13
1422.08651598664  1.462212E-13
1423.5341304942  1.468368E-13
1424.98174500176  1.357781E-13
1426.42935950932  1.402867E-13
1427.87697401688  1.296386E-13
1429.32458852444  1.516047E-13
1430.772203032  1.604021E-13
1432.21981753956  1.326504E-13
1433.66743204712  1.427660E-13
1435.11504655468  1.477046E-13
1436.56266106224  1.610199E-13
1438.0102755698  1.697058E-13
1439.45789007736  1.605809E-13
1440.90550458492  1.384460E-13
1442.35311909248  1.089001E-13
1443.80073360004  1.154391E-13
1445.2483481076  1.377677E-13
1446.69596261516  1.303740E-13
1448.14357712272  1.271274E-13
1449.59119163028  1.254847E-13
1451.03880613784  1.211659E-13
1452.4864206454  1.252822E-13
1453.93403515296  1.138831E-13
1455.38164966052  1.299334E-13
1456.82926416808  1.244677E-13
1458.27687867564  1.310825E-13
1459.7244931832  1.373676E-13
1461.17210769076  1.274356E-13
1462.61972219832  1.319201E-13
1464.06733670588  1.401541E-13
1465.51495121344  1.397639E-13
1466.962565721  1.222341E-13
1468.41018022856  1.229291E-13
1469.85779473612  1.159093E-13
1471.30540924368  1.241674E-13
1472.75302375124  1.489827E-13
1474.2006382588  1.633949E-13
1475.64825276636  1.307325E-13
1477.09586727392  1.031069E-13
1478.54348178148  1.169286E-13
1479.99109628904  1.144250E-13
1481.4387107966  1.267229E-13
1482.88632530416  1.271774E-13
1484.33393981172  1.396649E-13
1485.78155431928  1.363685E-13
1487.22916882683  1.320378E-13
1488.67678333439  1.414458E-13
1490.12439784195  1.424779E-13
1491.57201234951  1.278763E-13
1493.01962685707  1.414015E-13
1494.46724136463  1.341522E-13
1495.91485587219  1.193632E-13
1497.36247037975  1.258543E-13
1498.81008488731  1.462923E-13
1500.25769939487  1.405006E-13
1501.70531390243  1.444620E-13
1503.15292840999  1.327413E-13
1504.60054291755  1.478776E-13
1506.04815742511  1.393782E-13
1507.49577193267  1.357225E-13
1508.94338644023  1.478630E-13
1510.39100094779  1.588269E-13
1511.83861545535  1.612772E-13
1513.28622996291  1.332381E-13
1514.73384447047  1.327297E-13
1516.18145897803  1.522165E-13
1517.62907348559  1.530852E-13
1519.07668799315  1.389813E-13
1520.52430250071  1.525066E-13
1521.97191700827  1.705375E-13
1523.41953151583  1.657510E-13
1524.86714602339  1.619469E-13
1526.31476053095  1.543301E-13
1527.76237503851  1.803496E-13
1529.20998954607  1.869673E-13
1530.65760405363  1.934872E-13
1532.10521856119  1.951202E-13
1533.55283306875  2.152222E-13
1535.00044757631  2.046119E-13
1536.44806208387  2.214383E-13
1537.89567659143  2.682329E-13
1539.34329109899  3.054334E-13
1540.79090560655  3.078849E-13
1542.23852011411  3.060639E-13
1543.68613462167  3.176235E-13
1545.13374912923  3.417094E-13
1546.58136363679  3.336677E-13
1548.02897814435  3.121381E-13
1549.47659265191  3.020921E-13
1550.92420715947  2.943569E-13
1552.37182166703  2.981493E-13
1553.81943617459  2.796585E-13
1555.26705068215  2.511443E-13
1556.71466518971  2.374083E-13
1558.16227969727  2.184198E-13
1559.60989420483  1.944120E-13
1561.05750871239  1.890069E-13
1562.50512321995  1.937783E-13
1563.95273772751  1.959396E-13
1565.40035223507  1.997553E-13
1566.84796674263  1.810362E-13
1568.29558125019  1.578631E-13
1569.74319575775  1.627401E-13
1571.19081026531  1.607468E-13
1572.63842477287  1.537489E-13
1574.08603928043  1.606160E-13
1575.53365378799  1.629067E-13
1576.98126829555  1.680990E-13
1578.4288828031  1.811977E-13
1579.87649731066  1.769011E-13
1581.32411181822  1.559796E-13
1582.77172632578  1.572709E-13
1584.21934083334  1.578041E-13
1585.6669553409  1.463523E-13
1587.11456984846  1.470375E-13
1588.56218435602  1.401027E-13
1590.00979886358  1.373332E-13
1591.45741337114  1.377369E-13
1592.9050278787  1.426696E-13
1594.35264238626  1.333762E-13
1595.80025689382  1.339390E-13
1597.24787140138  1.258877E-13
1598.69548590894  1.240377E-13
1600.1431004165  1.341746E-13
1601.59071492406  1.400875E-13
1603.03832943162  1.475586E-13
1604.48594393918  1.425030E-13
1605.93355844674  1.335163E-13
1607.3811729543  1.312155E-13
1608.82878746186  1.334202E-13
1610.27640196942  1.376962E-13
1611.72401647698  1.284999E-13
1613.17163098454  1.289047E-13
1614.6192454921  1.293067E-13
1616.06685999966  1.382884E-13
1617.51447450722  1.329271E-13
1618.96208901478  1.342318E-13
1620.40970352234  1.284264E-13
1621.8573180299  1.339718E-13
1623.30493253746  1.369745E-13
1624.75254704502  1.437663E-13
1626.20016155258  1.536097E-13
1627.64777606014  1.528032E-13
1629.0953905677  1.550755E-13
1630.54300507526  1.502343E-13
1631.99061958282  1.477933E-13
1633.43823409038  1.365241E-13
1634.88584859794  1.354396E-13
1636.3334631055  1.492899E-13
1637.78107761306  1.587448E-13
1639.22869212062  1.515395E-13
1640.67630662818  1.422473E-13
1642.12392113574  1.389983E-13
1643.5715356433  1.387433E-13
1645.01915015086  1.372782E-13
1646.46676465842  1.407192E-13
1647.91437916598  1.444286E-13
1649.36199367354  1.538454E-13
1650.8096081811  1.405682E-13
1652.25722268866  1.358393E-13
1653.70483719622  1.313015E-13
1655.15245170378  1.371528E-13
1656.60006621134  1.442551E-13
1658.0476807189  1.481760E-13
1659.49529522646  1.520443E-13
1660.94290973402  1.491236E-13
1662.39052424158  1.545224E-13
1663.83813874914  1.506924E-13
1665.2857532567  1.507977E-13
1666.73336776426  1.489065E-13
1668.18098227181  1.402396E-13
1669.62859677938  1.399748E-13
1671.07621128693  1.374806E-13
1672.52382579449  1.413363E-13
1673.97144030205  1.348825E-13
1675.41905480961  1.358719E-13
1676.86666931717  1.257730E-13
1678.31428382473  1.153407E-13
1679.76189833229  1.072644E-13
1681.20951283985  1.122274E-13
1682.65712734741  1.150394E-13
1684.10474185497  1.239124E-13
1685.55235636253  1.156763E-13
1686.99997087009  1.138788E-13
1688.44758537765  1.137174E-13
1689.89519988521  1.159575E-13
1691.34281439277  1.204273E-13
1692.79042890033  1.208006E-13
1694.23804340789  1.228683E-13
1695.68565791545  1.277923E-13
1697.13327242301  1.323809E-13
1698.58088693057  1.319286E-13
1700.02850143813  1.280956E-13
1701.47611594569  1.366358E-13
1702.92373045325  1.395730E-13
1704.37134496081  1.356548E-13
1705.81895946837  1.204256E-13
1707.26657397593  1.152980E-13
1708.71418848349  1.147565E-13
1710.16180299105  0.
1711.60941749861  0.
1713.05703200617  0.
1714.50464651373  0.
1715.95226102129  0.
1717.39987552885  0.
1718.84749003641  0.
1720.29510454397  0.
1721.74271905153  0.
1723.19033355909  0.
1724.63794806665  0.
1726.08556257421  0.
1727.53317708177  0.
1728.98079158933  0.
1730.42840609689  0.
1731.87602060445  0.
1733.32363511201  0.
1734.77124961957  0.
1736.21886412713  0.
1737.66647863469  0.
1739.11409314225  0.
1740.56170764981  0.
1742.00932215737  0.
1743.45693666493  0.
1744.90455117249  0.
1746.35216568005  0.
1747.79978018761  0.
1749.24739469517  0.
1750.69500920273  0.
1752.14262371029  0.
1753.59023821785  0.
1755.03785272541  0.
1756.48546723297  0.
1757.93308174053  0.
1759.38069624809  0.
1760.82831075565  0.
1762.27592526321  0.
1763.72353977076  0.
1765.17115427832  0.
1766.61876878588  0.
1768.06638329344  0.
1769.513997801  0.
1770.96161230856  0.
1772.40922681612  0.
1773.85684132368  0.
1775.30445583124  0.
1776.7520703388  0.
1778.19968484636  0.
1779.64729935392  0.
1781.09491386148  0.
1782.54252836904  0.
1783.9901428766  0.
1785.43775738416  0.
1786.88537189172  0.
1788.33298639928  0.
1789.78060090684  0.
1791.2282154144  0.
1792.67582992196  0.
1794.12344442952  0.
1795.57105893708  0.
1797.01867344464  0.
1798.4662879522  0.
1799.91390245976  0.
1801.36151696732  0.
1802.80913147488  0.
1804.25674598244  0.
1805.70436049  0.
1807.15197499756  0.
1808.59958950512  0.
1810.04720401268  0.
1811.49481852024  0.
1812.9424330278  0.
1814.39004753536  0.
1815.83766204292  0.
1817.28527655048  0.
1818.73289105804  0.
1820.1805055656  0.
1821.62812007316  0.
1823.07573458072  0.
1824.52334908828  0.
1825.97096359584  0.
1827.4185781034  0.
1828.86619261096  0.
1830.31380711852  0.
1831.76142162608  0.
