906.735751295338  0.
908.183365802898  0.
909.630980310458  0.
911.078594818018  0.
912.526209325578  0.
913.973823833137  0.
915.421438340697  0.
916.869052848257  0.
918.316667355817  0.
919.764281863377  0.
921.211896370937  0.
922.659510878497  0.
924.107125386056  0.
925.554739893616  0.
927.002354401176  0.
928.449968908736  0.
929.897583416296  0.
931.345197923856  0.
932.792812431415  0.
934.240426938975  0.
935.688041446535  0.
937.135655954095  0.
938.583270461655  0.
940.030884969215  0.
941.478499476774  0.
942.926113984334  0.
944.373728491894  0.
945.821342999454  0.
947.268957507014  0.
948.716572014574  0.
950.164186522133  0.
951.611801029693  0.
953.059415537253  0.
954.507030044813  0.
955.954644552373  0.
957.402259059933  0.
958.849873567493  0.
960.297488075052  0.
961.745102582612  0.
963.192717090172  0.
964.640331597732  0.
966.087946105292  0.
967.535560612852  0.
968.983175120411  0.
970.430789627971  0.
971.878404135531  0.
973.326018643091  0.
974.773633150651  0.
976.221247658211  0.
977.668862165771  0.
979.11647667333  0.
980.56409118089  0.
982.01170568845  0.
983.45932019601  0.
984.90693470357  0.
986.35454921113  0.
987.802163718689  0.
989.249778226249  0.
990.697392733809  0.
992.145007241369  0.
993.592621748929  2.769530E-13
995.040236256489  1.813501E-13
996.487850764048  1.993532E-13
997.935465271608  2.126842E-13
999.383079779168  2.618130E-13
1000.83069428673  1.336108E-13
1002.27830879429  1.775277E-13
1003.72592330185  2.393130E-13
1005.17353780941  2.684561E-13
1006.62115231697  2.052573E-13
1008.06876682453  1.546156E-13
1009.51638133209  2.527820E-13
1010.96399583965  2.488612E-13
1012.41161034721  1.878921E-13
1013.85922485477  2.199994E-13
1015.30683936233  3.113722E-13
1016.75445386989  2.463295E-13
1018.20206837745  2.505897E-13
1019.64968288501  2.597214E-13
1021.09729739257  2.387863E-13
1022.54491190013  2.507267E-13
1023.99252640769  2.556706E-13
1025.44014091525  3.426308E-13
1026.8877554228  2.961233E-13
1028.33536993037  2.881469E-13
1029.78298443792  3.097250E-13
1031.23059894548  3.063363E-13
1032.67821345304  3.080420E-13
1034.1258279606  3.375713E-13
1035.57344246816  3.079897E-13
1037.02105697572  2.849985E-13
1038.46867148328  2.526577E-13
1039.91628599084  2.519490E-13
1041.3639004984  2.739454E-13
1042.81151500596  2.659667E-13
1044.25912951352  2.837609E-13
1045.70674402108  4.726088E-13
1047.15435852864  3.078103E-13
1048.6019730362  2.891280E-13
1050.04958754376  2.618319E-13
1051.49720205132  3.511915E-13
1052.94481655888  2.678262E-13
1054.39243106644  2.279040E-13
1055.840045574  2.288901E-13
1057.28766008156  1.870484E-13
1058.73527458912  1.997221E-13
1060.18288909668  2.076386E-13
1061.63050360424  2.042440E-13
1063.0781181118  2.196206E-13
1064.52573261936  2.008349E-13
1065.97334712692  2.119379E-13
1067.42096163448  2.250531E-13
1068.86857614204  1.740821E-13
1070.3161906496  2.457809E-13
1071.76380515716  2.031475E-13
1073.21141966472  2.450155E-13
1074.65903417228  2.562015E-13
1076.10664867984  2.343931E-13
1077.5542631874  1.970201E-13
1079.00187769496  1.764932E-13
1080.44949220252  1.755017E-13
1081.89710671008  1.825739E-13
1083.34472121764  1.659923E-13
1084.7923357252  1.580045E-13
1086.23995023276  1.755263E-13
1087.68756474032  1.564130E-13
1089.13517924788  1.541395E-13
1090.58279375544  1.756503E-13
1092.030408263  1.545541E-13
1093.47802277056  1.728825E-13
1094.92563727812  1.764653E-13
1096.37325178568  1.961379E-13
1097.82086629324  1.641138E-13
1099.2684808008  1.813603E-13
1100.71609530836  1.740261E-13
1102.16370981592  1.530413E-13
1103.61132432348  1.912810E-13
1105.05893883104  1.887114E-13
1106.5065533386  1.798989E-13
1107.95416784616  1.828351E-13
1109.40178235372  1.897568E-13
1110.84939686128  1.583583E-13
1112.29701136884  1.762416E-13
1113.7446258764  1.857830E-13
1115.19224038396  1.757233E-13
1116.63985489152  1.940832E-13
1118.08746939908  1.965665E-13
1119.53508390664  1.557145E-13
1120.98269841419  1.832720E-13
1122.43031292175  1.721811E-13
1123.87792742931  1.949177E-13
1125.32554193687  1.826417E-13
1126.77315644443  1.453081E-13
1128.22077095199  2.214570E-13
1129.66838545955  2.201273E-13
1131.11599996711  2.158940E-13
1132.56361447467  1.769287E-13
1134.01122898223  2.039054E-13
1135.45884348979  2.408279E-13
1136.90645799735  1.767739E-13
1138.35407250491  1.493545E-13
1139.80168701247  1.773148E-13
1141.24930152003  1.889198E-13
1142.69691602759  1.907903E-13
1144.14453053515  2.566987E-13
1145.59214504271  1.800302E-13
1147.03975955027  1.912488E-13
1148.48737405783  1.937177E-13
1149.93498856539  1.816388E-13
1151.38260307295  1.803435E-13
1152.83021758051  1.515016E-13
1154.27783208807  1.248415E-13
1155.72544659563  1.790775E-13
1157.17306110319  1.776061E-13
1158.62067561075  1.619620E-13
1160.06829011831  1.887962E-13
1161.51590462587  1.544843E-13
1162.96351913343  1.945902E-13
1164.41113364099  1.639690E-13
1165.85874814855  2.066955E-13
1167.30636265611  2.106732E-13
1168.75397716367  1.953883E-13
1170.20159167123  2.521336E-13
1171.64920617879  2.034138E-13
1173.09682068635  2.109325E-13
1174.54443519391  2.013338E-13
1175.99204970147  1.839747E-13
1177.43966420903  2.144179E-13
1178.88727871659  1.739211E-13
1180.33489322415  1.909100E-13
1181.78250773171  2.039857E-13
1183.23012223927  1.908086E-13
1184.67773674683  2.203295E-13
1186.12535125439  1.925842E-13
1187.57296576195  2.526277E-13
1189.02058026951  2.150297E-13
1190.46819477707  2.523762E-13
1191.91580928463  2.828661E-13
1193.36342379219  2.796388E-13
1194.81103829975  2.784578E-13
1196.25865280731  2.650096E-13
1197.70626731487  2.713249E-13
1199.15388182243  2.988654E-13
1200.60149632999  3.404932E-13
1202.04911083755  3.232410E-13
1203.49672534511  3.730898E-13
1204.94433985267  4.174020E-13
1206.39195436023  4.414515E-13
1207.83956886779  5.224031E-13
1209.28718337535  5.503051E-13
1210.7347978829  5.943338E-13
1212.18241239046  6.903913E-13
1213.63002689802  8.465691E-13
1215.07764140558  8.828968E-13
1216.52525591314  7.929341E-13
1217.9728704207  7.294609E-13
1219.42048492826  8.617252E-13
1220.86809943582  6.489170E-13
1222.31571394338  5.982095E-13
1223.76332845094  4.790571E-13
1225.2109429585  3.975437E-13
1226.65855746606  3.529564E-13
1228.10617197362  3.545604E-13
1229.55378648118  3.005775E-13
1231.00140098874  3.260695E-13
1232.4490154963  3.487296E-13
1233.89663000386  3.920791E-13
1235.34424451142  3.587240E-13
1236.79185901898  3.179991E-13
1238.23947352654  3.191394E-13
1239.6870880341  3.588636E-13
1241.13470254166  3.308232E-13
1242.58231704922  2.827963E-13
1244.02993155678  2.911072E-13
1245.47754606434  2.570815E-13
1246.9251605719  2.584781E-13
1248.37277507946  2.401176E-13
1249.82038958702  2.915324E-13
1251.26800409458  2.150195E-13
1252.71561860214  2.216346E-13
1254.1632331097  2.098876E-13
1255.61084761726  2.109131E-13
1257.05846212482  2.087851E-13
1258.50607663238  2.239864E-13
1259.95369113994  2.138681E-13
1261.4013056475  1.913570E-13
1262.84892015506  2.104622E-13
1264.29653466262  1.933021E-13
1265.74414917018  1.757522E-13
1267.19176367774  2.001657E-13
1268.6393781853  1.907030E-13
1270.08699269286  2.097404E-13
1271.53460720042  1.681813E-13
1272.98222170798  1.749244E-13
1274.42983621554  1.576666E-13
1275.8774507231  1.615442E-13
1277.32506523066  1.565163E-13
1278.77267973822  1.688483E-13
1280.22029424578  1.837367E-13
1281.66790875334  2.109255E-13
1283.1155232609  1.856453E-13
1284.56313776846  1.738039E-13
1286.01075227602  1.952213E-13
1287.45836678358  1.745880E-13
1288.90598129114  2.001690E-13
1290.3535957987  1.609551E-13
1291.80121030626  1.971656E-13
1293.24882481382  1.914841E-13
1294.69643932138  1.815914E-13
1296.14405382894  1.612348E-13
1297.5916683365  1.425831E-13
1299.03928284406  1.592267E-13
1300.48689735162  1.451014E-13
1301.93451185917  1.977074E-13
1303.38212636674  1.834438E-13
1304.82974087429  1.715892E-13
1306.27735538185  1.573550E-13
1307.72496988941  1.827551E-13
1309.17258439697  1.542117E-13
1310.62019890453  1.635857E-13
1312.06781341209  1.631640E-13
1313.51542791965  1.876036E-13
1314.96304242721  1.603046E-13
1316.41065693477  1.622879E-13
1317.85827144233  1.379138E-13
1319.30588594989  1.677905E-13
1320.75350045745  1.370920E-13
1322.20111496501  1.548488E-13
1323.64872947257  1.773456E-13
1325.09634398013  1.676036E-13
1326.54395848769  1.469163E-13
1327.99157299525  1.674528E-13
1329.43918750281  1.871257E-13
1330.88680201037  1.419338E-13
1332.33441651793  1.576966E-13
1333.78203102549  1.820687E-13
1335.22964553305  1.733302E-13
1336.67726004061  1.553338E-13
1338.12487454817  1.492690E-13
1339.57248905573  1.333244E-13
1341.02010356329  1.323908E-13
1342.46771807085  1.412454E-13
1343.91533257841  1.662633E-13
1345.36294708597  1.587521E-13
1346.81056159353  1.638042E-13
1348.25817610109  1.517367E-13
1349.70579060865  1.528013E-13
1351.15340511621  1.934212E-13
1352.60101962377  1.336868E-13
1354.04863413133  1.399208E-13
1355.49624863889  1.706088E-13
1356.94386314645  1.473401E-13
1358.39147765401  1.372682E-13
1359.83909216157  1.569356E-13
1361.28670666913  1.752761E-13
1362.73432117669  1.664475E-13
1364.18193568425  1.660849E-13
1365.62955019181  1.203606E-13
1367.07716469937  1.705922E-13
1368.52477920693  1.696950E-13
1369.97239371449  1.490589E-13
1371.42000822205  1.509617E-13
1372.86762272961  1.489504E-13
1374.31523723717  1.668435E-13
1375.76285174473  1.702223E-13
1377.21046625229  1.385788E-13
1378.65808075985  1.573904E-13
1380.10569526741  1.722063E-13
1381.55330977497  1.630107E-13
1383.00092428253  1.436973E-13
1384.44853879009  1.674037E-13
1385.89615329765  1.777030E-13
1387.34376780521  1.881493E-13
1388.79138231277  1.876631E-13
1390.23899682033  1.776867E-13
1391.68661132789  1.784240E-13
1393.13422583545  1.819723E-13
1394.581840343  2.048836E-13
1396.02945485057  2.086757E-13
1397.47706935812  1.860751E-13
1398.92468386568  1.745415E-13
1400.37229837324  1.933753E-13
1401.8199128808  2.314574E-13
1403.26752738836  1.822926E-13
1404.71514189592  1.859537E-13
1406.16275640348  1.454930E-13
1407.61037091104  1.753624E-13
1409.0579854186  1.800979E-13
1410.50559992616  1.665767E-13
1411.95321443372  1.814153E-13
1413.40082894128  1.638048E-13
1414.84844344884  1.486378E-13
1416.2960579564  1.428308E-13
1417.74367246396  1.536274E-13
1419.19128697152  1.775509E-13
1420.63890147908  1.394979E-13
1422.08651598664  1.508262E-13
1423.5341304942  1.497105E-13
1424.98174500176  1.500104E-13
1426.42935950932  1.654205E-13
1427.87697401688  1.532762E-13
1429.32458852444  1.661546E-13
1430.772203032  1.383395E-13
1432.21981753956  1.488539E-13
1433.66743204712  1.450932E-13
1435.11504655468  1.411419E-13
1436.56266106224  1.535320E-13
1438.0102755698  1.751154E-13
1439.45789007736  1.781525E-13
1440.90550458492  1.577434E-13
1442.35311909248  1.373752E-13
1443.80073360004  1.261578E-13
1445.2483481076  1.181447E-13
1446.69596261516  1.348269E-13
1448.14357712272  1.356398E-13
1449.59119163028  1.370888E-13
1451.03880613784  1.553707E-13
1452.4864206454  1.468234E-13
1453.93403515296  1.512242E-13
1455.38164966052  1.459010E-13
1456.82926416808  1.474421E-13
1458.27687867564  1.479533E-13
1459.7244931832  1.412924E-13
1461.17210769076  1.298883E-13
1462.61972219832  1.406783E-13
1464.06733670588  1.445447E-13
1465.51495121344  1.534022E-13
1466.962565721  1.475092E-13
1468.41018022856  1.291405E-13
1469.85779473612  1.416396E-13
1471.30540924368  1.496064E-13
1472.75302375124  1.508676E-13
1474.2006382588  1.380263E-13
1475.64825276636  1.323204E-13
1477.09586727392  1.364143E-13
1478.54348178148  1.431769E-13
1479.99109628904  1.464487E-13
1481.4387107966  1.545284E-13
1482.88632530416  1.584247E-13
1484.33393981172  1.434001E-13
1485.78155431928  1.490684E-13
1487.22916882683  1.501054E-13
1488.67678333439  1.332379E-13
1490.12439784195  1.409231E-13
1491.57201234951  1.356651E-13
1493.01962685707  1.388148E-13
1494.46724136463  1.373160E-13
1495.91485587219  1.558964E-13
1497.36247037975  1.457752E-13
1498.81008488731  1.661035E-13
1500.25769939487  1.535463E-13
1501.70531390243  1.629924E-13
1503.15292840999  1.358154E-13
1504.60054291755  1.501736E-13
1506.04815742511  1.527397E-13
1507.49577193267  1.632381E-13
1508.94338644023  1.434347E-13
1510.39100094779  1.500215E-13
1511.83861545535  1.442237E-13
1513.28622996291  1.397095E-13
1514.73384447047  1.517867E-13
1516.18145897803  1.588883E-13
1517.62907348559  1.653212E-13
1519.07668799315  1.673870E-13
1520.52430250071  1.850014E-13
1521.97191700827  1.681257E-13
1523.41953151583  1.560435E-13
1524.86714602339  1.793169E-13
1526.31476053095  1.680811E-13
1527.76237503851  1.651143E-13
1529.20998954607  1.736184E-13
1530.65760405363  1.875859E-13
1532.10521856119  2.121129E-13
1533.55283306875  2.249151E-13
1535.00044757631  2.155474E-13
1536.44806208387  2.318194E-13
1537.89567659143  2.662731E-13
1539.34329109899  2.980438E-13
1540.79090560655  2.889655E-13
1542.23852011411  3.060038E-13
1543.68613462167  3.174530E-13
1545.13374912923  3.262754E-13
1546.58136363679  3.590522E-13
1548.02897814435  3.447315E-13
1549.47659265191  3.538608E-13
1550.92420715947  3.434252E-13
1552.37182166703  3.077326E-13
1553.81943617459  2.926654E-13
1555.26705068215  2.712477E-13
1556.71466518971  2.445930E-13
1558.16227969727  2.441020E-13
1559.60989420483  2.153874E-13
1561.05750871239  1.948514E-13
1562.50512321995  1.990006E-13
1563.95273772751  1.898421E-13
1565.40035223507  1.758192E-13
1566.84796674263  1.746450E-13
1568.29558125019  1.803888E-13
1569.74319575775  1.752124E-13
1571.19081026531  1.709999E-13
1572.63842477287  1.687174E-13
1574.08603928043  1.734983E-13
1575.53365378799  1.746154E-13
1576.98126829555  1.686559E-13
1578.4288828031  1.640910E-13
1579.87649731066  1.673693E-13
1581.32411181822  1.580963E-13
1582.77172632578  1.524807E-13
1584.21934083334  1.472265E-13
1585.6669553409  1.510879E-13
1587.11456984846  1.457576E-13
1588.56218435602  1.471902E-13
1590.00979886358  1.636707E-13
1591.45741337114  1.626034E-13
1592.9050278787  1.485536E-13
1594.35264238626  1.444539E-13
1595.80025689382  1.444243E-13
1597.24787140138  1.339390E-13
1598.69548590894  1.428153E-13
1600.1431004165  1.419699E-13
1601.59071492406  1.418849E-13
1603.03832943162  1.437618E-13
1604.48594393918  1.354496E-13
1605.93355844674  1.483319E-13
1607.3811729543  1.448782E-13
1608.82878746186  1.351994E-13
1610.27640196942  1.401136E-13
1611.72401647698  1.376615E-13
1613.17163098454  1.447913E-13
1614.6192454921  1.459192E-13
1616.06685999966  1.381251E-13
1617.51447450722  1.338132E-13
1618.96208901478  1.397978E-13
1620.40970352234  1.459020E-13
1621.8573180299  1.395177E-13
1623.30493253746  1.473157E-13
1624.75254704502  1.492444E-13
1626.20016155258  1.511326E-13
1627.64777606014  1.544699E-13
1629.0953905677  1.489175E-13
1630.54300507526  1.482972E-13
1631.99061958282  1.494595E-13
1633.43823409038  1.467334E-13
1634.88584859794  1.451514E-13
1636.3334631055  1.543968E-13
1637.78107761306  1.660982E-13
1639.22869212062  1.538577E-13
1640.67630662818  1.466928E-13
1642.12392113574  1.607190E-13
1643.5715356433  1.571803E-13
1645.01915015086  1.557796E-13
1646.46676465842  1.561384E-13
1647.91437916598  1.520632E-13
1649.36199367354  1.512587E-13
1650.8096081811  1.547610E-13
1652.25722268866  1.497552E-13
1653.70483719622  1.506023E-13
1655.15245170378  1.536413E-13
1656.60006621134  1.501271E-13
1658.0476807189  1.549260E-13
1659.49529522646  1.579106E-13
1660.94290973402  1.567416E-13
1662.39052424158  1.609257E-13
1663.83813874914  1.571941E-13
1665.2857532567  1.453700E-13
1666.73336776426  1.423934E-13
1668.18098227181  1.418837E-13
1669.62859677938  1.360529E-13
1671.07621128693  1.360332E-13
1672.52382579449  1.434889E-13
1673.97144030205  1.394008E-13
1675.41905480961  1.294344E-13
1676.86666931717  1.271338E-13
1678.31428382473  1.274464E-13
1679.76189833229  1.238117E-13
1681.20951283985  1.311577E-13
1682.65712734741  1.378527E-13
1684.10474185497  1.289945E-13
1685.55235636253  1.265280E-13
1686.99997087009  1.326897E-13
1688.44758537765  1.299879E-13
1689.89519988521  1.325811E-13
1691.34281439277  1.346901E-13
1692.79042890033  1.315754E-13
1694.23804340789  1.222846E-13
1695.68565791545  1.235966E-13
1697.13327242301  1.277040E-13
1698.58088693057  1.279423E-13
1700.02850143813  1.319458E-13
1701.47611594569  1.282274E-13
1702.92373045325  1.218584E-13
1704.37134496081  1.254795E-13
1705.81895946837  1.285053E-13
1707.26657397593  1.251734E-13
1708.71418848349  1.265797E-13
1710.16180299105  0.
1711.60941749861  0.
1713.05703200617  0.
1714.50464651373  0.
1715.95226102129  0.
1717.39987552885  0.
1718.84749003641  0.
1720.29510454397  0.
1721.74271905153  0.
1723.19033355909  0.
1724.63794806665  0.
1726.08556257421  0.
1727.53317708177  0.
1728.98079158933  0.
1730.42840609689  0.
1731.87602060445  0.
1733.32363511201  0.
1734.77124961957  0.
1736.21886412713  0.
1737.66647863469  0.
1739.11409314225  0.
1740.56170764981  0.
1742.00932215737  0.
1743.45693666493  0.
1744.90455117249  0.
1746.35216568005  0.
1747.79978018761  0.
1749.24739469517  0.
1750.69500920273  0.
1752.14262371029  0.
1753.59023821785  0.
1755.03785272541  0.
1756.48546723297  0.
1757.93308174053  0.
1759.38069624809  0.
1760.82831075565  0.
1762.27592526321  0.
1763.72353977076  0.
1765.17115427832  0.
1766.61876878588  0.
1768.06638329344  0.
1769.513997801  0.
1770.96161230856  0.
1772.40922681612  0.
1773.85684132368  0.
1775.30445583124  0.
1776.7520703388  0.
1778.19968484636  0.
1779.64729935392  0.
1781.09491386148  0.
1782.54252836904  0.
1783.9901428766  0.
1785.43775738416  0.
1786.88537189172  0.
1788.33298639928  0.
1789.78060090684  0.
1791.2282154144  0.
1792.67582992196  0.
1794.12344442952  0.
1795.57105893708  0.
1797.01867344464  0.
1798.4662879522  0.
1799.91390245976  0.
1801.36151696732  0.
1802.80913147488  0.
1804.25674598244  0.
1805.70436049  0.
1807.15197499756  0.
1808.59958950512  0.
1810.04720401268  0.
1811.49481852024  0.
1812.9424330278  0.
1814.39004753536  0.
1815.83766204292  0.
1817.28527655048  0.
1818.73289105804  0.
1820.1805055656  0.
1821.62812007316  0.
1823.07573458072  0.
1824.52334908828  0.
1825.97096359584  0.
1827.4185781034  0.
1828.86619261096  0.
1830.31380711852  0.
1831.76142162608  0.
