906.735751295338  0.
908.183408215875  0.
909.631065136412  0.
911.078722056949  0.
912.526378977485  0.
913.974035898022  0.
915.421692818559  0.
916.869349739096  0.
918.317006659633  0.
919.764663580169  0.
921.212320500706  0.
922.659977421243  0.
924.10763434178  0.
925.555291262316  0.
927.002948182853  0.
928.45060510339  0.
929.898262023927  0.
931.345918944464  0.
932.793575865  0.
934.241232785537  0.
935.688889706074  0.
937.136546626611  0.
938.584203547148  0.
940.031860467684  0.
941.479517388221  0.
942.927174308758  0.
944.374831229295  0.
945.822488149832  0.
947.270145070369  0.
948.717801990905  0.
950.165458911442  0.
951.613115831979  0.
953.060772752515  0.
954.508429673052  0.
955.956086593589  0.
957.403743514126  0.
958.851400434663  0.
960.2990573552  0.
961.746714275736  0.
963.194371196273  0.
964.64202811681  0.
966.089685037347  0.
967.537341957883  0.
968.98499887842  0.
970.432655798957  0.
971.880312719494  0.
973.327969640031  0.
974.775626560567  0.
976.223283481104  0.
977.670940401641  0.
979.118597322178  0.
980.566254242715  0.
982.013911163251  0.
983.461568083788  0.
984.909225004325  0.
986.356881924862  0.
987.804538845399  0.
989.252195765935  0.
990.699852686472  0.
992.147509607009  0.
993.595166527546  -1.232356E-13
995.042823448082  1.278862E-13
996.490480368619  1.618165E-13
997.938137289156  1.671482E-13
999.385794209693  2.994599E-13
1000.83345113023  1.495054E-13
1002.28110805077  2.795706E-13
1003.7287649713  2.390633E-13
1005.17642189184  2.682680E-13
1006.62407881238  2.662991E-13
1008.07173573291  2.238295E-13
1009.51939265345  2.374085E-13
1010.96704957399  1.590109E-13
1012.41470649452  2.048355E-13
1013.86236341506  2.104297E-13
1015.3100203356  1.745113E-13
1016.75767725613  1.317097E-13
1018.20533417667  2.260763E-13
1019.65299109721  2.504403E-13
1021.10064801775  1.632574E-13
1022.54830493828  2.930050E-13
1023.99596185882  2.796474E-13
1025.44361877936  3.018849E-13
1026.89127569989  2.838264E-13
1028.33893262043  3.516225E-13
1029.78658954097  3.103669E-13
1031.2342464615  3.529751E-13
1032.68190338204  2.688902E-13
1034.12956030258  3.303740E-13
1035.57721722311  3.430439E-13
1037.02487414365  3.071997E-13
1038.47253106419  2.716053E-13
1039.92018798472  2.809880E-13
1041.36784490526  2.709266E-13
1042.8155018258  2.873432E-13
1044.26315874633  3.527126E-13
1045.71081566687  4.025252E-13
1047.15847258741  5.156747E-13
1048.60612950794  6.501488E-13
1050.05378642848  5.185987E-13
1051.50144334902  4.684380E-13
1052.94910026955  3.255808E-13
1054.39675719009  3.655511E-13
1055.84441411063  2.782490E-13
1057.29207103116  1.789446E-13
1058.7397279517  1.515136E-13
1060.18738487224  1.828696E-13
1061.63504179277  2.049274E-13
1063.08269871331  2.217778E-13
1064.53035563385  2.064669E-13
1065.97801255439  2.514512E-13
1067.42566947492  2.159183E-13
1068.87332639546  2.128545E-13
1070.320983316  2.102022E-13
1071.76864023653  1.802765E-13
1073.21629715707  2.140788E-13
1074.66395407761  1.756297E-13
1076.11161099814  2.117299E-13
1077.55926791868  2.176676E-13
1079.00692483922  1.793071E-13
1080.45458175975  2.098282E-13
1081.90223868029  2.024833E-13
1083.34989560083  2.009359E-13
1084.79755252136  1.796026E-13
1086.2452094419  1.688179E-13
1087.69286636244  1.656076E-13
1089.14052328297  1.800793E-13
1090.58818020351  1.477285E-13
1092.03583712405  1.564698E-13
1093.48349404458  1.649357E-13
1094.93115096512  1.770905E-13
1096.37880788566  1.714966E-13
1097.82646480619  1.733565E-13
1099.27412172673  1.814802E-13
1100.72177864727  1.429320E-13
1102.1694355678  1.649317E-13
1103.61709248834  1.555151E-13
1105.06474940888  1.390228E-13
1106.51240632942  1.576541E-13
1107.96006324995  1.778554E-13
1109.40772017049  1.761048E-13
1110.85537709103  1.915361E-13
1112.30303401156  1.525190E-13
1113.7506909321  1.645366E-13
1115.19834785264  1.764832E-13
1116.64600477317  1.948544E-13
1118.09366169371  2.001614E-13
1119.54131861425  1.877484E-13
1120.98897553478  1.477001E-13
1122.43663245532  1.775010E-13
1123.88428937586  1.646365E-13
1125.33194629639  1.795469E-13
1126.77960321693  1.699623E-13
1128.22726013747  1.264744E-13
1129.674917058  1.347559E-13
1131.12257397854  1.754295E-13
1132.57023089908  1.901450E-13
1134.01788781961  1.931123E-13
1135.46554474015  1.679289E-13
1136.91320166069  1.646517E-13
1138.36085858122  1.509137E-13
1139.80851550176  1.632993E-13
1141.2561724223  1.679695E-13
1142.70382934284  1.609805E-13
1144.15148626337  1.589235E-13
1145.59914318391  1.463813E-13
1147.04680010445  1.684970E-13
1148.49445702498  1.626087E-13
1149.94211394552  1.601482E-13
1151.38977086606  1.622875E-13
1152.83742778659  1.781480E-13
1154.28508470713  1.571579E-13
1155.73274162767  1.429985E-13
1157.1803985482  1.482187E-13
1158.62805546874  1.572598E-13
1160.07571238928  1.577064E-13
1161.52336930981  1.816522E-13
1162.97102623035  2.004630E-13
1164.41868315089  1.862380E-13
1165.86634007142  2.052747E-13
1167.31399699196  1.660449E-13
1168.7616539125  1.953941E-13
1170.20931083303  1.855695E-13
1171.65696775357  1.904659E-13
1173.10462467411  1.902511E-13
1174.55228159464  1.852428E-13
1175.99993851518  2.154936E-13
1177.44759543572  1.830232E-13
1178.89525235625  2.063442E-13
1180.34290927679  2.187732E-13
1181.79056619733  2.269168E-13
1183.23822311787  1.968127E-13
1184.6858800384  2.176161E-13
1186.13353695894  2.097096E-13
1187.58119387948  1.962398E-13
1189.02885080001  1.991736E-13
1190.47650772055  1.848381E-13
1191.92416464109  2.223161E-13
1193.37182156162  2.883622E-13
1194.81947848216  2.604608E-13
1196.2671354027  2.583956E-13
1197.71479232323  2.434559E-13
1199.16244924377  2.647161E-13
1200.61010616431  2.967927E-13
1202.05776308484  3.064588E-13
1203.50542000538  3.370924E-13
1204.95307692592  3.375821E-13
1206.40073384645  3.634614E-13
1207.84839076699  3.942494E-13
1209.29604768753  4.200502E-13
1210.74370460806  5.082479E-13
1212.1913615286  6.359452E-13
1213.63901844914  7.335720E-13
1215.08667536967  7.235263E-13
1216.53433229021  9.051507E-13
1217.98198921075  9.267979E-13
1219.42964613129  7.778927E-13
1220.87730305182  7.585771E-13
1222.32495997236  6.248478E-13
1223.7726168929  5.197943E-13
1225.22027381343  5.570515E-13
1226.66793073397  4.497498E-13
1228.11558765451  3.634286E-13
1229.56324457504  3.342017E-13
1231.01090149558  2.998082E-13
1232.45855841612  3.091534E-13
1233.90621533665  3.048960E-13
1235.35387225719  2.907824E-13
1236.80152917773  3.319782E-13
1238.24918609826  3.116213E-13
1239.6968430188  2.969789E-13
1241.14449993934  3.205211E-13
1242.59215685987  3.298835E-13
1244.03981378041  3.355438E-13
1245.48747070095  2.846455E-13
1246.93512762148  2.831874E-13
1248.38278454202  2.678898E-13
1249.83044146256  2.612151E-13
1251.27809838309  2.662535E-13
1252.72575530363  2.060823E-13
1254.17341222417  2.028985E-13
1255.62106914471  1.995546E-13
1257.06872606524  1.957681E-13
1258.51638298578  1.837061E-13
1259.96403990632  2.069672E-13
1261.41169682685  1.764016E-13
1262.85935374739  1.935465E-13
1264.30701066793  2.132106E-13
1265.75466758846  2.328058E-13
1267.202324509  1.890180E-13
1268.64998142954  1.445086E-13
1270.09763835007  1.444856E-13
1271.54529527061  1.931423E-13
1272.99295219115  2.011767E-13
1274.44060911168  1.779458E-13
1275.88826603222  1.868146E-13
1277.33592295276  1.590690E-13
1278.78357987329  1.533117E-13
1280.23123679383  1.644446E-13
1281.67889371437  1.774119E-13
1283.1265506349  1.699954E-13
1284.57420755544  1.503958E-13
1286.02186447598  1.648633E-13
1287.46952139651  1.711290E-13
1288.91717831705  1.844135E-13
1290.36483523759  1.956103E-13
1291.81249215812  1.822451E-13
1293.26014907866  1.677149E-13
1294.7078059992  1.499785E-13
1296.15546291974  1.352231E-13
1297.60311984027  1.449179E-13
1299.05077676081  1.284532E-13
1300.49843368135  1.634483E-13
1301.94609060188  1.857693E-13
1303.39374752242  1.445763E-13
1304.84140444296  1.462533E-13
1306.28906136349  1.505698E-13
1307.73671828403  1.656170E-13
1309.18437520457  1.649707E-13
1310.6320321251  1.789209E-13
1312.07968904564  1.852313E-13
1313.52734596618  1.775022E-13
1314.97500288671  1.799496E-13
1316.42265980725  1.769462E-13
1317.87031672779  1.576443E-13
1319.31797364832  1.432004E-13
1320.76563056886  1.493944E-13
1322.2132874894  1.397851E-13
1323.66094440993  1.284353E-13
1325.10860133047  1.331957E-13
1326.55625825101  1.634401E-13
1328.00391517154  1.434427E-13
1329.45157209208  1.230410E-13
1330.89922901262  1.445373E-13
1332.34688593315  1.731625E-13
1333.79454285369  1.770468E-13
1335.24219977423  1.371122E-13
1336.68985669477  1.672934E-13
1338.1375136153  1.406359E-13
1339.58517053584  1.486732E-13
1341.03282745638  1.191492E-13
1342.48048437691  1.244696E-13
1343.92814129745  1.366883E-13
1345.37579821799  1.367301E-13
1346.82345513852  1.311229E-13
1348.27111205906  1.428601E-13
1349.7187689796  1.405211E-13
1351.16642590013  1.240826E-13
1352.61408282067  1.744312E-13
1354.06173974121  1.778257E-13
1355.50939666174  1.877980E-13
1356.95705358228  1.977901E-13
1358.40471050282  1.519899E-13
1359.85236742335  1.589116E-13
1361.30002434389  1.764910E-13
1362.74768126443  1.771311E-13
1364.19533818496  1.547535E-13
1365.6429951055  1.703476E-13
1367.09065202604  1.766346E-13
1368.53830894657  1.480242E-13
1369.98596586711  1.461314E-13
1371.43362278765  1.578172E-13
1372.88127970819  1.423723E-13
1374.32893662872  1.325772E-13
1375.77659354926  1.302497E-13
1377.2242504698  1.215124E-13
1378.67190739033  1.587026E-13
1380.11956431087  1.590471E-13
1381.56722123141  1.405776E-13
1383.01487815194  1.420554E-13
1384.46253507248  1.715797E-13
1385.91019199302  1.806531E-13
1387.35784891355  1.672689E-13
1388.80550583409  1.805795E-13
1390.25316275463  1.656512E-13
1391.70081967516  1.727112E-13
1393.1484765957  1.576475E-13
1394.59613351624  1.775278E-13
1396.04379043677  1.527246E-13
1397.49144735731  1.818529E-13
1398.93910427785  1.906941E-13
1400.38676119838  1.920614E-13
1401.83441811892  2.026844E-13
1403.28207503946  1.921503E-13
1404.72973195999  1.812727E-13
1406.17738888053  2.009525E-13
1407.62504580107  1.848166E-13
1409.0727027216  1.848194E-13
1410.52035964214  1.751594E-13
1411.96801656268  1.741655E-13
1413.41567348322  1.990537E-13
1414.86333040375  1.821081E-13
1416.31098732429  1.723944E-13
1417.75864424483  1.626483E-13
1419.20630116536  1.534522E-13
1420.6539580859  1.473330E-13
1422.10161500644  1.487450E-13
1423.54927192697  1.380322E-13
1424.99692884751  1.497535E-13
1426.44458576805  1.293040E-13
1427.89224268858  1.478602E-13
1429.33989960912  1.414743E-13
1430.78755652966  1.542141E-13
1432.23521345019  1.665043E-13
1433.68287037073  1.375289E-13
1435.13052729127  1.377416E-13
1436.5781842118  1.487802E-13
1438.02584113234  1.489758E-13
1439.47349805288  1.470899E-13
1440.92115497341  1.386083E-13
1442.36881189395  1.159372E-13
1443.81646881449  1.150576E-13
1445.26412573502  1.068110E-13
1446.71178265556  1.073976E-13
1448.1594395761  1.185880E-13
1449.60709649664  1.295361E-13
1451.05475341717  1.168633E-13
1452.50241033771  1.226488E-13
1453.95006725825  1.128982E-13
1455.39772417878  1.158954E-13
1456.84538109932  1.161615E-13
1458.29303801986  1.248676E-13
1459.74069494039  1.367340E-13
1461.18835186093  1.441559E-13
1462.63600878147  1.263332E-13
1464.083665702  1.311499E-13
1465.53132262254  1.420608E-13
1466.97897954308  1.374930E-13
1468.42663646361  1.372333E-13
1469.87429338415  1.270117E-13
1471.32195030469  1.246640E-13
1472.76960722522  1.347541E-13
1474.21726414576  1.341267E-13
1475.6649210663  1.213154E-13
1477.11257798683  1.421820E-13
1478.56023490737  1.556512E-13
1480.00789182791  1.419770E-13
1481.45554874844  1.341859E-13
1482.90320566898  1.557277E-13
1484.35086258952  1.403955E-13
1485.79851951005  1.492906E-13
1487.24617643059  1.360976E-13
1488.69383335113  1.432141E-13
1490.14149027167  1.404325E-13
1491.5891471922  1.222803E-13
1493.03680411274  1.154043E-13
1494.48446103328  1.207823E-13
1495.93211795381  1.100214E-13
1497.37977487435  1.190978E-13
1498.82743179489  1.284094E-13
1500.27508871542  1.450624E-13
1501.72274563596  1.519648E-13
1503.1704025565  1.599499E-13
1504.61805947703  1.522181E-13
1506.06571639757  1.484091E-13
1507.51337331811  1.183891E-13
1508.96103023864  1.270767E-13
1510.40868715918  1.532394E-13
1511.85634407972  1.423209E-13
1513.30400100025  1.426726E-13
1514.75165792079  1.529299E-13
1516.19931484133  1.550918E-13
1517.64697176186  1.465943E-13
1519.0946286824  1.324504E-13
1520.54228560294  1.372511E-13
1521.98994252347  1.405733E-13
1523.43759944401  1.399759E-13
1524.88525636455  1.571759E-13
1526.33291328509  1.431907E-13
1527.78057020562  1.433461E-13
1529.22822712616  1.645304E-13
1530.6758840467  1.871486E-13
1532.12354096723  1.801022E-13
1533.57119788777  1.874422E-13
1535.01885480831  1.867081E-13
1536.46651172884  1.871160E-13
1537.91416864938  1.919282E-13
1539.36182556992  2.117680E-13
1540.80948249045  2.497786E-13
1542.25713941099  2.718327E-13
1543.70479633153  3.001061E-13
1545.15245325206  3.209777E-13
1546.6001101726  3.396154E-13
1548.04776709314  3.176901E-13
1549.49542401367  3.242184E-13
1550.94308093421  3.305593E-13
1552.39073785475  3.326389E-13
1553.83839477528  3.103063E-13
1555.28605169582  3.056460E-13
1556.73370861636  2.695323E-13
1558.18136553689  2.263793E-13
1559.62902245743  2.267611E-13
1561.07667937797  2.174943E-13
1562.5243362985  2.103536E-13
1563.97199321904  1.905989E-13
1565.41965013958  1.811181E-13
1566.86730706012  1.863111E-13
1568.31496398065  1.972475E-13
1569.76262090119  1.872656E-13
1571.21027782173  1.886424E-13
1572.65793474226  1.781886E-13
1574.1055916628  1.600344E-13
1575.55324858334  1.635558E-13
1577.00090550387  1.534164E-13
1578.44856242441  1.538922E-13
1579.89621934495  1.491535E-13
1581.34387626548  1.477685E-13
1582.79153318602  1.456879E-13
1584.23919010656  1.496469E-13
1585.68684702709  1.468557E-13
1587.13450394763  1.555766E-13
1588.58216086817  1.488431E-13
1590.0298177887  1.481718E-13
1591.47747470924  1.406458E-13
1592.92513162978  1.456479E-13
1594.37278855031  1.506949E-13
1595.82044547085  1.466161E-13
1597.26810239139  1.441237E-13
1598.71575931192  1.487339E-13
1600.16341623246  1.433835E-13
1601.611073153  1.397677E-13
1603.05873007354  1.381622E-13
1604.50638699407  1.409863E-13
1605.95404391461  1.370348E-13
1607.40170083515  1.366418E-13
1608.84935775568  1.374378E-13
1610.29701467622  1.405767E-13
1611.74467159676  1.356687E-13
1613.19232851729  1.387665E-13
1614.63998543783  1.338899E-13
1616.08764235837  1.368119E-13
1617.5352992789  1.358712E-13
1618.98295619944  1.378447E-13
1620.43061311998  1.352106E-13
1621.87827004051  1.373597E-13
1623.32592696105  1.434308E-13
1624.77358388159  1.507931E-13
1626.22124080212  1.497109E-13
1627.66889772266  1.519041E-13
1629.1165546432  1.492512E-13
1630.56421156373  1.490137E-13
1632.01186848427  1.361750E-13
1633.45952540481  1.355835E-13
1634.90718232534  1.436391E-13
1636.35483924588  1.451007E-13
1637.80249616642  1.394965E-13
1639.25015308695  1.517101E-13
1640.69781000749  1.568709E-13
1642.14546692803  1.435716E-13
1643.59312384857  1.457895E-13
1645.0407807691  1.531324E-13
1646.48843768964  1.524683E-13
1647.93609461018  1.502576E-13
1649.38375153071  1.524486E-13
1650.83140845125  1.551643E-13
1652.27906537179  1.510693E-13
1653.72672229232  1.387816E-13
1655.17437921286  1.299600E-13
1656.6220361334  1.375592E-13
1658.06969305393  1.448108E-13
1659.51734997447  1.445801E-13
1660.96500689501  1.554873E-13
1662.41266381554  1.732420E-13
1663.86032073608  1.670012E-13
1665.30797765662  1.647590E-13
1666.75563457715  1.536089E-13
1668.20329149769  1.383302E-13
1669.65094841823  1.314367E-13
1671.09860533876  1.361830E-13
1672.5462622593  1.395908E-13
1673.99391917984  1.326481E-13
1675.44157610038  1.358874E-13
1676.88923302091  1.273985E-13
1678.33688994145  1.250531E-13
1679.78454686199  1.279557E-13
1681.23220378252  1.286312E-13
1682.67986070306  1.194552E-13
1684.1275176236  1.200400E-13
1685.57517454413  1.162672E-13
1687.02283146467  1.283085E-13
1688.47048838521  1.240509E-13
1689.91814530574  1.326902E-13
1691.36580222628  1.276606E-13
1692.81345914682  1.341355E-13
1694.26111606735  1.287064E-13
1695.70877298789  1.232146E-13
1697.15642990843  1.342280E-13
1698.60408682896  1.326337E-13
1700.0517437495  1.207038E-13
1701.49940067004  1.259828E-13
1702.94705759057  1.341881E-13
1704.39471451111  1.337812E-13
1705.84237143165  1.257378E-13
1707.29002835218  1.245274E-13
1708.73768527272  1.229812E-13
1710.18534219326  0.
1711.63299911379  0.
1713.08065603433  0.
1714.52831295487  0.
1715.97596987541  0.
1717.42362679594  0.
1718.87128371648  0.
1720.31894063702  0.
1721.76659755755  0.
1723.21425447809  0.
1724.66191139863  0.
1726.10956831916  0.
1727.5572252397  0.
1729.00488216024  0.
1730.45253908077  0.
1731.90019600131  0.
1733.34785292185  0.
1734.79550984238  0.
1736.24316676292  0.
1737.69082368346  0.
1739.13848060399  0.
1740.58613752453  0.
1742.03379444507  0.
1743.4814513656  0.
1744.92910828614  0.
1746.37676520668  0.
1747.82442212721  0.
1749.27207904775  0.
1750.71973596829  0.
1752.16739288882  0.
1753.61504980936  0.
1755.0627067299  0.
1756.51036365043  0.
1757.95802057097  0.
1759.40567749151  0.
1760.85333441205  0.
1762.30099133258  0.
1763.74864825312  0.
1765.19630517366  0.
1766.64396209419  0.
1768.09161901473  0.
1769.53927593527  0.
1770.9869328558  0.
1772.43458977634  0.
1773.88224669688  0.
1775.32990361741  0.
1776.77756053795  0.
1778.22521745849  0.
1779.67287437902  0.
1781.12053129956  0.
1782.5681882201  0.
1784.01584514063  0.
1785.46350206117  0.
1786.91115898171  0.
1788.35881590224  0.
1789.80647282278  0.
1791.25412974332  0.
1792.70178666385  0.
1794.14944358439  0.
1795.59710050493  0.
1797.04475742547  0.
1798.492414346  0.
1799.94007126654  0.
1801.38772818708  0.
1802.83538510761  0.
1804.28304202815  0.
1805.73069894869  0.
1807.17835586922  0.
1808.62601278976  0.
1810.0736697103  0.
1811.52132663083  0.
1812.96898355137  0.
1814.41664047191  0.
1815.86429739244  0.
1817.31195431298  0.
1818.75961123352  0.
1820.20726815405  0.
1821.65492507459  0.
1823.10258199513  0.
1824.55023891566  0.
1825.9978958362  0.
1827.44555275674  0.
1828.89320967727  0.
1830.34086659781  0.
1831.78852351835  0.
