906.735751295338  0.
908.183408215875  0.
909.631065136412  0.
911.078722056949  0.
912.526378977485  0.
913.974035898022  0.
915.421692818559  0.
916.869349739096  0.
918.317006659633  0.
919.764663580169  0.
921.212320500706  0.
922.659977421243  0.
924.10763434178  0.
925.555291262316  0.
927.002948182853  0.
928.45060510339  0.
929.898262023927  0.
931.345918944464  0.
932.793575865  0.
934.241232785537  0.
935.688889706074  0.
937.136546626611  0.
938.584203547148  0.
940.031860467684  0.
941.479517388221  0.
942.927174308758  0.
944.374831229295  0.
945.822488149832  0.
947.270145070369  0.
948.717801990905  0.
950.165458911442  0.
951.613115831979  0.
953.060772752515  0.
954.508429673052  0.
955.956086593589  0.
957.403743514126  0.
958.851400434663  0.
960.2990573552  0.
961.746714275736  0.
963.194371196273  0.
964.64202811681  0.
966.089685037347  0.
967.537341957883  0.
968.98499887842  0.
970.432655798957  0.
971.880312719494  0.
973.327969640031  0.
974.775626560567  0.
976.223283481104  0.
977.670940401641  0.
979.118597322178  0.
980.566254242715  0.
982.013911163251  0.
983.461568083788  0.
984.909225004325  0.
986.356881924862  0.
987.804538845399  0.
989.252195765935  0.
990.699852686472  0.
992.147509607009  0.
993.595166527546  8.184337E-14
995.042823448082  1.482305E-13
996.490480368619  1.172159E-13
997.938137289156  5.223685E-14
999.385794209693  2.575285E-13
1000.83345113023  -9.940787E-15
1002.28110805077  1.627422E-13
1003.7287649713  1.772132E-14
1005.17642189184  1.188435E-13
1006.62407881238  2.176945E-13
1008.07173573291  3.006462E-14
1009.51939265345  2.604539E-13
1010.96704957399  1.261080E-13
1012.41470649452  3.098921E-14
1013.86236341506  1.431965E-13
1015.3100203356  2.064712E-13
1016.75767725613  6.883829E-14
1018.20533417667  1.940970E-13
1019.65299109721  1.525990E-13
1021.10064801775  1.494577E-13
1022.54830493828  1.389184E-13
1023.99596185882  1.186712E-13
1025.44361877936  2.470541E-13
1026.89127569989  1.046148E-13
1028.33893262043  1.586993E-13
1029.78658954097  1.897422E-13
1031.2342464615  2.234833E-13
1032.68190338204  1.269064E-13
1034.12956030258  2.095247E-13
1035.57721722311  2.362915E-13
1037.02487414365  2.753511E-13
1038.47253106419  2.499859E-13
1039.92018798472  2.273974E-13
1041.36784490526  2.078510E-13
1042.8155018258  2.657652E-13
1044.26315874633  2.973950E-13
1045.71081566687  5.509924E-13
1047.15847258741  5.310280E-13
1048.60612950794  4.888927E-13
1050.05378642848  4.558970E-13
1051.50144334902  4.434241E-13
1052.94910026955  3.337272E-13
1054.39675719009  2.992846E-13
1055.84441411063  1.621959E-13
1057.29207103116  5.388014E-14
1058.7397279517  9.717993E-14
1060.18738487224  8.977182E-14
1061.63504179277  1.065278E-13
1063.08269871331  9.276823E-14
1064.53035563385  1.008498E-13
1065.97801255439  1.397891E-13
1067.42566947492  1.404588E-13
1068.87332639546  1.307472E-13
1070.320983316  1.579567E-13
1071.76864023653  1.175701E-13
1073.21629715707  1.753712E-13
1074.66395407761  1.077010E-13
1076.11161099814  1.583838E-13
1077.55926791868  1.452109E-13
1079.00692483922  1.455973E-13
1080.45458175975  1.587495E-13
1081.90223868029  1.463330E-13
1083.34989560083  1.375850E-13
1084.79755252136  1.167811E-13
1086.2452094419  1.255212E-13
1087.69286636244  1.063469E-13
1089.14052328297  1.202265E-13
1090.58818020351  8.610499E-14
1092.03583712405  8.110559E-14
1093.48349404458  1.122285E-13
1094.93115096512  1.210868E-13
1096.37880788566  1.245643E-13
1097.82646480619  1.216036E-13
1099.27412172673  1.083703E-13
1100.72177864727  8.859897E-14
1102.1694355678  9.749996E-14
1103.61709248834  1.077396E-13
1105.06474940888  1.043658E-13
1106.51240632942  1.112533E-13
1107.96006324995  1.121356E-13
1109.40772017049  1.236295E-13
1110.85537709103  1.358090E-13
1112.30303401156  1.098129E-13
1113.7506909321  1.090285E-13
1115.19834785264  1.117834E-13
1116.64600477317  1.343300E-13
1118.09366169371  1.077029E-13
1119.54131861425  9.712608E-14
1120.98897553478  1.039375E-13
1122.43663245532  1.068326E-13
1123.88428937586  8.663727E-14
1125.33194629639  9.645938E-14
1126.77960321693  9.298513E-14
1128.22726013747  1.185917E-13
1129.674917058  1.123574E-13
1131.12257397854  9.037266E-14
1132.57023089908  9.148896E-14
1134.01788781961  1.388456E-13
1135.46554474015  6.199593E-14
1136.91320166069  1.026360E-13
1138.36085858122  1.224822E-13
1139.80851550176  1.279694E-13
1141.2561724223  9.429135E-14
1142.70382934284  1.127124E-13
1144.15148626337  9.201514E-14
1145.59914318391  9.043499E-14
1147.04680010445  1.131308E-13
1148.49445702498  9.382726E-14
1149.94211394552  1.080478E-13
1151.38977086606  1.004638E-13
1152.83742778659  9.116504E-14
1154.28508470713  9.265727E-14
1155.73274162767  9.144231E-14
1157.1803985482  9.499800E-14
1158.62805546874  1.209339E-13
1160.07571238928  9.177845E-14
1161.52336930981  9.906583E-14
1162.97102623035  1.227741E-13
1164.41868315089  1.110663E-13
1165.86634007142  1.238106E-13
1167.31399699196  6.782517E-14
1168.7616539125  1.153322E-13
1170.20931083303  1.118542E-13
1171.65696775357  1.128923E-13
1173.10462467411  1.198939E-13
1174.55228159464  1.297650E-13
1175.99993851518  1.276003E-13
1177.44759543572  1.254689E-13
1178.89525235625  1.324501E-13
1180.34290927679  1.234692E-13
1181.79056619733  1.486430E-13
1183.23822311787  1.349313E-13
1184.6858800384  1.366811E-13
1186.13353695894  1.412770E-13
1187.58119387948  1.352906E-13
1189.02885080001  1.403166E-13
1190.47650772055  1.323347E-13
1191.92416464109  1.482384E-13
1193.37182156162  1.571112E-13
1194.81947848216  1.725319E-13
1196.2671354027  1.612842E-13
1197.71479232323  1.707952E-13
1199.16244924377  1.664067E-13
1200.61010616431  1.760295E-13
1202.05776308484  2.365402E-13
1203.50542000538  2.404187E-13
1204.95307692592  1.813905E-13
1206.40073384645  2.218031E-13
1207.84839076699  2.629775E-13
1209.29604768753  3.642739E-13
1210.74370460806  4.365823E-13
1212.1913615286  4.435600E-13
1213.63901844914  5.442366E-13
1215.08667536967  5.165584E-13
1216.53433229021  6.170731E-13
1217.98198921075  5.815751E-13
1219.42964613129  6.651102E-13
1220.87730305182  5.051337E-13
1222.32495997236  4.670120E-13
1223.7726168929  3.639924E-13
1225.22027381343  3.155620E-13
1226.66793073397  2.418912E-13
1228.11558765451  2.498011E-13
1229.56324457504  2.560128E-13
1231.01090149558  2.436825E-13
1232.45855841612  2.591193E-13
1233.90621533665  2.624498E-13
1235.35387225719  2.593527E-13
1236.80152917773  2.484784E-13
1238.24918609826  2.147847E-13
1239.6968430188  2.187223E-13
1241.14449993934  1.694758E-13
1242.59215685987  2.210172E-13
1244.03981378041  2.306493E-13
1245.48747070095  2.051605E-13
1246.93512762148  1.853481E-13
1248.38278454202  1.660391E-13
1249.83044146256  1.651166E-13
1251.27809838309  1.761539E-13
1252.72575530363  1.436583E-13
1254.17341222417  1.764592E-13
1255.62106914471  1.637666E-13
1257.06872606524  1.430943E-13
1258.51638298578  1.436118E-13
1259.96403990632  1.397084E-13
1261.41169682685  1.525952E-13
1262.85935374739  1.155441E-13
1264.30701066793  1.353053E-13
1265.75466758846  1.438390E-13
1267.202324509  1.524042E-13
1268.64998142954  1.324874E-13
1270.09763835007  1.052183E-13
1271.54529527061  1.290366E-13
1272.99295219115  1.406122E-13
1274.44060911168  1.118380E-13
1275.88826603222  1.507699E-13
1277.33592295276  1.188186E-13
1278.78357987329  1.254948E-13
1280.23123679383  1.236006E-13
1281.67889371437  1.372487E-13
1283.1265506349  1.179823E-13
1284.57420755544  1.217830E-13
1286.02186447598  1.116860E-13
1287.46952139651  7.802178E-14
1288.91717831705  9.226833E-14
1290.36483523759  6.847823E-14
1291.81249215812  1.362358E-13
1293.26014907866  1.049100E-13
1294.7078059992  1.212662E-13
1296.15546291974  1.043977E-13
1297.60311984027  1.138148E-13
1299.05077676081  1.066225E-13
1300.49843368135  1.209415E-13
1301.94609060188  1.041463E-13
1303.39374752242  1.213541E-13
1304.84140444296  1.200362E-13
1306.28906136349  9.546277E-14
1307.73671828403  9.812629E-14
1309.18437520457  8.752098E-14
1310.6320321251  1.018924E-13
1312.07968904564  1.091973E-13
1313.52734596618  9.449996E-14
1314.97500288671  9.843419E-14
1316.42265980725  8.566273E-14
1317.87031672779  1.010764E-13
1319.31797364832  1.097924E-13
1320.76563056886  1.194055E-13
1322.2132874894  8.787963E-14
1323.66094440993  7.302586E-14
1325.10860133047  1.170354E-13
1326.55625825101  1.219979E-13
1328.00391517154  1.102623E-13
1329.45157209208  8.403867E-14
1330.89922901262  1.033683E-13
1332.34688593315  1.082759E-13
1333.79454285369  1.086726E-13
1335.24219977423  9.334714E-14
1336.68985669477  1.147075E-13
1338.1375136153  8.842766E-14
1339.58517053584  1.011983E-13
1341.03282745638  9.677145E-14
1342.48048437691  8.177308E-14
1343.92814129745  7.937041E-14
1345.37579821799  1.177700E-13
1346.82345513852  1.039541E-13
1348.27111205906  9.208252E-14
1349.7187689796  9.277635E-14
1351.16642590013  1.033934E-13
1352.61408282067  1.030345E-13
1354.06173974121  1.120866E-13
1355.50939666174  9.190199E-14
1356.95705358228  1.021165E-13
1358.40471050282  1.062237E-13
1359.85236742335  9.885083E-14
1361.30002434389  1.171014E-13
1362.74768126443  1.530560E-13
1364.19533818496  1.023728E-13
1365.6429951055  8.822896E-14
1367.09065202604  9.818027E-14
1368.53830894657  1.257285E-13
1369.98596586711  7.909709E-14
1371.43362278765  1.018847E-13
1372.88127970819  1.038428E-13
1374.32893662872  1.028053E-13
1375.77659354926  9.803840E-14
1377.2242504698  1.076598E-13
1378.67190739033  1.161669E-13
1380.11956431087  1.237537E-13
1381.56722123141  1.082881E-13
1383.01487815194  1.051589E-13
1384.46253507248  1.109676E-13
1385.91019199302  1.078855E-13
1387.35784891355  9.780067E-14
1388.80550583409  1.258981E-13
1390.25316275463  1.063203E-13
1391.70081967516  1.292574E-13
1393.1484765957  1.376611E-13
1394.59613351624  1.006673E-13
1396.04379043677  1.271144E-13
1397.49144735731  1.363025E-13
1398.93910427785  1.073473E-13
1400.38676119838  1.332610E-13
1401.83441811892  1.491924E-13
1403.28207503946  1.281830E-13
1404.72973195999  1.092638E-13
1406.17738888053  1.345789E-13
1407.62504580107  1.365521E-13
1409.0727027216  1.083552E-13
1410.52035964214  1.231018E-13
1411.96801656268  1.029626E-13
1413.41567348322  9.433368E-14
1414.86333040375  1.265288E-13
1416.31098732429  1.319428E-13
1417.75864424483  1.242628E-13
1419.20630116536  1.205344E-13
1420.6539580859  1.310183E-13
1422.10161500644  1.355277E-13
1423.54927192697  1.195332E-13
1424.99692884751  8.388457E-14
1426.44458576805  8.348514E-14
1427.89224268858  9.281965E-14
1429.33989960912  9.175403E-14
1430.78755652966  9.564887E-14
1432.23521345019  1.158677E-13
1433.68287037073  1.095495E-13
1435.13052729127  1.015206E-13
1436.5781842118  1.103792E-13
1438.02584113234  1.312484E-13
1439.47349805288  1.236448E-13
1440.92115497341  9.128576E-14
1442.36881189395  9.859212E-14
1443.81646881449  9.536387E-14
1445.26412573502  8.002115E-14
1446.71178265556  8.845602E-14
1448.1594395761  9.933341E-14
1449.60709649664  1.156794E-13
1451.05475341717  1.170774E-13
1452.50241033771  1.167589E-13
1453.95006725825  9.746893E-14
1455.39772417878  1.093667E-13
1456.84538109932  9.368694E-14
1458.29303801986  7.894347E-14
1459.74069494039  6.342701E-14
1461.18835186093  6.944391E-14
1462.63600878147  8.821765E-14
1464.083665702  1.085157E-13
1465.53132262254  9.314443E-14
1466.97897954308  9.105047E-14
1468.42663646361  1.032692E-13
1469.87429338415  9.277178E-14
1471.32195030469  9.104853E-14
1472.76960722522  8.535489E-14
1474.21726414576  8.940295E-14
1475.6649210663  1.018836E-13
1477.11257798683  1.063647E-13
1478.56023490737  9.240450E-14
1480.00789182791  9.912336E-14
1481.45554874844  9.080092E-14
1482.90320566898  8.621748E-14
1484.35086258952  8.241010E-14
1485.79851951005  9.920427E-14
1487.24617643059  9.843486E-14
1488.69383335113  9.085885E-14
1490.14149027167  1.016320E-13
1491.5891471922  1.005551E-13
1493.03680411274  1.102114E-13
1494.48446103328  9.147861E-14
1495.93211795381  9.544875E-14
1497.37977487435  1.063800E-13
1498.82743179489  9.884875E-14
1500.27508871542  9.809708E-14
1501.72274563596  9.149336E-14
1503.1704025565  9.434983E-14
1504.61805947703  1.073423E-13
1506.06571639757  8.917356E-14
1507.51337331811  9.724030E-14
1508.96103023864  9.968690E-14
1510.40868715918  1.006672E-13
1511.85634407972  9.885268E-14
1513.30400100025  1.084428E-13
1514.75165792079  1.081195E-13
1516.19931484133  1.115481E-13
1517.64697176186  1.144653E-13
1519.0946286824  1.092880E-13
1520.54228560294  9.612718E-14
1521.98994252347  9.775856E-14
1523.43759944401  1.338269E-13
1524.88525636455  1.261044E-13
1526.33291328509  1.084045E-13
1527.78057020562  1.236781E-13
1529.22822712616  1.281420E-13
1530.6758840467  1.259671E-13
1532.12354096723  1.089993E-13
1533.57119788777  1.275491E-13
1535.01885480831  1.461128E-13
1536.46651172884  1.630161E-13
1537.91416864938  1.548464E-13
1539.36182556992  1.572279E-13
1540.80948249045  1.672105E-13
1542.25713941099  1.820227E-13
1543.70479633153  2.011195E-13
1545.15245325206  2.465668E-13
1546.6001101726  2.486458E-13
1548.04776709314  2.175231E-13
1549.49542401367  2.090734E-13
1550.94308093421  2.434524E-13
1552.39073785475  2.342379E-13
1553.83839477528  2.175740E-13
1555.28605169582  2.011077E-13
1556.73370861636  1.797329E-13
1558.18136553689  1.558149E-13
1559.62902245743  1.530764E-13
1561.07667937797  1.524823E-13
1562.5243362985  1.415323E-13
1563.97199321904  1.268567E-13
1565.41965013958  1.133923E-13
1566.86730706012  1.061500E-13
1568.31496398065  1.181083E-13
1569.76262090119  1.119855E-13
1571.21027782173  1.011898E-13
1572.65793474226  1.047996E-13
1574.1055916628  1.045199E-13
1575.55324858334  1.011910E-13
1577.00090550387  1.036949E-13
1578.44856242441  1.062201E-13
1579.89621934495  1.040732E-13
1581.34387626548  1.044154E-13
1582.79153318602  1.047404E-13
1584.23919010656  9.964779E-14
1585.68684702709  8.876149E-14
1587.13450394763  8.936694E-14
1588.58216086817  9.525384E-14
1590.0298177887  9.677566E-14
1591.47747470924  8.897017E-14
1592.92513162978  8.963406E-14
1594.37278855031  9.518267E-14
1595.82044547085  9.883862E-14
1597.26810239139  8.949360E-14
1598.71575931192  8.710406E-14
1600.16341623246  9.715124E-14
1601.611073153  1.048600E-13
1603.05873007354  9.942505E-14
1604.50638699407  8.432330E-14
1605.95404391461  8.882450E-14
1607.40170083515  9.008689E-14
1608.84935775568  9.432979E-14
1610.29701467622  9.407094E-14
1611.74467159676  8.065300E-14
1613.19232851729  7.654537E-14
1614.63998543783  9.001577E-14
1616.08764235837  9.766423E-14
1617.5352992789  8.909352E-14
1618.98295619944  8.164081E-14
1620.43061311998  7.910639E-14
1621.87827004051  9.358835E-14
1623.32592696105  9.818498E-14
1624.77358388159  1.018099E-13
1626.22124080212  1.036155E-13
1627.66889772266  9.708484E-14
1629.1165546432  9.499214E-14
1630.56421156373  1.016963E-13
1632.01186848427  9.525214E-14
1633.45952540481  9.195400E-14
1634.90718232534  9.870909E-14
1636.35483924588  9.432923E-14
1637.80249616642  9.247934E-14
1639.25015308695  9.425666E-14
1640.69781000749  9.875507E-14
1642.14546692803  9.650439E-14
1643.59312384857  8.878533E-14
1645.0407807691  9.178953E-14
1646.48843768964  9.040251E-14
1647.93609461018  9.561463E-14
1649.38375153071  9.625447E-14
1650.83140845125  9.817044E-14
1652.27906537179  9.626462E-14
1653.72672229232  9.386497E-14
1655.17437921286  9.279608E-14
1656.6220361334  9.405030E-14
1658.06969305393  9.111860E-14
1659.51734997447  9.762812E-14
1660.96500689501  9.730442E-14
1662.41266381554  1.055178E-13
1663.86032073608  1.055547E-13
1665.30797765662  1.056998E-13
1666.75563457715  1.003008E-13
1668.20329149769  9.911454E-14
1669.65094841823  9.212613E-14
1671.09860533876  8.959150E-14
1672.5462622593  8.716414E-14
1673.99391917984  8.160961E-14
1675.44157610038  7.978341E-14
1676.88923302091  8.084442E-14
1678.33688994145  9.147940E-14
1679.78454686199  9.519840E-14
1681.23220378252  9.898912E-14
1682.67986070306  9.426357E-14
1684.1275176236  9.687233E-14
1685.57517454413  8.976979E-14
1687.02283146467  9.763874E-14
1688.47048838521  9.668154E-14
1689.91814530574  8.873804E-14
1691.36580222628  8.964379E-14
1692.81345914682  8.828595E-14
1694.26111606735  8.408695E-14
1695.70877298789  7.608807E-14
1697.15642990843  7.512680E-14
1698.60408682896  7.862320E-14
1700.0517437495  7.837868E-14
1701.49940067004  9.070544E-14
1702.94705759057  9.295918E-14
1704.39471451111  8.498899E-14
1705.84237143165  8.242378E-14
1707.29002835218  8.593818E-14
1708.73768527272  8.579445E-14
1710.18534219326  0.
1711.63299911379  0.
1713.08065603433  0.
1714.52831295487  0.
1715.97596987541  0.
1717.42362679594  0.
1718.87128371648  0.
1720.31894063702  0.
1721.76659755755  0.
1723.21425447809  0.
1724.66191139863  0.
1726.10956831916  0.
1727.5572252397  0.
1729.00488216024  0.
1730.45253908077  0.
1731.90019600131  0.
1733.34785292185  0.
1734.79550984238  0.
1736.24316676292  0.
1737.69082368346  0.
1739.13848060399  0.
1740.58613752453  0.
1742.03379444507  0.
1743.4814513656  0.
1744.92910828614  0.
1746.37676520668  0.
1747.82442212721  0.
1749.27207904775  0.
1750.71973596829  0.
1752.16739288882  0.
1753.61504980936  0.
1755.0627067299  0.
1756.51036365043  0.
1757.95802057097  0.
1759.40567749151  0.
1760.85333441205  0.
1762.30099133258  0.
1763.74864825312  0.
1765.19630517366  0.
1766.64396209419  0.
1768.09161901473  0.
1769.53927593527  0.
1770.9869328558  0.
1772.43458977634  0.
1773.88224669688  0.
1775.32990361741  0.
1776.77756053795  0.
1778.22521745849  0.
1779.67287437902  0.
1781.12053129956  0.
1782.5681882201  0.
1784.01584514063  0.
1785.46350206117  0.
1786.91115898171  0.
1788.35881590224  0.
1789.80647282278  0.
1791.25412974332  0.
1792.70178666385  0.
1794.14944358439  0.
1795.59710050493  0.
1797.04475742547  0.
1798.492414346  0.
1799.94007126654  0.
1801.38772818708  0.
1802.83538510761  0.
1804.28304202815  0.
1805.73069894869  0.
1807.17835586922  0.
1808.62601278976  0.
1810.0736697103  0.
1811.52132663083  0.
1812.96898355137  0.
1814.41664047191  0.
1815.86429739244  0.
1817.31195431298  0.
1818.75961123352  0.
1820.20726815405  0.
1821.65492507459  0.
1823.10258199513  0.
1824.55023891566  0.
1825.9978958362  0.
1827.44555275674  0.
1828.89320967727  0.
1830.34086659781  0.
1831.78852351835  0.
