906.735751295338  0.
908.183408215875  0.
909.631065136412  0.
911.078722056949  0.
912.526378977485  0.
913.974035898022  0.
915.421692818559  0.
916.869349739096  0.
918.317006659633  0.
919.764663580169  0.
921.212320500706  0.
922.659977421243  0.
924.10763434178  0.
925.555291262316  0.
927.002948182853  0.
928.45060510339  0.
929.898262023927  0.
931.345918944464  0.
932.793575865  0.
934.241232785537  0.
935.688889706074  0.
937.136546626611  0.
938.584203547148  0.
940.031860467684  0.
941.479517388221  0.
942.927174308758  0.
944.374831229295  0.
945.822488149832  0.
947.270145070369  0.
948.717801990905  0.
950.165458911442  0.
951.613115831979  0.
953.060772752515  0.
954.508429673052  0.
955.956086593589  0.
957.403743514126  0.
958.851400434663  0.
960.2990573552  0.
961.746714275736  0.
963.194371196273  0.
964.64202811681  0.
966.089685037347  0.
967.537341957883  0.
968.98499887842  0.
970.432655798957  0.
971.880312719494  0.
973.327969640031  0.
974.775626560567  0.
976.223283481104  0.
977.670940401641  0.
979.118597322178  0.
980.566254242715  0.
982.013911163251  0.
983.461568083788  0.
984.909225004325  0.
986.356881924862  0.
987.804538845399  0.
989.252195765935  0.
990.699852686472  0.
992.147509607009  0.
993.595166527546  8.819176E-14
995.042823448082  3.112178E-13
996.490480368619  1.594133E-13
997.938137289156  2.697564E-13
999.385794209693  4.212186E-13
1000.83345113023  1.486715E-13
1002.28110805077  1.143426E-13
1003.7287649713  1.084017E-13
1005.17642189184  1.581619E-13
1006.62407881238  1.461662E-13
1008.07173573291  1.052598E-13
1009.51939265345  2.311980E-13
1010.96704957399  9.864401E-14
1012.41470649452  9.553743E-14
1013.86236341506  1.956170E-13
1015.3100203356  1.992370E-13
1016.75767725613  1.441206E-13
1018.20533417667  2.513561E-13
1019.65299109721  2.819071E-13
1021.10064801775  2.220219E-13
1022.54830493828  2.215774E-13
1023.99596185882  2.372716E-13
1025.44361877936  3.110182E-13
1026.89127569989  2.515362E-13
1028.33893262043  3.239409E-13
1029.78658954097  3.105365E-13
1031.2342464615  3.514284E-13
1032.68190338204  3.296798E-13
1034.12956030258  3.605076E-13
1035.57721722311  2.891909E-13
1037.02487414365  2.976318E-13
1038.47253106419  2.603662E-13
1039.92018798472  2.878417E-13
1041.36784490526  3.011624E-13
1042.8155018258  2.945465E-13
1044.26315874633  3.463552E-13
1045.71081566687  4.233225E-13
1047.15847258741  4.482174E-13
1048.60612950794  4.430172E-13
1050.05378642848  3.851480E-13
1051.50144334902  3.208944E-13
1052.94910026955  3.018889E-13
1054.39675719009  3.156901E-13
1055.84441411063  2.151961E-13
1057.29207103116  1.694991E-13
1058.7397279517  1.869668E-13
1060.18738487224  1.896706E-13
1061.63504179277  2.069626E-13
1063.08269871331  2.329915E-13
1064.53035563385  2.022388E-13
1065.97801255439  1.964455E-13
1067.42566947492  2.047041E-13
1068.87332639546  2.306763E-13
1070.320983316  1.894420E-13
1071.76864023653  1.647795E-13
1073.21629715707  2.312413E-13
1074.66395407761  2.204173E-13
1076.11161099814  2.229045E-13
1077.55926791868  2.178155E-13
1079.00692483922  2.058183E-13
1080.45458175975  2.195877E-13
1081.90223868029  1.982062E-13
1083.34989560083  2.005226E-13
1084.79755252136  1.689644E-13
1086.2452094419  1.663807E-13
1087.69286636244  1.906968E-13
1089.14052328297  1.879926E-13
1090.58818020351  1.431932E-13
1092.03583712405  1.621855E-13
1093.48349404458  1.757485E-13
1094.93115096512  1.954828E-13
1096.37880788566  1.762737E-13
1097.82646480619  1.998220E-13
1099.27412172673  1.870509E-13
1100.72177864727  1.465176E-13
1102.1694355678  1.750476E-13
1103.61709248834  2.056002E-13
1105.06474940888  1.767673E-13
1106.51240632942  1.764310E-13
1107.96006324995  1.766267E-13
1109.40772017049  1.665661E-13
1110.85537709103  2.267511E-13
1112.30303401156  1.858538E-13
1113.7506909321  1.688898E-13
1115.19834785264  1.969568E-13
1116.64600477317  2.044721E-13
1118.09366169371  1.939387E-13
1119.54131861425  1.737021E-13
1120.98897553478  1.770190E-13
1122.43663245532  1.632185E-13
1123.88428937586  1.801652E-13
1125.33194629639  1.842860E-13
1126.77960321693  1.615132E-13
1128.22726013747  1.545054E-13
1129.674917058  1.611195E-13
1131.12257397854  1.766549E-13
1132.57023089908  1.564364E-13
1134.01788781961  1.933291E-13
1135.46554474015  1.823343E-13
1136.91320166069  1.430400E-13
1138.36085858122  1.561635E-13
1139.80851550176  1.565294E-13
1141.2561724223  1.825527E-13
1142.70382934284  1.673630E-13
1144.15148626337  1.789492E-13
1145.59914318391  1.845792E-13
1147.04680010445  1.771834E-13
1148.49445702498  1.681361E-13
1149.94211394552  1.885666E-13
1151.38977086606  1.540219E-13
1152.83742778659  1.364745E-13
1154.28508470713  1.329458E-13
1155.73274162767  1.430678E-13
1157.1803985482  1.820378E-13
1158.62805546874  1.799458E-13
1160.07571238928  1.633771E-13
1161.52336930981  1.574446E-13
1162.97102623035  1.581858E-13
1164.41868315089  1.864792E-13
1165.86634007142  1.914525E-13
1167.31399699196  1.627781E-13
1168.7616539125  1.632196E-13
1170.20931083303  1.695376E-13
1171.65696775357  1.937848E-13
1173.10462467411  2.091572E-13
1174.55228159464  1.802791E-13
1175.99993851518  1.924902E-13
1177.44759543572  2.140532E-13
1178.89525235625  1.811539E-13
1180.34290927679  1.792794E-13
1181.79056619733  1.715847E-13
1183.23822311787  1.853332E-13
1184.6858800384  1.802721E-13
1186.13353695894  2.001037E-13
1187.58119387948  1.967400E-13
1189.02885080001  2.212283E-13
1190.47650772055  2.205660E-13
1191.92416464109  2.249817E-13
1193.37182156162  2.867625E-13
1194.81947848216  2.592605E-13
1196.2671354027  2.859458E-13
1197.71479232323  2.668552E-13
1199.16244924377  2.654772E-13
1200.61010616431  3.061107E-13
1202.05776308484  2.844890E-13
1203.50542000538  3.401822E-13
1204.95307692592  3.287984E-13
1206.40073384645  4.115535E-13
1207.84839076699  4.324207E-13
1209.29604768753  5.217489E-13
1210.74370460806  6.067382E-13
1212.1913615286  5.841703E-13
1213.63901844914  7.224297E-13
1215.08667536967  7.898148E-13
1216.53433229021  9.458729E-13
1217.98198921075  1.014156E-12
1219.42964613129  8.147154E-13
1220.87730305182  7.122073E-13
1222.32495997236  5.958478E-13
1223.7726168929  4.682370E-13
1225.22027381343  4.047017E-13
1226.66793073397  3.379805E-13
1228.11558765451  3.521106E-13
1229.56324457504  3.246255E-13
1231.01090149558  2.699127E-13
1232.45855841612  3.112774E-13
1233.90621533665  3.135419E-13
1235.35387225719  3.141046E-13
1236.80152917773  2.906405E-13
1238.24918609826  3.189794E-13
1239.6968430188  3.437996E-13
1241.14449993934  2.804499E-13
1242.59215685987  3.185811E-13
1244.03981378041  3.193894E-13
1245.48747070095  2.820192E-13
1246.93512762148  2.294779E-13
1248.38278454202  2.283892E-13
1249.83044146256  2.271668E-13
1251.27809838309  2.229922E-13
1252.72575530363  1.947657E-13
1254.17341222417  1.856339E-13
1255.62106914471  2.257445E-13
1257.06872606524  1.960577E-13
1258.51638298578  1.834974E-13
1259.96403990632  1.987907E-13
1261.41169682685  1.990120E-13
1262.85935374739  2.178951E-13
1264.30701066793  1.839489E-13
1265.75466758846  1.654144E-13
1267.202324509  1.784283E-13
1268.64998142954  1.746117E-13
1270.09763835007  1.596375E-13
1271.54529527061  1.552920E-13
1272.99295219115  1.544519E-13
1274.44060911168  1.657572E-13
1275.88826603222  2.041505E-13
1277.33592295276  1.577625E-13
1278.78357987329  1.885248E-13
1280.23123679383  1.469675E-13
1281.67889371437  1.583014E-13
1283.1265506349  1.552721E-13
1284.57420755544  1.403043E-13
1286.02186447598  1.580341E-13
1287.46952139651  1.531633E-13
1288.91717831705  1.644210E-13
1290.36483523759  1.785995E-13
1291.81249215812  1.958524E-13
1293.26014907866  1.649314E-13
1294.7078059992  1.726610E-13
1296.15546291974  1.830693E-13
1297.60311984027  1.579841E-13
1299.05077676081  1.536023E-13
1300.49843368135  1.605631E-13
1301.94609060188  1.791461E-13
1303.39374752242  1.414413E-13
1304.84140444296  1.335857E-13
1306.28906136349  1.428847E-13
1307.73671828403  1.728320E-13
1309.18437520457  1.221304E-13
1310.6320321251  1.402083E-13
1312.07968904564  1.629697E-13
1313.52734596618  1.788631E-13
1314.97500288671  1.508189E-13
1316.42265980725  1.742073E-13
1317.87031672779  1.504218E-13
1319.31797364832  1.133695E-13
1320.76563056886  1.243458E-13
1322.2132874894  1.394797E-13
1323.66094440993  1.399719E-13
1325.10860133047  1.451674E-13
1326.55625825101  1.646212E-13
1328.00391517154  1.468681E-13
1329.45157209208  1.430787E-13
1330.89922901262  1.926513E-13
1332.34688593315  1.736589E-13
1333.79454285369  1.602204E-13
1335.24219977423  1.450095E-13
1336.68985669477  1.514807E-13
1338.1375136153  1.326808E-13
1339.58517053584  1.551792E-13
1341.03282745638  1.293890E-13
1342.48048437691  1.709295E-13
1343.92814129745  1.540380E-13
1345.37579821799  1.414235E-13
1346.82345513852  1.450948E-13
1348.27111205906  1.498428E-13
1349.7187689796  1.534239E-13
1351.16642590013  1.562508E-13
1352.61408282067  1.338866E-13
1354.06173974121  1.524370E-13
1355.50939666174  1.467283E-13
1356.95705358228  1.416717E-13
1358.40471050282  1.553830E-13
1359.85236742335  1.464148E-13
1361.30002434389  1.522893E-13
1362.74768126443  1.581884E-13
1364.19533818496  1.544014E-13
1365.6429951055  1.572717E-13
1367.09065202604  1.178753E-13
1368.53830894657  1.495414E-13
1369.98596586711  1.581258E-13
1371.43362278765  1.644197E-13
1372.88127970819  1.566127E-13
1374.32893662872  1.431586E-13
1375.77659354926  1.297759E-13
1377.2242504698  1.561805E-13
1378.67190739033  1.484609E-13
1380.11956431087  1.538143E-13
1381.56722123141  1.747054E-13
1383.01487815194  1.653387E-13
1384.46253507248  1.602366E-13
1385.91019199302  1.505080E-13
1387.35784891355  1.508818E-13
1388.80550583409  1.741200E-13
1390.25316275463  1.611024E-13
1391.70081967516  1.829892E-13
1393.1484765957  1.907377E-13
1394.59613351624  1.798386E-13
1396.04379043677  1.915181E-13
1397.49144735731  1.780909E-13
1398.93910427785  1.708549E-13
1400.38676119838  1.779131E-13
1401.83441811892  2.111896E-13
1403.28207503946  2.020151E-13
1404.72973195999  1.762272E-13
1406.17738888053  1.820645E-13
1407.62504580107  1.836728E-13
1409.0727027216  1.653523E-13
1410.52035964214  1.730920E-13
1411.96801656268  1.889777E-13
1413.41567348322  1.688015E-13
1414.86333040375  1.605728E-13
1416.31098732429  1.588721E-13
1417.75864424483  1.525092E-13
1419.20630116536  1.583504E-13
1420.6539580859  1.779641E-13
1422.10161500644  1.556685E-13
1423.54927192697  1.496714E-13
1424.99692884751  1.535507E-13
1426.44458576805  1.347770E-13
1427.89224268858  1.244819E-13
1429.33989960912  1.537242E-13
1430.78755652966  1.636176E-13
1432.23521345019  1.656932E-13
1433.68287037073  1.717987E-13
1435.13052729127  1.553045E-13
1436.5781842118  1.466702E-13
1438.02584113234  1.765142E-13
1439.47349805288  1.646503E-13
1440.92115497341  1.391457E-13
1442.36881189395  1.255577E-13
1443.81646881449  1.344413E-13
1445.26412573502  1.124207E-13
1446.71178265556  1.108296E-13
1448.1594395761  1.441922E-13
1449.60709649664  1.296242E-13
1451.05475341717  1.208037E-13
1452.50241033771  1.376457E-13
1453.95006725825  1.289363E-13
1455.39772417878  1.257560E-13
1456.84538109932  1.319893E-13
1458.29303801986  1.251068E-13
1459.74069494039  1.332835E-13
1461.18835186093  1.218416E-13
1462.63600878147  1.442669E-13
1464.083665702  1.423629E-13
1465.53132262254  1.288361E-13
1466.97897954308  1.047233E-13
1468.42663646361  1.236401E-13
1469.87429338415  1.365783E-13
1471.32195030469  1.281487E-13
1472.76960722522  1.319222E-13
1474.21726414576  1.297117E-13
1475.6649210663  1.390952E-13
1477.11257798683  1.382919E-13
1478.56023490737  1.278013E-13
1480.00789182791  1.396696E-13
1481.45554874844  1.232800E-13
1482.90320566898  1.242902E-13
1484.35086258952  1.284703E-13
1485.79851951005  1.401635E-13
1487.24617643059  1.315576E-13
1488.69383335113  1.221577E-13
1490.14149027167  1.244504E-13
1491.5891471922  1.370488E-13
1493.03680411274  1.276042E-13
1494.48446103328  1.234760E-13
1495.93211795381  1.333474E-13
1497.37977487435  1.511168E-13
1498.82743179489  1.559069E-13
1500.27508871542  1.524664E-13
1501.72274563596  1.482502E-13
1503.1704025565  1.492905E-13
1504.61805947703  1.595062E-13
1506.06571639757  1.425392E-13
1507.51337331811  1.397660E-13
1508.96103023864  1.631290E-13
1510.40868715918  1.385721E-13
1511.85634407972  1.374344E-13
1513.30400100025  1.322076E-13
1514.75165792079  1.436131E-13
1516.19931484133  1.584703E-13
1517.64697176186  1.689766E-13
1519.0946286824  1.682847E-13
1520.54228560294  1.571986E-13
1521.98994252347  1.561672E-13
1523.43759944401  1.758797E-13
1524.88525636455  1.851283E-13
1526.33291328509  1.880871E-13
1527.78057020562  1.944037E-13
1529.22822712616  1.777719E-13
1530.6758840467  1.746522E-13
1532.12354096723  1.888934E-13
1533.57119788777  2.076987E-13
1535.01885480831  2.115232E-13
1536.46651172884  2.096180E-13
1537.91416864938  2.249803E-13
1539.36182556992  2.626585E-13
1540.80948249045  2.904659E-13
1542.25713941099  2.984517E-13
1543.70479633153  2.949828E-13
1545.15245325206  3.051418E-13
1546.6001101726  3.260494E-13
1548.04776709314  3.215939E-13
1549.49542401367  3.079291E-13
1550.94308093421  3.255809E-13
1552.39073785475  3.154667E-13
1553.83839477528  2.766502E-13
1555.28605169582  2.548397E-13
1556.73370861636  2.345121E-13
1558.18136553689  2.171362E-13
1559.62902245743  2.065874E-13
1561.07667937797  1.905991E-13
1562.5243362985  1.778963E-13
1563.97199321904  1.706529E-13
1565.41965013958  1.769648E-13
1566.86730706012  1.820735E-13
1568.31496398065  1.870302E-13
1569.76262090119  1.854909E-13
1571.21027782173  1.857189E-13
1572.65793474226  1.748281E-13
1574.1055916628  1.533389E-13
1575.55324858334  1.605731E-13
1577.00090550387  1.450043E-13
1578.44856242441  1.601885E-13
1579.89621934495  1.690722E-13
1581.34387626548  1.594498E-13
1582.79153318602  1.488476E-13
1584.23919010656  1.468574E-13
1585.68684702709  1.458454E-13
1587.13450394763  1.298276E-13
1588.58216086817  1.234914E-13
1590.0298177887  1.282241E-13
1591.47747470924  1.402341E-13
1592.92513162978  1.487979E-13
1594.37278855031  1.396083E-13
1595.82044547085  1.240206E-13
1597.26810239139  1.248993E-13
1598.71575931192  1.260338E-13
1600.16341623246  1.275375E-13
1601.611073153  1.342478E-13
1603.05873007354  1.346889E-13
1604.50638699407  1.368943E-13
1605.95404391461  1.391322E-13
1607.40170083515  1.417028E-13
1608.84935775568  1.366394E-13
1610.29701467622  1.363397E-13
1611.74467159676  1.311018E-13
1613.19232851729  1.326986E-13
1614.63998543783  1.298109E-13
1616.08764235837  1.233044E-13
1617.5352992789  1.282837E-13
1618.98295619944  1.319607E-13
1620.43061311998  1.392055E-13
1621.87827004051  1.484199E-13
1623.32592696105  1.424072E-13
1624.77358388159  1.425578E-13
1626.22124080212  1.446626E-13
1627.66889772266  1.466411E-13
1629.1165546432  1.449108E-13
1630.56421156373  1.558089E-13
1632.01186848427  1.551941E-13
1633.45952540481  1.500934E-13
1634.90718232534  1.382229E-13
1636.35483924588  1.314466E-13
1637.80249616642  1.365761E-13
1639.25015308695  1.399945E-13
1640.69781000749  1.379551E-13
1642.14546692803  1.370662E-13
1643.59312384857  1.356002E-13
1645.0407807691  1.333846E-13
1646.48843768964  1.425448E-13
1647.93609461018  1.375979E-13
1649.38375153071  1.360978E-13
1650.83140845125  1.363662E-13
1652.27906537179  1.368589E-13
1653.72672229232  1.401364E-13
1655.17437921286  1.400763E-13
1656.6220361334  1.370363E-13
1658.06969305393  1.368644E-13
1659.51734997447  1.383566E-13
1660.96500689501  1.433664E-13
1662.41266381554  1.477964E-13
1663.86032073608  1.330944E-13
1665.30797765662  1.340169E-13
1666.75563457715  1.310684E-13
1668.20329149769  1.378638E-13
1669.65094841823  1.361848E-13
1671.09860533876  1.325097E-13
1672.5462622593  1.281115E-13
1673.99391917984  1.275985E-13
1675.44157610038  1.272057E-13
1676.88923302091  1.272731E-13
1678.33688994145  1.308438E-13
1679.78454686199  1.268887E-13
1681.23220378252  1.227051E-13
1682.67986070306  1.272348E-13
1684.1275176236  1.286250E-13
1685.57517454413  1.213057E-13
1687.02283146467  1.219477E-13
1688.47048838521  1.187039E-13
1689.91814530574  1.150149E-13
1691.36580222628  1.164489E-13
1692.81345914682  1.136140E-13
1694.26111606735  1.198415E-13
1695.70877298789  1.201267E-13
1697.15642990843  1.371215E-13
1698.60408682896  1.413991E-13
1700.0517437495  1.396717E-13
1701.49940067004  1.326677E-13
1702.94705759057  1.230252E-13
1704.39471451111  1.145861E-13
1705.84237143165  1.167540E-13
1707.29002835218  1.137349E-13
1708.73768527272  1.199971E-13
1710.18534219326  0.
1711.63299911379  0.
1713.08065603433  0.
1714.52831295487  0.
1715.97596987541  0.
1717.42362679594  0.
1718.87128371648  0.
1720.31894063702  0.
1721.76659755755  0.
1723.21425447809  0.
1724.66191139863  0.
1726.10956831916  0.
1727.5572252397  0.
1729.00488216024  0.
1730.45253908077  0.
1731.90019600131  0.
1733.34785292185  0.
1734.79550984238  0.
1736.24316676292  0.
1737.69082368346  0.
1739.13848060399  0.
1740.58613752453  0.
1742.03379444507  0.
1743.4814513656  0.
1744.92910828614  0.
1746.37676520668  0.
1747.82442212721  0.
1749.27207904775  0.
1750.71973596829  0.
1752.16739288882  0.
1753.61504980936  0.
1755.0627067299  0.
1756.51036365043  0.
1757.95802057097  0.
1759.40567749151  0.
1760.85333441205  0.
1762.30099133258  0.
1763.74864825312  0.
1765.19630517366  0.
1766.64396209419  0.
1768.09161901473  0.
1769.53927593527  0.
1770.9869328558  0.
1772.43458977634  0.
1773.88224669688  0.
1775.32990361741  0.
1776.77756053795  0.
1778.22521745849  0.
1779.67287437902  0.
1781.12053129956  0.
1782.5681882201  0.
1784.01584514063  0.
1785.46350206117  0.
1786.91115898171  0.
1788.35881590224  0.
1789.80647282278  0.
1791.25412974332  0.
1792.70178666385  0.
1794.14944358439  0.
1795.59710050493  0.
1797.04475742547  0.
1798.492414346  0.
1799.94007126654  0.
1801.38772818708  0.
1802.83538510761  0.
1804.28304202815  0.
1805.73069894869  0.
1807.17835586922  0.
1808.62601278976  0.
1810.0736697103  0.
1811.52132663083  0.
1812.96898355137  0.
1814.41664047191  0.
1815.86429739244  0.
1817.31195431298  0.
1818.75961123352  0.
1820.20726815405  0.
1821.65492507459  0.
1823.10258199513  0.
1824.55023891566  0.
1825.9978958362  0.
1827.44555275674  0.
1828.89320967727  0.
1830.34086659781  0.
1831.78852351835  0.
