906.735751295338  0.
908.183408215875  0.
909.631065136412  0.
911.078722056949  0.
912.526378977485  0.
913.974035898022  0.
915.421692818559  0.
916.869349739096  0.
918.317006659633  0.
919.764663580169  0.
921.212320500706  0.
922.659977421243  0.
924.10763434178  0.
925.555291262316  0.
927.002948182853  0.
928.45060510339  0.
929.898262023927  0.
931.345918944464  0.
932.793575865  0.
934.241232785537  0.
935.688889706074  0.
937.136546626611  0.
938.584203547148  0.
940.031860467684  0.
941.479517388221  0.
942.927174308758  0.
944.374831229295  0.
945.822488149832  0.
947.270145070369  0.
948.717801990905  0.
950.165458911442  0.
951.613115831979  0.
953.060772752515  0.
954.508429673052  0.
955.956086593589  0.
957.403743514126  0.
958.851400434663  0.
960.2990573552  0.
961.746714275736  0.
963.194371196273  0.
964.64202811681  0.
966.089685037347  0.
967.537341957883  0.
968.98499887842  0.
970.432655798957  0.
971.880312719494  0.
973.327969640031  0.
974.775626560567  0.
976.223283481104  0.
977.670940401641  0.
979.118597322178  0.
980.566254242715  0.
982.013911163251  0.
983.461568083788  0.
984.909225004325  0.
986.356881924862  0.
987.804538845399  0.
989.252195765935  0.
990.699852686472  0.
992.147509607009  0.
993.595166527546  1.047542E-13
995.042823448082  1.636690E-13
996.490480368619  1.078592E-13
997.938137289156  1.550129E-13
999.385794209693  2.235940E-13
1000.83345113023  1.422209E-13
1002.28110805077  2.045718E-13
1003.7287649713  2.256798E-13
1005.17642189184  1.947340E-13
1006.62407881238  2.066290E-13
1008.07173573291  1.795934E-13
1009.51939265345  2.412655E-13
1010.96704957399  2.268586E-13
1012.41470649452  2.077887E-13
1013.86236341506  2.954758E-13
1015.3100203356  2.812412E-13
1016.75767725613  2.159057E-13
1018.20533417667  2.718535E-13
1019.65299109721  2.706860E-13
1021.10064801775  2.276884E-13
1022.54830493828  2.891762E-13
1023.99596185882  2.615745E-13
1025.44361877936  3.112864E-13
1026.89127569989  2.628543E-13
1028.33893262043  3.188942E-13
1029.78658954097  3.068426E-13
1031.2342464615  3.805172E-13
1032.68190338204  3.157213E-13
1034.12956030258  3.661045E-13
1035.57721722311  3.358688E-13
1037.02487414365  2.978299E-13
1038.47253106419  2.848737E-13
1039.92018798472  2.974981E-13
1041.36784490526  2.817228E-13
1042.8155018258  2.734611E-13
1044.26315874633  2.700018E-13
1045.71081566687  3.456749E-13
1047.15847258741  4.699134E-13
1048.60612950794  4.002171E-13
1050.05378642848  4.136113E-13
1051.50144334902  3.999059E-13
1052.94910026955  2.933505E-13
1054.39675719009  3.134841E-13
1055.84441411063  2.731624E-13
1057.29207103116  2.029617E-13
1058.7397279517  2.137854E-13
1060.18738487224  2.118420E-13
1061.63504179277  2.303554E-13
1063.08269871331  1.905498E-13
1064.53035563385  2.210156E-13
1065.97801255439  2.309749E-13
1067.42566947492  2.098825E-13
1068.87332639546  2.007453E-13
1070.320983316  2.329119E-13
1071.76864023653  1.893409E-13
1073.21629715707  2.396903E-13
1074.66395407761  2.091202E-13
1076.11161099814  2.203982E-13
1077.55926791868  1.831924E-13
1079.00692483922  1.931328E-13
1080.45458175975  2.093068E-13
1081.90223868029  2.090372E-13
1083.34989560083  1.860248E-13
1084.79755252136  1.683417E-13
1086.2452094419  1.828457E-13
1087.69286636244  1.747985E-13
1089.14052328297  1.620091E-13
1090.58818020351  1.494166E-13
1092.03583712405  1.665029E-13
1093.48349404458  1.768232E-13
1094.93115096512  1.686498E-13
1096.37880788566  1.502763E-13
1097.82646480619  1.776909E-13
1099.27412172673  1.814687E-13
1100.72177864727  1.487341E-13
1102.1694355678  1.798447E-13
1103.61709248834  1.659942E-13
1105.06474940888  1.633559E-13
1106.51240632942  1.790386E-13
1107.96006324995  1.876917E-13
1109.40772017049  1.870391E-13
1110.85537709103  1.832082E-13
1112.30303401156  1.794788E-13
1113.7506909321  1.993809E-13
1115.19834785264  1.834557E-13
1116.64600477317  1.730383E-13
1118.09366169371  1.790574E-13
1119.54131861425  1.768034E-13
1120.98897553478  1.670240E-13
1122.43663245532  1.684253E-13
1123.88428937586  1.620200E-13
1125.33194629639  1.577364E-13
1126.77960321693  1.658962E-13
1128.22726013747  1.951957E-13
1129.674917058  1.848346E-13
1131.12257397854  1.884855E-13
1132.57023089908  1.671601E-13
1134.01788781961  1.761911E-13
1135.46554474015  1.710197E-13
1136.91320166069  1.444103E-13
1138.36085858122  1.551442E-13
1139.80851550176  1.458499E-13
1141.2561724223  1.505438E-13
1142.70382934284  1.391837E-13
1144.15148626337  1.537342E-13
1145.59914318391  1.841288E-13
1147.04680010445  1.740121E-13
1148.49445702498  1.880722E-13
1149.94211394552  1.791044E-13
1151.38977086606  1.709818E-13
1152.83742778659  1.500048E-13
1154.28508470713  1.440139E-13
1155.73274162767  1.366139E-13
1157.1803985482  1.652045E-13
1158.62805546874  1.653198E-13
1160.07571238928  1.627430E-13
1161.52336930981  1.577161E-13
1162.97102623035  1.554003E-13
1164.41868315089  1.442867E-13
1165.86634007142  1.624009E-13
1167.31399699196  1.703945E-13
1168.7616539125  1.738311E-13
1170.20931083303  1.886147E-13
1171.65696775357  2.113053E-13
1173.10462467411  2.369199E-13
1174.55228159464  2.041105E-13
1175.99993851518  2.172810E-13
1177.44759543572  2.000125E-13
1178.89525235625  1.865219E-13
1180.34290927679  1.771588E-13
1181.79056619733  2.048918E-13
1183.23822311787  1.863795E-13
1184.6858800384  2.032407E-13
1186.13353695894  2.227029E-13
1187.58119387948  2.226488E-13
1189.02885080001  2.176680E-13
1190.47650772055  2.176144E-13
1191.92416464109  2.320226E-13
1193.37182156162  2.572762E-13
1194.81947848216  2.879447E-13
1196.2671354027  2.870723E-13
1197.71479232323  3.141399E-13
1199.16244924377  2.882548E-13
1200.61010616431  3.098433E-13
1202.05776308484  3.522509E-13
1203.50542000538  3.259420E-13
1204.95307692592  3.648604E-13
1206.40073384645  4.467647E-13
1207.84839076699  5.145451E-13
1209.29604768753  6.088904E-13
1210.74370460806  6.993373E-13
1212.1913615286  7.258576E-13
1213.63901844914  8.345782E-13
1215.08667536967  8.816344E-13
1216.53433229021  7.337884E-13
1217.98198921075  7.799888E-13
1219.42964613129  6.809161E-13
1220.87730305182  5.613972E-13
1222.32495997236  5.678868E-13
1223.7726168929  3.822789E-13
1225.22027381343  4.077743E-13
1226.66793073397  3.530061E-13
1228.11558765451  3.185729E-13
1229.56324457504  3.164189E-13
1231.01090149558  2.713203E-13
1232.45855841612  2.754302E-13
1233.90621533665  2.810573E-13
1235.35387225719  3.280938E-13
1236.80152917773  3.234699E-13
1238.24918609826  3.198324E-13
1239.6968430188  2.862338E-13
1241.14449993934  2.804967E-13
1242.59215685987  3.168716E-13
1244.03981378041  2.926439E-13
1245.48747070095  2.599940E-13
1246.93512762148  2.854852E-13
1248.38278454202  2.401258E-13
1249.83044146256  2.295159E-13
1251.27809838309  2.324433E-13
1252.72575530363  2.004818E-13
1254.17341222417  2.165188E-13
1255.62106914471  2.361909E-13
1257.06872606524  2.204428E-13
1258.51638298578  1.989139E-13
1259.96403990632  2.046405E-13
1261.41169682685  2.223873E-13
1262.85935374739  2.152522E-13
1264.30701066793  1.846203E-13
1265.75466758846  1.996886E-13
1267.202324509  1.813816E-13
1268.64998142954  1.515621E-13
1270.09763835007  1.488968E-13
1271.54529527061  1.783502E-13
1272.99295219115  1.828060E-13
1274.44060911168  1.356382E-13
1275.88826603222  1.753649E-13
1277.33592295276  1.557714E-13
1278.78357987329  1.615375E-13
1280.23123679383  1.331401E-13
1281.67889371437  1.652057E-13
1283.1265506349  1.751774E-13
1284.57420755544  1.650378E-13
1286.02186447598  1.580244E-13
1287.46952139651  1.485472E-13
1288.91717831705  1.673737E-13
1290.36483523759  1.599814E-13
1291.81249215812  1.747517E-13
1293.26014907866  1.590077E-13
1294.7078059992  1.743148E-13
1296.15546291974  1.942329E-13
1297.60311984027  1.709145E-13
1299.05077676081  1.811141E-13
1300.49843368135  1.966402E-13
1301.94609060188  1.782517E-13
1303.39374752242  1.611447E-13
1304.84140444296  1.608377E-13
1306.28906136349  1.638884E-13
1307.73671828403  1.555070E-13
1309.18437520457  1.653210E-13
1310.6320321251  1.350327E-13
1312.07968904564  1.497133E-13
1313.52734596618  1.753744E-13
1314.97500288671  1.719020E-13
1316.42265980725  1.605392E-13
1317.87031672779  1.536875E-13
1319.31797364832  1.348420E-13
1320.76563056886  1.271372E-13
1322.2132874894  1.312308E-13
1323.66094440993  1.391229E-13
1325.10860133047  1.551030E-13
1326.55625825101  1.454763E-13
1328.00391517154  1.461159E-13
1329.45157209208  1.443295E-13
1330.89922901262  1.508209E-13
1332.34688593315  1.385966E-13
1333.79454285369  1.660447E-13
1335.24219977423  1.316043E-13
1336.68985669477  1.446404E-13
1338.1375136153  1.388183E-13
1339.58517053584  1.601984E-13
1341.03282745638  1.788743E-13
1342.48048437691  1.553763E-13
1343.92814129745  1.500980E-13
1345.37579821799  1.466531E-13
1346.82345513852  1.589984E-13
1348.27111205906  1.733484E-13
1349.7187689796  1.689337E-13
1351.16642590013  1.563079E-13
1352.61408282067  1.457720E-13
1354.06173974121  1.439654E-13
1355.50939666174  1.883279E-13
1356.95705358228  1.941149E-13
1358.40471050282  1.611340E-13
1359.85236742335  1.324205E-13
1361.30002434389  1.483620E-13
1362.74768126443  1.739554E-13
1364.19533818496  1.696981E-13
1365.6429951055  1.435519E-13
1367.09065202604  1.297658E-13
1368.53830894657  1.474752E-13
1369.98596586711  1.516493E-13
1371.43362278765  1.414013E-13
1372.88127970819  1.258755E-13
1374.32893662872  1.450064E-13
1375.77659354926  1.607053E-13
1377.2242504698  1.720983E-13
1378.67190739033  1.572237E-13
1380.11956431087  1.578440E-13
1381.56722123141  1.603249E-13
1383.01487815194  1.471182E-13
1384.46253507248  1.569322E-13
1385.91019199302  1.580190E-13
1387.35784891355  1.487429E-13
1388.80550583409  1.435275E-13
1390.25316275463  1.632681E-13
1391.70081967516  1.778169E-13
1393.1484765957  1.692805E-13
1394.59613351624  1.578694E-13
1396.04379043677  1.635496E-13
1397.49144735731  1.845033E-13
1398.93910427785  1.580928E-13
1400.38676119838  1.778386E-13
1401.83441811892  1.891220E-13
1403.28207503946  1.735208E-13
1404.72973195999  1.524772E-13
1406.17738888053  1.492832E-13
1407.62504580107  1.433945E-13
1409.0727027216  1.544361E-13
1410.52035964214  1.726564E-13
1411.96801656268  1.655647E-13
1413.41567348322  1.683995E-13
1414.86333040375  1.756273E-13
1416.31098732429  1.543784E-13
1417.75864424483  1.455650E-13
1419.20630116536  1.379682E-13
1420.6539580859  1.471376E-13
1422.10161500644  1.472830E-13
1423.54927192697  1.560801E-13
1424.99692884751  1.350073E-13
1426.44458576805  1.378583E-13
1427.89224268858  1.364449E-13
1429.33989960912  1.698630E-13
1430.78755652966  1.326148E-13
1432.23521345019  1.451730E-13
1433.68287037073  1.517290E-13
1435.13052729127  1.173863E-13
1436.5781842118  1.409591E-13
1438.02584113234  1.664722E-13
1439.47349805288  1.602269E-13
1440.92115497341  1.392925E-13
1442.36881189395  1.203237E-13
1443.81646881449  1.435056E-13
1445.26412573502  1.352645E-13
1446.71178265556  1.445868E-13
1448.1594395761  1.358930E-13
1449.60709649664  1.494980E-13
1451.05475341717  1.397127E-13
1452.50241033771  1.296369E-13
1453.95006725825  1.329143E-13
1455.39772417878  1.375999E-13
1456.84538109932  1.284450E-13
1458.29303801986  1.170114E-13
1459.74069494039  1.375654E-13
1461.18835186093  1.356858E-13
1462.63600878147  1.371153E-13
1464.083665702  1.377832E-13
1465.53132262254  1.407524E-13
1466.97897954308  1.349279E-13
1468.42663646361  1.395064E-13
1469.87429338415  1.291268E-13
1471.32195030469  1.218857E-13
1472.76960722522  1.242809E-13
1474.21726414576  1.093136E-13
1475.6649210663  1.119068E-13
1477.11257798683  1.271901E-13
1478.56023490737  1.274552E-13
1480.00789182791  1.378782E-13
1481.45554874844  1.218118E-13
1482.90320566898  1.438224E-13
1484.35086258952  1.461328E-13
1485.79851951005  1.394375E-13
1487.24617643059  1.264033E-13
1488.69383335113  1.323497E-13
1490.14149027167  1.301628E-13
1491.5891471922  1.261721E-13
1493.03680411274  1.320573E-13
1494.48446103328  1.269298E-13
1495.93211795381  1.319850E-13
1497.37977487435  1.311640E-13
1498.82743179489  1.318619E-13
1500.27508871542  1.450061E-13
1501.72274563596  1.331816E-13
1503.1704025565  1.320105E-13
1504.61805947703  1.368238E-13
1506.06571639757  1.370092E-13
1507.51337331811  1.460467E-13
1508.96103023864  1.389279E-13
1510.40868715918  1.565550E-13
1511.85634407972  1.654234E-13
1513.30400100025  1.531594E-13
1514.75165792079  1.430241E-13
1516.19931484133  1.598792E-13
1517.64697176186  1.650823E-13
1519.0946286824  1.695620E-13
1520.54228560294  1.672146E-13
1521.98994252347  1.670515E-13
1523.43759944401  1.850304E-13
1524.88525636455  1.836817E-13
1526.33291328509  1.834963E-13
1527.78057020562  1.977118E-13
1529.22822712616  1.888695E-13
1530.6758840467  1.898408E-13
1532.12354096723  1.953369E-13
1533.57119788777  2.288217E-13
1535.01885480831  2.286270E-13
1536.46651172884  2.381356E-13
1537.91416864938  2.521964E-13
1539.36182556992  2.688083E-13
1540.80948249045  2.812703E-13
1542.25713941099  3.069354E-13
1543.70479633153  3.170438E-13
1545.15245325206  3.524935E-13
1546.6001101726  3.660945E-13
1548.04776709314  3.500497E-13
1549.49542401367  3.080681E-13
1550.94308093421  3.136033E-13
1552.39073785475  3.044258E-13
1553.83839477528  2.845023E-13
1555.28605169582  2.539574E-13
1556.73370861636  2.280662E-13
1558.18136553689  2.059598E-13
1559.62902245743  1.891128E-13
1561.07667937797  1.751022E-13
1562.5243362985  1.856348E-13
1563.97199321904  1.874446E-13
1565.41965013958  1.842805E-13
1566.86730706012  1.687078E-13
1568.31496398065  1.702436E-13
1569.76262090119  1.554358E-13
1571.21027782173  1.468035E-13
1572.65793474226  1.582461E-13
1574.1055916628  1.614967E-13
1575.55324858334  1.639042E-13
1577.00090550387  1.488456E-13
1578.44856242441  1.600921E-13
1579.89621934495  1.570091E-13
1581.34387626548  1.566451E-13
1582.79153318602  1.461343E-13
1584.23919010656  1.457319E-13
1585.68684702709  1.402756E-13
1587.13450394763  1.452427E-13
1588.58216086817  1.508825E-13
1590.0298177887  1.493938E-13
1591.47747470924  1.453911E-13
1592.92513162978  1.422071E-13
1594.37278855031  1.370649E-13
1595.82044547085  1.425057E-13
1597.26810239139  1.515317E-13
1598.71575931192  1.440024E-13
1600.16341623246  1.326297E-13
1601.611073153  1.269883E-13
1603.05873007354  1.214215E-13
1604.50638699407  1.312527E-13
1605.95404391461  1.340128E-13
1607.40170083515  1.307745E-13
1608.84935775568  1.217199E-13
1610.29701467622  1.193612E-13
1611.74467159676  1.154089E-13
1613.19232851729  1.157079E-13
1614.63998543783  1.205670E-13
1616.08764235837  1.281333E-13
1617.5352992789  1.391168E-13
1618.98295619944  1.419098E-13
1620.43061311998  1.369991E-13
1621.87827004051  1.417824E-13
1623.32592696105  1.340831E-13
1624.77358388159  1.321570E-13
1626.22124080212  1.400860E-13
1627.66889772266  1.439886E-13
1629.1165546432  1.407964E-13
1630.56421156373  1.352775E-13
1632.01186848427  1.210196E-13
1633.45952540481  1.299918E-13
1634.90718232534  1.381186E-13
1636.35483924588  1.415975E-13
1637.80249616642  1.427326E-13
1639.25015308695  1.461167E-13
1640.69781000749  1.464169E-13
1642.14546692803  1.392423E-13
1643.59312384857  1.450660E-13
1645.0407807691  1.449806E-13
1646.48843768964  1.416359E-13
1647.93609461018  1.379857E-13
1649.38375153071  1.406857E-13
1650.83140845125  1.395684E-13
1652.27906537179  1.388682E-13
1653.72672229232  1.397688E-13
1655.17437921286  1.316676E-13
1656.6220361334  1.330954E-13
1658.06969305393  1.386217E-13
1659.51734997447  1.402521E-13
1660.96500689501  1.364437E-13
1662.41266381554  1.444567E-13
1663.86032073608  1.502794E-13
1665.30797765662  1.421838E-13
1666.75563457715  1.422994E-13
1668.20329149769  1.376506E-13
1669.65094841823  1.344653E-13
1671.09860533876  1.346303E-13
1672.5462622593  1.359550E-13
1673.99391917984  1.329392E-13
1675.44157610038  1.299005E-13
1676.88923302091  1.213407E-13
1678.33688994145  1.197838E-13
1679.78454686199  1.225551E-13
1681.23220378252  1.239320E-13
1682.67986070306  1.237548E-13
1684.1275176236  1.282381E-13
1685.57517454413  1.234840E-13
1687.02283146467  1.256157E-13
1688.47048838521  1.221121E-13
1689.91814530574  1.297660E-13
1691.36580222628  1.289107E-13
1692.81345914682  1.216470E-13
1694.26111606735  1.114967E-13
1695.70877298789  1.077041E-13
1697.15642990843  1.105333E-13
1698.60408682896  1.219169E-13
1700.0517437495  1.282023E-13
1701.49940067004  1.286666E-13
1702.94705759057  1.264368E-13
1704.39471451111  1.209155E-13
1705.84237143165  1.202338E-13
1707.29002835218  1.182255E-13
1708.73768527272  1.223426E-13
1710.18534219326  0.
1711.63299911379  0.
1713.08065603433  0.
1714.52831295487  0.
1715.97596987541  0.
1717.42362679594  0.
1718.87128371648  0.
1720.31894063702  0.
1721.76659755755  0.
1723.21425447809  0.
1724.66191139863  0.
1726.10956831916  0.
1727.5572252397  0.
1729.00488216024  0.
1730.45253908077  0.
1731.90019600131  0.
1733.34785292185  0.
1734.79550984238  0.
1736.24316676292  0.
1737.69082368346  0.
1739.13848060399  0.
1740.58613752453  0.
1742.03379444507  0.
1743.4814513656  0.
1744.92910828614  0.
1746.37676520668  0.
1747.82442212721  0.
1749.27207904775  0.
1750.71973596829  0.
1752.16739288882  0.
1753.61504980936  0.
1755.0627067299  0.
1756.51036365043  0.
1757.95802057097  0.
1759.40567749151  0.
1760.85333441205  0.
1762.30099133258  0.
1763.74864825312  0.
1765.19630517366  0.
1766.64396209419  0.
1768.09161901473  0.
1769.53927593527  0.
1770.9869328558  0.
1772.43458977634  0.
1773.88224669688  0.
1775.32990361741  0.
1776.77756053795  0.
1778.22521745849  0.
1779.67287437902  0.
1781.12053129956  0.
1782.5681882201  0.
1784.01584514063  0.
1785.46350206117  0.
1786.91115898171  0.
1788.35881590224  0.
1789.80647282278  0.
1791.25412974332  0.
1792.70178666385  0.
1794.14944358439  0.
1795.59710050493  0.
1797.04475742547  0.
1798.492414346  0.
1799.94007126654  0.
1801.38772818708  0.
1802.83538510761  0.
1804.28304202815  0.
1805.73069894869  0.
1807.17835586922  0.
1808.62601278976  0.
1810.0736697103  0.
1811.52132663083  0.
1812.96898355137  0.
1814.41664047191  0.
1815.86429739244  0.
1817.31195431298  0.
1818.75961123352  0.
1820.20726815405  0.
1821.65492507459  0.
1823.10258199513  0.
1824.55023891566  0.
1825.9978958362  0.
1827.44555275674  0.
1828.89320967727  0.
1830.34086659781  0.
1831.78852351835  0.
