906.735751295338  0.
908.183365802898  0.
909.630980310458  0.
911.078594818018  0.
912.526209325578  0.
913.973823833137  0.
915.421438340697  0.
916.869052848257  0.
918.316667355817  0.
919.764281863377  0.
921.211896370937  0.
922.659510878497  0.
924.107125386056  0.
925.554739893616  0.
927.002354401176  0.
928.449968908736  0.
929.897583416296  0.
931.345197923856  0.
932.792812431415  0.
934.240426938975  0.
935.688041446535  0.
937.135655954095  0.
938.583270461655  0.
940.030884969215  0.
941.478499476774  0.
942.926113984334  0.
944.373728491894  0.
945.821342999454  0.
947.268957507014  0.
948.716572014574  0.
950.164186522133  0.
951.611801029693  0.
953.059415537253  0.
954.507030044813  0.
955.954644552373  0.
957.402259059933  0.
958.849873567493  0.
960.297488075052  0.
961.745102582612  0.
963.192717090172  0.
964.640331597732  0.
966.087946105292  0.
967.535560612852  0.
968.983175120411  0.
970.430789627971  0.
971.878404135531  0.
973.326018643091  0.
974.773633150651  0.
976.221247658211  0.
977.668862165771  0.
979.11647667333  0.
980.56409118089  0.
982.01170568845  0.
983.45932019601  0.
984.90693470357  0.
986.35454921113  0.
987.802163718689  0.
989.249778226249  0.
990.697392733809  0.
992.145007241369  0.
993.592621748929  2.394921E-13
995.040236256489  4.304829E-13
996.487850764048  5.419705E-13
997.935465271608  5.921185E-13
999.383079779168  5.855412E-13
1000.83069428673  6.315422E-13
1002.27830879429  6.525580E-13
1003.72592330185  5.955062E-13
1005.17353780941  4.816083E-13
1006.62115231697  4.762844E-13
1008.06876682453  5.045071E-13
1009.51638133209  5.107638E-13
1010.96399583965  4.321528E-13
1012.41161034721  4.591959E-13
1013.85922485477  3.926018E-13
1015.30683936233  4.704664E-13
1016.75445386989  5.587773E-13
1018.20206837745  4.727945E-13
1019.64968288501  5.319731E-13
1021.09729739257  4.709697E-13
1022.54491190013  5.343226E-13
1023.99252640769  4.795114E-13
1025.44014091525  4.853343E-13
1026.8877554228  5.208714E-13
1028.33536993037  4.904233E-13
1029.78298443792  4.738913E-13
1031.23059894548  4.664243E-13
1032.67821345304  5.376116E-13
1034.1258279606  4.036218E-13
1035.57344246816  4.444879E-13
1037.02105697572  4.755630E-13
1038.46867148328  4.848669E-13
1039.91628599084  4.696313E-13
1041.3639004984  4.142125E-13
1042.81151500596  4.625918E-13
1044.25912951352  4.374738E-13
1045.70674402108  6.832140E-13
1047.15435852864  8.636828E-13
1048.6019730362  9.698481E-13
1050.04958754376  1.066612E-12
1051.49720205132  1.093015E-12
1052.94481655888  1.041040E-12
1054.39243106644  7.933079E-13
1055.840045574  6.364458E-13
1057.28766008156  3.632821E-13
1058.73527458912  4.160108E-13
1060.18288909668  3.805197E-13
1061.63050360424  4.261971E-13
1063.0781181118  4.532934E-13
1064.52573261936  4.368866E-13
1065.97334712692  4.148358E-13
1067.42096163448  4.050203E-13
1068.86857614204  3.640228E-13
1070.3161906496  4.093497E-13
1071.76380515716  3.835723E-13
1073.21141966472  3.628168E-13
1074.65903417228  4.142404E-13
1076.10664867984  3.998173E-13
1077.5542631874  4.072338E-13
1079.00187769496  3.615847E-13
1080.44949220252  3.416771E-13
1081.89710671008  3.455571E-13
1083.34472121764  3.406719E-13
1084.7923357252  3.061750E-13
1086.23995023276  3.291697E-13
1087.68756474032  3.190441E-13
1089.13517924788  3.323327E-13
1090.58279375544  4.069592E-13
1092.030408263  3.723232E-13
1093.47802277056  3.501451E-13
1094.92563727812  3.367450E-13
1096.37325178568  3.474687E-13
1097.82086629324  3.407027E-13
1099.2684808008  3.834538E-13
1100.71609530836  3.021999E-13
1102.16370981592  3.069812E-13
1103.61132432348  3.326921E-13
1105.05893883104  3.538489E-13
1106.5065533386  3.386177E-13
1107.95416784616  3.993329E-13
1109.40178235372  2.886674E-13
1110.84939686128  3.796087E-13
1112.29701136884  3.521942E-13
1113.7446258764  4.152781E-13
1115.19224038396  3.904510E-13
1116.63985489152  3.563758E-13
1118.08746939908  2.999214E-13
1119.53508390664  2.961599E-13
1120.98269841419  3.556987E-13
1122.43031292175  3.047740E-13
1123.87792742931  2.977147E-13
1125.32554193687  3.081425E-13
1126.77315644443  3.297046E-13
1128.22077095199  4.337092E-13
1129.66838545955  3.915070E-13
1131.11599996711  3.643571E-13
1132.56361447467  3.857671E-13
1134.01122898223  3.615180E-13
1135.45884348979  3.234100E-13
1136.90645799735  3.593581E-13
1138.35407250491  3.301469E-13
1139.80168701247  4.612792E-13
1141.24930152003  3.183179E-13
1142.69691602759  3.197967E-13
1144.14453053515  3.447238E-13
1145.59214504271  3.704443E-13
1147.03975955027  3.222013E-13
1148.48737405783  3.722343E-13
1149.93498856539  3.185897E-13
1151.38260307295  2.905073E-13
1152.83021758051  3.251244E-13
1154.27783208807  3.156492E-13
1155.72544659563  3.444458E-13
1157.17306110319  3.346022E-13
1158.62067561075  3.532456E-13
1160.06829011831  3.725809E-13
1161.51590462587  3.690485E-13
1162.96351913343  3.474083E-13
1164.41113364099  3.678804E-13
1165.85874814855  3.749256E-13
1167.30636265611  3.574433E-13
1168.75397716367  3.563731E-13
1170.20159167123  3.967860E-13
1171.64920617879  3.849616E-13
1173.09682068635  4.226019E-13
1174.54443519391  3.736622E-13
1175.99204970147  4.112091E-13
1177.43966420903  4.075443E-13
1178.88727871659  3.654689E-13
1180.33489322415  3.645150E-13
1181.78250773171  3.729932E-13
1183.23012223927  3.921417E-13
1184.67773674683  3.961788E-13
1186.12535125439  3.983096E-13
1187.57296576195  3.974050E-13
1189.02058026951  4.061140E-13
1190.46819477707  5.112011E-13
1191.91580928463  4.752883E-13
1193.36342379219  4.549346E-13
1194.81103829975  4.830753E-13
1196.25865280731  4.816267E-13
1197.70626731487  5.056985E-13
1199.15388182243  5.353380E-13
1200.60149632999  4.933744E-13
1202.04911083755  5.476468E-13
1203.49672534511  5.748563E-13
1204.94433985267  6.683919E-13
1206.39195436023  6.412438E-13
1207.83956886779  7.477961E-13
1209.28718337535  8.915837E-13
1210.7347978829  1.037317E-12
1212.18241239046  9.736349E-13
1213.63002689802  9.898506E-13
1215.07764140558  1.075149E-12
1216.52525591314  1.043730E-12
1217.9728704207  1.031141E-12
1219.42048492826  7.743654E-13
1220.86809943582  6.692350E-13
1222.31571394338  6.050464E-13
1223.76332845094  5.692895E-13
1225.2109429585  5.288123E-13
1226.65855746606  4.931220E-13
1228.10617197362  4.754459E-13
1229.55378648118  5.321365E-13
1231.00140098874  4.767998E-13
1232.4490154963  4.717240E-13
1233.89663000386  4.823212E-13
1235.34424451142  4.564477E-13
1236.79185901898  5.498928E-13
1238.23947352654  5.363934E-13
1239.6870880341  5.027741E-13
1241.13470254166  5.200039E-13
1242.58231704922  4.292894E-13
1244.02993155678  4.454213E-13
1245.47754606434  4.415483E-13
1246.9251605719  4.483964E-13
1248.37277507946  4.116927E-13
1249.82038958702  3.756596E-13
1251.26800409458  3.438565E-13
1252.71561860214  3.256815E-13
1254.1632331097  3.639994E-13
1255.61084761726  3.566406E-13
1257.05846212482  3.580210E-13
1258.50607663238  3.703807E-13
1259.95369113994  3.972402E-13
1261.4013056475  3.058317E-13
1262.84892015506  3.762675E-13
1264.29653466262  3.694038E-13
1265.74414917018  3.023801E-13
1267.19176367774  2.959081E-13
1268.6393781853  3.238983E-13
1270.08699269286  3.096500E-13
1271.53460720042  2.871872E-13
1272.98222170798  3.540116E-13
1274.42983621554  2.865913E-13
1275.8774507231  2.770230E-13
1277.32506523066  2.931932E-13
1278.77267973822  3.084451E-13
1280.22029424578  3.458383E-13
1281.66790875334  2.879521E-13
1283.1155232609  3.186130E-13
1284.56313776846  3.051317E-13
1286.01075227602  3.003138E-13
1287.45836678358  2.627974E-13
1288.90598129114  3.089357E-13
1290.3535957987  3.322453E-13
1291.80121030626  3.683364E-13
1293.24882481382  3.261666E-13
1294.69643932138  2.991368E-13
1296.14405382894  2.786539E-13
1297.5916683365  3.004206E-13
1299.03928284406  2.882377E-13
1300.48689735162  3.301003E-13
1301.93451185917  3.347421E-13
1303.38212636674  3.353213E-13
1304.82974087429  3.715158E-13
1306.27735538185  3.243426E-13
1307.72496988941  3.241374E-13
1309.17258439697  3.054689E-13
1310.62019890453  2.952736E-13
1312.06781341209  3.205299E-13
1313.51542791965  2.782945E-13
1314.96304242721  3.194475E-13
1316.41065693477  3.020217E-13
1317.85827144233  2.737524E-13
1319.30588594989  3.033857E-13
1320.75350045745  2.803775E-13
1322.20111496501  2.926682E-13
1323.64872947257  3.105673E-13
1325.09634398013  2.661741E-13
1326.54395848769  3.228665E-13
1327.99157299525  3.229910E-13
1329.43918750281  2.997142E-13
1330.88680201037  3.482256E-13
1332.33441651793  3.437248E-13
1333.78203102549  2.736276E-13
1335.22964553305  2.706740E-13
1336.67726004061  2.757628E-13
1338.12487454817  2.501076E-13
1339.57248905573  2.934278E-13
1341.02010356329  3.133822E-13
1342.46771807085  2.822904E-13
1343.91533257841  3.121261E-13
1345.36294708597  3.073445E-13
1346.81056159353  2.840770E-13
1348.25817610109  2.978401E-13
1349.70579060865  2.738937E-13
1351.15340511621  3.387077E-13
1352.60101962377  3.161024E-13
1354.04863413133  3.122334E-13
1355.49624863889  3.042562E-13
1356.94386314645  3.147402E-13
1358.39147765401  2.974688E-13
1359.83909216157  3.205126E-13
1361.28670666913  2.643189E-13
1362.73432117669  2.704227E-13
1364.18193568425  3.272015E-13
1365.62955019181  3.124949E-13
1367.07716469937  3.106679E-13
1368.52477920693  3.359133E-13
1369.97239371449  3.138422E-13
1371.42000822205  2.821723E-13
1372.86762272961  3.311839E-13
1374.31523723717  3.513266E-13
1375.76285174473  3.029892E-13
1377.21046625229  3.109942E-13
1378.65808075985  2.809194E-13
1380.10569526741  3.034126E-13
1381.55330977497  3.543866E-13
1383.00092428253  3.230539E-13
1384.44853879009  2.812251E-13
1385.89615329765  2.781355E-13
1387.34376780521  3.253364E-13
1388.79138231277  3.518652E-13
1390.23899682033  3.080950E-13
1391.68661132789  3.172579E-13
1393.13422583545  3.417235E-13
1394.581840343  3.182623E-13
1396.02945485057  2.993532E-13
1397.47706935812  2.594483E-13
1398.92468386568  3.276514E-13
1400.37229837324  3.313456E-13
1401.8199128808  3.528618E-13
1403.26752738836  3.645910E-13
1404.71514189592  3.545084E-13
1406.16275640348  3.424363E-13
1407.61037091104  3.195723E-13
1409.0579854186  3.232276E-13
1410.50559992616  2.926466E-13
1411.95321443372  3.064587E-13
1413.40082894128  3.729890E-13
1414.84844344884  3.273441E-13
1416.2960579564  2.623970E-13
1417.74367246396  2.979138E-13
1419.19128697152  2.708011E-13
1420.63890147908  2.487642E-13
1422.08651598664  2.928987E-13
1423.5341304942  2.801997E-13
1424.98174500176  2.451667E-13
1426.42935950932  2.452928E-13
1427.87697401688  2.611391E-13
1429.32458852444  2.529637E-13
1430.772203032  2.605140E-13
1432.21981753956  2.807826E-13
1433.66743204712  2.465055E-13
1435.11504655468  2.513542E-13
1436.56266106224  2.695172E-13
1438.0102755698  2.322386E-13
1439.45789007736  2.502024E-13
1440.90550458492  2.771954E-13
1442.35311909248  2.832699E-13
1443.80073360004  2.898940E-13
1445.2483481076  2.896640E-13
1446.69596261516  3.173991E-13
1448.14357712272  3.020817E-13
1449.59119163028  2.460028E-13
1451.03880613784  2.310748E-13
1452.4864206454  2.331661E-13
1453.93403515296  2.553918E-13
1455.38164966052  2.567769E-13
1456.82926416808  2.439807E-13
1458.27687867564  2.357226E-13
1459.7244931832  2.800636E-13
1461.17210769076  2.767565E-13
1462.61972219832  2.379560E-13
1464.06733670588  2.647153E-13
1465.51495121344  2.869955E-13
1466.962565721  2.840739E-13
1468.41018022856  2.854260E-13
1469.85779473612  2.847847E-13
1471.30540924368  2.648969E-13
1472.75302375124  2.668447E-13
1474.2006382588  2.250980E-13
1475.64825276636  2.293902E-13
1477.09586727392  2.333960E-13
1478.54348178148  2.473154E-13
1479.99109628904  2.581063E-13
1481.4387107966  2.629120E-13
1482.88632530416  2.654968E-13
1484.33393981172  2.798234E-13
1485.78155431928  2.681049E-13
1487.22916882683  2.682871E-13
1488.67678333439  3.146194E-13
1490.12439784195  2.814969E-13
1491.57201234951  2.674915E-13
1493.01962685707  2.410502E-13
1494.46724136463  2.591983E-13
1495.91485587219  2.456983E-13
1497.36247037975  2.672142E-13
1498.81008488731  2.794140E-13
1500.25769939487  2.646544E-13
1501.70531390243  2.509743E-13
1503.15292840999  2.678063E-13
1504.60054291755  2.558202E-13
1506.04815742511  2.334282E-13
1507.49577193267  2.640950E-13
1508.94338644023  3.128250E-13
1510.39100094779  2.365238E-13
1511.83861545535  2.614135E-13
1513.28622996291  2.733657E-13
1514.73384447047  2.585418E-13
1516.18145897803  2.621532E-13
1517.62907348559  2.722383E-13
1519.07668799315  2.725501E-13
1520.52430250071  2.758986E-13
1521.97191700827  2.968352E-13
1523.41953151583  3.040409E-13
1524.86714602339  2.898540E-13
1526.31476053095  2.724356E-13
1527.76237503851  3.094424E-13
1529.20998954607  3.016702E-13
1530.65760405363  3.244563E-13
1532.10521856119  3.084166E-13
1533.55283306875  3.068125E-13
1535.00044757631  3.170299E-13
1536.44806208387  3.601922E-13
1537.89567659143  3.892606E-13
1539.34329109899  3.698526E-13
1540.79090560655  3.966971E-13
1542.23852011411  4.352553E-13
1543.68613462167  4.573531E-13
1545.13374912923  4.764234E-13
1546.58136363679  4.699195E-13
1548.02897814435  4.596293E-13
1549.47659265191  4.394262E-13
1550.92420715947  4.307221E-13
1552.37182166703  4.140863E-13
1553.81943617459  3.845486E-13
1555.26705068215  3.463043E-13
1556.71466518971  3.326406E-13
1558.16227969727  3.202697E-13
1559.60989420483  2.972976E-13
1561.05750871239  2.730947E-13
1562.50512321995  2.881597E-13
1563.95273772751  2.923071E-13
1565.40035223507  2.929222E-13
1566.84796674263  2.584242E-13
1568.29558125019  2.737724E-13
1569.74319575775  2.665212E-13
1571.19081026531  2.565387E-13
1572.63842477287  2.474407E-13
1574.08603928043  2.427291E-13
1575.53365378799  2.301948E-13
1576.98126829555  2.227096E-13
1578.4288828031  2.302341E-13
1579.87649731066  2.462235E-13
1581.32411181822  2.712689E-13
1582.77172632578  2.810781E-13
1584.21934083334  2.665548E-13
1585.6669553409  2.674551E-13
1587.11456984846  2.640268E-13
1588.56218435602  2.592682E-13
1590.00979886358  2.608551E-13
1591.45741337114  2.557125E-13
1592.9050278787  2.531528E-13
1594.35264238626  2.543521E-13
1595.80025689382  2.368071E-13
1597.24787140138  2.446376E-13
1598.69548590894  2.464272E-13
1600.1431004165  2.258252E-13
1601.59071492406  2.109810E-13
1603.03832943162  2.119947E-13
1604.48594393918  2.372978E-13
1605.93355844674  2.393517E-13
1607.3811729543  2.429292E-13
1608.82878746186  2.488304E-13
1610.27640196942  2.463719E-13
1611.72401647698  2.414269E-13
1613.17163098454  2.613451E-13
1614.6192454921  2.661636E-13
1616.06685999966  2.681493E-13
1617.51447450722  2.583916E-13
1618.96208901478  2.643810E-13
1620.40970352234  2.510237E-13
1621.8573180299  2.390283E-13
1623.30493253746  2.512470E-13
1624.75254704502  2.748658E-13
1626.20016155258  2.619931E-13
1627.64777606014  2.632830E-13
1629.0953905677  2.507107E-13
1630.54300507526  2.680200E-13
1631.99061958282  2.718024E-13
1633.43823409038  2.640437E-13
1634.88584859794  2.626055E-13
1636.3334631055  2.593327E-13
1637.78107761306  2.682884E-13
1639.22869212062  2.605841E-13
1640.67630662818  2.585285E-13
1642.12392113574  2.714505E-13
1643.5715356433  2.705722E-13
1645.01915015086  2.586081E-13
1646.46676465842  2.585905E-13
1647.91437916598  2.531538E-13
1649.36199367354  2.506021E-13
1650.8096081811  2.459861E-13
1652.25722268866  2.402718E-13
1653.70483719622  2.584102E-13
1655.15245170378  2.583609E-13
1656.60006621134  2.655483E-13
1658.0476807189  2.717420E-13
1659.49529522646  2.518686E-13
1660.94290973402  2.598071E-13
1662.39052424158  2.386527E-13
1663.83813874914  2.645283E-13
1665.2857532567  2.728865E-13
1666.73336776426  2.702550E-13
1668.18098227181  2.621033E-13
1669.62859677938  2.520324E-13
1671.07621128693  2.403268E-13
1672.52382579449  2.439678E-13
1673.97144030205  2.380796E-13
1675.41905480961  2.589189E-13
1676.86666931717  2.507158E-13
1678.31428382473  2.476945E-13
1679.76189833229  2.407374E-13
1681.20951283985  2.366077E-13
1682.65712734741  2.368933E-13
1684.10474185497  2.407073E-13
1685.55235636253  2.396477E-13
1686.99997087009  2.387787E-13
1688.44758537765  2.298635E-13
1689.89519988521  2.379033E-13
1691.34281439277  2.401953E-13
1692.79042890033  2.330960E-13
1694.23804340789  2.237870E-13
1695.68565791545  2.130485E-13
1697.13327242301  2.133578E-13
1698.58088693057  2.237452E-13
1700.02850143813  2.195437E-13
1701.47611594569  2.196242E-13
1702.92373045325  2.210434E-13
1704.37134496081  2.274479E-13
1705.81895946837  2.247011E-13
1707.26657397593  2.209739E-13
1708.71418848349  2.264277E-13
1710.16180299105  0.
1711.60941749861  0.
1713.05703200617  0.
1714.50464651373  0.
1715.95226102129  0.
1717.39987552885  0.
1718.84749003641  0.
1720.29510454397  0.
1721.74271905153  0.
1723.19033355909  0.
1724.63794806665  0.
1726.08556257421  0.
1727.53317708177  0.
1728.98079158933  0.
1730.42840609689  0.
1731.87602060445  0.
1733.32363511201  0.
1734.77124961957  0.
1736.21886412713  0.
1737.66647863469  0.
1739.11409314225  0.
1740.56170764981  0.
1742.00932215737  0.
1743.45693666493  0.
1744.90455117249  0.
1746.35216568005  0.
1747.79978018761  0.
1749.24739469517  0.
1750.69500920273  0.
1752.14262371029  0.
1753.59023821785  0.
1755.03785272541  0.
1756.48546723297  0.
1757.93308174053  0.
1759.38069624809  0.
1760.82831075565  0.
1762.27592526321  0.
1763.72353977076  0.
1765.17115427832  0.
1766.61876878588  0.
1768.06638329344  0.
1769.513997801  0.
1770.96161230856  0.
1772.40922681612  0.
1773.85684132368  0.
1775.30445583124  0.
1776.7520703388  0.
1778.19968484636  0.
1779.64729935392  0.
1781.09491386148  0.
1782.54252836904  0.
1783.9901428766  0.
1785.43775738416  0.
1786.88537189172  0.
1788.33298639928  0.
1789.78060090684  0.
1791.2282154144  0.
1792.67582992196  0.
1794.12344442952  0.
1795.57105893708  0.
1797.01867344464  0.
1798.4662879522  0.
1799.91390245976  0.
1801.36151696732  0.
1802.80913147488  0.
1804.25674598244  0.
1805.70436049  0.
1807.15197499756  0.
1808.59958950512  0.
1810.04720401268  0.
1811.49481852024  0.
1812.9424330278  0.
1814.39004753536  0.
1815.83766204292  0.
1817.28527655048  0.
1818.73289105804  0.
1820.1805055656  0.
1821.62812007316  0.
1823.07573458072  0.
1824.52334908828  0.
1825.97096359584  0.
1827.4185781034  0.
1828.86619261096  0.
1830.31380711852  0.
1831.76142162608  0.
