906.735751295338  0.
908.183408215875  0.
909.631065136412  0.
911.078722056949  0.
912.526378977485  0.
913.974035898022  0.
915.421692818559  0.
916.869349739096  0.
918.317006659633  0.
919.764663580169  0.
921.212320500706  0.
922.659977421243  0.
924.10763434178  0.
925.555291262316  0.
927.002948182853  0.
928.45060510339  0.
929.898262023927  0.
931.345918944464  0.
932.793575865  0.
934.241232785537  0.
935.688889706074  0.
937.136546626611  0.
938.584203547148  0.
940.031860467684  0.
941.479517388221  0.
942.927174308758  0.
944.374831229295  0.
945.822488149832  0.
947.270145070369  0.
948.717801990905  0.
950.165458911442  0.
951.613115831979  0.
953.060772752515  0.
954.508429673052  0.
955.956086593589  0.
957.403743514126  0.
958.851400434663  0.
960.2990573552  0.
961.746714275736  0.
963.194371196273  0.
964.64202811681  0.
966.089685037347  0.
967.537341957883  0.
968.98499887842  0.
970.432655798957  0.
971.880312719494  0.
973.327969640031  0.
974.775626560567  0.
976.223283481104  0.
977.670940401641  0.
979.118597322178  0.
980.566254242715  0.
982.013911163251  0.
983.461568083788  0.
984.909225004325  0.
986.356881924862  0.
987.804538845399  0.
989.252195765935  0.
990.699852686472  0.
992.147509607009  0.
993.595166527546  1.767596E-13
995.042823448082  3.388889E-13
996.490480368619  2.836156E-13
997.938137289156  3.042254E-13
999.385794209693  2.696772E-13
1000.83345113023  3.747690E-13
1002.28110805077  3.020548E-13
1003.7287649713  2.462308E-13
1005.17642189184  3.509285E-13
1006.62407881238  2.661703E-13
1008.07173573291  3.670271E-13
1009.51939265345  3.290226E-13
1010.96704957399  3.363051E-13
1012.41470649452  3.455853E-13
1013.86236341506  2.989078E-13
1015.3100203356  3.577120E-13
1016.75767725613  2.977630E-13
1018.20533417667  2.884372E-13
1019.65299109721  2.908817E-13
1021.10064801775  2.965237E-13
1022.54830493828  3.991079E-13
1023.99596185882  3.829797E-13
1025.44361877936  3.394941E-13
1026.89127569989  3.640851E-13
1028.33893262043  3.111550E-13
1029.78658954097  3.334439E-13
1031.2342464615  4.219085E-13
1032.68190338204  3.717605E-13
1034.12956030258  4.797003E-13
1035.57721722311  3.654707E-13
1037.02487414365  4.108947E-13
1038.47253106419  4.119332E-13
1039.92018798472  3.686824E-13
1041.36784490526  3.128965E-13
1042.8155018258  3.508972E-13
1044.26315874633  4.677868E-13
1045.71081566687  4.665617E-13
1047.15847258741  5.187233E-13
1048.60612950794  5.058417E-13
1050.05378642848  4.056574E-13
1051.50144334902  3.466162E-13
1052.94910026955  3.728005E-13
1054.39675719009  3.730906E-13
1055.84441411063  3.448259E-13
1057.29207103116  3.149516E-13
1058.7397279517  2.543541E-13
1060.18738487224  2.848647E-13
1061.63504179277  3.212430E-13
1063.08269871331  3.399105E-13
1064.53035563385  3.311168E-13
1065.97801255439  3.172967E-13
1067.42566947492  2.993691E-13
1068.87332639546  2.987336E-13
1070.320983316  2.482338E-13
1071.76864023653  2.804110E-13
1073.21629715707  2.981938E-13
1074.66395407761  2.831633E-13
1076.11161099814  3.171903E-13
1077.55926791868  2.901373E-13
1079.00692483922  3.103713E-13
1080.45458175975  3.073806E-13
1081.90223868029  2.942888E-13
1083.34989560083  2.945314E-13
1084.79755252136  2.903779E-13
1086.2452094419  2.612174E-13
1087.69286636244  2.579952E-13
1089.14052328297  2.526864E-13
1090.58818020351  2.763498E-13
1092.03583712405  2.744753E-13
1093.48349404458  2.501244E-13
1094.93115096512  2.454739E-13
1096.37880788566  2.633509E-13
1097.82646480619  3.035204E-13
1099.27412172673  2.774164E-13
1100.72177864727  2.388739E-13
1102.1694355678  2.247593E-13
1103.61709248834  2.283927E-13
1105.06474940888  2.530234E-13
1106.51240632942  2.577242E-13
1107.96006324995  2.753302E-13
1109.40772017049  2.712859E-13
1110.85537709103  2.808026E-13
1112.30303401156  2.607428E-13
1113.7506909321  2.721578E-13
1115.19834785264  2.734210E-13
1116.64600477317  2.893878E-13
1118.09366169371  2.721582E-13
1119.54131861425  2.544148E-13
1120.98897553478  2.572367E-13
1122.43663245532  2.585206E-13
1123.88428937586  2.448026E-13
1125.33194629639  2.077216E-13
1126.77960321693  2.097147E-13
1128.22726013747  2.485200E-13
1129.674917058  2.526992E-13
1131.12257397854  2.775191E-13
1132.57023089908  2.754985E-13
1134.01788781961  2.293887E-13
1135.46554474015  2.216654E-13
1136.91320166069  2.333292E-13
1138.36085858122  2.475915E-13
1139.80851550176  2.434637E-13
1141.2561724223  2.496441E-13
1142.70382934284  2.374775E-13
1144.15148626337  2.737474E-13
1145.59914318391  2.723738E-13
1147.04680010445  2.557337E-13
1148.49445702498  2.678894E-13
1149.94211394552  2.783933E-13
1151.38977086606  2.596734E-13
1152.83742778659  2.010348E-13
1154.28508470713  2.002334E-13
1155.73274162767  2.246371E-13
1157.1803985482  2.366094E-13
1158.62805546874  2.425390E-13
1160.07571238928  2.435770E-13
1161.52336930981  2.206313E-13
1162.97102623035  2.085807E-13
1164.41868315089  2.616948E-13
1165.86634007142  2.573259E-13
1167.31399699196  2.445600E-13
1168.7616539125  2.359965E-13
1170.20931083303  2.907161E-13
1171.65696775357  3.048658E-13
1173.10462467411  2.903927E-13
1174.55228159464  2.844353E-13
1175.99993851518  2.912801E-13
1177.44759543572  2.816707E-13
1178.89525235625  3.033024E-13
1180.34290927679  2.613399E-13
1181.79056619733  2.858914E-13
1183.23822311787  2.934810E-13
1184.6858800384  2.871862E-13
1186.13353695894  2.978079E-13
1187.58119387948  2.792553E-13
1189.02885080001  3.184515E-13
1190.47650772055  3.443655E-13
1191.92416464109  3.333909E-13
1193.37182156162  2.937271E-13
1194.81947848216  3.255578E-13
1196.2671354027  3.562453E-13
1197.71479232323  3.685418E-13
1199.16244924377  3.960077E-13
1200.61010616431  4.489466E-13
1202.05776308484  4.364328E-13
1203.50542000538  3.938884E-13
1204.95307692592  4.321982E-13
1206.40073384645  5.209239E-13
1207.84839076699  6.190412E-13
1209.29604768753  6.624071E-13
1210.74370460806  6.795880E-13
1212.1913615286  8.125260E-13
1213.63901844914  9.031081E-13
1215.08667536967  9.400913E-13
1216.53433229021  8.595773E-13
1217.98198921075  8.094444E-13
1219.42964613129  7.113475E-13
1220.87730305182  7.007183E-13
1222.32495997236  5.758789E-13
1223.7726168929  4.877563E-13
1225.22027381343  4.350842E-13
1226.66793073397  4.488373E-13
1228.11558765451  5.182039E-13
1229.56324457504  4.670114E-13
1231.01090149558  3.823491E-13
1232.45855841612  4.122361E-13
1233.90621533665  4.160322E-13
1235.35387225719  3.770582E-13
1236.80152917773  3.967811E-13
1238.24918609826  4.225023E-13
1239.6968430188  3.554745E-13
1241.14449993934  3.773658E-13
1242.59215685987  4.064947E-13
1244.03981378041  3.819402E-13
1245.48747070095  3.528485E-13
1246.93512762148  3.294090E-13
1248.38278454202  3.512243E-13
1249.83044146256  3.320617E-13
1251.27809838309  2.852049E-13
1252.72575530363  3.022217E-13
1254.17341222417  3.012420E-13
1255.62106914471  3.094575E-13
1257.06872606524  2.510885E-13
1258.51638298578  2.995196E-13
1259.96403990632  3.091187E-13
1261.41169682685  2.556687E-13
1262.85935374739  2.620289E-13
1264.30701066793  2.539206E-13
1265.75466758846  2.669413E-13
1267.202324509  2.482090E-13
1268.64998142954  2.383021E-13
1270.09763835007  2.379151E-13
1271.54529527061  2.601209E-13
1272.99295219115  2.386187E-13
1274.44060911168  2.427578E-13
1275.88826603222  2.726766E-13
1277.33592295276  2.335027E-13
1278.78357987329  2.244520E-13
1280.23123679383  2.271271E-13
1281.67889371437  2.451182E-13
1283.1265506349  2.506715E-13
1284.57420755544  2.047716E-13
1286.02186447598  2.154160E-13
1287.46952139651  2.264920E-13
1288.91717831705  2.263913E-13
1290.36483523759  2.427809E-13
1291.81249215812  2.289542E-13
1293.26014907866  2.291124E-13
1294.7078059992  2.280811E-13
1296.15546291974  2.562487E-13
1297.60311984027  2.320232E-13
1299.05077676081  2.495073E-13
1300.49843368135  2.396112E-13
1301.94609060188  2.388478E-13
1303.39374752242  2.231556E-13
1304.84140444296  2.616463E-13
1306.28906136349  2.405928E-13
1307.73671828403  2.374430E-13
1309.18437520457  2.423781E-13
1310.6320321251  2.225812E-13
1312.07968904564  2.284547E-13
1313.52734596618  2.209898E-13
1314.97500288671  2.334777E-13
1316.42265980725  2.349988E-13
1317.87031672779  2.140561E-13
1319.31797364832  2.028673E-13
1320.76563056886  2.158851E-13
1322.2132874894  2.217273E-13
1323.66094440993  2.248130E-13
1325.10860133047  2.403073E-13
1326.55625825101  2.182133E-13
1328.00391517154  2.138895E-13
1329.45157209208  2.216435E-13
1330.89922901262  2.289932E-13
1332.34688593315  2.123546E-13
1333.79454285369  2.316658E-13
1335.24219977423  2.396357E-13
1336.68985669477  2.177921E-13
1338.1375136153  2.155570E-13
1339.58517053584  1.965344E-13
1341.03282745638  2.024199E-13
1342.48048437691  2.032888E-13
1343.92814129745  2.018503E-13
1345.37579821799  2.149269E-13
1346.82345513852  2.079908E-13
1348.27111205906  2.541600E-13
1349.7187689796  2.275481E-13
1351.16642590013  2.674644E-13
1352.61408282067  2.077874E-13
1354.06173974121  2.233703E-13
1355.50939666174  2.230072E-13
1356.95705358228  1.996590E-13
1358.40471050282  1.983121E-13
1359.85236742335  1.928704E-13
1361.30002434389  2.258168E-13
1362.74768126443  2.208789E-13
1364.19533818496  2.616147E-13
1365.6429951055  2.180862E-13
1367.09065202604  2.014692E-13
1368.53830894657  2.248147E-13
1369.98596586711  2.219334E-13
1371.43362278765  2.019941E-13
1372.88127970819  2.114123E-13
1374.32893662872  2.240585E-13
1375.77659354926  2.054161E-13
1377.2242504698  1.983584E-13
1378.67190739033  2.074485E-13
1380.11956431087  2.164695E-13
1381.56722123141  2.082220E-13
1383.01487815194  1.935804E-13
1384.46253507248  2.156554E-13
1385.91019199302  1.875153E-13
1387.35784891355  2.180072E-13
1388.80550583409  2.328450E-13
1390.25316275463  2.307038E-13
1391.70081967516  2.347071E-13
1393.1484765957  2.325671E-13
1394.59613351624  2.520059E-13
1396.04379043677  2.510157E-13
1397.49144735731  2.306376E-13
1398.93910427785  2.673897E-13
1400.38676119838  2.229149E-13
1401.83441811892  2.247583E-13
1403.28207503946  2.201902E-13
1404.72973195999  2.010834E-13
1406.17738888053  2.163446E-13
1407.62504580107  2.148630E-13
1409.0727027216  2.172827E-13
1410.52035964214  2.439879E-13
1411.96801656268  2.604902E-13
1413.41567348322  2.680773E-13
1414.86333040375  2.323357E-13
1416.31098732429  2.195919E-13
1417.75864424483  2.250704E-13
1419.20630116536  2.102210E-13
1420.6539580859  2.274350E-13
1422.10161500644  2.093640E-13
1423.54927192697  2.236595E-13
1424.99692884751  2.078214E-13
1426.44458576805  2.108418E-13
1427.89224268858  2.095198E-13
1429.33989960912  1.955972E-13
1430.78755652966  1.978531E-13
1432.23521345019  1.964563E-13
1433.68287037073  2.155938E-13
1435.13052729127  2.259295E-13
1436.5781842118  2.167004E-13
1438.02584113234  2.287753E-13
1439.47349805288  2.352120E-13
1440.92115497341  2.092637E-13
1442.36881189395  1.908166E-13
1443.81646881449  1.837234E-13
1445.26412573502  1.799794E-13
1446.71178265556  1.821731E-13
1448.1594395761  1.756821E-13
1449.60709649664  1.711940E-13
1451.05475341717  2.051593E-13
1452.50241033771  2.146571E-13
1453.95006725825  1.969356E-13
1455.39772417878  1.876454E-13
1456.84538109932  1.830879E-13
1458.29303801986  1.957795E-13
1459.74069494039  1.878071E-13
1461.18835186093  1.774723E-13
1462.63600878147  1.877718E-13
1464.083665702  1.773013E-13
1465.53132262254  1.696562E-13
1466.97897954308  1.798630E-13
1468.42663646361  1.837193E-13
1469.87429338415  1.932769E-13
1471.32195030469  1.609405E-13
1472.76960722522  1.774533E-13
1474.21726414576  1.926369E-13
1475.6649210663  1.667981E-13
1477.11257798683  1.581117E-13
1478.56023490737  1.599873E-13
1480.00789182791  1.912437E-13
1481.45554874844  2.090484E-13
1482.90320566898  1.901705E-13
1484.35086258952  1.983726E-13
1485.79851951005  1.994354E-13
1487.24617643059  1.858088E-13
1488.69383335113  1.847750E-13
1490.14149027167  2.018660E-13
1491.5891471922  2.164010E-13
1493.03680411274  1.860181E-13
1494.48446103328  1.879950E-13
1495.93211795381  1.892403E-13
1497.37977487435  1.868485E-13
1498.82743179489  1.820157E-13
1500.27508871542  1.731945E-13
1501.72274563596  1.932077E-13
1503.1704025565  1.807488E-13
1504.61805947703  1.766650E-13
1506.06571639757  1.928002E-13
1507.51337331811  1.856741E-13
1508.96103023864  2.048045E-13
1510.40868715918  2.013406E-13
1511.85634407972  1.771648E-13
1513.30400100025  1.757088E-13
1514.75165792079  2.049497E-13
1516.19931484133  2.161992E-13
1517.64697176186  2.359623E-13
1519.0946286824  2.193364E-13
1520.54228560294  1.953804E-13
1521.98994252347  2.245968E-13
1523.43759944401  2.310972E-13
1524.88525636455  2.297399E-13
1526.33291328509  2.425606E-13
1527.78057020562  2.168360E-13
1529.22822712616  2.153322E-13
1530.6758840467  2.299894E-13
1532.12354096723  2.444893E-13
1533.57119788777  2.503449E-13
1535.01885480831  2.673865E-13
1536.46651172884  2.781666E-13
1537.91416864938  2.945022E-13
1539.36182556992  3.297770E-13
1540.80948249045  3.441378E-13
1542.25713941099  3.702360E-13
1543.70479633153  3.698565E-13
1545.15245325206  3.710785E-13
1546.6001101726  3.757296E-13
1548.04776709314  3.714527E-13
1549.49542401367  3.311249E-13
1550.94308093421  3.508891E-13
1552.39073785475  3.172394E-13
1553.83839477528  3.156240E-13
1555.28605169582  2.866352E-13
1556.73370861636  2.828826E-13
1558.18136553689  2.598350E-13
1559.62902245743  2.410203E-13
1561.07667937797  2.333799E-13
1562.5243362985  2.324483E-13
1563.97199321904  2.381641E-13
1565.41965013958  2.265479E-13
1566.86730706012  2.279975E-13
1568.31496398065  2.308610E-13
1569.76262090119  2.125652E-13
1571.21027782173  2.101163E-13
1572.65793474226  2.047170E-13
1574.1055916628  2.123126E-13
1575.55324858334  1.977815E-13
1577.00090550387  2.042176E-13
1578.44856242441  2.070114E-13
1579.89621934495  2.004818E-13
1581.34387626548  1.991315E-13
1582.79153318602  2.073797E-13
1584.23919010656  2.077748E-13
1585.68684702709  2.033623E-13
1587.13450394763  1.949410E-13
1588.58216086817  1.905928E-13
1590.0298177887  1.894710E-13
1591.47747470924  1.918248E-13
1592.92513162978  2.094766E-13
1594.37278855031  1.946814E-13
1595.82044547085  1.881703E-13
1597.26810239139  1.815954E-13
1598.71575931192  1.827224E-13
1600.16341623246  1.850777E-13
1601.611073153  1.893854E-13
1603.05873007354  1.982591E-13
1604.50638699407  1.869966E-13
1605.95404391461  1.782090E-13
1607.40170083515  1.790120E-13
1608.84935775568  1.826592E-13
1610.29701467622  1.850925E-13
1611.74467159676  1.855306E-13
1613.19232851729  1.835715E-13
1614.63998543783  1.847943E-13
1616.08764235837  1.838941E-13
1617.5352992789  1.891506E-13
1618.98295619944  1.892550E-13
1620.43061311998  1.875133E-13
1621.87827004051  1.892060E-13
1623.32592696105  1.898249E-13
1624.77358388159  1.950565E-13
1626.22124080212  1.908631E-13
1627.66889772266  1.936387E-13
1629.1165546432  1.942282E-13
1630.56421156373  1.969511E-13
1632.01186848427  1.954757E-13
1633.45952540481  1.913066E-13
1634.90718232534  2.005840E-13
1636.35483924588  2.032488E-13
1637.80249616642  1.950630E-13
1639.25015308695  1.889361E-13
1640.69781000749  1.943563E-13
1642.14546692803  2.098712E-13
1643.59312384857  2.084157E-13
1645.0407807691  1.923012E-13
1646.48843768964  1.905602E-13
1647.93609461018  1.896831E-13
1649.38375153071  1.955937E-13
1650.83140845125  1.961980E-13
1652.27906537179  1.849672E-13
1653.72672229232  1.864661E-13
1655.17437921286  1.915119E-13
1656.6220361334  1.933444E-13
1658.06969305393  1.896537E-13
1659.51734997447  1.899821E-13
1660.96500689501  1.826860E-13
1662.41266381554  1.914181E-13
1663.86032073608  1.872413E-13
1665.30797765662  1.870661E-13
1666.75563457715  1.929314E-13
1668.20329149769  1.901692E-13
1669.65094841823  1.791713E-13
1671.09860533876  1.703447E-13
1672.5462622593  1.770704E-13
1673.99391917984  1.683788E-13
1675.44157610038  1.776687E-13
1676.88923302091  1.725061E-13
1678.33688994145  1.687080E-13
1679.78454686199  1.676659E-13
1681.23220378252  1.701615E-13
1682.67986070306  1.636958E-13
1684.1275176236  1.702245E-13
1685.57517454413  1.720026E-13
1687.02283146467  1.757027E-13
1688.47048838521  1.729981E-13
1689.91814530574  1.693083E-13
1691.36580222628  1.649988E-13
1692.81345914682  1.621959E-13
1694.26111606735  1.555501E-13
1695.70877298789  1.586000E-13
1697.15642990843  1.645403E-13
1698.60408682896  1.654015E-13
1700.0517437495  1.722653E-13
1701.49940067004  1.709116E-13
1702.94705759057  1.631471E-13
1704.39471451111  1.592383E-13
1705.84237143165  1.608077E-13
1707.29002835218  1.596355E-13
1708.73768527272  1.666485E-13
1710.18534219326  0.
1711.63299911379  0.
1713.08065603433  0.
1714.52831295487  0.
1715.97596987541  0.
1717.42362679594  0.
1718.87128371648  0.
1720.31894063702  0.
1721.76659755755  0.
1723.21425447809  0.
1724.66191139863  0.
1726.10956831916  0.
1727.5572252397  0.
1729.00488216024  0.
1730.45253908077  0.
1731.90019600131  0.
1733.34785292185  0.
1734.79550984238  0.
1736.24316676292  0.
1737.69082368346  0.
1739.13848060399  0.
1740.58613752453  0.
1742.03379444507  0.
1743.4814513656  0.
1744.92910828614  0.
1746.37676520668  0.
1747.82442212721  0.
1749.27207904775  0.
1750.71973596829  0.
1752.16739288882  0.
1753.61504980936  0.
1755.0627067299  0.
1756.51036365043  0.
1757.95802057097  0.
1759.40567749151  0.
1760.85333441205  0.
1762.30099133258  0.
1763.74864825312  0.
1765.19630517366  0.
1766.64396209419  0.
1768.09161901473  0.
1769.53927593527  0.
1770.9869328558  0.
1772.43458977634  0.
1773.88224669688  0.
1775.32990361741  0.
1776.77756053795  0.
1778.22521745849  0.
1779.67287437902  0.
1781.12053129956  0.
1782.5681882201  0.
1784.01584514063  0.
1785.46350206117  0.
1786.91115898171  0.
1788.35881590224  0.
1789.80647282278  0.
1791.25412974332  0.
1792.70178666385  0.
1794.14944358439  0.
1795.59710050493  0.
1797.04475742547  0.
1798.492414346  0.
1799.94007126654  0.
1801.38772818708  0.
1802.83538510761  0.
1804.28304202815  0.
1805.73069894869  0.
1807.17835586922  0.
1808.62601278976  0.
1810.0736697103  0.
1811.52132663083  0.
1812.96898355137  0.
1814.41664047191  0.
1815.86429739244  0.
1817.31195431298  0.
1818.75961123352  0.
1820.20726815405  0.
1821.65492507459  0.
1823.10258199513  0.
1824.55023891566  0.
1825.9978958362  0.
1827.44555275674  0.
1828.89320967727  0.
1830.34086659781  0.
1831.78852351835  0.
