906.735751295338  0.
908.183408215875  0.
909.631065136412  0.
911.078722056949  0.
912.526378977485  0.
913.974035898022  0.
915.421692818559  0.
916.869349739096  0.
918.317006659633  0.
919.764663580169  0.
921.212320500706  0.
922.659977421243  0.
924.10763434178  0.
925.555291262316  0.
927.002948182853  0.
928.45060510339  0.
929.898262023927  0.
931.345918944464  0.
932.793575865  0.
934.241232785537  0.
935.688889706074  0.
937.136546626611  0.
938.584203547148  0.
940.031860467684  0.
941.479517388221  0.
942.927174308758  0.
944.374831229295  0.
945.822488149832  0.
947.270145070369  0.
948.717801990905  0.
950.165458911442  0.
951.613115831979  0.
953.060772752515  0.
954.508429673052  0.
955.956086593589  0.
957.403743514126  0.
958.851400434663  0.
960.2990573552  0.
961.746714275736  0.
963.194371196273  0.
964.64202811681  0.
966.089685037347  0.
967.537341957883  0.
968.98499887842  0.
970.432655798957  0.
971.880312719494  0.
973.327969640031  0.
974.775626560567  0.
976.223283481104  0.
977.670940401641  0.
979.118597322178  0.
980.566254242715  0.
982.013911163251  0.
983.461568083788  0.
984.909225004325  0.
986.356881924862  0.
987.804538845399  0.
989.252195765935  0.
990.699852686472  0.
992.147509607009  0.
993.595166527546  4.674971E-13
995.042823448082  4.206696E-13
996.490480368619  3.380911E-13
997.938137289156  1.903262E-13
999.385794209693  4.191525E-13
1000.83345113023  3.809599E-13
1002.28110805077  4.283935E-13
1003.7287649713  4.198736E-13
1005.17642189184  4.791530E-13
1006.62407881238  3.439054E-13
1008.07173573291  3.266528E-13
1009.51939265345  4.922786E-13
1010.96704957399  3.327357E-13
1012.41470649452  2.544551E-13
1013.86236341506  4.095287E-13
1015.3100203356  4.599712E-13
1016.75767725613  3.517637E-13
1018.20533417667  4.135417E-13
1019.65299109721  4.093146E-13
1021.10064801775  3.870240E-13
1022.54830493828  4.528654E-13
1023.99596185882  4.568322E-13
1025.44361877936  4.469794E-13
1026.89127569989  4.238713E-13
1028.33893262043  4.797369E-13
1029.78658954097  5.030536E-13
1031.2342464615  5.188244E-13
1032.68190338204  4.855033E-13
1034.12956030258  5.353078E-13
1035.57721722311  4.230767E-13
1037.02487414365  3.664996E-13
1038.47253106419  3.336476E-13
1039.92018798472  3.104066E-13
1041.36784490526  3.533372E-13
1042.8155018258  3.714937E-13
1044.26315874633  4.422224E-13
1045.71081566687  5.048366E-13
1047.15847258741  4.277661E-13
1048.60612950794  3.926208E-13
1050.05378642848  3.977020E-13
1051.50144334902  4.368441E-13
1052.94910026955  4.529615E-13
1054.39675719009  4.219489E-13
1055.84441411063  3.299498E-13
1057.29207103116  2.588218E-13
1058.7397279517  2.898753E-13
1060.18738487224  3.087932E-13
1061.63504179277  3.103327E-13
1063.08269871331  3.454209E-13
1064.53035563385  2.734176E-13
1065.97801255439  2.922111E-13
1067.42566947492  3.005265E-13
1068.87332639546  2.869360E-13
1070.320983316  2.752807E-13
1071.76864023653  2.653459E-13
1073.21629715707  2.726193E-13
1074.66395407761  2.812733E-13
1076.11161099814  3.172653E-13
1077.55926791868  2.827532E-13
1079.00692483922  3.208078E-13
1080.45458175975  3.096477E-13
1081.90223868029  2.838655E-13
1083.34989560083  3.031257E-13
1084.79755252136  2.648956E-13
1086.2452094419  2.542290E-13
1087.69286636244  2.219132E-13
1089.14052328297  2.452860E-13
1090.58818020351  2.738711E-13
1092.03583712405  2.925993E-13
1093.48349404458  2.666841E-13
1094.93115096512  2.463964E-13
1096.37880788566  2.433758E-13
1097.82646480619  2.388517E-13
1099.27412172673  2.639669E-13
1100.72177864727  2.473416E-13
1102.1694355678  2.557428E-13
1103.61709248834  2.389710E-13
1105.06474940888  2.569927E-13
1106.51240632942  2.531280E-13
1107.96006324995  2.433751E-13
1109.40772017049  2.586672E-13
1110.85537709103  2.809880E-13
1112.30303401156  2.856527E-13
1113.7506909321  2.720109E-13
1115.19834785264  2.796662E-13
1116.64600477317  2.916734E-13
1118.09366169371  2.694180E-13
1119.54131861425  2.496362E-13
1120.98897553478  2.287545E-13
1122.43663245532  2.668287E-13
1123.88428937586  2.480709E-13
1125.33194629639  2.211779E-13
1126.77960321693  2.219804E-13
1128.22726013747  2.521301E-13
1129.674917058  2.659681E-13
1131.12257397854  2.511944E-13
1132.57023089908  2.477876E-13
1134.01788781961  2.565988E-13
1135.46554474015  2.465747E-13
1136.91320166069  2.322701E-13
1138.36085858122  2.382074E-13
1139.80851550176  2.716975E-13
1141.2561724223  2.597033E-13
1142.70382934284  2.426089E-13
1144.15148626337  2.788271E-13
1145.59914318391  2.856893E-13
1147.04680010445  2.655192E-13
1148.49445702498  2.599824E-13
1149.94211394552  2.602024E-13
1151.38977086606  2.126051E-13
1152.83742778659  2.403561E-13
1154.28508470713  2.405536E-13
1155.73274162767  2.382937E-13
1157.1803985482  2.497374E-13
1158.62805546874  2.328369E-13
1160.07571238928  2.063866E-13
1161.52336930981  2.298078E-13
1162.97102623035  2.554691E-13
1164.41868315089  2.297103E-13
1165.86634007142  2.647721E-13
1167.31399699196  2.374030E-13
1168.7616539125  2.720282E-13
1170.20931083303  2.930136E-13
1171.65696775357  2.903567E-13
1173.10462467411  2.945935E-13
1174.55228159464  2.707454E-13
1175.99993851518  2.937588E-13
1177.44759543572  2.835975E-13
1178.89525235625  2.995886E-13
1180.34290927679  2.718861E-13
1181.79056619733  2.813327E-13
1183.23822311787  2.694670E-13
1184.6858800384  2.872584E-13
1186.13353695894  2.834648E-13
1187.58119387948  2.807786E-13
1189.02885080001  2.853049E-13
1190.47650772055  2.970685E-13
1191.92416464109  3.593186E-13
1193.37182156162  3.804645E-13
1194.81947848216  3.250825E-13
1196.2671354027  3.780119E-13
1197.71479232323  3.596496E-13
1199.16244924377  3.870495E-13
1200.61010616431  4.038003E-13
1202.05776308484  3.891536E-13
1203.50542000538  4.144276E-13
1204.95307692592  4.570299E-13
1206.40073384645  6.128208E-13
1207.84839076699  7.421764E-13
1209.29604768753  7.449660E-13
1210.74370460806  7.552232E-13
1212.1913615286  8.372295E-13
1213.63901844914  9.185813E-13
1215.08667536967  8.579658E-13
1216.53433229021  8.851179E-13
1217.98198921075  9.697190E-13
1219.42964613129  6.656779E-13
1220.87730305182  6.134313E-13
1222.32495997236  5.651078E-13
1223.7726168929  4.611872E-13
1225.22027381343  4.728321E-13
1226.66793073397  4.266004E-13
1228.11558765451  4.249394E-13
1229.56324457504  4.036859E-13
1231.01090149558  4.154405E-13
1232.45855841612  4.223614E-13
1233.90621533665  4.003600E-13
1235.35387225719  4.363012E-13
1236.80152917773  4.147274E-13
1238.24918609826  4.365441E-13
1239.6968430188  3.758730E-13
1241.14449993934  3.607383E-13
1242.59215685987  3.982512E-13
1244.03981378041  3.121757E-13
1245.48747070095  3.140373E-13
1246.93512762148  2.871061E-13
1248.38278454202  3.147261E-13
1249.83044146256  2.589401E-13
1251.27809838309  3.098569E-13
1252.72575530363  2.886830E-13
1254.17341222417  2.540817E-13
1255.62106914471  2.614710E-13
1257.06872606524  2.657915E-13
1258.51638298578  2.745520E-13
1259.96403990632  2.809536E-13
1261.41169682685  2.722563E-13
1262.85935374739  2.567078E-13
1264.30701066793  2.587139E-13
1265.75466758846  2.393904E-13
1267.202324509  2.583185E-13
1268.64998142954  2.197778E-13
1270.09763835007  2.343298E-13
1271.54529527061  2.388630E-13
1272.99295219115  2.518394E-13
1274.44060911168  2.275582E-13
1275.88826603222  2.195039E-13
1277.33592295276  2.226515E-13
1278.78357987329  2.455069E-13
1280.23123679383  2.083728E-13
1281.67889371437  2.291878E-13
1283.1265506349  2.175650E-13
1284.57420755544  2.038059E-13
1286.02186447598  1.864782E-13
1287.46952139651  2.212772E-13
1288.91717831705  2.275752E-13
1290.36483523759  2.256084E-13
1291.81249215812  2.098669E-13
1293.26014907866  2.282099E-13
1294.7078059992  2.194133E-13
1296.15546291974  2.403411E-13
1297.60311984027  2.281738E-13
1299.05077676081  2.015405E-13
1300.49843368135  2.113669E-13
1301.94609060188  2.379472E-13
1303.39374752242  2.427194E-13
1304.84140444296  2.047933E-13
1306.28906136349  1.843982E-13
1307.73671828403  2.071850E-13
1309.18437520457  2.276453E-13
1310.6320321251  2.164841E-13
1312.07968904564  2.197075E-13
1313.52734596618  2.265503E-13
1314.97500288671  2.324450E-13
1316.42265980725  1.939176E-13
1317.87031672779  1.905181E-13
1319.31797364832  1.807190E-13
1320.76563056886  2.107297E-13
1322.2132874894  2.064468E-13
1323.66094440993  1.895284E-13
1325.10860133047  2.006191E-13
1326.55625825101  1.933099E-13
1328.00391517154  1.813708E-13
1329.45157209208  2.011907E-13
1330.89922901262  2.324491E-13
1332.34688593315  2.224511E-13
1333.79454285369  1.957109E-13
1335.24219977423  2.197774E-13
1336.68985669477  1.849417E-13
1338.1375136153  2.013175E-13
1339.58517053584  2.095769E-13
1341.03282745638  2.013330E-13
1342.48048437691  1.921207E-13
1343.92814129745  1.929152E-13
1345.37579821799  1.940962E-13
1346.82345513852  1.960082E-13
1348.27111205906  2.394407E-13
1349.7187689796  2.294640E-13
1351.16642590013  2.075786E-13
1352.61408282067  2.201749E-13
1354.06173974121  2.084891E-13
1355.50939666174  2.237549E-13
1356.95705358228  1.886692E-13
1358.40471050282  2.174829E-13
1359.85236742335  2.187228E-13
1361.30002434389  2.408842E-13
1362.74768126443  2.271805E-13
1364.19533818496  2.113428E-13
1365.6429951055  2.259607E-13
1367.09065202604  2.101950E-13
1368.53830894657  2.391130E-13
1369.98596586711  1.981206E-13
1371.43362278765  1.757671E-13
1372.88127970819  1.912957E-13
1374.32893662872  2.078549E-13
1375.77659354926  2.297286E-13
1377.2242504698  2.405881E-13
1378.67190739033  2.294348E-13
1380.11956431087  2.426937E-13
1381.56722123141  2.612718E-13
1383.01487815194  2.202563E-13
1384.46253507248  2.415957E-13
1385.91019199302  2.555333E-13
1387.35784891355  2.392997E-13
1388.80550583409  2.478995E-13
1390.25316275463  2.269074E-13
1391.70081967516  2.348289E-13
1393.1484765957  2.509699E-13
1394.59613351624  2.570319E-13
1396.04379043677  2.434766E-13
1397.49144735731  2.265325E-13
1398.93910427785  2.480196E-13
1400.38676119838  2.631993E-13
1401.83441811892  2.675293E-13
1403.28207503946  2.342359E-13
1404.72973195999  1.923943E-13
1406.17738888053  2.186489E-13
1407.62504580107  2.100988E-13
1409.0727027216  2.094855E-13
1410.52035964214  2.153292E-13
1411.96801656268  2.144879E-13
1413.41567348322  2.160517E-13
1414.86333040375  2.225327E-13
1416.31098732429  2.090117E-13
1417.75864424483  2.047210E-13
1419.20630116536  2.050488E-13
1420.6539580859  2.169483E-13
1422.10161500644  2.101378E-13
1423.54927192697  1.994178E-13
1424.99692884751  2.176634E-13
1426.44458576805  1.977556E-13
1427.89224268858  2.010064E-13
1429.33989960912  1.987132E-13
1430.78755652966  1.930125E-13
1432.23521345019  1.858678E-13
1433.68287037073  1.926934E-13
1435.13052729127  1.929284E-13
1436.5781842118  1.846927E-13
1438.02584113234  1.961358E-13
1439.47349805288  1.738840E-13
1440.92115497341  1.722617E-13
1442.36881189395  1.744686E-13
1443.81646881449  1.868736E-13
1445.26412573502  1.862408E-13
1446.71178265556  1.630823E-13
1448.1594395761  1.682351E-13
1449.60709649664  1.611142E-13
1451.05475341717  1.779930E-13
1452.50241033771  2.027624E-13
1453.95006725825  1.704485E-13
1455.39772417878  1.665738E-13
1456.84538109932  1.680484E-13
1458.29303801986  1.710925E-13
1459.74069494039  1.725379E-13
1461.18835186093  1.714680E-13
1462.63600878147  1.853646E-13
1464.083665702  1.993134E-13
1465.53132262254  1.840548E-13
1466.97897954308  1.801313E-13
1468.42663646361  1.849229E-13
1469.87429338415  1.948818E-13
1471.32195030469  1.787914E-13
1472.76960722522  1.797552E-13
1474.21726414576  1.550054E-13
1475.6649210663  1.623322E-13
1477.11257798683  1.654694E-13
1478.56023490737  1.886313E-13
1480.00789182791  1.875231E-13
1481.45554874844  1.746986E-13
1482.90320566898  1.926446E-13
1484.35086258952  1.800710E-13
1485.79851951005  1.953786E-13
1487.24617643059  1.867664E-13
1488.69383335113  1.867702E-13
1490.14149027167  1.896462E-13
1491.5891471922  1.693285E-13
1493.03680411274  1.639810E-13
1494.48446103328  1.571671E-13
1495.93211795381  1.676989E-13
1497.37977487435  1.747285E-13
1498.82743179489  1.860016E-13
1500.27508871542  2.006231E-13
1501.72274563596  2.056350E-13
1503.1704025565  1.882199E-13
1504.61805947703  1.896220E-13
1506.06571639757  1.857993E-13
1507.51337331811  1.855557E-13
1508.96103023864  2.000133E-13
1510.40868715918  2.240864E-13
1511.85634407972  2.264635E-13
1513.30400100025  2.073232E-13
1514.75165792079  2.197881E-13
1516.19931484133  2.219495E-13
1517.64697176186  2.256288E-13
1519.0946286824  2.119734E-13
1520.54228560294  1.979006E-13
1521.98994252347  1.992170E-13
1523.43759944401  2.126347E-13
1524.88525636455  2.310703E-13
1526.33291328509  2.282633E-13
1527.78057020562  2.453869E-13
1529.22822712616  2.532173E-13
1530.6758840467  2.513187E-13
1532.12354096723  2.260024E-13
1533.57119788777  2.544040E-13
1535.01885480831  2.706064E-13
1536.46651172884  2.886338E-13
1537.91416864938  3.236076E-13
1539.36182556992  3.585781E-13
1540.80948249045  3.515954E-13
1542.25713941099  3.591735E-13
1543.70479633153  3.646757E-13
1545.15245325206  3.823088E-13
1546.6001101726  3.898073E-13
1548.04776709314  3.639158E-13
1549.49542401367  3.363928E-13
1550.94308093421  3.405821E-13
1552.39073785475  3.466972E-13
1553.83839477528  3.425075E-13
1555.28605169582  3.030139E-13
1556.73370861636  2.817775E-13
1558.18136553689  2.625177E-13
1559.62902245743  2.516507E-13
1561.07667937797  2.135959E-13
1562.5243362985  2.048778E-13
1563.97199321904  2.212227E-13
1565.41965013958  2.356941E-13
1566.86730706012  2.331409E-13
1568.31496398065  2.201514E-13
1569.76262090119  2.175801E-13
1571.21027782173  2.217854E-13
1572.65793474226  2.265634E-13
1574.1055916628  2.263174E-13
1575.55324858334  2.050199E-13
1577.00090550387  1.908466E-13
1578.44856242441  2.061599E-13
1579.89621934495  2.042412E-13
1581.34387626548  2.045193E-13
1582.79153318602  2.049858E-13
1584.23919010656  2.038712E-13
1585.68684702709  2.114705E-13
1587.13450394763  1.928771E-13
1588.58216086817  1.842211E-13
1590.0298177887  1.756961E-13
1591.47747470924  1.783782E-13
1592.92513162978  1.832650E-13
1594.37278855031  1.882656E-13
1595.82044547085  1.961073E-13
1597.26810239139  1.852023E-13
1598.71575931192  1.865927E-13
1600.16341623246  1.812766E-13
1601.611073153  1.815247E-13
1603.05873007354  1.928093E-13
1604.50638699407  1.886650E-13
1605.95404391461  1.915615E-13
1607.40170083515  1.849289E-13
1608.84935775568  1.724450E-13
1610.29701467622  1.845592E-13
1611.74467159676  1.832099E-13
1613.19232851729  1.828925E-13
1614.63998543783  1.908224E-13
1616.08764235837  2.012673E-13
1617.5352992789  2.114162E-13
1618.98295619944  2.135890E-13
1620.43061311998  2.199104E-13
1621.87827004051  2.094361E-13
1623.32592696105  1.955251E-13
1624.77358388159  1.973389E-13
1626.22124080212  1.984369E-13
1627.66889772266  2.077732E-13
1629.1165546432  2.048643E-13
1630.56421156373  2.054245E-13
1632.01186848427  2.047186E-13
1633.45952540481  2.046107E-13
1634.90718232534  2.138589E-13
1636.35483924588  2.129753E-13
1637.80249616642  2.058935E-13
1639.25015308695  1.882332E-13
1640.69781000749  1.870760E-13
1642.14546692803  1.871405E-13
1643.59312384857  1.881550E-13
1645.0407807691  1.875189E-13
1646.48843768964  1.793181E-13
1647.93609461018  1.790204E-13
1649.38375153071  1.791392E-13
1650.83140845125  1.810693E-13
1652.27906537179  1.889043E-13
1653.72672229232  1.903264E-13
1655.17437921286  1.922025E-13
1656.6220361334  1.931281E-13
1658.06969305393  1.906344E-13
1659.51734997447  1.976348E-13
1660.96500689501  1.903109E-13
1662.41266381554  2.046651E-13
1663.86032073608  2.040887E-13
1665.30797765662  1.877926E-13
1666.75563457715  1.806978E-13
1668.20329149769  1.850025E-13
1669.65094841823  1.825507E-13
1671.09860533876  1.820327E-13
1672.5462622593  1.763256E-13
1673.99391917984  1.681106E-13
1675.44157610038  1.701964E-13
1676.88923302091  1.605050E-13
1678.33688994145  1.559631E-13
1679.78454686199  1.613532E-13
1681.23220378252  1.723623E-13
1682.67986070306  1.697773E-13
1684.1275176236  1.686661E-13
1685.57517454413  1.600575E-13
1687.02283146467  1.612466E-13
1688.47048838521  1.566545E-13
1689.91814530574  1.615970E-13
1691.36580222628  1.671121E-13
1692.81345914682  1.663195E-13
1694.26111606735  1.673894E-13
1695.70877298789  1.702982E-13
1697.15642990843  1.804892E-13
1698.60408682896  1.798453E-13
1700.0517437495  1.724880E-13
1701.49940067004  1.638446E-13
1702.94705759057  1.636594E-13
1704.39471451111  1.683138E-13
1705.84237143165  1.685862E-13
1707.29002835218  1.585305E-13
1708.73768527272  1.618826E-13
1710.18534219326  0.
1711.63299911379  0.
1713.08065603433  0.
1714.52831295487  0.
1715.97596987541  0.
1717.42362679594  0.
1718.87128371648  0.
1720.31894063702  0.
1721.76659755755  0.
1723.21425447809  0.
1724.66191139863  0.
1726.10956831916  0.
1727.5572252397  0.
1729.00488216024  0.
1730.45253908077  0.
1731.90019600131  0.
1733.34785292185  0.
1734.79550984238  0.
1736.24316676292  0.
1737.69082368346  0.
1739.13848060399  0.
1740.58613752453  0.
1742.03379444507  0.
1743.4814513656  0.
1744.92910828614  0.
1746.37676520668  0.
1747.82442212721  0.
1749.27207904775  0.
1750.71973596829  0.
1752.16739288882  0.
1753.61504980936  0.
1755.0627067299  0.
1756.51036365043  0.
1757.95802057097  0.
1759.40567749151  0.
1760.85333441205  0.
1762.30099133258  0.
1763.74864825312  0.
1765.19630517366  0.
1766.64396209419  0.
1768.09161901473  0.
1769.53927593527  0.
1770.9869328558  0.
1772.43458977634  0.
1773.88224669688  0.
1775.32990361741  0.
1776.77756053795  0.
1778.22521745849  0.
1779.67287437902  0.
1781.12053129956  0.
1782.5681882201  0.
1784.01584514063  0.
1785.46350206117  0.
1786.91115898171  0.
1788.35881590224  0.
1789.80647282278  0.
1791.25412974332  0.
1792.70178666385  0.
1794.14944358439  0.
1795.59710050493  0.
1797.04475742547  0.
1798.492414346  0.
1799.94007126654  0.
1801.38772818708  0.
1802.83538510761  0.
1804.28304202815  0.
1805.73069894869  0.
1807.17835586922  0.
1808.62601278976  0.
1810.0736697103  0.
1811.52132663083  0.
1812.96898355137  0.
1814.41664047191  0.
1815.86429739244  0.
1817.31195431298  0.
1818.75961123352  0.
1820.20726815405  0.
1821.65492507459  0.
1823.10258199513  0.
1824.55023891566  0.
1825.9978958362  0.
1827.44555275674  0.
1828.89320967727  0.
1830.34086659781  0.
1831.78852351835  0.
