906.735751295338  0.
908.183408215875  0.
909.631065136412  0.
911.078722056949  0.
912.526378977485  0.
913.974035898022  0.
915.421692818559  0.
916.869349739096  0.
918.317006659633  0.
919.764663580169  0.
921.212320500706  0.
922.659977421243  0.
924.10763434178  0.
925.555291262316  0.
927.002948182853  0.
928.45060510339  0.
929.898262023927  0.
931.345918944464  0.
932.793575865  0.
934.241232785537  0.
935.688889706074  0.
937.136546626611  0.
938.584203547148  0.
940.031860467684  0.
941.479517388221  0.
942.927174308758  0.
944.374831229295  0.
945.822488149832  0.
947.270145070369  0.
948.717801990905  0.
950.165458911442  0.
951.613115831979  0.
953.060772752515  0.
954.508429673052  0.
955.956086593589  0.
957.403743514126  0.
958.851400434663  0.
960.2990573552  0.
961.746714275736  0.
963.194371196273  0.
964.64202811681  0.
966.089685037347  0.
967.537341957883  0.
968.98499887842  0.
970.432655798957  0.
971.880312719494  0.
973.327969640031  0.
974.775626560567  0.
976.223283481104  0.
977.670940401641  0.
979.118597322178  0.
980.566254242715  0.
982.013911163251  0.
983.461568083788  0.
984.909225004325  0.
986.356881924862  0.
987.804538845399  0.
989.252195765935  0.
990.699852686472  0.
992.147509607009  0.
993.595166527546  1.631198E-13
995.042823448082  3.613401E-13
996.490480368619  3.658102E-13
997.938137289156  3.516662E-13
999.385794209693  5.413843E-13
1000.83345113023  4.241331E-13
1002.28110805077  4.505249E-13
1003.7287649713  3.889028E-13
1005.17642189184  4.233561E-13
1006.62407881238  4.111274E-13
1008.07173573291  2.605372E-13
1009.51939265345  4.182324E-13
1010.96704957399  3.823150E-13
1012.41470649452  3.644130E-13
1013.86236341506  3.993033E-13
1015.3100203356  4.135529E-13
1016.75767725613  3.616199E-13
1018.20533417667  4.649303E-13
1019.65299109721  4.245995E-13
1021.10064801775  3.646722E-13
1022.54830493828  4.055624E-13
1023.99596185882  4.671649E-13
1025.44361877936  4.964199E-13
1026.89127569989  4.322675E-13
1028.33893262043  4.118786E-13
1029.78658954097  4.007445E-13
1031.2342464615  4.742285E-13
1032.68190338204  3.860356E-13
1034.12956030258  3.975437E-13
1035.57721722311  3.720845E-13
1037.02487414365  3.691045E-13
1038.47253106419  3.831547E-13
1039.92018798472  3.177316E-13
1041.36784490526  3.700390E-13
1042.8155018258  3.571022E-13
1044.26315874633  3.917515E-13
1045.71081566687  4.247244E-13
1047.15847258741  4.307087E-13
1048.60612950794  4.349877E-13
1050.05378642848  4.299923E-13
1051.50144334902  4.279989E-13
1052.94910026955  4.309001E-13
1054.39675719009  4.340233E-13
1055.84441411063  3.565439E-13
1057.29207103116  2.769850E-13
1058.7397279517  2.797756E-13
1060.18738487224  2.841120E-13
1061.63504179277  2.941790E-13
1063.08269871331  2.817730E-13
1064.53035563385  2.718376E-13
1065.97801255439  3.080768E-13
1067.42566947492  3.069391E-13
1068.87332639546  2.952540E-13
1070.320983316  2.900328E-13
1071.76864023653  3.059548E-13
1073.21629715707  3.020478E-13
1074.66395407761  2.855722E-13
1076.11161099814  3.218440E-13
1077.55926791868  2.943615E-13
1079.00692483922  2.772344E-13
1080.45458175975  2.679891E-13
1081.90223868029  2.649839E-13
1083.34989560083  2.680576E-13
1084.79755252136  2.508784E-13
1086.2452094419  2.322742E-13
1087.69286636244  2.181094E-13
1089.14052328297  2.256525E-13
1090.58818020351  2.329348E-13
1092.03583712405  2.323563E-13
1093.48349404458  2.642576E-13
1094.93115096512  2.587985E-13
1096.37880788566  2.463462E-13
1097.82646480619  2.375793E-13
1099.27412172673  2.694401E-13
1100.72177864727  2.293171E-13
1102.1694355678  2.617202E-13
1103.61709248834  2.516544E-13
1105.06474940888  2.773378E-13
1106.51240632942  2.538501E-13
1107.96006324995  2.772487E-13
1109.40772017049  2.544680E-13
1110.85537709103  2.883935E-13
1112.30303401156  2.385853E-13
1113.7506909321  2.601281E-13
1115.19834785264  2.561061E-13
1116.64600477317  2.537014E-13
1118.09366169371  2.580469E-13
1119.54131861425  2.408551E-13
1120.98897553478  2.351730E-13
1122.43663245532  2.579691E-13
1123.88428937586  2.113489E-13
1125.33194629639  2.229611E-13
1126.77960321693  2.366200E-13
1128.22726013747  2.258986E-13
1129.674917058  2.314170E-13
1131.12257397854  2.538904E-13
1132.57023089908  2.432186E-13
1134.01788781961  2.550322E-13
1135.46554474015  2.494123E-13
1136.91320166069  2.480975E-13
1138.36085858122  2.326869E-13
1139.80851550176  2.320345E-13
1141.2561724223  2.400723E-13
1142.70382934284  2.324440E-13
1144.15148626337  2.427662E-13
1145.59914318391  2.612500E-13
1147.04680010445  2.492330E-13
1148.49445702498  2.500755E-13
1149.94211394552  2.380513E-13
1151.38977086606  2.151750E-13
1152.83742778659  2.064463E-13
1154.28508470713  2.229417E-13
1155.73274162767  2.322845E-13
1157.1803985482  2.423622E-13
1158.62805546874  2.533309E-13
1160.07571238928  2.499831E-13
1161.52336930981  2.542580E-13
1162.97102623035  2.580328E-13
1164.41868315089  2.446742E-13
1165.86634007142  2.759713E-13
1167.31399699196  2.803646E-13
1168.7616539125  2.454776E-13
1170.20931083303  2.720467E-13
1171.65696775357  3.119488E-13
1173.10462467411  3.147813E-13
1174.55228159464  2.402311E-13
1175.99993851518  2.718032E-13
1177.44759543572  2.847211E-13
1178.89525235625  2.937984E-13
1180.34290927679  2.887152E-13
1181.79056619733  2.835458E-13
1183.23822311787  2.538661E-13
1184.6858800384  3.050622E-13
1186.13353695894  3.109992E-13
1187.58119387948  3.088949E-13
1189.02885080001  3.217498E-13
1190.47650772055  3.154192E-13
1191.92416464109  3.160605E-13
1193.37182156162  3.597282E-13
1194.81947848216  3.664742E-13
1196.2671354027  3.753900E-13
1197.71479232323  3.630658E-13
1199.16244924377  3.594948E-13
1200.61010616431  3.972523E-13
1202.05776308484  3.881360E-13
1203.50542000538  4.173009E-13
1204.95307692592  4.500209E-13
1206.40073384645  5.157525E-13
1207.84839076699  6.395213E-13
1209.29604768753  6.139007E-13
1210.74370460806  8.091022E-13
1212.1913615286  8.403984E-13
1213.63901844914  9.101064E-13
1215.08667536967  7.757802E-13
1216.53433229021  7.732300E-13
1217.98198921075  6.419549E-13
1219.42964613129  7.155696E-13
1220.87730305182  5.781057E-13
1222.32495997236  5.898486E-13
1223.7726168929  4.667354E-13
1225.22027381343  5.178541E-13
1226.66793073397  4.091231E-13
1228.11558765451  4.077012E-13
1229.56324457504  4.332177E-13
1231.01090149558  4.223171E-13
1232.45855841612  4.284691E-13
1233.90621533665  4.002690E-13
1235.35387225719  3.661114E-13
1236.80152917773  3.908528E-13
1238.24918609826  4.049312E-13
1239.6968430188  3.910232E-13
1241.14449993934  3.846016E-13
1242.59215685987  3.962130E-13
1244.03981378041  3.548128E-13
1245.48747070095  3.110791E-13
1246.93512762148  2.999730E-13
1248.38278454202  3.067967E-13
1249.83044146256  3.125709E-13
1251.27809838309  3.189737E-13
1252.72575530363  3.127269E-13
1254.17341222417  2.986954E-13
1255.62106914471  2.895804E-13
1257.06872606524  2.954778E-13
1258.51638298578  2.614738E-13
1259.96403990632  2.585128E-13
1261.41169682685  2.663692E-13
1262.85935374739  2.652033E-13
1264.30701066793  2.493800E-13
1265.75466758846  2.490190E-13
1267.202324509  2.589176E-13
1268.64998142954  2.393672E-13
1270.09763835007  2.558619E-13
1271.54529527061  2.799265E-13
1272.99295219115  2.425831E-13
1274.44060911168  2.442079E-13
1275.88826603222  2.332881E-13
1277.33592295276  2.331723E-13
1278.78357987329  2.439638E-13
1280.23123679383  2.236208E-13
1281.67889371437  2.344500E-13
1283.1265506349  2.094038E-13
1284.57420755544  1.969208E-13
1286.02186447598  2.106193E-13
1287.46952139651  2.057798E-13
1288.91717831705  2.470570E-13
1290.36483523759  2.352709E-13
1291.81249215812  2.287477E-13
1293.26014907866  2.323134E-13
1294.7078059992  2.224680E-13
1296.15546291974  2.563792E-13
1297.60311984027  2.260732E-13
1299.05077676081  2.280703E-13
1300.49843368135  2.204591E-13
1301.94609060188  2.433020E-13
1303.39374752242  2.222235E-13
1304.84140444296  2.249657E-13
1306.28906136349  1.994229E-13
1307.73671828403  2.364441E-13
1309.18437520457  2.302914E-13
1310.6320321251  2.254719E-13
1312.07968904564  2.371803E-13
1313.52734596618  2.006042E-13
1314.97500288671  2.015264E-13
1316.42265980725  1.916220E-13
1317.87031672779  1.925105E-13
1319.31797364832  1.915157E-13
1320.76563056886  1.947863E-13
1322.2132874894  1.910916E-13
1323.66094440993  1.907689E-13
1325.10860133047  2.029238E-13
1326.55625825101  1.893717E-13
1328.00391517154  1.854200E-13
1329.45157209208  2.030575E-13
1330.89922901262  2.017193E-13
1332.34688593315  2.149828E-13
1333.79454285369  2.116160E-13
1335.24219977423  1.917749E-13
1336.68985669477  1.878459E-13
1338.1375136153  2.018371E-13
1339.58517053584  2.038898E-13
1341.03282745638  2.018374E-13
1342.48048437691  2.257979E-13
1343.92814129745  2.050317E-13
1345.37579821799  1.768348E-13
1346.82345513852  2.096697E-13
1348.27111205906  2.351983E-13
1349.7187689796  2.221838E-13
1351.16642590013  2.405121E-13
1352.61408282067  2.060308E-13
1354.06173974121  1.998550E-13
1355.50939666174  2.146721E-13
1356.95705358228  2.376990E-13
1358.40471050282  1.970866E-13
1359.85236742335  2.020324E-13
1361.30002434389  2.177438E-13
1362.74768126443  2.236263E-13
1364.19533818496  2.236999E-13
1365.6429951055  2.066692E-13
1367.09065202604  2.387566E-13
1368.53830894657  2.501039E-13
1369.98596586711  2.192491E-13
1371.43362278765  2.095629E-13
1372.88127970819  2.304293E-13
1374.32893662872  2.044051E-13
1375.77659354926  1.953836E-13
1377.2242504698  2.003159E-13
1378.67190739033  2.073494E-13
1380.11956431087  2.195943E-13
1381.56722123141  2.219416E-13
1383.01487815194  2.051455E-13
1384.46253507248  2.150670E-13
1385.91019199302  2.188403E-13
1387.35784891355  2.016508E-13
1388.80550583409  2.251645E-13
1390.25316275463  2.302899E-13
1391.70081967516  2.220098E-13
1393.1484765957  2.661373E-13
1394.59613351624  2.736650E-13
1396.04379043677  2.620742E-13
1397.49144735731  2.343544E-13
1398.93910427785  2.585839E-13
1400.38676119838  2.538668E-13
1401.83441811892  2.648435E-13
1403.28207503946  2.468982E-13
1404.72973195999  2.291299E-13
1406.17738888053  2.170043E-13
1407.62504580107  2.042403E-13
1409.0727027216  2.304236E-13
1410.52035964214  2.131525E-13
1411.96801656268  2.078484E-13
1413.41567348322  2.144110E-13
1414.86333040375  1.974007E-13
1416.31098732429  2.324548E-13
1417.75864424483  2.193743E-13
1419.20630116536  1.964481E-13
1420.6539580859  2.008024E-13
1422.10161500644  2.033685E-13
1423.54927192697  2.073145E-13
1424.99692884751  2.111974E-13
1426.44458576805  1.912946E-13
1427.89224268858  1.827581E-13
1429.33989960912  2.130929E-13
1430.78755652966  2.035063E-13
1432.23521345019  1.979092E-13
1433.68287037073  2.100379E-13
1435.13052729127  1.911712E-13
1436.5781842118  1.772059E-13
1438.02584113234  1.993656E-13
1439.47349805288  1.925357E-13
1440.92115497341  1.872218E-13
1442.36881189395  1.665321E-13
1443.81646881449  1.960695E-13
1445.26412573502  1.792491E-13
1446.71178265556  1.835812E-13
1448.1594395761  1.991824E-13
1449.60709649664  2.015616E-13
1451.05475341717  1.928972E-13
1452.50241033771  1.977602E-13
1453.95006725825  1.879909E-13
1455.39772417878  1.890634E-13
1456.84538109932  1.861225E-13
1458.29303801986  1.851248E-13
1459.74069494039  1.988939E-13
1461.18835186093  1.955937E-13
1462.63600878147  1.880009E-13
1464.083665702  1.944500E-13
1465.53132262254  1.814113E-13
1466.97897954308  1.783053E-13
1468.42663646361  1.829712E-13
1469.87429338415  2.021115E-13
1471.32195030469  2.092075E-13
1472.76960722522  1.904791E-13
1474.21726414576  1.800389E-13
1475.6649210663  1.947559E-13
1477.11257798683  1.842506E-13
1478.56023490737  1.762281E-13
1480.00789182791  1.877435E-13
1481.45554874844  1.958119E-13
1482.90320566898  1.959300E-13
1484.35086258952  1.904446E-13
1485.79851951005  1.820646E-13
1487.24617643059  1.769035E-13
1488.69383335113  1.711810E-13
1490.14149027167  1.699796E-13
1491.5891471922  1.783770E-13
1493.03680411274  1.695971E-13
1494.48446103328  1.679564E-13
1495.93211795381  1.803493E-13
1497.37977487435  1.732658E-13
1498.82743179489  1.818578E-13
1500.27508871542  1.970094E-13
1501.72274563596  1.855001E-13
1503.1704025565  1.885370E-13
1504.61805947703  2.054856E-13
1506.06571639757  1.971155E-13
1507.51337331811  2.029067E-13
1508.96103023864  2.046835E-13
1510.40868715918  2.086659E-13
1511.85634407972  2.078668E-13
1513.30400100025  1.891338E-13
1514.75165792079  1.839891E-13
1516.19931484133  2.037611E-13
1517.64697176186  1.954378E-13
1519.0946286824  1.883212E-13
1520.54228560294  2.213119E-13
1521.98994252347  2.214671E-13
1523.43759944401  2.084898E-13
1524.88525636455  2.191311E-13
1526.33291328509  2.204726E-13
1527.78057020562  2.383727E-13
1529.22822712616  2.339297E-13
1530.6758840467  2.477587E-13
1532.12354096723  2.474297E-13
1533.57119788777  2.583928E-13
1535.01885480831  2.786210E-13
1536.46651172884  2.836197E-13
1537.91416864938  3.010575E-13
1539.36182556992  3.383472E-13
1540.80948249045  3.521937E-13
1542.25713941099  3.805296E-13
1543.70479633153  4.052029E-13
1545.15245325206  4.174451E-13
1546.6001101726  4.060014E-13
1548.04776709314  3.916086E-13
1549.49542401367  3.464628E-13
1550.94308093421  3.543562E-13
1552.39073785475  3.477844E-13
1553.83839477528  3.225286E-13
1555.28605169582  2.825280E-13
1556.73370861636  2.844010E-13
1558.18136553689  2.704756E-13
1559.62902245743  2.588400E-13
1561.07667937797  2.351652E-13
1562.5243362985  2.442530E-13
1563.97199321904  2.348603E-13
1565.41965013958  2.217267E-13
1566.86730706012  2.138415E-13
1568.31496398065  2.318209E-13
1569.76262090119  2.263272E-13
1571.21027782173  2.237510E-13
1572.65793474226  2.284653E-13
1574.1055916628  2.160882E-13
1575.55324858334  2.050395E-13
1577.00090550387  2.035513E-13
1578.44856242441  2.046017E-13
1579.89621934495  2.136496E-13
1581.34387626548  2.102572E-13
1582.79153318602  2.054270E-13
1584.23919010656  2.041060E-13
1585.68684702709  1.946612E-13
1587.13450394763  1.896190E-13
1588.58216086817  1.849062E-13
1590.0298177887  1.848632E-13
1591.47747470924  1.939419E-13
1592.92513162978  1.913416E-13
1594.37278855031  1.891902E-13
1595.82044547085  1.830211E-13
1597.26810239139  1.850126E-13
1598.71575931192  1.802734E-13
1600.16341623246  1.864601E-13
1601.611073153  1.812924E-13
1603.05873007354  1.772768E-13
1604.50638699407  1.792709E-13
1605.95404391461  1.650507E-13
1607.40170083515  1.683005E-13
1608.84935775568  1.774261E-13
1610.29701467622  1.823284E-13
1611.74467159676  1.851572E-13
1613.19232851729  1.771573E-13
1614.63998543783  1.758798E-13
1616.08764235837  1.817053E-13
1617.5352992789  1.873800E-13
1618.98295619944  1.781040E-13
1620.43061311998  1.698004E-13
1621.87827004051  1.700841E-13
1623.32592696105  1.619339E-13
1624.77358388159  1.688811E-13
1626.22124080212  1.847097E-13
1627.66889772266  1.936050E-13
1629.1165546432  1.889782E-13
1630.56421156373  2.000907E-13
1632.01186848427  1.917487E-13
1633.45952540481  1.890337E-13
1634.90718232534  2.024169E-13
1636.35483924588  2.045270E-13
1637.80249616642  1.958088E-13
1639.25015308695  1.896633E-13
1640.69781000749  1.797196E-13
1642.14546692803  1.850856E-13
1643.59312384857  1.901336E-13
1645.0407807691  1.938624E-13
1646.48843768964  1.907596E-13
1647.93609461018  1.866780E-13
1649.38375153071  1.952845E-13
1650.83140845125  1.938463E-13
1652.27906537179  1.856281E-13
1653.72672229232  1.791871E-13
1655.17437921286  1.776366E-13
1656.6220361334  1.922425E-13
1658.06969305393  1.838665E-13
1659.51734997447  1.899118E-13
1660.96500689501  1.906597E-13
1662.41266381554  1.811496E-13
1663.86032073608  1.741900E-13
1665.30797765662  1.806030E-13
1666.75563457715  1.867304E-13
1668.20329149769  1.944846E-13
1669.65094841823  1.852143E-13
1671.09860533876  1.777631E-13
1672.5462622593  1.714727E-13
1673.99391917984  1.590059E-13
1675.44157610038  1.542578E-13
1676.88923302091  1.580690E-13
1678.33688994145  1.593245E-13
1679.78454686199  1.566008E-13
1681.23220378252  1.581451E-13
1682.67986070306  1.667302E-13
1684.1275176236  1.694087E-13
1685.57517454413  1.630235E-13
1687.02283146467  1.733677E-13
1688.47048838521  1.747038E-13
1689.91814530574  1.691553E-13
1691.36580222628  1.627644E-13
1692.81345914682  1.589186E-13
1694.26111606735  1.624238E-13
1695.70877298789  1.636591E-13
1697.15642990843  1.681505E-13
1698.60408682896  1.672818E-13
1700.0517437495  1.645056E-13
1701.49940067004  1.696984E-13
1702.94705759057  1.707154E-13
1704.39471451111  1.663537E-13
1705.84237143165  1.627469E-13
1707.29002835218  1.554203E-13
1708.73768527272  1.538365E-13
1710.18534219326  0.
1711.63299911379  0.
1713.08065603433  0.
1714.52831295487  0.
1715.97596987541  0.
1717.42362679594  0.
1718.87128371648  0.
1720.31894063702  0.
1721.76659755755  0.
1723.21425447809  0.
1724.66191139863  0.
1726.10956831916  0.
1727.5572252397  0.
1729.00488216024  0.
1730.45253908077  0.
1731.90019600131  0.
1733.34785292185  0.
1734.79550984238  0.
1736.24316676292  0.
1737.69082368346  0.
1739.13848060399  0.
1740.58613752453  0.
1742.03379444507  0.
1743.4814513656  0.
1744.92910828614  0.
1746.37676520668  0.
1747.82442212721  0.
1749.27207904775  0.
1750.71973596829  0.
1752.16739288882  0.
1753.61504980936  0.
1755.0627067299  0.
1756.51036365043  0.
1757.95802057097  0.
1759.40567749151  0.
1760.85333441205  0.
1762.30099133258  0.
1763.74864825312  0.
1765.19630517366  0.
1766.64396209419  0.
1768.09161901473  0.
1769.53927593527  0.
1770.9869328558  0.
1772.43458977634  0.
1773.88224669688  0.
1775.32990361741  0.
1776.77756053795  0.
1778.22521745849  0.
1779.67287437902  0.
1781.12053129956  0.
1782.5681882201  0.
1784.01584514063  0.
1785.46350206117  0.
1786.91115898171  0.
1788.35881590224  0.
1789.80647282278  0.
1791.25412974332  0.
1792.70178666385  0.
1794.14944358439  0.
1795.59710050493  0.
1797.04475742547  0.
1798.492414346  0.
1799.94007126654  0.
1801.38772818708  0.
1802.83538510761  0.
1804.28304202815  0.
1805.73069894869  0.
1807.17835586922  0.
1808.62601278976  0.
1810.0736697103  0.
1811.52132663083  0.
1812.96898355137  0.
1814.41664047191  0.
1815.86429739244  0.
1817.31195431298  0.
1818.75961123352  0.
1820.20726815405  0.
1821.65492507459  0.
1823.10258199513  0.
1824.55023891566  0.
1825.9978958362  0.
1827.44555275674  0.
1828.89320967727  0.
1830.34086659781  0.
1831.78852351835  0.
