906.735751295338  0.
908.183408215875  0.
909.631065136412  0.
911.078722056949  0.
912.526378977485  0.
913.974035898022  0.
915.421692818559  0.
916.869349739096  0.
918.317006659633  0.
919.764663580169  0.
921.212320500706  0.
922.659977421243  0.
924.10763434178  0.
925.555291262316  0.
927.002948182853  0.
928.45060510339  0.
929.898262023927  0.
931.345918944464  0.
932.793575865  0.
934.241232785537  0.
935.688889706074  0.
937.136546626611  0.
938.584203547148  0.
940.031860467684  0.
941.479517388221  0.
942.927174308758  0.
944.374831229295  0.
945.822488149832  0.
947.270145070369  0.
948.717801990905  0.
950.165458911442  0.
951.613115831979  0.
953.060772752515  0.
954.508429673052  0.
955.956086593589  0.
957.403743514126  0.
958.851400434663  0.
960.2990573552  0.
961.746714275736  0.
963.194371196273  0.
964.64202811681  0.
966.089685037347  0.
967.537341957883  0.
968.98499887842  0.
970.432655798957  0.
971.880312719494  0.
973.327969640031  0.
974.775626560567  0.
976.223283481104  0.
977.670940401641  0.
979.118597322178  0.
980.566254242715  0.
982.013911163251  0.
983.461568083788  0.
984.909225004325  0.
986.356881924862  0.
987.804538845399  0.
989.252195765935  0.
990.699852686472  0.
992.147509607009  0.
993.595166527546  4.825453E-13
995.042823448082  2.685091E-13
996.490480368619  4.324004E-13
997.938137289156  2.628556E-13
999.385794209693  3.935986E-13
1000.83345113023  3.942233E-13
1002.28110805077  3.903327E-13
1003.7287649713  3.570077E-13
1005.17642189184  5.826689E-13
1006.62407881238  4.674702E-13
1008.07173573291  4.951517E-13
1009.51939265345  5.162677E-13
1010.96704957399  4.161535E-13
1012.41470649452  4.290120E-13
1013.86236341506  3.499887E-13
1015.3100203356  3.606009E-13
1016.75767725613  4.132203E-13
1018.20533417667  4.608968E-13
1019.65299109721  4.362047E-13
1021.10064801775  4.402697E-13
1022.54830493828  4.189991E-13
1023.99596185882  5.470464E-13
1025.44361877936  4.959453E-13
1026.89127569989  5.193818E-13
1028.33893262043  4.634222E-13
1029.78658954097  4.269314E-13
1031.2342464615  4.661142E-13
1032.68190338204  5.034317E-13
1034.12956030258  4.488012E-13
1035.57721722311  4.568611E-13
1037.02487414365  4.332646E-13
1038.47253106419  4.331249E-13
1039.92018798472  4.058276E-13
1041.36784490526  4.223296E-13
1042.8155018258  4.016816E-13
1044.26315874633  5.264382E-13
1045.71081566687  6.187936E-13
1047.15847258741  6.683098E-13
1048.60612950794  5.467329E-13
1050.05378642848  4.042461E-13
1051.50144334902  3.432259E-13
1052.94910026955  3.654368E-13
1054.39675719009  4.149442E-13
1055.84441411063  4.213672E-13
1057.29207103116  3.351155E-13
1058.7397279517  3.318056E-13
1060.18738487224  3.848792E-13
1061.63504179277  3.884892E-13
1063.08269871331  4.383623E-13
1064.53035563385  4.449326E-13
1065.97801255439  3.871007E-13
1067.42566947492  4.453840E-13
1068.87332639546  3.311269E-13
1070.320983316  3.666275E-13
1071.76864023653  4.493558E-13
1073.21629715707  3.839178E-13
1074.66395407761  3.859037E-13
1076.11161099814  3.957204E-13
1077.55926791868  3.804756E-13
1079.00692483922  4.005635E-13
1080.45458175975  3.603976E-13
1081.90223868029  3.666316E-13
1083.34989560083  3.423864E-13
1084.79755252136  3.028396E-13
1086.2452094419  3.311508E-13
1087.69286636244  3.235313E-13
1089.14052328297  2.906423E-13
1090.58818020351  3.054601E-13
1092.03583712405  3.191762E-13
1093.48349404458  3.318098E-13
1094.93115096512  3.960901E-13
1096.37880788566  3.290566E-13
1097.82646480619  3.200786E-13
1099.27412172673  3.103928E-13
1100.72177864727  3.451212E-13
1102.1694355678  3.148466E-13
1103.61709248834  3.528730E-13
1105.06474940888  3.474123E-13
1106.51240632942  3.218603E-13
1107.96006324995  3.544957E-13
1109.40772017049  3.641198E-13
1110.85537709103  3.014376E-13
1112.30303401156  3.210163E-13
1113.7506909321  3.782463E-13
1115.19834785264  4.126413E-13
1116.64600477317  3.717785E-13
1118.09366169371  3.619048E-13
1119.54131861425  2.944624E-13
1120.98897553478  3.256978E-13
1122.43663245532  3.033956E-13
1123.88428937586  2.915488E-13
1125.33194629639  2.709650E-13
1126.77960321693  2.833277E-13
1128.22726013747  3.037345E-13
1129.674917058  3.542434E-13
1131.12257397854  3.419624E-13
1132.57023089908  3.307312E-13
1134.01788781961  2.960821E-13
1135.46554474015  3.362001E-13
1136.91320166069  3.036989E-13
1138.36085858122  2.988705E-13
1139.80851550176  3.209789E-13
1141.2561724223  3.111601E-13
1142.70382934284  3.117208E-13
1144.15148626337  3.207311E-13
1145.59914318391  3.111360E-13
1147.04680010445  3.168026E-13
1148.49445702498  3.312797E-13
1149.94211394552  2.979083E-13
1151.38977086606  3.441596E-13
1152.83742778659  3.082208E-13
1154.28508470713  2.690364E-13
1155.73274162767  3.334646E-13
1157.1803985482  3.593998E-13
1158.62805546874  3.196951E-13
1160.07571238928  3.102689E-13
1161.52336930981  2.893348E-13
1162.97102623035  3.130101E-13
1164.41868315089  3.810300E-13
1165.86634007142  3.155921E-13
1167.31399699196  3.372286E-13
1168.7616539125  3.079266E-13
1170.20931083303  4.400649E-13
1171.65696775357  3.706135E-13
1173.10462467411  3.335893E-13
1174.55228159464  3.272710E-13
1175.99993851518  3.395180E-13
1177.44759543572  3.753680E-13
1178.89525235625  2.953382E-13
1180.34290927679  3.375244E-13
1181.79056619733  3.709482E-13
1183.23822311787  3.242290E-13
1184.6858800384  3.914792E-13
1186.13353695894  3.566281E-13
1187.58119387948  3.778101E-13
1189.02885080001  3.298376E-13
1190.47650772055  3.694491E-13
1191.92416464109  3.666305E-13
1193.37182156162  4.054950E-13
1194.81947848216  3.742756E-13
1196.2671354027  4.450707E-13
1197.71479232323  4.390053E-13
1199.16244924377  4.955460E-13
1200.61010616431  4.914402E-13
1202.05776308484  4.419918E-13
1203.50542000538  4.854739E-13
1204.95307692592  5.605669E-13
1206.40073384645  5.870621E-13
1207.84839076699  7.268245E-13
1209.29604768753  7.215133E-13
1210.74370460806  7.553961E-13
1212.1913615286  1.019056E-12
1213.63901844914  9.289618E-13
1215.08667536967  1.140453E-12
1216.53433229021  8.405992E-13
1217.98198921075  9.859560E-13
1219.42964613129  8.259797E-13
1220.87730305182  8.012671E-13
1222.32495997236  6.516957E-13
1223.7726168929  5.450562E-13
1225.22027381343  5.473607E-13
1226.66793073397  5.395000E-13
1228.11558765451  4.872347E-13
1229.56324457504  4.409657E-13
1231.01090149558  4.284737E-13
1232.45855841612  4.709776E-13
1233.90621533665  4.840340E-13
1235.35387225719  4.371028E-13
1236.80152917773  4.555969E-13
1238.24918609826  4.905453E-13
1239.6968430188  4.376839E-13
1241.14449993934  4.586570E-13
1242.59215685987  3.955556E-13
1244.03981378041  4.273412E-13
1245.48747070095  4.139793E-13
1246.93512762148  3.910545E-13
1248.38278454202  3.755218E-13
1249.83044146256  3.991106E-13
1251.27809838309  3.160446E-13
1252.72575530363  3.689499E-13
1254.17341222417  3.782458E-13
1255.62106914471  2.904719E-13
1257.06872606524  3.029252E-13
1258.51638298578  3.890325E-13
1259.96403990632  3.670204E-13
1261.41169682685  3.350031E-13
1262.85935374739  3.035879E-13
1264.30701066793  3.367710E-13
1265.75466758846  3.142846E-13
1267.202324509  3.143412E-13
1268.64998142954  3.273326E-13
1270.09763835007  3.050174E-13
1271.54529527061  3.244989E-13
1272.99295219115  2.844855E-13
1274.44060911168  2.731822E-13
1275.88826603222  2.821263E-13
1277.33592295276  3.217197E-13
1278.78357987329  2.865441E-13
1280.23123679383  3.246355E-13
1281.67889371437  3.043324E-13
1283.1265506349  2.929618E-13
1284.57420755544  2.933411E-13
1286.02186447598  2.982665E-13
1287.46952139651  2.876838E-13
1288.91717831705  2.693386E-13
1290.36483523759  3.083720E-13
1291.81249215812  2.603641E-13
1293.26014907866  3.111710E-13
1294.7078059992  2.968959E-13
1296.15546291974  2.966535E-13
1297.60311984027  2.552129E-13
1299.05077676081  3.180960E-13
1300.49843368135  2.654252E-13
1301.94609060188  3.168002E-13
1303.39374752242  2.969061E-13
1304.84140444296  2.476146E-13
1306.28906136349  2.638515E-13
1307.73671828403  2.488769E-13
1309.18437520457  2.561046E-13
1310.6320321251  2.736825E-13
1312.07968904564  2.955536E-13
1313.52734596618  2.789500E-13
1314.97500288671  3.127830E-13
1316.42265980725  2.776397E-13
1317.87031672779  2.336969E-13
1319.31797364832  2.333094E-13
1320.76563056886  2.394126E-13
1322.2132874894  2.390169E-13
1323.66094440993  2.661919E-13
1325.10860133047  3.062868E-13
1326.55625825101  2.496385E-13
1328.00391517154  2.959261E-13
1329.45157209208  2.854753E-13
1330.89922901262  2.958092E-13
1332.34688593315  3.203531E-13
1333.79454285369  2.958538E-13
1335.24219977423  3.200734E-13
1336.68985669477  2.389874E-13
1338.1375136153  2.630695E-13
1339.58517053584  2.305087E-13
1341.03282745638  3.283708E-13
1342.48048437691  2.459094E-13
1343.92814129745  2.416898E-13
1345.37579821799  2.724389E-13
1346.82345513852  2.392658E-13
1348.27111205906  2.925239E-13
1349.7187689796  2.628397E-13
1351.16642590013  3.424142E-13
1352.61408282067  2.663182E-13
1354.06173974121  2.217837E-13
1355.50939666174  2.688983E-13
1356.95705358228  2.553551E-13
1358.40471050282  2.428814E-13
1359.85236742335  2.350352E-13
1361.30002434389  2.599113E-13
1362.74768126443  2.817381E-13
1364.19533818496  2.778138E-13
1365.6429951055  2.431458E-13
1367.09065202604  2.940619E-13
1368.53830894657  2.848707E-13
1369.98596586711  2.507571E-13
1371.43362278765  2.442276E-13
1372.88127970819  2.479354E-13
1374.32893662872  2.371912E-13
1375.77659354926  2.489414E-13
1377.2242504698  2.615129E-13
1378.67190739033  2.463857E-13
1380.11956431087  2.300923E-13
1381.56722123141  2.567276E-13
1383.01487815194  2.286779E-13
1384.46253507248  2.622761E-13
1385.91019199302  2.618714E-13
1387.35784891355  2.451739E-13
1388.80550583409  2.582474E-13
1390.25316275463  2.642996E-13
1391.70081967516  2.545087E-13
1393.1484765957  2.866380E-13
1394.59613351624  3.000085E-13
1396.04379043677  3.408914E-13
1397.49144735731  2.874292E-13
1398.93910427785  3.046368E-13
1400.38676119838  3.002980E-13
1401.83441811892  2.999067E-13
1403.28207503946  2.596460E-13
1404.72973195999  2.798753E-13
1406.17738888053  2.549787E-13
1407.62504580107  2.797870E-13
1409.0727027216  3.163535E-13
1410.52035964214  2.534421E-13
1411.96801656268  2.657425E-13
1413.41567348322  2.669959E-13
1414.86333040375  2.654840E-13
1416.31098732429  2.424422E-13
1417.75864424483  2.580257E-13
1419.20630116536  2.893713E-13
1420.6539580859  2.618076E-13
1422.10161500644  2.644173E-13
1423.54927192697  2.654893E-13
1424.99692884751  2.647684E-13
1426.44458576805  2.654751E-13
1427.89224268858  3.003613E-13
1429.33989960912  2.654969E-13
1430.78755652966  2.316037E-13
1432.23521345019  2.444400E-13
1433.68287037073  2.801733E-13
1435.13052729127  2.578854E-13
1436.5781842118  2.272260E-13
1438.02584113234  2.495773E-13
1439.47349805288  2.621527E-13
1440.92115497341  2.419056E-13
1442.36881189395  2.049214E-13
1443.81646881449  2.155417E-13
1445.26412573502  2.307097E-13
1446.71178265556  2.301209E-13
1448.1594395761  2.483993E-13
1449.60709649664  2.232365E-13
1451.05475341717  2.176639E-13
1452.50241033771  2.488863E-13
1453.95006725825  2.250934E-13
1455.39772417878  2.306441E-13
1456.84538109932  2.483509E-13
1458.29303801986  2.797722E-13
1459.74069494039  2.810941E-13
1461.18835186093  2.971917E-13
1462.63600878147  3.534856E-13
1464.083665702  4.366014E-13
1465.53132262254  3.450723E-13
1466.97897954308  3.486889E-13
1468.42663646361  3.169766E-13
1469.87429338415  2.977831E-13
1471.32195030469  2.566252E-13
1472.76960722522  2.546395E-13
1474.21726414576  2.978632E-13
1475.6649210663  2.851690E-13
1477.11257798683  2.610289E-13
1478.56023490737  2.738146E-13
1480.00789182791  2.444858E-13
1481.45554874844  2.557776E-13
1482.90320566898  2.664909E-13
1484.35086258952  2.667796E-13
1485.79851951005  2.629421E-13
1487.24617643059  2.173368E-13
1488.69383335113  2.232644E-13
1490.14149027167  2.360544E-13
1491.5891471922  2.394170E-13
1493.03680411274  2.416294E-13
1494.48446103328  2.511614E-13
1495.93211795381  2.449006E-13
1497.37977487435  2.289358E-13
1498.82743179489  2.371932E-13
1500.27508871542  2.481784E-13
1501.72274563596  2.530597E-13
1503.1704025565  2.500772E-13
1504.61805947703  2.435400E-13
1506.06571639757  2.526557E-13
1507.51337331811  2.541591E-13
1508.96103023864  2.510116E-13
1510.40868715918  2.373599E-13
1511.85634407972  2.461933E-13
1513.30400100025  2.523765E-13
1514.75165792079  2.581206E-13
1516.19931484133  2.776080E-13
1517.64697176186  2.631574E-13
1519.0946286824  2.501647E-13
1520.54228560294  2.656743E-13
1521.98994252347  2.872047E-13
1523.43759944401  2.753212E-13
1524.88525636455  2.648734E-13
1526.33291328509  2.797804E-13
1527.78057020562  2.677007E-13
1529.22822712616  2.594580E-13
1530.6758840467  2.782311E-13
1532.12354096723  2.792022E-13
1533.57119788777  3.163481E-13
1535.01885480831  3.153981E-13
1536.46651172884  3.025461E-13
1537.91416864938  3.382356E-13
1539.36182556992  3.986219E-13
1540.80948249045  4.274604E-13
1542.25713941099  3.878709E-13
1543.70479633153  3.913790E-13
1545.15245325206  4.037928E-13
1546.6001101726  4.096989E-13
1548.04776709314  3.645198E-13
1549.49542401367  3.776414E-13
1550.94308093421  3.944469E-13
1552.39073785475  3.709139E-13
1553.83839477528  3.566781E-13
1555.28605169582  3.316510E-13
1556.73370861636  3.303934E-13
1558.18136553689  2.993779E-13
1559.62902245743  2.726705E-13
1561.07667937797  2.618523E-13
1562.5243362985  2.796130E-13
1563.97199321904  2.895346E-13
1565.41965013958  2.721252E-13
1566.86730706012  2.596040E-13
1568.31496398065  2.481316E-13
1569.76262090119  2.559422E-13
1571.21027782173  2.469898E-13
1572.65793474226  2.633075E-13
1574.1055916628  2.643284E-13
1575.55324858334  2.449809E-13
1577.00090550387  2.425055E-13
1578.44856242441  2.637657E-13
1579.89621934495  2.706950E-13
1581.34387626548  2.458192E-13
1582.79153318602  2.292700E-13
1584.23919010656  2.240977E-13
1585.68684702709  2.346426E-13
1587.13450394763  2.246034E-13
1588.58216086817  2.136844E-13
1590.0298177887  2.134548E-13
1591.47747470924  2.239746E-13
1592.92513162978  2.239363E-13
1594.37278855031  2.137453E-13
1595.82044547085  2.033955E-13
1597.26810239139  2.017110E-13
1598.71575931192  2.130069E-13
1600.16341623246  2.106913E-13
1601.611073153  1.970637E-13
1603.05873007354  2.070834E-13
1604.50638699407  2.067804E-13
1605.95404391461  2.040432E-13
1607.40170083515  1.976731E-13
1608.84935775568  1.901722E-13
1610.29701467622  2.078066E-13
1611.74467159676  2.134634E-13
1613.19232851729  2.210632E-13
1614.63998543783  2.205464E-13
1616.08764235837  2.202528E-13
1617.5352992789  2.195062E-13
1618.98295619944  2.114966E-13
1620.43061311998  2.186830E-13
1621.87827004051  2.256875E-13
1623.32592696105  2.326168E-13
1624.77358388159  2.337660E-13
1626.22124080212  2.225171E-13
1627.66889772266  2.261409E-13
1629.1165546432  2.410323E-13
1630.56421156373  2.327356E-13
1632.01186848427  2.324217E-13
1633.45952540481  2.425472E-13
1634.90718232534  2.431199E-13
1636.35483924588  2.438200E-13
1637.80249616642  2.242788E-13
1639.25015308695  2.077552E-13
1640.69781000749  2.101271E-13
1642.14546692803  2.157860E-13
1643.59312384857  2.250121E-13
1645.0407807691  2.297561E-13
1646.48843768964  2.160656E-13
1647.93609461018  2.148198E-13
1649.38375153071  2.195290E-13
1650.83140845125  2.197318E-13
1652.27906537179  2.225919E-13
1653.72672229232  2.150922E-13
1655.17437921286  2.165792E-13
1656.6220361334  2.192664E-13
1658.06969305393  2.050533E-13
1659.51734997447  2.145387E-13
1660.96500689501  1.944246E-13
1662.41266381554  2.056296E-13
1663.86032073608  2.091645E-13
1665.30797765662  2.135161E-13
1666.75563457715  2.182852E-13
1668.20329149769  2.169153E-13
1669.65094841823  2.029378E-13
1671.09860533876  2.070917E-13
1672.5462622593  2.056719E-13
1673.99391917984  2.023424E-13
1675.44157610038  2.132776E-13
1676.88923302091  2.078650E-13
1678.33688994145  2.041276E-13
1679.78454686199  1.896538E-13
1681.23220378252  1.871649E-13
1682.67986070306  1.819662E-13
1684.1275176236  1.894882E-13
1685.57517454413  1.955628E-13
1687.02283146467  2.068949E-13
1688.47048838521  2.129856E-13
1689.91814530574  2.146843E-13
1691.36580222628  1.954070E-13
1692.81345914682  1.917141E-13
1694.26111606735  1.932378E-13
1695.70877298789  1.875651E-13
1697.15642990843  1.964792E-13
1698.60408682896  1.967420E-13
1700.0517437495  1.890108E-13
1701.49940067004  1.910496E-13
1702.94705759057  1.882126E-13
1704.39471451111  1.891390E-13
1705.84237143165  1.945890E-13
1707.29002835218  1.850823E-13
1708.73768527272  1.894991E-13
1710.18534219326  0.
1711.63299911379  0.
1713.08065603433  0.
1714.52831295487  0.
1715.97596987541  0.
1717.42362679594  0.
1718.87128371648  0.
1720.31894063702  0.
1721.76659755755  0.
1723.21425447809  0.
1724.66191139863  0.
1726.10956831916  0.
1727.5572252397  0.
1729.00488216024  0.
1730.45253908077  0.
1731.90019600131  0.
1733.34785292185  0.
1734.79550984238  0.
1736.24316676292  0.
1737.69082368346  0.
1739.13848060399  0.
1740.58613752453  0.
1742.03379444507  0.
1743.4814513656  0.
1744.92910828614  0.
1746.37676520668  0.
1747.82442212721  0.
1749.27207904775  0.
1750.71973596829  0.
1752.16739288882  0.
1753.61504980936  0.
1755.0627067299  0.
1756.51036365043  0.
1757.95802057097  0.
1759.40567749151  0.
1760.85333441205  0.
1762.30099133258  0.
1763.74864825312  0.
1765.19630517366  0.
1766.64396209419  0.
1768.09161901473  0.
1769.53927593527  0.
1770.9869328558  0.
1772.43458977634  0.
1773.88224669688  0.
1775.32990361741  0.
1776.77756053795  0.
1778.22521745849  0.
1779.67287437902  0.
1781.12053129956  0.
1782.5681882201  0.
1784.01584514063  0.
1785.46350206117  0.
1786.91115898171  0.
1788.35881590224  0.
1789.80647282278  0.
1791.25412974332  0.
1792.70178666385  0.
1794.14944358439  0.
1795.59710050493  0.
1797.04475742547  0.
1798.492414346  0.
1799.94007126654  0.
1801.38772818708  0.
1802.83538510761  0.
1804.28304202815  0.
1805.73069894869  0.
1807.17835586922  0.
1808.62601278976  0.
1810.0736697103  0.
1811.52132663083  0.
1812.96898355137  0.
1814.41664047191  0.
1815.86429739244  0.
1817.31195431298  0.
1818.75961123352  0.
1820.20726815405  0.
1821.65492507459  0.
1823.10258199513  0.
1824.55023891566  0.
1825.9978958362  0.
1827.44555275674  0.
1828.89320967727  0.
1830.34086659781  0.
1831.78852351835  0.
