906.735751295338  0.
908.183408215875  0.
909.631065136412  0.
911.078722056949  0.
912.526378977485  0.
913.974035898022  0.
915.421692818559  0.
916.869349739096  0.
918.317006659633  0.
919.764663580169  0.
921.212320500706  0.
922.659977421243  0.
924.10763434178  0.
925.555291262316  0.
927.002948182853  0.
928.45060510339  0.
929.898262023927  0.
931.345918944464  0.
932.793575865  0.
934.241232785537  0.
935.688889706074  0.
937.136546626611  0.
938.584203547148  0.
940.031860467684  0.
941.479517388221  0.
942.927174308758  0.
944.374831229295  0.
945.822488149832  0.
947.270145070369  0.
948.717801990905  0.
950.165458911442  0.
951.613115831979  0.
953.060772752515  0.
954.508429673052  0.
955.956086593589  0.
957.403743514126  0.
958.851400434663  0.
960.2990573552  0.
961.746714275736  0.
963.194371196273  0.
964.64202811681  0.
966.089685037347  0.
967.537341957883  0.
968.98499887842  0.
970.432655798957  0.
971.880312719494  0.
973.327969640031  0.
974.775626560567  0.
976.223283481104  0.
977.670940401641  0.
979.118597322178  0.
980.566254242715  0.
982.013911163251  0.
983.461568083788  0.
984.909225004325  0.
986.356881924862  0.
987.804538845399  0.
989.252195765935  0.
990.699852686472  0.
992.147509607009  0.
993.595166527546  1.006109E-13
995.042823448082  6.221102E-13
996.490480368619  4.019360E-13
997.938137289156  4.956803E-13
999.385794209693  4.652751E-13
1000.83345113023  2.878832E-13
1002.28110805077  6.003182E-13
1003.7287649713  5.585928E-13
1005.17642189184  4.405845E-13
1006.62407881238  5.748821E-13
1008.07173573291  5.409362E-13
1009.51939265345  6.051187E-13
1010.96704957399  5.087129E-13
1012.41470649452  4.165925E-13
1013.86236341506  4.244198E-13
1015.3100203356  5.330219E-13
1016.75767725613  5.235398E-13
1018.20533417667  5.526276E-13
1019.65299109721  5.417196E-13
1021.10064801775  5.078090E-13
1022.54830493828  4.915516E-13
1023.99596185882  5.526416E-13
1025.44361877936  5.234401E-13
1026.89127569989  5.485839E-13
1028.33893262043  5.301343E-13
1029.78658954097  4.929908E-13
1031.2342464615  7.752891E-13
1032.68190338204  4.944216E-13
1034.12956030258  4.938032E-13
1035.57721722311  5.214815E-13
1037.02487414365  4.654939E-13
1038.47253106419  5.128110E-13
1039.92018798472  4.446305E-13
1041.36784490526  4.456724E-13
1042.8155018258  5.100573E-13
1044.26315874633  6.043901E-13
1045.71081566687  6.580554E-13
1047.15847258741  6.435352E-13
1048.60612950794  4.289845E-13
1050.05378642848  5.470988E-13
1051.50144334902  3.837565E-13
1052.94910026955  3.959132E-13
1054.39675719009  4.202088E-13
1055.84441411063  3.984206E-13
1057.29207103116  3.868414E-13
1058.7397279517  3.248604E-13
1060.18738487224  3.709714E-13
1061.63504179277  3.863212E-13
1063.08269871331  3.824414E-13
1064.53035563385  4.700410E-13
1065.97801255439  4.163427E-13
1067.42566947492  4.029948E-13
1068.87332639546  4.181015E-13
1070.320983316  4.206048E-13
1071.76864023653  3.846052E-13
1073.21629715707  3.730379E-13
1074.66395407761  4.416805E-13
1076.11161099814  4.146626E-13
1077.55926791868  3.627898E-13
1079.00692483922  3.584696E-13
1080.45458175975  3.575126E-13
1081.90223868029  3.225713E-13
1083.34989560083  3.679788E-13
1084.79755252136  3.268995E-13
1086.2452094419  3.147459E-13
1087.69286636244  3.163715E-13
1089.14052328297  2.988531E-13
1090.58818020351  3.068047E-13
1092.03583712405  3.735698E-13
1093.48349404458  3.744189E-13
1094.93115096512  3.480578E-13
1096.37880788566  3.418996E-13
1097.82646480619  3.556973E-13
1099.27412172673  3.645328E-13
1100.72177864727  3.131814E-13
1102.1694355678  3.682425E-13
1103.61709248834  3.413161E-13
1105.06474940888  3.139651E-13
1106.51240632942  3.198890E-13
1107.96006324995  3.162641E-13
1109.40772017049  3.531260E-13
1110.85537709103  3.073056E-13
1112.30303401156  3.038915E-13
1113.7506909321  3.415364E-13
1115.19834785264  3.674434E-13
1116.64600477317  3.320867E-13
1118.09366169371  3.162528E-13
1119.54131861425  3.147703E-13
1120.98897553478  3.461713E-13
1122.43663245532  3.017731E-13
1123.88428937586  2.984558E-13
1125.33194629639  2.723050E-13
1126.77960321693  2.856336E-13
1128.22726013747  3.627441E-13
1129.674917058  3.261461E-13
1131.12257397854  3.816600E-13
1132.57023089908  3.330761E-13
1134.01788781961  2.975826E-13
1135.46554474015  2.784974E-13
1136.91320166069  2.855002E-13
1138.36085858122  3.204615E-13
1139.80851550176  3.732404E-13
1141.2561724223  3.336199E-13
1142.70382934284  3.197958E-13
1144.15148626337  3.049180E-13
1145.59914318391  2.984692E-13
1147.04680010445  3.154270E-13
1148.49445702498  3.819931E-13
1149.94211394552  3.360316E-13
1151.38977086606  3.265200E-13
1152.83742778659  2.675778E-13
1154.28508470713  2.755275E-13
1155.73274162767  3.118914E-13
1157.1803985482  3.526338E-13
1158.62805546874  3.463353E-13
1160.07571238928  3.126003E-13
1161.52336930981  3.048609E-13
1162.97102623035  3.133541E-13
1164.41868315089  3.199345E-13
1165.86634007142  3.180518E-13
1167.31399699196  3.577508E-13
1168.7616539125  3.189888E-13
1170.20931083303  3.235464E-13
1171.65696775357  3.193984E-13
1173.10462467411  3.746183E-13
1174.55228159464  3.463568E-13
1175.99993851518  3.248747E-13
1177.44759543572  3.378758E-13
1178.89525235625  3.397124E-13
1180.34290927679  3.790459E-13
1181.79056619733  4.116950E-13
1183.23822311787  3.647065E-13
1184.6858800384  3.605089E-13
1186.13353695894  3.712752E-13
1187.58119387948  3.594087E-13
1189.02885080001  3.594116E-13
1190.47650772055  4.225187E-13
1191.92416464109  4.157436E-13
1193.37182156162  4.095448E-13
1194.81947848216  4.095106E-13
1196.2671354027  4.397296E-13
1197.71479232323  4.600971E-13
1199.16244924377  5.000006E-13
1200.61010616431  4.954580E-13
1202.05776308484  5.105222E-13
1203.50542000538  4.562208E-13
1204.95307692592  5.024248E-13
1206.40073384645  6.122216E-13
1207.84839076699  7.572925E-13
1209.29604768753  7.504072E-13
1210.74370460806  8.170288E-13
1212.1913615286  9.490725E-13
1213.63901844914  9.318379E-13
1215.08667536967  1.092985E-12
1216.53433229021  8.951630E-13
1217.98198921075  7.867682E-13
1219.42964613129  8.038198E-13
1220.87730305182  6.692382E-13
1222.32495997236  5.727816E-13
1223.7726168929  4.590439E-13
1225.22027381343  4.989469E-13
1226.66793073397  5.066607E-13
1228.11558765451  4.942436E-13
1229.56324457504  4.945845E-13
1231.01090149558  4.371558E-13
1232.45855841612  5.171589E-13
1233.90621533665  4.815093E-13
1235.35387225719  4.387676E-13
1236.80152917773  4.332194E-13
1238.24918609826  5.025750E-13
1239.6968430188  4.198814E-13
1241.14449993934  4.533484E-13
1242.59215685987  4.426936E-13
1244.03981378041  4.156014E-13
1245.48747070095  4.058483E-13
1246.93512762148  3.380684E-13
1248.38278454202  3.495805E-13
1249.83044146256  3.961006E-13
1251.27809838309  3.184615E-13
1252.72575530363  3.114501E-13
1254.17341222417  3.501687E-13
1255.62106914471  3.470202E-13
1257.06872606524  3.478267E-13
1258.51638298578  4.461880E-13
1259.96403990632  3.841872E-13
1261.41169682685  3.651858E-13
1262.85935374739  2.956767E-13
1264.30701066793  3.048131E-13
1265.75466758846  3.171468E-13
1267.202324509  3.011729E-13
1268.64998142954  2.604463E-13
1270.09763835007  2.702916E-13
1271.54529527061  2.894690E-13
1272.99295219115  2.715809E-13
1274.44060911168  3.139154E-13
1275.88826603222  2.909045E-13
1277.33592295276  2.727816E-13
1278.78357987329  2.561630E-13
1280.23123679383  2.887826E-13
1281.67889371437  2.823036E-13
1283.1265506349  2.574142E-13
1284.57420755544  2.500831E-13
1286.02186447598  2.713286E-13
1287.46952139651  2.574463E-13
1288.91717831705  2.476692E-13
1290.36483523759  2.613485E-13
1291.81249215812  2.643819E-13
1293.26014907866  2.866878E-13
1294.7078059992  3.177498E-13
1296.15546291974  2.778380E-13
1297.60311984027  2.548887E-13
1299.05077676081  3.038461E-13
1300.49843368135  2.674471E-13
1301.94609060188  3.069779E-13
1303.39374752242  3.307793E-13
1304.84140444296  3.268098E-13
1306.28906136349  2.887703E-13
1307.73671828403  2.779329E-13
1309.18437520457  2.656045E-13
1310.6320321251  2.679173E-13
1312.07968904564  2.804781E-13
1313.52734596618  2.866114E-13
1314.97500288671  2.727007E-13
1316.42265980725  2.510477E-13
1317.87031672779  2.226971E-13
1319.31797364832  2.447477E-13
1320.76563056886  2.632349E-13
1322.2132874894  2.392563E-13
1323.66094440993  2.672462E-13
1325.10860133047  2.356341E-13
1326.55625825101  2.872599E-13
1328.00391517154  3.213619E-13
1329.45157209208  2.706922E-13
1330.89922901262  2.408516E-13
1332.34688593315  2.708206E-13
1333.79454285369  2.446876E-13
1335.24219977423  3.007934E-13
1336.68985669477  2.613002E-13
1338.1375136153  2.677847E-13
1339.58517053584  2.201076E-13
1341.03282745638  2.724708E-13
1342.48048437691  2.844746E-13
1343.92814129745  3.125353E-13
1345.37579821799  2.910735E-13
1346.82345513852  2.835644E-13
1348.27111205906  2.649827E-13
1349.7187689796  2.741252E-13
1351.16642590013  3.125771E-13
1352.61408282067  2.194520E-13
1354.06173974121  2.015119E-13
1355.50939666174  2.613340E-13
1356.95705358228  2.427839E-13
1358.40471050282  2.747362E-13
1359.85236742335  2.946107E-13
1361.30002434389  2.907730E-13
1362.74768126443  3.005045E-13
1364.19533818496  3.020100E-13
1365.6429951055  2.936965E-13
1367.09065202604  2.604718E-13
1368.53830894657  2.911785E-13
1369.98596586711  2.544225E-13
1371.43362278765  1.703558E-13
1372.88127970819  2.713597E-13
1374.32893662872  2.398630E-13
1375.77659354926  2.290294E-13
1377.2242504698  2.478982E-13
1378.67190739033  2.659686E-13
1380.11956431087  3.026620E-13
1381.56722123141  3.335715E-13
1383.01487815194  2.800630E-13
1384.46253507248  2.837354E-13
1385.91019199302  2.275028E-13
1387.35784891355  2.505643E-13
1388.80550583409  2.650337E-13
1390.25316275463  2.782905E-13
1391.70081967516  2.350888E-13
1393.1484765957  2.915281E-13
1394.59613351624  2.864836E-13
1396.04379043677  2.939656E-13
1397.49144735731  2.928400E-13
1398.93910427785  2.779702E-13
1400.38676119838  3.025639E-13
1401.83441811892  3.328239E-13
1403.28207503946  2.713070E-13
1404.72973195999  2.805501E-13
1406.17738888053  2.569258E-13
1407.62504580107  3.012666E-13
1409.0727027216  2.966454E-13
1410.52035964214  2.821043E-13
1411.96801656268  2.897977E-13
1413.41567348322  2.547414E-13
1414.86333040375  2.083094E-13
1416.31098732429  2.172835E-13
1417.75864424483  2.529301E-13
1419.20630116536  2.354294E-13
1420.6539580859  2.673050E-13
1422.10161500644  2.642535E-13
1423.54927192697  2.738901E-13
1424.99692884751  2.570089E-13
1426.44458576805  2.682000E-13
1427.89224268858  2.507754E-13
1429.33989960912  2.621134E-13
1430.78755652966  2.435651E-13
1432.23521345019  2.252696E-13
1433.68287037073  2.507322E-13
1435.13052729127  2.790116E-13
1436.5781842118  2.728305E-13
1438.02584113234  2.608370E-13
1439.47349805288  2.672629E-13
1440.92115497341  2.201520E-13
1442.36881189395  2.007009E-13
1443.81646881449  1.923966E-13
1445.26412573502  2.194965E-13
1446.71178265556  2.502637E-13
1448.1594395761  2.482775E-13
1449.60709649664  2.619400E-13
1451.05475341717  2.376646E-13
1452.50241033771  2.303271E-13
1453.95006725825  2.552936E-13
1455.39772417878  2.336779E-13
1456.84538109932  2.129609E-13
1458.29303801986  2.383162E-13
1459.74069494039  2.188040E-13
1461.18835186093  2.329797E-13
1462.63600878147  2.430120E-13
1464.083665702  2.249993E-13
1465.53132262254  2.405330E-13
1466.97897954308  2.190325E-13
1468.42663646361  2.004724E-13
1469.87429338415  2.186199E-13
1471.32195030469  2.168649E-13
1472.76960722522  2.300661E-13
1474.21726414576  2.462502E-13
1475.6649210663  2.615605E-13
1477.11257798683  2.323913E-13
1478.56023490737  2.240336E-13
1480.00789182791  2.141769E-13
1481.45554874844  2.314840E-13
1482.90320566898  2.436202E-13
1484.35086258952  2.395709E-13
1485.79851951005  2.521036E-13
1487.24617643059  2.382970E-13
1488.69383335113  2.211604E-13
1490.14149027167  2.213218E-13
1491.5891471922  2.143414E-13
1493.03680411274  2.300734E-13
1494.48446103328  2.311775E-13
1495.93211795381  2.446682E-13
1497.37977487435  2.349925E-13
1498.82743179489  2.552957E-13
1500.27508871542  2.446530E-13
1501.72274563596  2.437968E-13
1503.1704025565  2.403630E-13
1504.61805947703  2.317493E-13
1506.06571639757  2.278501E-13
1507.51337331811  2.420359E-13
1508.96103023864  2.126695E-13
1510.40868715918  2.347166E-13
1511.85634407972  2.224399E-13
1513.30400100025  2.543896E-13
1514.75165792079  2.440695E-13
1516.19931484133  2.336629E-13
1517.64697176186  2.530387E-13
1519.0946286824  2.303849E-13
1520.54228560294  2.375560E-13
1521.98994252347  2.303958E-13
1523.43759944401  2.502930E-13
1524.88525636455  2.618697E-13
1526.33291328509  2.847146E-13
1527.78057020562  2.909038E-13
1529.22822712616  2.696906E-13
1530.6758840467  2.664950E-13
1532.12354096723  2.693776E-13
1533.57119788777  3.034539E-13
1535.01885480831  3.131075E-13
1536.46651172884  3.281355E-13
1537.91416864938  3.646465E-13
1539.36182556992  3.803082E-13
1540.80948249045  4.012438E-13
1542.25713941099  4.118582E-13
1543.70479633153  4.464957E-13
1545.15245325206  4.093102E-13
1546.6001101726  3.823224E-13
1548.04776709314  3.658535E-13
1549.49542401367  3.627906E-13
1550.94308093421  3.889688E-13
1552.39073785475  3.617313E-13
1553.83839477528  3.449333E-13
1555.28605169582  3.102348E-13
1556.73370861636  3.056193E-13
1558.18136553689  2.971307E-13
1559.62902245743  2.767205E-13
1561.07667937797  2.884419E-13
1562.5243362985  2.742651E-13
1563.97199321904  2.848131E-13
1565.41965013958  2.770834E-13
1566.86730706012  2.453410E-13
1568.31496398065  2.666030E-13
1569.76262090119  2.686991E-13
1571.21027782173  2.556158E-13
1572.65793474226  2.500382E-13
1574.1055916628  2.402133E-13
1575.55324858334  2.444396E-13
1577.00090550387  2.354551E-13
1578.44856242441  2.542018E-13
1579.89621934495  2.439610E-13
1581.34387626548  2.383341E-13
1582.79153318602  2.463680E-13
1584.23919010656  2.152286E-13
1585.68684702709  2.203295E-13
1587.13450394763  2.059235E-13
1588.58216086817  2.113280E-13
1590.0298177887  2.129242E-13
1591.47747470924  2.324500E-13
1592.92513162978  2.328252E-13
1594.37278855031  2.327617E-13
1595.82044547085  2.166765E-13
1597.26810239139  2.030264E-13
1598.71575931192  2.054490E-13
1600.16341623246  2.108928E-13
1601.611073153  2.239420E-13
1603.05873007354  2.177212E-13
1604.50638699407  2.192372E-13
1605.95404391461  2.121625E-13
1607.40170083515  2.052579E-13
1608.84935775568  2.252244E-13
1610.29701467622  2.159718E-13
1611.74467159676  2.149720E-13
1613.19232851729  2.334104E-13
1614.63998543783  2.273467E-13
1616.08764235837  2.339639E-13
1617.5352992789  2.227054E-13
1618.98295619944  2.185301E-13
1620.43061311998  2.109718E-13
1621.87827004051  2.187472E-13
1623.32592696105  2.079614E-13
1624.77358388159  2.174747E-13
1626.22124080212  2.189296E-13
1627.66889772266  2.294838E-13
1629.1165546432  2.251941E-13
1630.56421156373  2.146447E-13
1632.01186848427  2.204256E-13
1633.45952540481  2.134737E-13
1634.90718232534  2.141714E-13
1636.35483924588  2.186280E-13
1637.80249616642  2.127754E-13
1639.25015308695  2.097931E-13
1640.69781000749  2.047840E-13
1642.14546692803  2.051321E-13
1643.59312384857  2.030687E-13
1645.0407807691  2.094390E-13
1646.48843768964  2.157463E-13
1647.93609461018  2.069164E-13
1649.38375153071  2.169488E-13
1650.83140845125  2.218136E-13
1652.27906537179  2.089008E-13
1653.72672229232  2.135491E-13
1655.17437921286  2.179630E-13
1656.6220361334  2.275683E-13
1658.06969305393  2.162868E-13
1659.51734997447  2.185831E-13
1660.96500689501  2.172085E-13
1662.41266381554  2.159371E-13
1663.86032073608  2.151076E-13
1665.30797765662  2.143650E-13
1666.75563457715  2.106628E-13
1668.20329149769  2.205574E-13
1669.65094841823  2.087829E-13
1671.09860533876  2.070484E-13
1672.5462622593  2.070381E-13
1673.99391917984  1.952833E-13
1675.44157610038  2.010083E-13
1676.88923302091  2.172110E-13
1678.33688994145  2.164453E-13
1679.78454686199  2.086959E-13
1681.23220378252  2.137738E-13
1682.67986070306  2.061841E-13
1684.1275176236  2.009711E-13
1685.57517454413  1.949077E-13
1687.02283146467  1.899455E-13
1688.47048838521  1.892744E-13
1689.91814530574  1.945575E-13
1691.36580222628  1.932193E-13
1692.81345914682  1.840908E-13
1694.26111606735  1.743370E-13
1695.70877298789  1.785006E-13
1697.15642990843  1.859706E-13
1698.60408682896  1.971950E-13
1700.0517437495  2.011477E-13
1701.49940067004  1.973313E-13
1702.94705759057  1.942045E-13
1704.39471451111  1.922122E-13
1705.84237143165  1.980443E-13
1707.29002835218  2.033499E-13
1708.73768527272  2.034926E-13
1710.18534219326  0.
1711.63299911379  0.
1713.08065603433  0.
1714.52831295487  0.
1715.97596987541  0.
1717.42362679594  0.
1718.87128371648  0.
1720.31894063702  0.
1721.76659755755  0.
1723.21425447809  0.
1724.66191139863  0.
1726.10956831916  0.
1727.5572252397  0.
1729.00488216024  0.
1730.45253908077  0.
1731.90019600131  0.
1733.34785292185  0.
1734.79550984238  0.
1736.24316676292  0.
1737.69082368346  0.
1739.13848060399  0.
1740.58613752453  0.
1742.03379444507  0.
1743.4814513656  0.
1744.92910828614  0.
1746.37676520668  0.
1747.82442212721  0.
1749.27207904775  0.
1750.71973596829  0.
1752.16739288882  0.
1753.61504980936  0.
1755.0627067299  0.
1756.51036365043  0.
1757.95802057097  0.
1759.40567749151  0.
1760.85333441205  0.
1762.30099133258  0.
1763.74864825312  0.
1765.19630517366  0.
1766.64396209419  0.
1768.09161901473  0.
1769.53927593527  0.
1770.9869328558  0.
1772.43458977634  0.
1773.88224669688  0.
1775.32990361741  0.
1776.77756053795  0.
1778.22521745849  0.
1779.67287437902  0.
1781.12053129956  0.
1782.5681882201  0.
1784.01584514063  0.
1785.46350206117  0.
1786.91115898171  0.
1788.35881590224  0.
1789.80647282278  0.
1791.25412974332  0.
1792.70178666385  0.
1794.14944358439  0.
1795.59710050493  0.
1797.04475742547  0.
1798.492414346  0.
1799.94007126654  0.
1801.38772818708  0.
1802.83538510761  0.
1804.28304202815  0.
1805.73069894869  0.
1807.17835586922  0.
1808.62601278976  0.
1810.0736697103  0.
1811.52132663083  0.
1812.96898355137  0.
1814.41664047191  0.
1815.86429739244  0.
1817.31195431298  0.
1818.75961123352  0.
1820.20726815405  0.
1821.65492507459  0.
1823.10258199513  0.
1824.55023891566  0.
1825.9978958362  0.
1827.44555275674  0.
1828.89320967727  0.
1830.34086659781  0.
1831.78852351835  0.
