906.735751295338  0.
908.183365802898  0.
909.630980310458  0.
911.078594818018  0.
912.526209325578  0.
913.973823833137  0.
915.421438340697  0.
916.869052848257  0.
918.316667355817  0.
919.764281863377  0.
921.211896370937  0.
922.659510878497  0.
924.107125386056  0.
925.554739893616  0.
927.002354401176  0.
928.449968908736  0.
929.897583416296  0.
931.345197923856  0.
932.792812431415  0.
934.240426938975  0.
935.688041446535  0.
937.135655954095  0.
938.583270461655  0.
940.030884969215  0.
941.478499476774  0.
942.926113984334  0.
944.373728491894  0.
945.821342999454  0.
947.268957507014  0.
948.716572014574  0.
950.164186522133  0.
951.611801029693  0.
953.059415537253  0.
954.507030044813  0.
955.954644552373  0.
957.402259059933  0.
958.849873567493  0.
960.297488075052  0.
961.745102582612  0.
963.192717090172  0.
964.640331597732  0.
966.087946105292  0.
967.535560612852  0.
968.983175120411  0.
970.430789627971  0.
971.878404135531  0.
973.326018643091  0.
974.773633150651  0.
976.221247658211  0.
977.668862165771  0.
979.11647667333  0.
980.56409118089  0.
982.01170568845  0.
983.45932019601  0.
984.90693470357  0.
986.35454921113  0.
987.802163718689  0.
989.249778226249  0.
990.697392733809  0.
992.145007241369  0.
993.592621748929  2.771843E-13
995.040236256489  4.940777E-13
996.487850764048  5.891732E-13
997.935465271608  4.466889E-13
999.383079779168  5.723919E-13
1000.83069428673  4.536233E-13
1002.27830879429  5.441535E-13
1003.72592330185  5.740435E-13
1005.17353780941  4.773975E-13
1006.62115231697  4.975447E-13
1008.06876682453  5.818548E-13
1009.51638133209  5.033077E-13
1010.96399583965  5.073931E-13
1012.41161034721  5.467089E-13
1013.85922485477  4.030238E-13
1015.30683936233  4.544820E-13
1016.75445386989  5.407838E-13
1018.20206837745  5.035000E-13
1019.64968288501  4.722907E-13
1021.09729739257  4.332875E-13
1022.54491190013  5.116273E-13
1023.99252640769  5.242741E-13
1025.44014091525  5.533878E-13
1026.8877554228  6.235937E-13
1028.33536993037  5.375565E-13
1029.78298443792  5.161328E-13
1031.23059894548  5.204014E-13
1032.67821345304  5.323592E-13
1034.1258279606  4.449498E-13
1035.57344246816  4.642385E-13
1037.02105697572  5.576981E-13
1038.46867148328  4.703033E-13
1039.91628599084  4.788254E-13
1041.3639004984  4.423095E-13
1042.81151500596  4.841505E-13
1044.25912951352  4.926234E-13
1045.70674402108  6.302368E-13
1047.15435852864  7.374596E-13
1048.6019730362  8.766040E-13
1050.04958754376  8.069110E-13
1051.49720205132  7.951718E-13
1052.94481655888  8.688177E-13
1054.39243106644  6.683246E-13
1055.840045574  5.258776E-13
1057.28766008156  3.742498E-13
1058.73527458912  4.431947E-13
1060.18288909668  4.192222E-13
1061.63050360424  4.266187E-13
1063.0781181118  4.625840E-13
1064.52573261936  4.570491E-13
1065.97334712692  4.137229E-13
1067.42096163448  4.391693E-13
1068.86857614204  3.585169E-13
1070.3161906496  4.018606E-13
1071.76380515716  4.086123E-13
1073.21141966472  3.541999E-13
1074.65903417228  3.812541E-13
1076.10664867984  4.203145E-13
1077.5542631874  3.881243E-13
1079.00187769496  3.804039E-13
1080.44949220252  3.718783E-13
1081.89710671008  4.074162E-13
1083.34472121764  3.881160E-13
1084.7923357252  3.299102E-13
1086.23995023276  4.042126E-13
1087.68756474032  3.482757E-13
1089.13517924788  3.422338E-13
1090.58279375544  4.003054E-13
1092.030408263  3.465603E-13
1093.47802277056  3.286482E-13
1094.92563727812  3.312504E-13
1096.37325178568  3.301943E-13
1097.82086629324  3.031443E-13
1099.2684808008  3.629187E-13
1100.71609530836  3.474490E-13
1102.16370981592  3.783694E-13
1103.61132432348  3.613784E-13
1105.05893883104  4.021645E-13
1106.5065533386  3.454295E-13
1107.95416784616  4.257102E-13
1109.40178235372  3.087041E-13
1110.84939686128  3.807095E-13
1112.29701136884  3.919186E-13
1113.7446258764  3.860359E-13
1115.19224038396  3.494342E-13
1116.63985489152  3.578798E-13
1118.08746939908  3.370552E-13
1119.53508390664  3.431124E-13
1120.98269841419  3.521888E-13
1122.43031292175  3.168275E-13
1123.87792742931  3.472947E-13
1125.32554193687  3.341754E-13
1126.77315644443  3.302886E-13
1128.22077095199  3.183974E-13
1129.66838545955  3.761076E-13
1131.11599996711  3.749371E-13
1132.56361447467  3.666257E-13
1134.01122898223  3.622528E-13
1135.45884348979  3.503189E-13
1136.90645799735  3.052841E-13
1138.35407250491  3.183214E-13
1139.80168701247  4.512045E-13
1141.24930152003  3.223370E-13
1142.69691602759  3.242501E-13
1144.14453053515  3.596182E-13
1145.59214504271  3.611191E-13
1147.03975955027  3.341532E-13
1148.48737405783  3.545339E-13
1149.93498856539  3.447544E-13
1151.38260307295  2.939967E-13
1152.83021758051  3.123421E-13
1154.27783208807  3.243718E-13
1155.72544659563  3.597975E-13
1157.17306110319  3.225776E-13
1158.62067561075  3.491740E-13
1160.06829011831  3.684354E-13
1161.51590462587  3.631795E-13
1162.96351913343  3.201148E-13
1164.41113364099  3.794624E-13
1165.85874814855  3.404532E-13
1167.30636265611  3.912545E-13
1168.75397716367  3.230933E-13
1170.20159167123  3.317419E-13
1171.64920617879  3.728342E-13
1173.09682068635  3.762947E-13
1174.54443519391  3.811570E-13
1175.99204970147  4.066456E-13
1177.43966420903  3.617243E-13
1178.88727871659  3.659383E-13
1180.33489322415  3.802353E-13
1181.78250773171  3.576026E-13
1183.23012223927  3.483799E-13
1184.67773674683  3.504870E-13
1186.12535125439  4.336654E-13
1187.57296576195  4.549626E-13
1189.02058026951  4.175026E-13
1190.46819477707  5.146604E-13
1191.91580928463  4.392587E-13
1193.36342379219  4.582696E-13
1194.81103829975  4.900398E-13
1196.25865280731  4.555493E-13
1197.70626731487  5.162641E-13
1199.15388182243  5.331260E-13
1200.60149632999  4.898753E-13
1202.04911083755  5.234866E-13
1203.49672534511  5.175983E-13
1204.94433985267  5.970034E-13
1206.39195436023  5.891350E-13
1207.83956886779  6.854038E-13
1209.28718337535  8.605453E-13
1210.7347978829  9.698010E-13
1212.18241239046  9.656411E-13
1213.63002689802  8.324327E-13
1215.07764140558  1.218290E-12
1216.52525591314  9.790393E-13
1217.9728704207  9.296640E-13
1219.42048492826  8.746494E-13
1220.86809943582  7.893338E-13
1222.31571394338  6.235097E-13
1223.76332845094  5.881617E-13
1225.2109429585  5.399140E-13
1226.65855746606  5.080835E-13
1228.10617197362  5.174100E-13
1229.55378648118  4.975616E-13
1231.00140098874  4.962156E-13
1232.4490154963  5.459168E-13
1233.89663000386  5.220832E-13
1235.34424451142  5.007962E-13
1236.79185901898  5.520335E-13
1238.23947352654  4.952945E-13
1239.6870880341  4.809498E-13
1241.13470254166  4.921524E-13
1242.58231704922  4.621733E-13
1244.02993155678  4.955718E-13
1245.47754606434  4.553806E-13
1246.9251605719  4.218476E-13
1248.37277507946  4.535376E-13
1249.82038958702  3.788150E-13
1251.26800409458  4.047318E-13
1252.71561860214  4.350914E-13
1254.1632331097  3.986878E-13
1255.61084761726  3.355011E-13
1257.05846212482  3.355208E-13
1258.50607663238  3.731187E-13
1259.95369113994  4.050317E-13
1261.4013056475  3.550375E-13
1262.84892015506  3.690150E-13
1264.29653466262  4.372530E-13
1265.74414917018  3.531953E-13
1267.19176367774  2.964514E-13
1268.6393781853  3.274962E-13
1270.08699269286  3.612733E-13
1271.53460720042  3.040813E-13
1272.98222170798  3.868357E-13
1274.42983621554  3.583497E-13
1275.8774507231  2.878175E-13
1277.32506523066  2.981630E-13
1278.77267973822  3.234857E-13
1280.22029424578  3.365979E-13
1281.66790875334  2.815503E-13
1283.1155232609  3.005273E-13
1284.56313776846  2.962431E-13
1286.01075227602  3.146781E-13
1287.45836678358  3.087987E-13
1288.90598129114  3.394877E-13
1290.3535957987  3.665924E-13
1291.80121030626  3.761563E-13
1293.24882481382  3.557906E-13
1294.69643932138  3.193496E-13
1296.14405382894  3.587992E-13
1297.5916683365  3.297018E-13
1299.03928284406  3.182188E-13
1300.48689735162  3.328799E-13
1301.93451185917  3.432385E-13
1303.38212636674  3.671399E-13
1304.82974087429  3.407627E-13
1306.27735538185  3.310398E-13
1307.72496988941  2.997793E-13
1309.17258439697  3.142806E-13
1310.62019890453  3.047977E-13
1312.06781341209  3.003893E-13
1313.51542791965  2.885922E-13
1314.96304242721  3.036186E-13
1316.41065693477  2.990555E-13
1317.85827144233  2.403718E-13
1319.30588594989  2.709382E-13
1320.75350045745  2.907165E-13
1322.20111496501  3.439531E-13
1323.64872947257  3.395810E-13
1325.09634398013  3.568933E-13
1326.54395848769  3.033152E-13
1327.99157299525  3.192836E-13
1329.43918750281  3.745331E-13
1330.88680201037  3.536373E-13
1332.33441651793  3.548345E-13
1333.78203102549  2.761377E-13
1335.22964553305  3.109718E-13
1336.67726004061  3.307849E-13
1338.12487454817  3.083547E-13
1339.57248905573  2.587508E-13
1341.02010356329  2.584441E-13
1342.46771807085  2.823123E-13
1343.91533257841  2.806744E-13
1345.36294708597  2.518648E-13
1346.81056159353  2.898893E-13
1348.25817610109  2.339119E-13
1349.70579060865  2.306759E-13
1351.15340511621  2.926434E-13
1352.60101962377  2.922327E-13
1354.04863413133  2.941044E-13
1355.49624863889  2.781201E-13
1356.94386314645  3.166570E-13
1358.39147765401  3.100730E-13
1359.83909216157  2.888676E-13
1361.28670666913  3.198690E-13
1362.73432117669  3.054665E-13
1364.18193568425  3.032814E-13
1365.62955019181  3.325834E-13
1367.07716469937  3.137924E-13
1368.52477920693  3.087446E-13
1369.97239371449  2.842763E-13
1371.42000822205  2.572151E-13
1372.86762272961  3.103109E-13
1374.31523723717  3.137369E-13
1375.76285174473  3.078230E-13
1377.21046625229  2.785624E-13
1378.65808075985  2.459189E-13
1380.10569526741  2.725392E-13
1381.55330977497  3.021390E-13
1383.00092428253  3.172109E-13
1384.44853879009  3.070129E-13
1385.89615329765  3.080862E-13
1387.34376780521  3.628317E-13
1388.79138231277  3.034115E-13
1390.23899682033  3.627237E-13
1391.68661132789  3.385330E-13
1393.13422583545  3.065738E-13
1394.581840343  3.362002E-13
1396.02945485057  3.435514E-13
1397.47706935812  3.314497E-13
1398.92468386568  4.111470E-13
1400.37229837324  3.745307E-13
1401.8199128808  3.441004E-13
1403.26752738836  3.482115E-13
1404.71514189592  3.643108E-13
1406.16275640348  3.284061E-13
1407.61037091104  2.995338E-13
1409.0579854186  3.357816E-13
1410.50559992616  2.952050E-13
1411.95321443372  2.989649E-13
1413.40082894128  3.450095E-13
1414.84844344884  3.116385E-13
1416.2960579564  2.731067E-13
1417.74367246396  2.876184E-13
1419.19128697152  2.794379E-13
1420.63890147908  2.662216E-13
1422.08651598664  3.216583E-13
1423.5341304942  3.146198E-13
1424.98174500176  3.207039E-13
1426.42935950932  3.420436E-13
1427.87697401688  3.168563E-13
1429.32458852444  3.176155E-13
1430.772203032  2.822734E-13
1432.21981753956  2.974457E-13
1433.66743204712  3.410742E-13
1435.11504655468  2.816570E-13
1436.56266106224  3.103419E-13
1438.0102755698  3.064447E-13
1439.45789007736  2.752180E-13
1440.90550458492  2.724300E-13
1442.35311909248  2.444402E-13
1443.80073360004  2.553179E-13
1445.2483481076  2.813089E-13
1446.69596261516  2.759869E-13
1448.14357712272  2.811216E-13
1449.59119163028  2.601788E-13
1451.03880613784  2.641092E-13
1452.4864206454  3.017152E-13
1453.93403515296  2.926426E-13
1455.38164966052  2.714840E-13
1456.82926416808  2.782384E-13
1458.27687867564  2.729240E-13
1459.7244931832  2.815914E-13
1461.17210769076  2.621745E-13
1462.61972219832  2.788046E-13
1464.06733670588  3.087536E-13
1465.51495121344  2.754255E-13
1466.962565721  2.814778E-13
1468.41018022856  2.785909E-13
1469.85779473612  2.720269E-13
1471.30540924368  2.650765E-13
1472.75302375124  2.708259E-13
1474.2006382588  2.426784E-13
1475.64825276636  2.616474E-13
1477.09586727392  2.356391E-13
1478.54348178148  2.366835E-13
1479.99109628904  2.692495E-13
1481.4387107966  2.607102E-13
1482.88632530416  2.680086E-13
1484.33393981172  2.715405E-13
1485.78155431928  3.093215E-13
1487.22916882683  2.815505E-13
1488.67678333439  2.867029E-13
1490.12439784195  2.578613E-13
1491.57201234951  2.617810E-13
1493.01962685707  2.570791E-13
1494.46724136463  2.634890E-13
1495.91485587219  2.438644E-13
1497.36247037975  2.908803E-13
1498.81008488731  2.820116E-13
1500.25769939487  2.610328E-13
1501.70531390243  2.396565E-13
1503.15292840999  2.764393E-13
1504.60054291755  2.855661E-13
1506.04815742511  2.698632E-13
1507.49577193267  2.634646E-13
1508.94338644023  2.686238E-13
1510.39100094779  2.404714E-13
1511.83861545535  2.574366E-13
1513.28622996291  2.434674E-13
1514.73384447047  2.817944E-13
1516.18145897803  2.838665E-13
1517.62907348559  2.691824E-13
1519.07668799315  2.701626E-13
1520.52430250071  2.811145E-13
1521.97191700827  2.912851E-13
1523.41953151583  2.791699E-13
1524.86714602339  2.889783E-13
1526.31476053095  2.852779E-13
1527.76237503851  2.928620E-13
1529.20998954607  3.233418E-13
1530.65760405363  3.432743E-13
1532.10521856119  3.243311E-13
1533.55283306875  3.432581E-13
1535.00044757631  3.652815E-13
1536.44806208387  3.724748E-13
1537.89567659143  3.793768E-13
1539.34329109899  3.895234E-13
1540.79090560655  4.306029E-13
1542.23852011411  4.504943E-13
1543.68613462167  4.838566E-13
1545.13374912923  4.810390E-13
1546.58136363679  4.844924E-13
1548.02897814435  4.567990E-13
1549.47659265191  4.307776E-13
1550.92420715947  4.184108E-13
1552.37182166703  4.219445E-13
1553.81943617459  4.070927E-13
1555.26705068215  3.906931E-13
1556.71466518971  3.623173E-13
1558.16227969727  3.292728E-13
1559.60989420483  3.076654E-13
1561.05750871239  2.966297E-13
1562.50512321995  3.207938E-13
1563.95273772751  3.248138E-13
1565.40035223507  2.931604E-13
1566.84796674263  2.811555E-13
1568.29558125019  2.969016E-13
1569.74319575775  2.751202E-13
1571.19081026531  2.597771E-13
1572.63842477287  2.548219E-13
1574.08603928043  2.486167E-13
1575.53365378799  2.658903E-13
1576.98126829555  2.708928E-13
1578.4288828031  2.634117E-13
1579.87649731066  2.764030E-13
1581.32411181822  2.792850E-13
1582.77172632578  2.751993E-13
1584.21934083334  2.700997E-13
1585.6669553409  2.660047E-13
1587.11456984846  2.648884E-13
1588.56218435602  2.479227E-13
1590.00979886358  2.339681E-13
1591.45741337114  2.410634E-13
1592.9050278787  2.375195E-13
1594.35264238626  2.439081E-13
1595.80025689382  2.298863E-13
1597.24787140138  2.407862E-13
1598.69548590894  2.604634E-13
1600.1431004165  2.436236E-13
1601.59071492406  2.498955E-13
1603.03832943162  2.432148E-13
1604.48594393918  2.646402E-13
1605.93355844674  2.786389E-13
1607.3811729543  2.574196E-13
1608.82878746186  2.653675E-13
1610.27640196942  2.528236E-13
1611.72401647698  2.409304E-13
1613.17163098454  2.417639E-13
1614.6192454921  2.594503E-13
1616.06685999966  2.558034E-13
1617.51447450722  2.414053E-13
1618.96208901478  2.423600E-13
1620.40970352234  2.353867E-13
1621.8573180299  2.357950E-13
1623.30493253746  2.493700E-13
1624.75254704502  2.669927E-13
1626.20016155258  2.629463E-13
1627.64777606014  2.549922E-13
1629.0953905677  2.500033E-13
1630.54300507526  2.556213E-13
1631.99061958282  2.374897E-13
1633.43823409038  2.488460E-13
1634.88584859794  2.591568E-13
1636.3334631055  2.472374E-13
1637.78107761306  2.485771E-13
1639.22869212062  2.450088E-13
1640.67630662818  2.544733E-13
1642.12392113574  2.616770E-13
1643.5715356433  2.502213E-13
1645.01915015086  2.416189E-13
1646.46676465842  2.268742E-13
1647.91437916598  2.220167E-13
1649.36199367354  2.370508E-13
1650.8096081811  2.373122E-13
1652.25722268866  2.346289E-13
1653.70483719622  2.395025E-13
1655.15245170378  2.431718E-13
1656.60006621134  2.333290E-13
1658.0476807189  2.253560E-13
1659.49529522646  2.266588E-13
1660.94290973402  2.345472E-13
1662.39052424158  2.258940E-13
1663.83813874914  2.477596E-13
1665.2857532567  2.592430E-13
1666.73336776426  2.498967E-13
1668.18098227181  2.328127E-13
1669.62859677938  2.343849E-13
1671.07621128693  2.436423E-13
1672.52382579449  2.382284E-13
1673.97144030205  2.354746E-13
1675.41905480961  2.429652E-13
1676.86666931717  2.384682E-13
1678.31428382473  2.312515E-13
1679.76189833229  2.335067E-13
1681.20951283985  2.329702E-13
1682.65712734741  2.250517E-13
1684.10474185497  2.208786E-13
1685.55235636253  2.199730E-13
1686.99997087009  2.127484E-13
1688.44758537765  2.138586E-13
1689.89519988521  2.254413E-13
1691.34281439277  2.189149E-13
1692.79042890033  2.158972E-13
1694.23804340789  2.198130E-13
1695.68565791545  2.222605E-13
1697.13327242301  2.227169E-13
1698.58088693057  2.169010E-13
1700.02850143813  2.248668E-13
1701.47611594569  2.221449E-13
1702.92373045325  2.116869E-13
1704.37134496081  2.096942E-13
1705.81895946837  2.222779E-13
1707.26657397593  2.314280E-13
1708.71418848349  2.373237E-13
1710.16180299105  0.
1711.60941749861  0.
1713.05703200617  0.
1714.50464651373  0.
1715.95226102129  0.
1717.39987552885  0.
1718.84749003641  0.
1720.29510454397  0.
1721.74271905153  0.
1723.19033355909  0.
1724.63794806665  0.
1726.08556257421  0.
1727.53317708177  0.
1728.98079158933  0.
1730.42840609689  0.
1731.87602060445  0.
1733.32363511201  0.
1734.77124961957  0.
1736.21886412713  0.
1737.66647863469  0.
1739.11409314225  0.
1740.56170764981  0.
1742.00932215737  0.
1743.45693666493  0.
1744.90455117249  0.
1746.35216568005  0.
1747.79978018761  0.
1749.24739469517  0.
1750.69500920273  0.
1752.14262371029  0.
1753.59023821785  0.
1755.03785272541  0.
1756.48546723297  0.
1757.93308174053  0.
1759.38069624809  0.
1760.82831075565  0.
1762.27592526321  0.
1763.72353977076  0.
1765.17115427832  0.
1766.61876878588  0.
1768.06638329344  0.
1769.513997801  0.
1770.96161230856  0.
1772.40922681612  0.
1773.85684132368  0.
1775.30445583124  0.
1776.7520703388  0.
1778.19968484636  0.
1779.64729935392  0.
1781.09491386148  0.
1782.54252836904  0.
1783.9901428766  0.
1785.43775738416  0.
1786.88537189172  0.
1788.33298639928  0.
1789.78060090684  0.
1791.2282154144  0.
1792.67582992196  0.
1794.12344442952  0.
1795.57105893708  0.
1797.01867344464  0.
1798.4662879522  0.
1799.91390245976  0.
1801.36151696732  0.
1802.80913147488  0.
1804.25674598244  0.
1805.70436049  0.
1807.15197499756  0.
1808.59958950512  0.
1810.04720401268  0.
1811.49481852024  0.
1812.9424330278  0.
1814.39004753536  0.
1815.83766204292  0.
1817.28527655048  0.
1818.73289105804  0.
1820.1805055656  0.
1821.62812007316  0.
1823.07573458072  0.
1824.52334908828  0.
1825.97096359584  0.
1827.4185781034  0.
1828.86619261096  0.
1830.31380711852  0.
1831.76142162608  0.
